"Current","Field","Frequency","Spectra"
11.3627,170.441,1,-0.9173066969090053
11.3627,170.441,1.003125,-0.8744625261913346
11.3627,170.441,1.00625,-0.8362554581072762
11.3627,170.441,1.0093750000000001,-0.804986432669917
11.3627,170.441,1.0125,-0.7824914469099785
11.3627,170.441,1.015625,-0.7683776873426065
11.3627,170.441,1.01875,-0.7675980795345914
11.3627,170.441,1.021875,-0.7715522386492891
11.3627,170.441,1.0250000000000001,-0.7928816183928873
11.3627,170.441,1.028125,-0.8272163790516968
11.3627,170.441,1.03125,-0.8739941278247004
11.3627,170.441,1.034375,-0.9344654040420255
11.3627,170.441,1.0375,-0.9963276487364732
11.3627,170.441,1.0406250000000001,-1.0640223113141587
11.3627,170.441,1.04375,-1.1346605559286336
11.3627,170.441,1.046875,-1.2012605106769538
11.3627,170.441,1.05,-1.2657385990534293
11.3627,170.441,1.053125,-1.3218566646260899
11.3627,170.441,1.0562500000000001,-1.3685448771068351
11.3627,170.441,1.059375,-1.4056296845360179
11.3627,170.441,1.0625,-1.4278116117175066
11.3627,170.441,1.065625,-1.4416549707670678
11.3627,170.441,1.06875,-1.443212083712887
11.3627,170.441,1.0718750000000001,-1.4299207297779315
11.3627,170.441,1.0750000000000002,-1.4096149688822333
11.3627,170.441,1.078125,-1.379175909802885
11.3627,170.441,1.08125,-1.339608688942218
11.3627,170.441,1.084375,-1.2918351734039577
11.3627,170.441,1.0875000000000001,-1.2382824864611994
11.3627,170.441,1.0906250000000002,-1.182665563746569
11.3627,170.441,1.09375,-1.1350889052617328
11.3627,170.441,1.096875,-1.080090031819641
11.3627,170.441,1.1,-1.0313761658540146
11.3627,170.441,1.1031250000000001,-0.9958814604428388
11.3627,170.441,1.1062500000000002,-0.9507199493598539
11.3627,170.441,1.109375,-0.9188904747267311
11.3627,170.441,1.1125,-0.8994096222554033
11.3627,170.441,1.115625,-0.8868261862224179
11.3627,170.441,1.1187500000000001,-0.8888764622523722
11.3627,170.441,1.1218750000000002,-0.8972351278904063
11.3627,170.441,1.125,-0.9103043304079985
11.3627,170.441,1.128125,-0.9353250209428068
11.3627,170.441,1.13125,-0.9661601832926768
11.3627,170.441,1.1343750000000001,-1.0052750676028568
11.3627,170.441,1.1375000000000002,-1.0449673959669212
11.3627,170.441,1.140625,-1.0852347656194798
11.3627,170.441,1.14375,-1.1204684386575479
11.3627,170.441,1.146875,-1.1553652623270056
11.3627,170.441,1.1500000000000001,-1.1891698489115743
11.3627,170.441,1.1531250000000002,-1.214108783718543
11.3627,170.441,1.15625,-1.2297728108545636
11.3627,170.441,1.159375,-1.2368670897382619
11.3627,170.441,1.1625,-1.2327598651020955
11.3627,170.441,1.1656250000000001,-1.219766469532158
11.3627,170.441,1.1687500000000002,-1.2007083326213468
11.3627,170.441,1.171875,-1.1712051225430633
11.3627,170.441,1.175,-1.1323099129228704
11.3627,170.441,1.178125,-1.0855141622004147
11.3627,170.441,1.1812500000000001,-1.0371015364525946
11.3627,170.441,1.1843750000000002,-0.9839691111561091
11.3627,170.441,1.1875,-0.9303295789528842
11.3627,170.441,1.190625,-0.8818040474798533
11.3627,170.441,1.19375,-0.8406720185645783
11.3627,170.441,1.1968750000000001,-0.8063428499019136
11.3627,170.441,1.2000000000000002,-0.781944099861867
11.3627,170.441,1.203125,-0.7756195484669934
11.3627,170.441,1.20625,-0.7801874408440145
11.3627,170.441,1.209375,-0.7989427169198104
11.3627,170.441,1.2125000000000001,-0.8336047593001417
11.3627,170.441,1.2156250000000002,-0.8809306321844101
11.3627,170.441,1.21875,-0.9373000216007737
11.3627,170.441,1.221875,-1.0026716089101577
11.3627,170.441,1.225,-1.0799504372088444
11.3627,170.441,1.2281250000000001,-1.15589709304406
11.3627,170.441,1.2312500000000002,-1.2322419478025202
11.3627,170.441,1.234375,-1.3013311501260598
11.3627,170.441,1.2375,-1.3596058564796878
11.3627,170.441,1.240625,-1.4091830291312153
11.3627,170.441,1.2437500000000001,-1.4578835242173274
11.3627,170.441,1.2468750000000002,-1.493535350716738
11.3627,170.441,1.25,-1.5142476517850023
11.3627,170.441,1.253125,-1.5156668748901703
11.3627,170.441,1.25625,-1.4991779207596365
11.3627,170.441,1.2593750000000001,-1.4743563767781263
11.3627,170.441,1.2625000000000002,-1.4499476542173086
11.3627,170.441,1.265625,-1.4216533205311284
11.3627,170.441,1.26875,-1.3808173072063867
11.3627,170.441,1.271875,-1.3318253701822804
11.3627,170.441,1.2750000000000001,-1.2807153106417535
11.3627,170.441,1.2781250000000002,-1.219444602307676
11.3627,170.441,1.28125,-1.1745196783351821
11.3627,170.441,1.284375,-1.1371329761561237
11.3627,170.441,1.2875,-1.0989798483325306
11.3627,170.441,1.2906250000000001,-1.064629556941133
11.3627,170.441,1.2937500000000002,-1.0412273427464733
11.3627,170.441,1.296875,-1.0263198339912512
11.3627,170.441,1.3,-1.0222635074082034
11.3627,170.441,1.303125,-1.0348633063589785
11.3627,170.441,1.3062500000000001,-1.053197911134295
11.3627,170.441,1.3093750000000002,-1.0803240409044172
11.3627,170.441,1.3125,-1.112482699535661
11.3627,170.441,1.315625,-1.152011191573603
11.3627,170.441,1.31875,-1.1966937151784909
11.3627,170.441,1.3218750000000001,-1.2406954258190572
11.3627,170.441,1.3250000000000002,-1.284080556729374
11.3627,170.441,1.328125,-1.3212479850682681
11.3627,170.441,1.33125,-1.3530551112138645
11.3627,170.441,1.334375,-1.377527118154295
11.3627,170.441,1.3375000000000001,-1.3890290411613857
11.3627,170.441,1.3406250000000002,-1.3946034281839776
11.3627,170.441,1.34375,-1.3860876022708442
11.3627,170.441,1.346875,-1.3699559882502854
11.3627,170.441,1.35,-1.3451401078434366
11.3627,170.441,1.3531250000000001,-1.3065120393162823
11.3627,170.441,1.3562500000000002,-1.2633452419861777
11.3627,170.441,1.359375,-1.2159777186490457
11.3627,170.441,1.3625,-1.1602388196675375
11.3627,170.441,1.365625,-1.097989892923292
11.3627,170.441,1.3687500000000001,-1.0396825406665358
11.3627,170.441,1.3718750000000002,-0.9842239081823135
11.3627,170.441,1.375,-0.935516101932628
11.3627,170.441,1.378125,-0.8947456325415253
11.3627,170.441,1.38125,-0.8612073570618817
11.3627,170.441,1.3843750000000001,-0.8379208493232273
11.3627,170.441,1.3875000000000002,-0.8270998530385415
11.3627,170.441,1.390625,-0.8328216394784026
11.3627,170.441,1.39375,-0.8549930702698767
11.3627,170.441,1.396875,-0.8961571802245998
11.3627,170.441,1.4000000000000001,-0.9492592190430573
11.3627,170.441,1.4031250000000002,-1.002356469252335
11.3627,170.441,1.40625,-1.0660247354641206
11.3627,170.441,1.409375,-1.1384813458931449
11.3627,170.441,1.4125,-1.2153522389693818
11.3627,170.441,1.4156250000000001,-1.2904268421158855
11.3627,170.441,1.4187500000000002,-1.3646568288921614
11.3627,170.441,1.421875,-1.4271639377698297
11.3627,170.441,1.425,-1.4811272610920676
11.3627,170.441,1.428125,-1.5273526684890797
11.3627,170.441,1.4312500000000001,-1.5602598066460247
11.3627,170.441,1.4343750000000002,-1.580182385941887
11.3627,170.441,1.4375,-1.5884739713065938
11.3627,170.441,1.440625,-1.586826179475729
11.3627,170.441,1.44375,-1.5718783884276717
11.3627,170.441,1.4468750000000001,-1.5457231450727946
11.3627,170.441,1.4500000000000002,-1.5109805810514496
11.3627,170.441,1.453125,-1.4680877064954925
11.3627,170.441,1.45625,-1.41799209014287
11.3627,170.441,1.459375,-1.3637761564346067
11.3627,170.441,1.4625000000000001,-1.309065712735834
11.3627,170.441,1.4656250000000002,-1.2563013326727992
11.3627,170.441,1.46875,-1.209089317839674
11.3627,170.441,1.471875,-1.1672596995651576
11.3627,170.441,1.475,-1.13547727903791
11.3627,170.441,1.4781250000000001,-1.1172306820340634
11.3627,170.441,1.4812500000000002,-1.108229176705949
11.3627,170.441,1.484375,-1.1141288789643131
11.3627,170.441,1.4875,-1.1363478102306925
11.3627,170.441,1.490625,-1.1700758602409835
11.3627,170.441,1.4937500000000001,-1.2132010456025553
11.3627,170.441,1.4968750000000002,-1.2669256441855872
11.3627,170.441,1.5,-1.3226841729436478
11.3627,170.441,1.503125,-1.3825477897027407
11.3627,170.441,1.50625,-1.434473550833366
11.3627,170.441,1.5093750000000001,-1.4837260546518132
11.3627,170.441,1.5125000000000002,-1.5261733247239593
11.3627,170.441,1.515625,-1.5581500343796768
11.3627,170.441,1.51875,-1.5852793777705432
11.3627,170.441,1.521875,-1.598371062609376
11.3627,170.441,1.5250000000000001,-1.5911686013657267
11.3627,170.441,1.5281250000000002,-1.581869332291522
11.3627,170.441,1.53125,-1.5592494466486713
11.3627,170.441,1.534375,-1.5264880906936322
11.3627,170.441,1.5375,-1.4906840219936535
11.3627,170.441,1.5406250000000001,-1.4458680199634273
11.3627,170.441,1.5437500000000002,-1.3930194883835338
11.3627,170.441,1.546875,-1.3353502231047956
11.3627,170.441,1.55,-1.2776949059948228
11.3627,170.441,1.553125,-1.215569386003412
11.3627,170.441,1.5562500000000001,-1.1538023853455444
11.3627,170.441,1.5593750000000002,-1.096897486101685
11.3627,170.441,1.5625,-1.0445625100328821
11.3627,170.441,1.565625,-1.0007512487858914
11.3627,170.441,1.56875,-0.9696845688977956
11.3627,170.441,1.5718750000000001,-0.9522507814178245
11.3627,170.441,1.5750000000000002,-0.9460600686437233
11.3627,170.441,1.578125,-0.9622710020653924
11.3627,170.441,1.58125,-0.9886772166850554
11.3627,170.441,1.584375,-1.0376719201591935
11.3627,170.441,1.5875000000000001,-1.0996092260782329
11.3627,170.441,1.5906250000000002,-1.1739931082380408
11.3627,170.441,1.59375,-1.255487773238226
11.3627,170.441,1.596875,-1.3390958190403321
11.3627,170.441,1.6,-1.4202795041825027
11.3627,170.441,1.6031250000000001,-1.4957797803980943
11.3627,170.441,1.6062500000000002,-1.562347198689415
11.3627,170.441,1.609375,-1.6173117407264885
11.3627,170.441,1.6125,-1.6598535985852148
11.3627,170.441,1.615625,-1.6844611156956202
11.3627,170.441,1.6187500000000001,-1.693525882157364
11.3627,170.441,1.6218750000000002,-1.691178933668127
11.3627,170.441,1.625,-1.6714835170670383
11.3627,170.441,1.628125,-1.6409270863489214
11.3627,170.441,1.63125,-1.6050801711056282
11.3627,170.441,1.6343750000000001,-1.5608481562519374
11.3627,170.441,1.6375000000000002,-1.510280858814244
11.3627,170.441,1.640625,-1.462812850207117
11.3627,170.441,1.64375,-1.4122664410152816
11.3627,170.441,1.646875,-1.3617549123368033
11.3627,170.441,1.6500000000000001,-1.317619204169596
11.3627,170.441,1.6531250000000002,-1.2843846648958799
11.3627,170.441,1.65625,-1.260482071698992
11.3627,170.441,1.659375,-1.251678644862369
11.3627,170.441,1.6625,-1.2637272159748414
11.3627,170.441,1.6656250000000001,-1.265090144857219
11.3627,170.441,1.6687500000000002,-1.2602012202705644
11.3627,170.441,1.671875,-1.2813113044907207
11.3627,170.441,1.675,-1.3144791283810369
11.3627,170.441,1.678125,-1.3627425092933996
11.3627,170.441,1.6812500000000001,-1.412740537279766
11.3627,170.441,1.6843750000000002,-1.4755572158615418
11.3627,170.441,1.6875,-1.5354234817730195
11.3627,170.441,1.690625,-1.5975930609507096
11.3627,170.441,1.69375,-1.6544593517817427
11.3627,170.441,1.6968750000000001,-1.7064922620279144
11.3627,170.441,1.7000000000000002,-1.7498321419916116
11.3627,170.441,1.703125,-1.7826056629798948
11.3627,170.441,1.70625,-1.8039030896754606
11.3627,170.441,1.709375,-1.813848606727013
11.3627,170.441,1.7125000000000001,-1.8104241122489053
11.3627,170.441,1.7156250000000002,-1.7920560539224333
11.3627,170.441,1.71875,-1.7630833180489138
11.3627,170.441,1.721875,-1.7227358273548286
11.3627,170.441,1.725,-1.667024470335957
11.3627,170.441,1.7281250000000001,-1.6061360463218455
11.3627,170.441,1.7312500000000002,-1.5364794979897067
11.3627,170.441,1.734375,-1.464180641272338
11.3627,170.441,1.7375,-1.3877722338716814
11.3627,170.441,1.740625,-1.316784850367756
11.3627,170.441,1.7437500000000001,-1.2497109859279532
11.3627,170.441,1.7468750000000002,-1.1903143251563792
11.3627,170.441,1.75,-1.1379211618745682
11.3627,170.441,1.753125,-1.1032722536407815
11.3627,170.441,1.75625,-1.0832409559836218
11.3627,170.441,1.7593750000000001,-1.0818963967044644
11.3627,170.441,1.7625000000000002,-1.0984565930871983
11.3627,170.441,1.765625,-1.1319967069142738
11.3627,170.441,1.76875,-1.1771267936420036
11.3627,170.441,1.771875,-1.232516437507538
11.3627,170.441,1.7750000000000001,-1.2987312951397039
11.3627,170.441,1.7781250000000002,-1.372520357569675
11.3627,170.441,1.78125,-1.44354141721365
11.3627,170.441,1.784375,-1.5183418136691296
11.3627,170.441,1.7875,-1.587086410246864
11.3627,170.441,1.7906250000000001,-1.6499085188817317
11.3627,170.441,1.7937500000000002,-1.6981202550059447
11.3627,170.441,1.7968750000000002,-1.7331325757402904
11.3627,170.441,1.8,-1.7569588564170955
11.3627,170.441,1.803125,-1.76854025328891
11.3627,170.441,1.8062500000000001,-1.7661727718666833
11.3627,170.441,1.8093750000000002,-1.754518344061735
11.3627,170.441,1.8125000000000002,-1.7344841954563472
11.3627,170.441,1.815625,-1.7005672013127948
11.3627,170.441,1.81875,-1.6611675885407065
11.3627,170.441,1.8218750000000001,-1.6187300622422294
11.3627,170.441,1.8250000000000002,-1.5675151111759011
11.3627,170.441,1.8281250000000002,-1.5152474334811066
11.3627,170.441,1.83125,-1.4626622722607219
11.3627,170.441,1.834375,-1.4164453862294777
11.3627,170.441,1.8375000000000001,-1.3736215860292298
11.3627,170.441,1.8406250000000002,-1.3400486595322763
11.3627,170.441,1.8437500000000002,-1.316449416921566
11.3627,170.441,1.846875,-1.3030830211534563
11.3627,170.441,1.85,-1.302017094867023
11.3627,170.441,1.8531250000000001,-1.3176889170337882
11.3627,170.441,1.8562500000000002,-1.347693497978596
11.3627,170.441,1.8593750000000002,-1.391416157508327
11.3627,170.441,1.8625,-1.448475957730827
11.3627,170.441,1.865625,-1.5119052622990736
11.3627,170.441,1.8687500000000001,-1.58325564263606
11.3627,170.441,1.8718750000000002,-1.6551596535910194
11.3627,170.441,1.8750000000000002,-1.7280945804485328
11.3627,170.441,1.878125,-1.7950958013495022
11.3627,170.441,1.88125,-1.8509699698849462
11.3627,170.441,1.8843750000000001,-1.8978285316351908
11.3627,170.441,1.8875000000000002,-1.9333199847873241
11.3627,170.441,1.8906250000000002,-1.953085385965513
11.3627,170.441,1.89375,-1.9591215785065608
11.3627,170.441,1.896875,-1.944999862858471
11.3627,170.441,1.9000000000000001,-1.918914044745665
11.3627,170.441,1.9031250000000002,-1.8794017084864265
11.3627,170.441,1.9062500000000002,-1.8292228303992728
11.3627,170.441,1.909375,-1.771816061031435
11.3627,170.441,1.9125,-1.7062954820821998
11.3627,170.441,1.9156250000000001,-1.6355396068520238
11.3627,170.441,1.9187500000000002,-1.5603200855176793
11.3627,170.441,1.9218750000000002,-1.4881082068569031
11.3627,170.441,1.925,-1.419314262368977
11.3627,170.441,1.928125,-1.3542290665796344
11.3627,170.441,1.9312500000000001,-1.2972519230231074
11.3627,170.441,1.9343750000000002,-1.2528165634924848
11.3627,170.441,1.9375000000000002,-1.2192726396085847
11.3627,170.441,1.940625,-1.1992744153764043
11.3627,170.441,1.94375,-1.1973394886339837
11.3627,170.441,1.9468750000000001,-1.2084189128406435
11.3627,170.441,1.9500000000000002,-1.23432209621668
11.3627,170.441,1.9531250000000002,-1.2714653025370914
11.3627,170.441,1.95625,-1.3291205339779366
11.3627,170.441,1.959375,-1.3944676375509533
11.3627,170.441,1.9625000000000001,-1.4609609761575415
11.3627,170.441,1.9656250000000002,-1.5353918381089562
11.3627,170.441,1.9687500000000002,-1.606371084032395
11.3627,170.441,1.971875,-1.6715612707827188
11.3627,170.441,1.975,-1.7289044172624766
11.3627,170.441,1.9781250000000001,-1.7763044515524207
11.3627,170.441,1.9812500000000002,-1.8095796252541057
11.3627,170.441,1.9843750000000002,-1.8284322293554425
11.3627,170.441,1.9875,-1.8347772995537928
11.3627,170.441,1.990625,-1.8282514411570185
11.3627,170.441,1.9937500000000001,-1.8049452591676944
11.3627,170.441,1.9968750000000002,-1.7699765207085836
11.3627,170.441,2,-1.7244792656622734
11.3627,170.441,2.0031250000000003,-1.6687428304109317
11.3627,170.441,2.00625,-1.6114305318229731
11.3627,170.441,2.009375,-1.5457444186478573
11.3627,170.441,2.0125,-1.4827502610721786
11.3627,170.441,2.015625,-1.418711688725459
11.3627,170.441,2.0187500000000003,-1.3611343869272012
11.3627,170.441,2.021875,-1.3127656356179878
11.3627,170.441,2.025,-1.2711659214034368
11.3627,170.441,2.028125,-1.242777832498505
11.3627,170.441,2.03125,-1.2348741216684926
11.3627,170.441,2.0343750000000003,-1.2409064202518232
11.3627,170.441,2.0375,-1.2653792464846927
11.3627,170.441,2.040625,-1.304739549115366
11.3627,170.441,2.04375,-1.3602319883209462
11.3627,170.441,2.046875,-1.422838667506627
11.3627,170.441,2.0500000000000003,-1.4977820855978052
11.3627,170.441,2.053125,-1.5780530608829226
11.3627,170.441,2.05625,-1.662722779369345
11.3627,170.441,2.059375,-1.7445984108433967
11.3627,170.441,2.0625,-1.818866111710789
11.3627,170.441,2.0656250000000003,-1.8844690843035394
11.3627,170.441,2.06875,-1.935744792541678
11.3627,170.441,2.071875,-1.9727754744119663
11.3627,170.441,2.075,-1.9974030858371479
11.3627,170.441,2.078125,-2.0083202461731693
11.3627,170.441,2.0812500000000003,-2.0010952534719113
11.3627,170.441,2.084375,-1.9843078554634737
11.3627,170.441,2.0875,-1.946548492494111
11.3627,170.441,2.090625,-1.8974800526556805
11.3627,170.441,2.09375,-1.8377386768847315
11.3627,170.441,2.0968750000000003,-1.7698916059550365
11.3627,170.441,2.1,-1.7000130495642127
11.3627,170.441,2.103125,-1.625722971378786
11.3627,170.441,2.10625,-1.5505742530348263
11.3627,170.441,2.109375,-1.4796377810519132
11.3627,170.441,2.1125000000000003,-1.4120315232366853
11.3627,170.441,2.115625,-1.3518208291322031
11.3627,170.441,2.11875,-1.3006717993049488
11.3627,170.441,2.121875,-1.2595601803841625
11.3627,170.441,2.125,-1.234855078299856
11.3627,170.441,2.1281250000000003,-1.2244054864086644
11.3627,170.441,2.13125,-1.2331349333991684
11.3627,170.441,2.134375,-1.258007142052091
11.3627,170.441,2.1375,-1.299847250433718
11.3627,170.441,2.140625,-1.353715227783254
11.3627,170.441,2.1437500000000003,-1.4169346591211762
11.3627,170.441,2.146875,-1.487182205137544
11.3627,170.441,2.1500000000000004,-1.5644706382582798
11.3627,170.441,2.153125,-1.6380294155475796
11.3627,170.441,2.15625,-1.7089523841170555
11.3627,170.441,2.1593750000000003,-1.7728179152553154
11.3627,170.441,2.1625,-1.8205684878154014
11.3627,170.441,2.1656250000000004,-1.8539153901468248
11.3627,170.441,2.16875,-1.869506248347331
11.3627,170.441,2.171875,-1.8726873199772522
11.3627,170.441,2.1750000000000003,-1.8573130469066612
11.3627,170.441,2.178125,-1.8268506958977728
11.3627,170.441,2.1812500000000004,-1.7892836449580134
11.3627,170.441,2.184375,-1.7368010462706505
11.3627,170.441,2.1875,-1.6769361324118803
11.3627,170.441,2.1906250000000003,-1.6093818105296767
11.3627,170.441,2.19375,-1.5366797452287004
11.3627,170.441,2.1968750000000004,-1.4606072015384801
11.3627,170.441,2.2,-1.3865537958784766
11.3627,170.441,2.203125,-1.32292228794855
11.3627,170.441,2.2062500000000003,-1.266555790388041
11.3627,170.441,2.209375,-1.2247757731655189
11.3627,170.441,2.2125000000000004,-1.1916938949732223
11.3627,170.441,2.215625,-1.1760863927000473
11.3627,170.441,2.21875,-1.1802669541885078
11.3627,170.441,2.2218750000000003,-1.196060338938157
11.3627,170.441,2.225,-1.2332200845588712
11.3627,170.441,2.2281250000000004,-1.2837220520889998
11.3627,170.441,2.23125,-1.3480209946277166
11.3627,170.441,2.234375,-1.4195545062597394
11.3627,170.441,2.2375000000000003,-1.5013895823877832
11.3627,170.441,2.240625,-1.5808882812338774
11.3627,170.441,2.2437500000000004,-1.662343587876608
11.3627,170.441,2.246875,-1.7386609140166018
11.3627,170.441,2.25,-1.8054194489564066
11.3627,170.441,2.2531250000000003,-1.861601804405379
11.3627,170.441,2.25625,-1.90790116504571
11.3627,170.441,2.2593750000000004,-1.9383648604554229
11.3627,170.441,2.2625,-1.954409651907958
11.3627,170.441,2.265625,-1.953684686445386
11.3627,170.441,2.2687500000000003,-1.9382675303719665
11.3627,170.441,2.271875,-1.9120124436141421
11.3627,170.441,2.2750000000000004,-1.870592434417798
11.3627,170.441,2.278125,-1.8219874653438177
11.3627,170.441,2.28125,-1.763139233626395
11.3627,170.441,2.2843750000000003,-1.701335241696969
11.3627,170.441,2.2875,-1.6322238657875332
11.3627,170.441,2.2906250000000004,-1.560193314198973
11.3627,170.441,2.29375,-1.4892744210693263
11.3627,170.441,2.296875,-1.4210836071515265
11.3627,170.441,2.3000000000000003,-1.361681535895394
11.3627,170.441,2.303125,-1.307788588423694
11.3627,170.441,2.3062500000000004,-1.2690063421420914
11.3627,170.441,2.309375,-1.2395302936788117
11.3627,170.441,2.3125,-1.2247837802345432
11.3627,170.441,2.3156250000000003,-1.228993814237941
11.3627,170.441,2.31875,-1.2422639989805573
11.3627,170.441,2.3218750000000004,-1.276928650297751
11.3627,170.441,2.325,-1.324611563472361
11.3627,170.441,2.328125,-1.3875321313009514
11.3627,170.441,2.3312500000000003,-1.455159764913255
11.3627,170.441,2.334375,-1.5295317516727849
11.3627,170.441,2.3375000000000004,-1.605703310035071
11.3627,170.441,2.340625,-1.674435331260944
11.3627,170.441,2.34375,-1.7409185353996852
11.3627,170.441,2.3468750000000003,-1.7948736395665237
11.3627,170.441,2.35,-1.835393468699022
11.3627,170.441,2.3531250000000004,-1.8653233948741386
11.3627,170.441,2.35625,-1.8780774538419511
11.3627,170.441,2.359375,-1.8733254900514207
11.3627,170.441,2.3625000000000003,-1.8581504888188456
11.3627,170.441,2.365625,-1.8220386060944551
11.3627,170.441,2.3687500000000004,-1.7771217510064055
11.3627,170.441,2.371875,-1.718446910167338
11.3627,170.441,2.375,-1.6533099880649242
11.3627,170.441,2.3781250000000003,-1.5830041961527805
11.3627,170.441,2.38125,-1.5117008103175131
11.3627,170.441,2.3843750000000004,-1.4385395238385446
11.3627,170.441,2.3875,-1.3670459325164777
11.3627,170.441,2.390625,-1.3029152187844306
11.3627,170.441,2.3937500000000003,-1.242334506311808
11.3627,170.441,2.396875,-1.2002417245825798
11.3627,170.441,2.4000000000000004,-1.1722143146393884
11.3627,170.441,2.403125,-1.161685836615836
11.3627,170.441,2.40625,-1.1718759035432678
11.3627,170.441,2.4093750000000003,-1.2026785411815701
11.3627,170.441,2.4125,-1.2575811860612853
11.3627,170.441,2.4156250000000004,-1.327894105194736
11.3627,170.441,2.41875,-1.42852208714646
11.3627,170.441,2.421875,-1.5524167937427644
11.3627,170.441,2.4250000000000003,-1.7320508416147695
11.3627,170.441,2.428125,-2.0456583950999523
11.3627,170.441,2.4312500000000004,-2.731716376573223
11.3627,170.441,2.434375,-3.2667570631006324
11.3627,170.441,2.4375,-2.4963768247776126
11.3627,170.441,2.4406250000000003,-2.1948797958079433
11.3627,170.441,2.44375,-2.1081860379583826
11.3627,170.441,2.4468750000000004,-2.0790483444941086
11.3627,170.441,2.45,-2.0626089802144176
11.3627,170.441,2.453125,-2.0398036451166135
11.3627,170.441,2.4562500000000003,-2.0074500059857527
11.3627,170.441,2.459375,-1.9678999073796652
11.3627,170.441,2.4625000000000004,-1.9128747199084528
11.3627,170.441,2.465625,-1.849533443285594
11.3627,170.441,2.46875,-1.7819313634179013
11.3627,170.441,2.4718750000000003,-1.7115459658243166
11.3627,170.441,2.475,-1.6408954153382782
11.3627,170.441,2.4781250000000004,-1.5703913729330512
11.3627,170.441,2.48125,-1.5030202824807481
11.3627,170.441,2.484375,-1.443798374216301
11.3627,170.441,2.4875000000000003,-1.391226461155615
11.3627,170.441,2.490625,-1.3514404615067932
11.3627,170.441,2.4937500000000004,-1.3266842640618686
11.3627,170.441,2.496875,-1.3193442452812485
11.3627,170.441,2.5,-1.3257357384920632
11.3627,170.441,2.5031250000000003,-1.3494158545557755
11.3627,170.441,2.50625,-1.38592160026189
11.3627,170.441,2.5093750000000004,-1.442431820944069
11.3627,170.441,2.5125,-1.5052472906780165
11.3627,170.441,2.515625,-1.5805244083605372
11.3627,170.441,2.5187500000000003,-1.6604400629474472
11.3627,170.441,2.521875,-1.7406591532727584
11.3627,170.441,2.5250000000000004,-1.8166248898302808
11.3627,170.441,2.528125,-1.8892778268838497
11.3627,170.441,2.53125,-1.9515500780889323
11.3627,170.441,2.5343750000000003,-1.9936937245597373
11.3627,170.441,2.5375,-2.0246071129971566
11.3627,170.441,2.5406250000000004,-2.0368829542241196
11.3627,170.441,2.54375,-2.0348411774010744
11.3627,170.441,2.546875,-2.015188487242513
11.3627,170.441,2.5500000000000003,-1.9808713309307242
11.3627,170.441,2.553125,-1.9308417886639484
11.3627,170.441,2.5562500000000004,-1.8712298224448056
11.3627,170.441,2.559375,-1.8029832185448362
11.3627,170.441,2.5625,-1.727936536916026
11.3627,170.441,2.5656250000000003,-1.6488308577058408
11.3627,170.441,2.56875,-1.5737542036861658
11.3627,170.441,2.5718750000000004,-1.5037523819587926
11.3627,170.441,2.575,-1.4402922719321114
11.3627,170.441,2.578125,-1.3857277383347602
11.3627,170.441,2.5812500000000003,-1.345058211964869
11.3627,170.441,2.584375,-1.3181304585816567
11.3627,170.441,2.5875000000000004,-1.3130487375328435
11.3627,170.441,2.590625,-1.3230283125275206
11.3627,170.441,2.59375,-1.3521146076436266
11.3627,170.441,2.5968750000000003,-1.3958566946610007
11.3627,170.441,2.6,-1.4627969760013908
11.3627,170.441,2.6031250000000004,-1.5409458948460242
11.3627,170.441,2.60625,-1.6274257010978601
11.3627,170.441,2.609375,-1.7171567920724216
11.3627,170.441,2.6125000000000003,-1.8072103289107164
11.3627,170.441,2.615625,-1.8915110925387992
11.3627,170.441,2.6187500000000004,-1.9698045475403245
11.3627,170.441,2.621875,-2.0365273967653357
11.3627,170.441,2.625,-2.091061237483007
11.3627,170.441,2.6281250000000003,-2.1288165253969433
11.3627,170.441,2.63125,-2.1511014928366796
11.3627,170.441,2.6343750000000004,-2.153131978157152
11.3627,170.441,2.6375,-2.137562392938193
11.3627,170.441,2.640625,-2.1112394990288594
11.3627,170.441,2.6437500000000003,-2.0732174248667894
11.3627,170.441,2.646875,-2.024988150481366
11.3627,170.441,2.6500000000000004,-1.9727105973547023
11.3627,170.441,2.653125,-1.911252966594671
11.3627,170.441,2.65625,-1.8478752199122757
11.3627,170.441,2.6593750000000003,-1.7835957121212689
11.3627,170.441,2.6625,-1.7239005262802705
11.3627,170.441,2.6656250000000004,-1.6664731086810507
11.3627,170.441,2.66875,-1.618723779173401
11.3627,170.441,2.671875,-1.58455755180757
11.3627,170.441,2.6750000000000003,-1.5625956759534065
11.3627,170.441,2.678125,-1.5530236469530345
11.3627,170.441,2.6812500000000004,-1.5548154588140985
11.3627,170.441,2.684375,-1.5780387079941385
11.3627,170.441,2.6875,-1.6176140498166125
11.3627,170.441,2.6906250000000003,-1.6669203857791284
11.3627,170.441,2.69375,-1.7276277046091137
11.3627,170.441,2.6968750000000004,-1.801963708545197
11.3627,170.441,2.7,-1.8824899479459558
11.3627,170.441,2.703125,-1.9634009057958295
11.3627,170.441,2.7062500000000003,-2.0435854484161817
11.3627,170.441,2.709375,-2.122797891225562
11.3627,170.441,2.7125000000000004,-2.18959133260917
11.3627,170.441,2.715625,-2.241110988635103
11.3627,170.441,2.71875,-2.2858619363107806
11.3627,170.441,2.7218750000000003,-2.316796569721706
11.3627,170.441,2.725,-2.3361941444546015
11.3627,170.441,2.7281250000000004,-2.342129254419406
11.3627,170.441,2.73125,-2.337943651729636
11.3627,170.441,2.734375,-2.3256697630481065
11.3627,170.441,2.7375000000000003,-2.3084286603770465
11.3627,170.441,2.740625,-2.288616753162539
11.3627,170.441,2.7437500000000004,-2.2597640753913746
11.3627,170.441,2.746875,-2.2088830141940967
11.3627,170.441,2.75,-2.131156032185718
11.3627,170.441,2.7531250000000003,-2.0455689914161344
11.3627,170.441,2.75625,-1.9565312492900646
11.3627,170.441,2.7593750000000004,-1.8784280043310924
11.3627,170.441,2.7625,-1.8149748915252837
11.3627,170.441,2.765625,-1.7683171787053853
11.3627,170.441,2.7687500000000003,-1.7420109249649294
11.3627,170.441,2.771875,-1.7314996382911454
11.3627,170.441,2.7750000000000004,-1.7400344113217319
11.3627,170.441,2.778125,-1.7660950879400314
11.3627,170.441,2.78125,-1.8083431029053774
11.3627,170.441,2.7843750000000003,-1.863495519464601
11.3627,170.441,2.7875,-1.9293372723827567
11.3627,170.441,2.7906250000000004,-2.0074894561420895
11.3627,170.441,2.79375,-2.090931033230827
11.3627,170.441,2.796875,-2.1733743338712745
11.3627,170.441,2.8000000000000003,-2.253316630901374
11.3627,170.441,2.803125,-2.3248485972022594
11.3627,170.441,2.8062500000000004,-2.3822647597243627
11.3627,170.441,2.809375,-2.427435827729688
11.3627,170.441,2.8125,-2.459043013606481
11.3627,170.441,2.8156250000000003,-2.472517727962075
11.3627,170.441,2.81875,-2.470274160918274
11.3627,170.441,2.8218750000000004,-2.457558219899872
11.3627,170.441,2.825,-2.431601667173364
11.3627,170.441,2.828125,-2.3907607481255893
11.3627,170.441,2.8312500000000003,-2.3443536481083087
11.3627,170.441,2.834375,-2.2900695989075084
11.3627,170.441,2.8375000000000004,-2.2313776309080073
11.3627,170.441,2.840625,-2.173425735289109
11.3627,170.441,2.84375,-2.115898127086242
11.3627,170.441,2.8468750000000003,-2.063242116821283
11.3627,170.441,2.85,-2.015367619512556
11.3627,170.441,2.8531250000000004,-1.97647713226603
11.3627,170.441,2.85625,-1.9520627971226532
11.3627,170.441,2.859375,-1.9357132634870529
11.3627,170.441,2.8625000000000003,-1.936999055448236
11.3627,170.441,2.865625,-1.9496422572113683
11.3627,170.441,2.8687500000000004,-1.9807974476730803
11.3627,170.441,2.871875,-2.0277475566781216
11.3627,170.441,2.875,-2.0868151228486704
11.3627,170.441,2.8781250000000003,-2.1595852354684237
11.3627,170.441,2.88125,-2.237205779302739
11.3627,170.441,2.8843750000000004,-2.314873797453782
11.3627,170.441,2.8875,-2.3995433409300744
11.3627,170.441,2.890625,-2.476592553243912
11.3627,170.441,2.8937500000000003,-2.551008372502995
11.3627,170.441,2.896875,-2.611896768444021
11.3627,170.441,2.9000000000000004,-2.665005637367115
11.3627,170.441,2.903125,-2.701111179535344
11.3627,170.441,2.90625,-2.724353555082782
11.3627,170.441,2.9093750000000003,-2.7316943583702304
11.3627,170.441,2.9125,-2.7254924184160356
11.3627,170.441,2.9156250000000004,-2.700755222031337
11.3627,170.441,2.91875,-2.670280106753622
11.3627,170.441,2.921875,-2.6313402319659107
11.3627,170.441,2.9250000000000003,-2.579174563509015
11.3627,170.441,2.928125,-2.5239337632311005
11.3627,170.441,2.9312500000000004,-2.461457143491958
11.3627,170.441,2.934375,-2.400863014907229
11.3627,170.441,2.9375,-2.3436460957503606
11.3627,170.441,2.9406250000000003,-2.2909471773426575
11.3627,170.441,2.94375,-2.245770160503118
11.3627,170.441,2.9468750000000004,-2.2147082366595026
11.3627,170.441,2.95,-2.191879517067108
11.3627,170.441,2.953125,-2.188486024792909
11.3627,170.441,2.9562500000000003,-2.196046838126609
11.3627,170.441,2.959375,-2.21970904225102
11.3627,170.441,2.9625000000000004,-2.264552235010296
11.3627,170.441,2.965625,-2.3233660138786534
11.3627,170.441,2.96875,-2.3980136512164645
11.3627,170.441,2.9718750000000003,-2.4764977707650253
11.3627,170.441,2.975,-2.5626675086870727
11.3627,170.441,2.9781250000000004,-2.6506908358588808
11.3627,170.441,2.98125,-2.731291405702067
11.3627,170.441,2.984375,-2.806744133274078
11.3627,170.441,2.9875000000000003,-2.8705466586073176
11.3627,170.441,2.990625,-2.9188955254511804
11.3627,170.441,2.9937500000000004,-2.957222183087792
11.3627,170.441,2.996875,-2.9617288717718173
11.3627,170.441,3,-2.956876905565196
11.3627,170.441,3.0031250000000003,-2.9590515777917634
11.3627,170.441,3.00625,-2.903723343882734
11.3627,170.441,3.0093750000000004,-2.872265521602393
11.3627,170.441,3.0125,-2.8347972779486463
11.3627,170.441,3.015625,-2.741259941043305
11.3627,170.441,3.0187500000000003,-2.693144439326027
11.3627,170.441,3.021875,-2.7305152609781906
11.3627,170.441,3.0250000000000004,-2.564700589066071
11.3627,170.441,3.028125,-2.5276616942798307
11.3627,170.441,3.03125,-2.361864825109458
11.3627,170.441,3.0343750000000003,-2.6612349893669816
11.3627,170.441,3.0375,-2.2974600822230093
11.3627,170.441,3.0406250000000004,-2.2079138957756714
11.3627,170.441,3.04375,-2.2932277759756814
11.3627,170.441,3.046875,-2.878532878155286
11.3627,170.441,3.0500000000000003,-2.7736613901749756
11.3627,170.441,3.053125,-2.3028108397055354
11.3627,170.441,3.0562500000000004,-2.3139111879203185
11.3627,170.441,3.059375,-2.3806345107142897
11.3627,170.441,3.0625,-2.4876561092764238
11.3627,170.441,3.0656250000000003,-2.7438717634029315
11.3627,170.441,3.06875,-3.2190878920954695
11.3627,170.441,3.0718750000000004,-3.328366577197104
11.3627,170.441,3.075,-2.9739795075959026
11.3627,170.441,3.078125,-2.743024105398388
11.3627,170.441,3.0812500000000003,-2.7519046733766754
11.3627,170.441,3.084375,-2.79780474333649
11.3627,170.441,3.0875000000000004,-2.804087080174384
11.3627,170.441,3.090625,-2.8645061266861207
11.3627,170.441,3.09375,-2.912378043486113
11.3627,170.441,3.0968750000000003,-2.7960902760204482
11.3627,170.441,3.1,-2.7658446617887082
11.3627,170.441,3.1031250000000004,-2.7533037686999116
11.3627,170.441,3.10625,-2.780088808741607
11.3627,170.441,3.109375,-2.809680900246035
11.3627,170.441,3.1125000000000003,-3.2940036357758604
11.3627,170.441,3.115625,-4.837503368008987
11.3627,170.441,3.1187500000000004,-3.446033238097186
11.3627,170.441,3.121875,-3.3113140792346716
11.3627,170.441,3.125,-3.1997437048517567
11.3627,170.441,3.1281250000000003,-2.7266640408274445
11.3627,170.441,3.13125,-2.4404717267034446
11.3627,170.441,3.1343750000000004,-2.3104642207931008
11.3627,170.441,3.1375,-2.244989651708888
11.3627,170.441,3.140625,-2.242932340074145
11.3627,170.441,3.1437500000000003,-2.262080214020292
11.3627,170.441,3.146875,-2.314749992083429
11.3627,170.441,3.1500000000000004,-2.3807266032216647
11.3627,170.441,3.153125,-2.452918877279115
11.3627,170.441,3.15625,-2.4822918181653044
11.3627,170.441,3.1593750000000003,-2.5470762193483725
11.3627,170.441,3.1625,-2.6257343432461417
11.3627,170.441,3.1656250000000004,-2.7251900123006534
11.3627,170.441,3.16875,-2.824905241458114
11.3627,170.441,3.171875,-2.876267085731211
11.3627,170.441,3.1750000000000003,-2.908029620407419
11.3627,170.441,3.178125,-2.9304547311082496
11.3627,170.441,3.1812500000000004,-2.9389653476477706
11.3627,170.441,3.184375,-2.9289086958769843
11.3627,170.441,3.1875,-2.9186075581829956
11.3627,170.441,3.1906250000000003,-2.8999749983469973
11.3627,170.441,3.19375,-2.8604141742349625
11.3627,170.441,3.1968750000000004,-2.8142098233729156
11.3627,170.441,3.2,-2.7526425132994294
11.3627,170.441,3.203125,-2.7134241928333
11.3627,170.441,3.2062500000000003,-2.6742570644610915
11.3627,170.441,3.209375,-2.772640887299443
11.3627,170.441,3.2125000000000004,-2.6964433627876576
11.3627,170.441,3.215625,-2.4767568538633027
11.3627,170.441,3.21875,-2.414918025581078
11.3627,170.441,3.2218750000000003,-2.4000826394744363
11.3627,170.441,3.225,-2.5564839397765726
11.3627,170.441,3.2281250000000004,-2.606793039149565
11.3627,170.441,3.23125,-2.5926738101327444
11.3627,170.441,3.234375,-2.7542959401425238
11.3627,170.441,3.2375000000000003,-3.0411189450596856
11.3627,170.441,3.240625,-3.782260535454607
11.3627,170.441,3.2437500000000004,-5.679720702219163
11.3627,170.441,3.246875,-8.50922189633209
11.3627,170.441,3.25,-7.165601023204898
11.3627,170.441,3.2531250000000003,-4.679522417161636
11.3627,170.441,3.25625,-3.7599675577240994
11.3627,170.441,3.2593750000000004,-3.350496817291754
11.3627,170.441,3.2625,-3.1533474543989803
11.3627,170.441,3.265625,-3.056024664574939
11.3627,170.441,3.2687500000000003,-3.0335392387722298
11.3627,170.441,3.271875,-3.0103767609677696
11.3627,170.441,3.2750000000000004,-2.9882953408234374
11.3627,170.441,3.278125,-2.956721841892703
11.3627,170.441,3.28125,-2.9199998392731112
11.3627,170.441,3.2843750000000003,-2.865422490596564
11.3627,170.441,3.2875,-2.8255770339215323
11.3627,170.441,3.2906250000000004,-2.797727150893154
11.3627,170.441,3.29375,-2.801027451819956
11.3627,170.441,3.296875,-2.7557640994654524
11.3627,170.441,3.3000000000000003,-2.6528511706241424
11.3627,170.441,3.303125,-2.61155626474544
11.3627,170.441,3.3062500000000004,-2.5704339007484456
11.3627,170.441,3.309375,-2.561928719390509
11.3627,170.441,3.3125,-2.579865247038118
11.3627,170.441,3.3156250000000003,-2.533459043464638
11.3627,170.441,3.31875,-2.481701604160767
11.3627,170.441,3.3218750000000004,-2.4835377365138553
11.3627,170.441,3.325,-2.514392079545356
11.3627,170.441,3.328125,-2.530380248891626
11.3627,170.441,3.3312500000000003,-2.530405524985092
11.3627,170.441,3.334375,-2.532232588002534
11.3627,170.441,3.3375000000000004,-2.5634774814419226
11.3627,170.441,3.340625,-2.6143625669517934
11.3627,170.441,3.34375,-2.681753328019516
11.3627,170.441,3.3468750000000003,-2.7407599058204606
11.3627,170.441,3.35,-2.787382108909564
11.3627,170.441,3.3531250000000004,-2.8138958523726822
11.3627,170.441,3.35625,-2.8213907150675404
11.3627,170.441,3.359375,-2.816620697745188
11.3627,170.441,3.3625000000000003,-2.8147012765006862
11.3627,170.441,3.365625,-2.820977786398491
11.3627,170.441,3.3687500000000004,-2.81825935221307
11.3627,170.441,3.371875,-2.7931433689737606
11.3627,170.441,3.375,-2.7353165222744815
11.3627,170.441,3.3781250000000003,-2.6699123918845884
11.3627,170.441,3.38125,-2.6163393081159048
11.3627,170.441,3.3843750000000004,-2.572016883800216
11.3627,170.441,3.3875,-2.5465077398459153
11.3627,170.441,3.390625,-2.488362392737854
11.3627,170.441,3.3937500000000003,-2.4203932560956103
11.3627,170.441,3.396875,-2.3682646166406185
11.3627,170.441,3.4000000000000004,-2.3286256675333594
11.3627,170.441,3.403125,-2.3011348903341537
11.3627,170.441,3.40625,-2.295478510529352
11.3627,170.441,3.4093750000000003,-2.276882611602318
11.3627,170.441,3.4125,-2.2581393265027474
11.3627,170.441,3.4156250000000004,-2.260326864699302
11.3627,170.441,3.41875,-2.2743992906933945
11.3627,170.441,3.421875,-2.3041938463924345
11.3627,170.441,3.4250000000000003,-2.339731083424955
11.3627,170.441,3.428125,-2.384102442092714
11.3627,170.441,3.4312500000000004,-2.4298886361504572
11.3627,170.441,3.434375,-2.4846048618467247
11.3627,170.441,3.4375,-2.5457711673040837
11.3627,170.441,3.4406250000000003,-2.5958725304903263
11.3627,170.441,3.44375,-2.643355859244817
11.3627,170.441,3.4468750000000004,-2.6831467646237463
11.3627,170.441,3.45,-2.714500464492864
11.3627,170.441,3.453125,-2.739708008167399
11.3627,170.441,3.4562500000000003,-2.7530991354610617
11.3627,170.441,3.459375,-2.7525314457498147
11.3627,170.441,3.4625000000000004,-2.7327830166481517
11.3627,170.441,3.465625,-2.6993164600331028
11.3627,170.441,3.46875,-2.665254986163129
11.3627,170.441,3.4718750000000003,-2.620640580961685
11.3627,170.441,3.475,-2.5741751350960485
11.3627,170.441,3.4781250000000004,-2.5260785806136496
11.3627,170.441,3.48125,-2.483181937816016
11.3627,170.441,3.484375,-2.4458238715819394
11.3627,170.441,3.4875000000000003,-2.411270597991049
11.3627,170.441,3.490625,-2.385904369841251
11.3627,170.441,3.4937500000000004,-2.3703389080894075
11.3627,170.441,3.496875,-2.359782461354013
11.3627,170.441,3.5,-2.3657280626712147
11.3627,170.441,3.5031250000000003,-2.4025061305532214
11.3627,170.441,3.50625,-2.455698179185357
11.3627,170.441,3.5093750000000004,-2.5123697736572455
11.3627,170.441,3.5125,-2.5733171405330806
11.3627,170.441,3.515625,-2.62367664821999
11.3627,170.441,3.5187500000000003,-2.681362080434173
11.3627,170.441,3.521875,-2.7289487034230993
11.3627,170.441,3.5250000000000004,-2.777804961347382
11.3627,170.441,3.528125,-2.822058445793533
11.3627,170.441,3.53125,-2.860629205595104
11.3627,170.441,3.5343750000000003,-2.912959144430114
11.3627,170.441,3.5375,-2.963219190625481
11.3627,170.441,3.5406250000000004,-3.021573702481554
11.3627,170.441,3.54375,-3.097355301935725
11.3627,170.441,3.546875,-3.122548975319035
11.3627,170.441,3.5500000000000003,-3.1436155644773445
11.3627,170.441,3.553125,-3.2026255605415352
11.3627,170.441,3.5562500000000004,-3.269089478531769
11.3627,170.441,3.559375,-3.338844385789654
11.3627,170.441,3.5625,-3.37551399502507
11.3627,170.441,3.5656250000000003,-3.358380967104177
11.3627,170.441,3.56875,-3.3602938937640032
11.3627,170.441,3.5718750000000004,-3.274469132679264
11.3627,170.441,3.575,-3.198837539379049
11.3627,170.441,3.5781250000000004,-3.122422557156468
11.3627,170.441,3.5812500000000003,-3.0046869301128543
11.3627,170.441,3.584375,-2.924625196487333
11.3627,170.441,3.5875000000000004,-2.9379598297104383
11.3627,170.441,3.590625,-2.9359334707182856
11.3627,170.441,3.5937500000000004,-2.8812524440512917
11.3627,170.441,3.5968750000000003,-2.8723343299642075
11.3627,170.441,3.6,-2.9171750326604435
11.3627,170.441,3.6031250000000004,-2.9762024583286535
11.3627,170.441,3.60625,-3.0640453794271085
11.3627,170.441,3.6093750000000004,-3.1364237391742544
11.3627,170.441,3.6125000000000003,-3.1779987648702974
11.3627,170.441,3.615625,-3.2495533110228565
11.3627,170.441,3.6187500000000004,-3.3440890296456143
11.3627,170.441,3.621875,-3.372449684689479
11.3627,170.441,3.6250000000000004,-3.4060643976374245
11.3627,170.441,3.6281250000000003,-3.4509113726849003
11.3627,170.441,3.63125,-3.5092399354741417
11.3627,170.441,3.6343750000000004,-3.5619861970110507
11.3627,170.441,3.6375,-3.605194032025274
11.3627,170.441,3.6406250000000004,-3.657663653828741
11.3627,170.441,3.6437500000000003,-3.6983128006024737
11.3627,170.441,3.646875,-3.7328802155819703
11.3627,170.441,3.6500000000000004,-3.7817610375757127
11.3627,170.441,3.653125,-3.8134991996537653
11.3627,170.441,3.6562500000000004,-3.8173192964158997
11.3627,170.441,3.6593750000000003,-3.8221860830223124
11.3627,170.441,3.6625,-3.8888196391790797
11.3627,170.441,3.6656250000000004,-3.9985228812256097
11.3627,170.441,3.66875,-4.091611314080995
11.3627,170.441,3.6718750000000004,-4.139383629493578
11.3627,170.441,3.6750000000000003,-4.098558491968518
11.3627,170.441,3.678125,-4.05808989177213
11.3627,170.441,3.6812500000000004,-4.062871841684146
11.3627,170.441,3.684375,-4.168416199395848
11.3627,170.441,3.6875000000000004,-4.147851136754168
11.3627,170.441,3.6906250000000003,-4.037368696194502
11.3627,170.441,3.69375,-4.030436895513209
11.3627,170.441,3.6968750000000004,-4.137256011059829
11.3627,170.441,3.7,-4.359573446040554
11.3627,170.441,3.7031250000000004,-4.628026934459272
11.3627,170.441,3.7062500000000003,-4.877523639449166
11.3627,170.441,3.709375,-5.111600650526217
11.3627,170.441,3.7125000000000004,-5.287757294467454
11.3627,170.441,3.715625,-5.2305038749766215
11.3627,170.441,3.7187500000000004,-5.055398771423244
11.3627,170.441,3.7218750000000003,-4.9076212711818865
11.3627,170.441,3.725,-4.7124365603297065
11.3627,170.441,3.7281250000000004,-4.544971137603294
11.3627,170.441,3.73125,-4.384324643348623
11.3627,170.441,3.7343750000000004,-4.2360577879671775
11.3627,170.441,3.7375000000000003,-4.058174924865936
11.3627,170.441,3.740625,-3.8413570985228596
11.3627,170.441,3.7437500000000004,-3.6307406803428015
11.3627,170.441,3.746875,-3.444546376629773
11.3627,170.441,3.7500000000000004,-3.3276740109843423
11.3627,170.441,3.7531250000000003,-3.2806394169613053
11.3627,170.441,3.75625,-3.2611313872392707
11.3627,170.441,3.7593750000000004,-3.2299431919454227
11.3627,170.441,3.7625,-3.185059113222191
11.3627,170.441,3.7656250000000004,-3.115845026649061
11.3627,170.441,3.7687500000000003,-3.0472747059278937
11.3627,170.441,3.771875,-3.017377730176545
11.3627,170.441,3.7750000000000004,-3.0316148102671505
11.3627,170.441,3.778125,-3.0760360297526725
11.3627,170.441,3.7812500000000004,-3.149793519093025
11.3627,170.441,3.7843750000000003,-3.234621201237659
11.3627,170.441,3.7875,-3.3055455695389115
11.3627,170.441,3.7906250000000004,-3.3524005298419794
11.3627,170.441,3.79375,-3.4176617023821314
11.3627,170.441,3.7968750000000004,-3.512946715430594
11.3627,170.441,3.8000000000000003,-3.651337771000176
11.3627,170.441,3.803125,-3.801433379142449
11.3627,170.441,3.8062500000000004,-3.9822503546851755
11.3627,170.441,3.809375,-4.237398826817407
11.3627,170.441,3.8125000000000004,-4.523571790667741
11.3627,170.441,3.8156250000000003,-4.649816328898618
11.3627,170.441,3.81875,-4.530387557063621
11.3627,170.441,3.8218750000000004,-4.345813174240042
11.3627,170.441,3.825,-4.155235642598581
11.3627,170.441,3.8281250000000004,-3.9344503169411027
11.3627,170.441,3.8312500000000003,-3.7272924790692716
11.3627,170.441,3.834375,-3.6083358053037946
11.3627,170.441,3.8375000000000004,-3.5579092314234417
11.3627,170.441,3.840625,-3.5191358936019497
11.3627,170.441,3.8437500000000004,-3.4789265280790422
11.3627,170.441,3.8468750000000003,-3.4484066997494462
11.3627,170.441,3.85,-3.4298175700164375
11.3627,170.441,3.8531250000000004,-3.4514030973643144
11.3627,170.441,3.85625,-3.5572653053639343
11.3627,170.441,3.8593750000000004,-3.755672075046262
11.3627,170.441,3.8625000000000003,-3.9873181115757506
11.3627,170.441,3.865625,-4.20950439772798
11.3627,170.441,3.8687500000000004,-4.433847355910333
11.3627,170.441,3.871875,-4.6648005841409255
11.3627,170.441,3.8750000000000004,-4.855966420917267
11.3627,170.441,3.8781250000000003,-5.002942362683508
11.3627,170.441,3.88125,-5.11711191098549
11.3627,170.441,3.8843750000000004,-5.199228259593892
11.3627,170.441,3.8875,-5.281309334617999
11.3627,170.441,3.8906250000000004,-5.413087135570046
11.3627,170.441,3.8937500000000003,-5.503759379986085
11.3627,170.441,3.896875,-5.545211761562524
11.3627,170.441,3.9000000000000004,-5.564817298827194
11.3627,170.441,3.903125,-5.56211139209712
11.3627,170.441,3.9062500000000004,-5.545040588445586
11.3627,170.441,3.9093750000000003,-5.51517145845552
11.3627,170.441,3.9125,-5.491077655881767
11.3627,170.441,3.9156250000000004,-5.4756446431567145
11.3627,170.441,3.91875,-5.453829334994876
11.3627,170.441,3.9218750000000004,-5.41688599821407
11.3627,170.441,3.9250000000000003,-5.454648279309985
11.3627,170.441,3.928125,-5.489854535905398
11.3627,170.441,3.9312500000000004,-5.504617120846178
11.3627,170.441,3.934375,-5.573576028222553
11.3627,170.441,3.9375000000000004,-5.6523984281956565
11.3627,170.441,3.9406250000000003,-5.686296911081703
11.3627,170.441,3.94375,-5.76728499106578
11.3627,170.441,3.9468750000000004,-5.929014487934041
11.3627,170.441,3.95,-6.138446622377315
11.3627,170.441,3.9531250000000004,-6.344254357190256
11.3627,170.441,3.9562500000000003,-6.581456398414442
11.3627,170.441,3.959375,-6.869643090873785
11.3627,170.441,3.9625000000000004,-7.162801741041135
11.3627,170.441,3.965625,-7.488106959391063
11.3627,170.441,3.9687500000000004,-7.841404540905625
11.3627,170.441,3.9718750000000003,-8.167168318173996
11.3627,170.441,3.975,-8.435248558429635
11.3627,170.441,3.9781250000000004,-8.705446656487778
11.3627,170.441,3.98125,-8.969669317036784
11.3627,170.441,3.9843750000000004,-9.276216147515296
11.3627,170.441,3.9875000000000003,-9.613182190207475
11.3627,170.441,3.990625,-9.854717369183774
11.3627,170.441,3.9937500000000004,-10.030232142775517
11.3627,170.441,3.996875,-10.357178793773569
11.3627,170.441,4,-10.725696293168149
11.3627,170.441,4.003125,-11.25999052417686
11.3627,170.441,4.0062500000000005,-11.739879772196007
11.3627,170.441,4.009375,-11.610701644237757
11.3627,170.441,4.0125,-10.795328776260817
11.3627,170.441,4.015625,-10.135709756408609
11.3627,170.441,4.01875,-9.865095998990151
11.3627,170.441,4.0218750000000005,-9.845372375443457
11.3627,170.441,4.025,-10.205564844348665
11.3627,170.441,4.028125,-10.84886900357964
11.3627,170.441,4.03125,-11.446950273938079
11.3627,170.441,4.034375,-12.265865942387704
11.3627,170.441,4.0375000000000005,-13.395156405548578
11.3627,170.441,4.040625,-14.167083569509394
11.3627,170.441,4.04375,-14.875764464549713
11.3627,170.441,4.046875,-15.622057663810223
11.3627,170.441,4.05,-16.161471489979387
11.3627,170.441,4.0531250000000005,-16.486811662373377
11.3627,170.441,4.05625,-16.77883109477018
11.3627,170.441,4.059375,-17.457422083139996
11.3627,170.441,4.0625,-18.70133807291762
11.3627,170.441,4.065625,-20.112043683173496
11.3627,170.441,4.0687500000000005,-23.398125922989095
11.3627,170.441,4.071875,-24.88947846847665
11.3627,170.441,4.075,-24.242131469114497
11.3627,170.441,4.078125,-23.240110540116316
11.3627,170.441,4.08125,-23.561039601624714
11.3627,170.441,4.0843750000000005,-24.113544145868385
11.3627,170.441,4.0875,-26.060131073340564
11.3627,170.441,4.090625,-28.352060553336955
11.3627,170.441,4.09375,-25.758484177905153
11.3627,170.441,4.096875,-23.306363522514175
11.3627,170.441,4.1000000000000005,-22.62877803475261
11.3627,170.441,4.103125,-23.02838468973554
11.3627,170.441,4.10625,-23.54454019801508
11.3627,170.441,4.109375,-24.427361449647943
11.3627,170.441,4.1125,-25.639268883958803
11.3627,170.441,4.1156250000000005,-27.76369960231804
11.3627,170.441,4.11875,-30.196019918019775
11.3627,170.441,4.121875,-32.43747493182677
11.3627,170.441,4.125,-26.043279846413036
11.3627,170.441,4.128125,-21.74329984827488
11.3627,170.441,4.1312500000000005,-19.6503904377045
11.3627,170.441,4.134375,-18.5107490294577
11.3627,170.441,4.1375,-17.718383439305224
11.3627,170.441,4.140625,-17.476517100816512
11.3627,170.441,4.14375,-17.23037049563976
11.3627,170.441,4.1468750000000005,-16.397345926111726
11.3627,170.441,4.15,-15.707480867256159
11.3627,170.441,4.153125,-15.236817085991847
11.3627,170.441,4.15625,-15.48285520749001
11.3627,170.441,4.159375,-15.58167529134911
11.3627,170.441,4.1625000000000005,-15.263676920187487
11.3627,170.441,4.165625,-14.622833609397357
11.3627,170.441,4.16875,-14.089943113499189
11.3627,170.441,4.171875,-13.705836830586946
11.3627,170.441,4.175,-13.038607727543067
11.3627,170.441,4.1781250000000005,-12.320620324077245
11.3627,170.441,4.18125,-11.627267099124897
11.3627,170.441,4.184375,-11.04430474559103
11.3627,170.441,4.1875,-10.448654452199332
11.3627,170.441,4.190625,-9.861433578974527
11.3627,170.441,4.1937500000000005,-9.4656362697925
11.3627,170.441,4.196875,-9.161158294360614
11.3627,170.441,4.2,-8.91734130983733
11.3627,170.441,4.203125,-8.775506071431318
11.3627,170.441,4.20625,-8.601507429103112
11.3627,170.441,4.2093750000000005,-8.480401136746146
11.3627,170.441,4.2125,-8.3716373243903
11.3627,170.441,4.215625,-8.218982271338126
11.3627,170.441,4.21875,-8.136929927182706
11.3627,170.441,4.221875,-8.094765369621106
11.3627,170.441,4.2250000000000005,-8.097654211721613
11.3627,170.441,4.228125,-8.105866168411707
11.3627,170.441,4.23125,-8.098466099192116
11.3627,170.441,4.234375,-8.11612566315328
11.3627,170.441,4.2375,-8.185553845209553
11.3627,170.441,4.2406250000000005,-8.318455213805533
11.3627,170.441,4.24375,-8.509928710606566
11.3627,170.441,4.246875,-8.754051874858717
11.3627,170.441,4.25,-8.960680253506805
11.3627,170.441,4.253125,-9.144376842773932
11.3627,170.441,4.2562500000000005,-9.312525385269755
11.3627,170.441,4.259375,-9.417793597816699
11.3627,170.441,4.2625,-9.401662370840146
11.3627,170.441,4.265625,-9.264541885205764
11.3627,170.441,4.26875,-9.044427035443395
11.3627,170.441,4.2718750000000005,-8.799096676679765
11.3627,170.441,4.275,-8.65389168532969
11.3627,170.441,4.278125,-8.447980437610976
11.3627,170.441,4.28125,-8.29422994381953
11.3627,170.441,4.284375000000001,-8.135057429954621
11.3627,170.441,4.2875000000000005,-8.267315209961605
11.3627,170.441,4.290625,-8.580124256082197
11.3627,170.441,4.29375,-8.983113433272676
11.3627,170.441,4.296875,-9.263687788709966
11.3627,170.441,4.300000000000001,-9.514914610688347
11.3627,170.441,4.3031250000000005,-9.740064407413323
11.3627,170.441,4.30625,-9.85053877738477
11.3627,170.441,4.309375,-9.97762508081799
11.3627,170.441,4.3125,-10.080726025559692
11.3627,170.441,4.315625000000001,-10.198043214391419
11.3627,170.441,4.3187500000000005,-10.270925953629202
11.3627,170.441,4.321875,-10.032702787581433
11.3627,170.441,4.325,-9.891609730580406
11.3627,170.441,4.328125,-9.866080798372991
11.3627,170.441,4.331250000000001,-9.966783837752777
11.3627,170.441,4.3343750000000005,-10.093711772168453
11.3627,170.441,4.3375,-10.31202419256956
11.3627,170.441,4.340625,-10.436652586032158
11.3627,170.441,4.34375,-10.31813065208283
11.3627,170.441,4.346875000000001,-9.991264902940175
11.3627,170.441,4.3500000000000005,-9.57411597402533
11.3627,170.441,4.353125,-9.176889073241048
11.3627,170.441,4.35625,-8.895117088741397
11.3627,170.441,4.359375,-8.64695427677315
11.3627,170.441,4.362500000000001,-8.43124486971223
11.3627,170.441,4.3656250000000005,-8.280015189284285
11.3627,170.441,4.36875,-8.302404764104466
11.3627,170.441,4.371875,-8.432761963451158
11.3627,170.441,4.375,-8.551255898717615
11.3627,170.441,4.378125000000001,-9.08898781163821
11.3627,170.441,4.3812500000000005,-10.349881561061459
11.3627,170.441,4.384375,-11.810163137066327
11.3627,170.441,4.3875,-12.738931409676441
11.3627,170.441,4.390625,-13.546475590134152
11.3627,170.441,4.393750000000001,-14.03720880806346
11.3627,170.441,4.3968750000000005,-14.28147217483632
11.3627,170.441,4.4,-13.862457708408948
11.3627,170.441,4.403125,-12.981005111254651
11.3627,170.441,4.40625,-11.72896616490926
11.3627,170.441,4.409375000000001,-10.657528926788775
11.3627,170.441,4.4125000000000005,-10.002408392758618
11.3627,170.441,4.415625,-9.65790198007331
11.3627,170.441,4.41875,-9.47831377799325
11.3627,170.441,4.421875,-9.29464306451543
11.3627,170.441,4.425000000000001,-9.114991704355079
11.3627,170.441,4.4281250000000005,-9.232311526414552
11.3627,170.441,4.43125,-9.544407874539923
11.3627,170.441,4.434375,-9.578990372905317
11.3627,170.441,4.4375,-9.491735723935228
11.3627,170.441,4.440625000000001,-9.688684975458296
11.3627,170.441,4.4437500000000005,-9.375823845146174
11.3627,170.441,4.446875,-8.79325976823327
11.3627,170.441,4.45,-8.436158753501152
11.3627,170.441,4.453125,-8.163772698769112
11.3627,170.441,4.456250000000001,-7.904189985677911
11.3627,170.441,4.4593750000000005,-7.679377605265339
11.3627,170.441,4.4625,-7.5193385256638114
11.3627,170.441,4.465625,-7.420723580547824
11.3627,170.441,4.46875,-7.686221202474737
11.3627,170.441,4.471875000000001,-7.842837368474922
11.3627,170.441,4.4750000000000005,-7.8060846576879985
11.3627,170.441,4.478125,-7.483080334221125
11.3627,170.441,4.48125,-7.115129174617896
11.3627,170.441,4.484375,-6.9969919382004795
11.3627,170.441,4.487500000000001,-7.062490977381407
11.3627,170.441,4.4906250000000005,-7.602308498663137
11.3627,170.441,4.49375,-7.8773896837156085
11.3627,170.441,4.496875,-8.193417044729802
11.3627,170.441,4.5,-9.244507860740024
11.3627,170.441,4.503125000000001,-9.246315047141051
11.3627,170.441,4.5062500000000005,-8.520183237779563
11.3627,170.441,4.509375,-8.078729435978337
11.3627,170.441,4.5125,-7.808745157378424
11.3627,170.441,4.515625,-7.960718723143793
11.3627,170.441,4.518750000000001,-8.366189360716268
11.3627,170.441,4.5218750000000005,-8.3592911247583
11.3627,170.441,4.525,-8.293312459783323
11.3627,170.441,4.528125,-8.849429521998998
11.3627,170.441,4.53125,-8.590030498219127
11.3627,170.441,4.534375000000001,-8.483119267323113
11.3627,170.441,4.5375000000000005,-7.95152839720648
11.3627,170.441,4.540625,-7.965542903633581
11.3627,170.441,4.54375,-7.816400746692331
11.3627,170.441,4.546875,-7.380592697603286
11.3627,170.441,4.550000000000001,-6.7175122256157485
11.3627,170.441,4.5531250000000005,-6.86900744224066
11.3627,170.441,4.55625,-7.231714399838514
11.3627,170.441,4.559375,-6.565192577331059
11.3627,170.441,4.5625,-6.306252831158103
11.3627,170.441,4.565625000000001,-6.312133518240368
11.3627,170.441,4.5687500000000005,-6.211496874712143
11.3627,170.441,4.571875,-5.882989457716599
11.3627,170.441,4.575,-5.972783177363963
11.3627,170.441,4.578125,-5.99224530187663
11.3627,170.441,4.581250000000001,-5.883400862284928
11.3627,170.441,4.5843750000000005,-5.921626317516278
11.3627,170.441,4.5875,-5.932158959865811
11.3627,170.441,4.590625,-5.997998256962384
11.3627,170.441,4.59375,-6.06648169008152
11.3627,170.441,4.596875000000001,-6.149760741986478
11.3627,170.441,4.6000000000000005,-6.233079445024065
11.3627,170.441,4.603125,-6.316338370259345
11.3627,170.441,4.60625,-6.392086820954706
11.3627,170.441,4.609375,-6.45767032825152
11.3627,170.441,4.612500000000001,-6.512331188370206
11.3627,170.441,4.6156250000000005,-6.549418562127197
11.3627,170.441,4.61875,-6.551642406230806
11.3627,170.441,4.621875,-6.523176410676747
11.3627,170.441,4.625,-6.467780671494863
11.3627,170.441,4.628125000000001,-6.389339810867974
11.3627,170.441,4.6312500000000005,-6.280993657126298
11.3627,170.441,4.634375,-6.155024180380991
11.3627,170.441,4.6375,-6.019202199761768
11.3627,170.441,4.640625,-5.868944565823606
11.3627,170.441,4.643750000000001,-5.714957600820535
11.3627,170.441,4.6468750000000005,-5.569006420044188
11.3627,170.441,4.65,-5.4273805491143285
11.3627,170.441,4.653125,-5.294263156392594
11.3627,170.441,4.65625,-5.1683371701613625
11.3627,170.441,4.659375000000001,-5.0616789557527975
11.3627,170.441,4.6625000000000005,-4.972464647272647
11.3627,170.441,4.665625,-4.896422651892352
11.3627,170.441,4.66875,-4.836831754658195
11.3627,170.441,4.671875,-4.799542201994313
11.3627,170.441,4.675000000000001,-4.770379071227515
11.3627,170.441,4.6781250000000005,-4.7514678902276275
11.3627,170.441,4.68125,-4.746586970920919
11.3627,170.441,4.684375,-4.8283343804861545
11.3627,170.441,4.6875,-4.9308310119807395
11.3627,170.441,4.690625000000001,-4.99824111213436
11.3627,170.441,4.6937500000000005,-5.059461898710287
11.3627,170.441,4.696875,-5.10719502176276
11.3627,170.441,4.7,-5.137469969857503
11.3627,170.441,4.703125,-5.15957820039165
11.3627,170.441,4.706250000000001,-5.152113319142902
11.3627,170.441,4.7093750000000005,-5.119063051232143
11.3627,170.441,4.7125,-5.051049164465837
11.3627,170.441,4.715625,-4.963335140208314
11.3627,170.441,4.71875,-4.853313249396145
11.3627,170.441,4.721875000000001,-4.71378388940993
11.3627,170.441,4.7250000000000005,-4.572009208909414
11.3627,170.441,4.728125,-4.414984778172914
11.3627,170.441,4.73125,-4.25927874021335
11.3627,170.441,4.734375,-4.10931380142242
11.3627,170.441,4.737500000000001,-3.9664782812748594
11.3627,170.441,4.7406250000000005,-3.8370509389229106
11.3627,170.441,4.74375,-3.723937858824064
11.3627,170.441,4.746875,-3.6263551925890503
11.3627,170.441,4.75,-3.5411074746035243
11.3627,170.441,4.753125000000001,-3.471399362159564
11.3627,170.441,4.7562500000000005,-3.4174710814378018
11.3627,170.441,4.759375,-3.377626264316624
11.3627,170.441,4.7625,-3.3565446986192367
11.3627,170.441,4.765625,-3.3475774337453195
11.3627,170.441,4.768750000000001,-3.352117496875246
11.3627,170.441,4.7718750000000005,-3.36810415699955
11.3627,170.441,4.775,-3.398370285838175
11.3627,170.441,4.778125,-3.4353607262793013
11.3627,170.441,4.78125,-3.4856664868591007
11.3627,170.441,4.784375000000001,-3.54147271222865
11.3627,170.441,4.7875000000000005,-3.6023593856288088
11.3627,170.441,4.790625,-3.6632654189112106
11.3627,170.441,4.79375,-3.7241030677809297
11.3627,170.441,4.796875,-3.7696209948689336
11.3627,170.441,4.800000000000001,-3.80640977045581
11.3627,170.441,4.8031250000000005,-3.8262011330681616
11.3627,170.441,4.80625,-3.8294917091618847
11.3627,170.441,4.809375,-3.8077991928761863
11.3627,170.441,4.8125,-3.771874610281884
11.3627,170.441,4.815625000000001,-3.722023635153975
11.3627,170.441,4.8187500000000005,-3.653443511419156
11.3627,170.441,4.821875,-3.5815566329418798
11.3627,170.441,4.825,-3.4995952202409795
11.3627,170.441,4.828125,-3.4264205072117178
11.3627,170.441,4.831250000000001,-3.3552358763905676
11.3627,170.441,4.8343750000000005,-3.290022820104024
11.3627,170.441,4.8375,-3.2371972720756
11.3627,170.441,4.840625,-3.201744904223634
11.3627,170.441,4.84375,-3.1786688424732956
11.3627,170.441,4.846875000000001,-3.170452940871755
11.3627,170.441,4.8500000000000005,-3.178160060275446
11.3627,170.441,4.853125,-3.199892716471486
11.3627,170.441,4.85625,-3.239022606116824
11.3627,170.441,4.859375,-3.2903846914963393
11.3627,170.441,4.862500000000001,-3.3568331391021946
11.3627,170.441,4.8656250000000005,-3.432602474137736
11.3627,170.441,4.86875,-3.5175803117297297
11.3627,170.441,4.871875,-3.6069537830199088
11.3627,170.441,4.875,-3.6965199683539534
11.3627,170.441,4.878125000000001,-3.786836545313952
11.3627,170.441,4.8812500000000005,-3.8746524915939595
11.3627,170.441,4.884375,-3.9498774145023914
11.3627,170.441,4.8875,-4.0122461239371106
11.3627,170.441,4.890625,-4.058495328650228
11.3627,170.441,4.893750000000001,-4.083118719923796
11.3627,170.441,4.8968750000000005,-4.081822655352234
11.3627,170.441,4.9,-4.058013334496227
11.3627,170.441,4.903125,-4.014415964735389
11.3627,170.441,4.90625,-3.9459158575610918
11.3627,170.441,4.909375000000001,-3.870708671438572
11.3627,170.441,4.9125000000000005,-3.7825906274972096
11.3627,170.441,4.915625,-3.688588596000863
11.3627,170.441,4.91875,-3.5937612485379358
11.3627,170.441,4.921875,-3.501316967688269
11.3627,170.441,4.925000000000001,-3.418846852142174
11.3627,170.441,4.9281250000000005,-3.3456643820249736
11.3627,170.441,4.93125,-3.286511396466882
11.3627,170.441,4.934375,-3.2409022585206153
11.3627,170.441,4.9375,-3.209315341699855
11.3627,170.441,4.940625000000001,-3.199562626022699
11.3627,170.441,4.9437500000000005,-3.207911924563316
11.3627,170.441,4.946875,-3.2308462682814993
11.3627,170.441,4.95,-3.270333414091622
11.3627,170.441,4.953125,-3.3286015126768738
11.3627,170.441,4.956250000000001,-3.397633140971643
11.3627,170.441,4.9593750000000005,-3.4847142298633864
11.3627,170.441,4.9625,-3.581794068937282
11.3627,170.441,4.965625,-3.6851606559637133
11.3627,170.441,4.96875,-3.790219142786992
11.3627,170.441,4.971875000000001,-3.8969413878929906
11.3627,170.441,4.9750000000000005,-3.998770742811102
11.3627,170.441,4.978125,-4.0934038486865445
11.3627,170.441,4.98125,-4.171076954952787
11.3627,170.441,4.984375,-4.234227267203167
11.3627,170.441,4.987500000000001,-4.271208873675603
11.3627,170.441,4.9906250000000005,-4.286381004447209
11.3627,170.441,4.99375,-4.268426137203772
11.3627,170.441,4.996875,-4.234184420395148
11.3627,170.441,5,-4.189758799024105
11.3627,170.441,5.003125000000001,-4.123550722303583
11.3627,170.441,5.0062500000000005,-4.066698568825057
11.3627,170.441,5.009375,-4.008867983424687
11.3627,170.441,5.0125,-3.9551143009808536
11.3627,170.441,5.015625,-3.901567598899474
11.3627,170.441,5.018750000000001,-3.861198908057635
11.3627,170.441,5.0218750000000005,-3.8284057203036133
11.3627,170.441,5.025,-3.8073806681990083
11.3627,170.441,5.028125,-3.8060823679867353
11.3627,170.441,5.03125,-3.8221676880847917
11.3627,170.441,5.034375000000001,-3.855363137073029
11.3627,170.441,5.0375000000000005,-3.9050313855407404
11.3627,170.441,5.040625,-3.974341613223533
11.3627,170.441,5.04375,-4.058937165075306
11.3627,170.441,5.046875,-4.162401051388906
11.3627,170.441,5.050000000000001,-4.279493005983061
11.3627,170.441,5.0531250000000005,-4.415371044169269
11.3627,170.441,5.05625,-4.552702309205713
11.3627,170.441,5.059375,-4.703791636235442
11.3627,170.441,5.0625,-4.857388839429112
11.3627,170.441,5.065625000000001,-5.004989773820105
11.3627,170.441,5.0687500000000005,-5.146089318049496
11.3627,170.441,5.071875,-5.269934699959387
11.3627,170.441,5.075,-5.366573724071248
11.3627,170.441,5.078125,-5.432931762256167
11.3627,170.441,5.081250000000001,-5.457518737467863
11.3627,170.441,5.0843750000000005,-5.442931269256269
11.3627,170.441,5.0875,-5.387670308789415
11.3627,170.441,5.090625,-5.310682078499813
11.3627,170.441,5.09375,-5.211213780632905
11.3627,170.441,5.096875000000001,-5.095432966034479
11.3627,170.441,5.1000000000000005,-4.986410982597688
11.3627,170.441,5.103125,-4.875603517042177
11.3627,170.441,5.10625,-4.750499209011794
11.3627,170.441,5.109375,-4.610065421429157
11.3627,170.441,5.112500000000001,-4.4768955829545325
11.3627,170.441,5.1156250000000005,-4.371878237149346
11.3627,170.441,5.11875,-4.30349998340514
11.3627,170.441,5.121875,-4.25104855242809
11.3627,170.441,5.125,-4.226877531776841
11.3627,170.441,5.128125000000001,-4.227910771855839
11.3627,170.441,5.1312500000000005,-4.248295086054344
11.3627,170.441,5.134375,-4.289247664211026
11.3627,170.441,5.1375,-4.3439900346046265
11.3627,170.441,5.140625,-4.4200395392357
11.3627,170.441,5.143750000000001,-4.504606690738144
11.3627,170.441,5.1468750000000005,-4.598414527183521
11.3627,170.441,5.15,-4.699317511245717
11.3627,170.441,5.153125,-4.808419956931492
11.3627,170.441,5.15625,-4.920535788885657
11.3627,170.441,5.159375000000001,-5.027341002616596
11.3627,170.441,5.1625000000000005,-5.130302967861527
11.3627,170.441,5.165625,-5.216741940794904
11.3627,170.441,5.16875,-5.280972329907105
11.3627,170.441,5.171875,-5.333082057913935
11.3627,170.441,5.175000000000001,-5.3572106337332
11.3627,170.441,5.1781250000000005,-5.348487536208316
11.3627,170.441,5.18125,-5.320497104855637
11.3627,170.441,5.184375,-5.257102780098409
11.3627,170.441,5.1875,-5.1829704125464
11.3627,170.441,5.190625000000001,-5.096862296417493
11.3627,170.441,5.1937500000000005,-5.002191313159883
11.3627,170.441,5.196875,-4.912853372475164
11.3627,170.441,5.2,-4.831142647876281
11.3627,170.441,5.203125,-4.760115895560529
11.3627,170.441,5.206250000000001,-4.6949392144873485
11.3627,170.441,5.2093750000000005,-4.64119193204894
11.3627,170.441,5.2125,-4.606110509895296
11.3627,170.441,5.215625,-4.592234822623048
11.3627,170.441,5.21875,-4.606439079503523
11.3627,170.441,5.221875000000001,-4.65581718554247
11.3627,170.441,5.2250000000000005,-4.728097509914739
11.3627,170.441,5.228125,-4.826804170391657
11.3627,170.441,5.23125,-4.958881085925651
11.3627,170.441,5.234375,-5.116349132385533
11.3627,170.441,5.237500000000001,-5.3019760243154614
11.3627,170.441,5.2406250000000005,-5.514343296024
11.3627,170.441,5.24375,-5.754100777646006
11.3627,170.441,5.246875,-6.022176729262546
11.3627,170.441,5.25,-6.328087509382837
11.3627,170.441,5.253125000000001,-6.6882425671383805
11.3627,170.441,5.2562500000000005,-7.135905481885301
11.3627,170.441,5.259375,-7.756975375515775
11.3627,170.441,5.2625,-8.725405049315448
11.3627,170.441,5.265625,-10.24043576179286
11.3627,170.441,5.268750000000001,-11.27040580423526
11.3627,170.441,5.2718750000000005,-9.904018003510918
11.3627,170.441,5.275,-8.300208683598632
11.3627,170.441,5.278125,-7.373422970749165
11.3627,170.441,5.28125,-6.815538666505205
11.3627,170.441,5.284375000000001,-6.428649951173712
11.3627,170.441,5.2875000000000005,-6.137802750365607
11.3627,170.441,5.290625,-5.8793384306597485
11.3627,170.441,5.29375,-5.656800707293128
11.3627,170.441,5.296875,-5.472194567249566
11.3627,170.441,5.300000000000001,-5.3213552564176245
11.3627,170.441,5.3031250000000005,-5.208759643376563
11.3627,170.441,5.30625,-5.118321248269294
11.3627,170.441,5.309375,-5.059136585637107
11.3627,170.441,5.3125,-5.026474321718478
11.3627,170.441,5.315625000000001,-5.020365377189585
11.3627,170.441,5.3187500000000005,-5.041044743337363
11.3627,170.441,5.321875,-5.080684841495474
11.3627,170.441,5.325,-5.144615803732981
11.3627,170.441,5.328125,-5.220451262345193
11.3627,170.441,5.331250000000001,-5.3034842549705825
11.3627,170.441,5.3343750000000005,-5.393420220611808
11.3627,170.441,5.3375,-5.482539078086656
11.3627,170.441,5.340625,-5.5763557356750235
11.3627,170.441,5.34375,-5.671383861518551
11.3627,170.441,5.346875000000001,-5.754560400415732
11.3627,170.441,5.3500000000000005,-5.822331298514283
11.3627,170.441,5.353125,-5.8685391593006475
11.3627,170.441,5.35625,-5.8783141997051205
11.3627,170.441,5.359375,-5.863736171063197
11.3627,170.441,5.362500000000001,-5.809183958096104
11.3627,170.441,5.3656250000000005,-5.731076164329837
11.3627,170.441,5.36875,-5.626133272512661
11.3627,170.441,5.371875,-5.49826161394162
11.3627,170.441,5.375,-5.356855073117311
11.3627,170.441,5.378125000000001,-5.214292932804359
11.3627,170.441,5.3812500000000005,-5.0820863513893535
11.3627,170.441,5.384375,-4.950755894050614
11.3627,170.441,5.3875,-4.839492183027615
11.3627,170.441,5.390625,-4.755376617033351
11.3627,170.441,5.393750000000001,-4.686904919004701
11.3627,170.441,5.3968750000000005,-4.638166046442872
11.3627,170.441,5.4,-4.61588027046724
11.3627,170.441,5.403125,-4.618348937883515
11.3627,170.441,5.40625,-4.642252725552188
11.3627,170.441,5.409375000000001,-4.684237409667587
11.3627,170.441,5.4125000000000005,-4.750172360064279
11.3627,170.441,5.415625,-4.83720923081801
11.3627,170.441,5.41875,-4.935711459742109
11.3627,170.441,5.421875,-5.054863924327146
11.3627,170.441,5.425000000000001,-5.189224195555565
11.3627,170.441,5.4281250000000005,-5.335649868941077
11.3627,170.441,5.43125,-5.4897128090095135
11.3627,170.441,5.434375,-5.6420739808328495
11.3627,170.441,5.4375,-5.796221426372132
11.3627,170.441,5.440625000000001,-5.927810865852836
11.3627,170.441,5.4437500000000005,-6.049617514428032
11.3627,170.441,5.446875,-6.13232654345004
11.3627,170.441,5.45,-6.1830929825803675
11.3627,170.441,5.453125,-6.194981772815242
11.3627,170.441,5.456250000000001,-6.171106556706201
11.3627,170.441,5.4593750000000005,-6.098165885479006
11.3627,170.441,5.4625,-5.991716003280199
11.3627,170.441,5.465625,-5.855094490624364
11.3627,170.441,5.46875,-5.703098839535933
11.3627,170.441,5.471875000000001,-5.531586497387449
11.3627,170.441,5.4750000000000005,-5.367567875140219
11.3627,170.441,5.478125,-5.213702842715495
11.3627,170.441,5.48125,-5.070600023344288
11.3627,170.441,5.484375,-4.952748032121855
11.3627,170.441,5.487500000000001,-4.857297786517534
11.3627,170.441,5.4906250000000005,-4.780193731661033
11.3627,170.441,5.49375,-4.740439010958144
11.3627,170.441,5.496875,-4.726218027988548
11.3627,170.441,5.5,-4.7380490448281085
11.3627,170.441,5.503125000000001,-4.767339622041021
11.3627,170.441,5.5062500000000005,-4.819785527954278
11.3627,170.441,5.509375,-4.891923869569829
11.3627,170.441,5.5125,-4.963742096740437
11.3627,170.441,5.515625,-5.051923117098048
11.3627,170.441,5.518750000000001,-5.1425688662215
11.3627,170.441,5.5218750000000005,-5.226412625657267
11.3627,170.441,5.525,-5.296963225159934
11.3627,170.441,5.528125,-5.362854837944426
11.3627,170.441,5.53125,-5.39804722273876
11.3627,170.441,5.534375000000001,-5.415610239007585
11.3627,170.441,5.5375000000000005,-5.404560709763821
11.3627,170.441,5.540625,-5.370514693127408
11.3627,170.441,5.54375,-5.294771116803943
11.3627,170.441,5.546875,-5.200952178019703
11.3627,170.441,5.550000000000001,-5.080315928253603
11.3627,170.441,5.5531250000000005,-4.945592633038929
11.3627,170.441,5.55625,-4.803609456681361
11.3627,170.441,5.559375,-4.652962365741341
11.3627,170.441,5.5625,-4.5142185233690295
11.3627,170.441,5.565625000000001,-4.377221101309087
11.3627,170.441,5.5687500000000005,-4.25465182260544
11.3627,170.441,5.571875,-4.1485906852713175
11.3627,170.441,5.575,-4.0646090039687275
11.3627,170.441,5.578125,-3.998670877402774
11.3627,170.441,5.581250000000001,-3.960688434329189
11.3627,170.441,5.5843750000000005,-3.9351332330244904
11.3627,170.441,5.5875,-3.9382480042233166
11.3627,170.441,5.590625,-3.965987734837105
11.3627,170.441,5.59375,-4.012603215139143
11.3627,170.441,5.596875000000001,-4.08574249595646
11.3627,170.441,5.6000000000000005,-4.17412327755935
11.3627,170.441,5.603125,-4.27535353751043
11.3627,170.441,5.60625,-4.395053476508599
11.3627,170.441,5.609375,-4.515431104414894
11.3627,170.441,5.612500000000001,-4.648486256655186
11.3627,170.441,5.6156250000000005,-4.770661257015307
11.3627,170.441,5.61875,-4.900530383371303
11.3627,170.441,5.621875,-4.99974680328328
11.3627,170.441,5.625,-5.085138346629101
11.3627,170.441,5.628125000000001,-5.14397044496394
11.3627,170.441,5.6312500000000005,-5.159060503472247
11.3627,170.441,5.634375,-5.14142020937176
11.3627,170.441,5.6375,-5.088951248142922
11.3627,170.441,5.640625,-5.001294806931467
11.3627,170.441,5.643750000000001,-4.882504533463497
11.3627,170.441,5.6468750000000005,-4.747338750434591
11.3627,170.441,5.65,-4.594660468759488
11.3627,170.441,5.653125,-4.447255907608139
11.3627,170.441,5.65625,-4.307514005559421
11.3627,170.441,5.659375000000001,-4.169391706130635
11.3627,170.441,5.6625000000000005,-4.054298655009374
11.3627,170.441,5.665625,-3.9622147206626495
11.3627,170.441,5.66875,-3.893331978328656
11.3627,170.441,5.671875,-3.8466781785181547
11.3627,170.441,5.675000000000001,-3.817648567283352
11.3627,170.441,5.6781250000000005,-3.8104530651645523
11.3627,170.441,5.68125,-3.821941207630602
11.3627,170.441,5.684375,-3.8581355159169624
11.3627,170.441,5.6875,-3.903870150465157
11.3627,170.441,5.690625000000001,-3.9665834642596125
11.3627,170.441,5.6937500000000005,-4.033348861645419
11.3627,170.441,5.696875,-4.107933904661991
11.3627,170.441,5.7,-4.177563381479926
11.3627,170.441,5.703125,-4.246425304213471
11.3627,170.441,5.706250000000001,-4.310856783079788
11.3627,170.441,5.7093750000000005,-4.356100214269296
11.3627,170.441,5.7125,-4.385888710981609
11.3627,170.441,5.715625,-4.388285313203805
11.3627,170.441,5.71875,-4.367117278186732
11.3627,170.441,5.721875000000001,-4.322879888802365
11.3627,170.441,5.7250000000000005,-4.24791640482547
11.3627,170.441,5.728125,-4.140584400540789
11.3627,170.441,5.73125,-4.01969615326533
11.3627,170.441,5.734375,-3.8702302665171855
11.3627,170.441,5.737500000000001,-3.717500725550882
11.3627,170.441,5.7406250000000005,-3.55421963720447
11.3627,170.441,5.74375,-3.4012441572084673
11.3627,170.441,5.746875,-3.2626913729599654
11.3627,170.441,5.75,-3.1329470299788884
11.3627,170.441,5.753125000000001,-3.020363478478168
11.3627,170.441,5.7562500000000005,-2.934561287892763
11.3627,170.441,5.759375,-2.8744838561270223
11.3627,170.441,5.7625,-2.8388319548340366
11.3627,170.441,5.765625,-2.828601042703753
11.3627,170.441,5.768750000000001,-2.842228744778193
11.3627,170.441,5.7718750000000005,-2.872848584234271
11.3627,170.441,5.775,-2.9295358224517103
11.3627,170.441,5.778125,-2.9981064579904264
11.3627,170.441,5.78125,-3.0822088054343584
11.3627,170.441,5.784375000000001,-3.1755973366750876
11.3627,170.441,5.7875000000000005,-3.273084438257086
11.3627,170.441,5.790625,-3.3703316359800377
11.3627,170.441,5.79375,-3.463473586100771
11.3627,170.441,5.796875,-3.5499926619808173
11.3627,170.441,5.800000000000001,-3.6213373480704787
11.3627,170.441,5.8031250000000005,-3.673873507779912
11.3627,170.441,5.80625,-3.710769050329344
11.3627,170.441,5.809375,-3.7160401870962967
11.3627,170.441,5.8125,-3.6982359026142926
11.3627,170.441,5.815625000000001,-3.653502854701674
11.3627,170.441,5.8187500000000005,-3.5830084109189024
11.3627,170.441,5.821875,-3.4933747483564725
11.3627,170.441,5.825,-3.3906392007627257
11.3627,170.441,5.828125,-3.273780232515797
11.3627,170.441,5.831250000000001,-3.149136144068896
11.3627,170.441,5.8343750000000005,-3.0258412905937524
11.3627,170.441,5.8375,-2.9123188451032727
11.3627,170.441,5.840625,-2.8091934577047946
11.3627,170.441,5.84375,-2.7237656968752293
11.3627,170.441,5.846875000000001,-2.6571602580137625
11.3627,170.441,5.8500000000000005,-2.61470553814474
11.3627,170.441,5.853125,-2.5947833306730503
11.3627,170.441,5.85625,-2.5972290407708023
11.3627,170.441,5.859375,-2.6211932727129676
11.3627,170.441,5.862500000000001,-2.6701634689190454
11.3627,170.441,5.8656250000000005,-2.7366351375808557
11.3627,170.441,5.86875,-2.8135473968293994
11.3627,170.441,5.871875,-2.9032313605389377
11.3627,170.441,5.875,-2.995358984982219
11.3627,170.441,5.878125000000001,-3.089033927241143
11.3627,170.441,5.8812500000000005,-3.1914084434275076
11.3627,170.441,5.884375,-3.2699512690331316
11.3627,170.441,5.8875,-3.344647215728309
11.3627,170.441,5.890625,-3.4046612363214566
11.3627,170.441,5.893750000000001,-3.433004050291149
11.3627,170.441,5.8968750000000005,-3.4395440293227617
11.3627,170.441,5.9,-3.4214454301956976
11.3627,170.441,5.903125,-3.356719538360171
11.3627,170.441,5.90625,-3.270450197164834
11.3627,170.441,5.909375000000001,-3.1480856993930346
11.3627,170.441,5.9125000000000005,-3.0054957842530134
11.3627,170.441,5.915625,-2.854462337943631
11.3627,170.441,5.91875,-2.6939488827214495
11.3627,170.441,5.921875,-2.529227477116996
11.3627,170.441,5.925000000000001,-2.3758216019760177
11.3627,170.441,5.9281250000000005,-2.2425723973998286
11.3627,170.441,5.93125,-2.1234041364409224
11.3627,170.441,5.934375,-2.025848233309101
11.3627,170.441,5.9375,-1.9599541172398116
11.3627,170.441,5.940625000000001,-1.91928330899398
11.3627,170.441,5.9437500000000005,-1.900994612522384
11.3627,170.441,5.946875,-1.913031076775761
11.3627,170.441,5.95,-1.9409567186439909
11.3627,170.441,5.953125,-1.99781042200784
11.3627,170.441,5.956250000000001,-2.0668573279930613
11.3627,170.441,5.9593750000000005,-2.154699553079565
11.3627,170.441,5.9625,-2.2460537773658618
11.3627,170.441,5.965625,-2.3473216648043405
11.3627,170.441,5.96875,-2.457689147344168
11.3627,170.441,5.971875000000001,-2.574300645543502
11.3627,170.441,5.9750000000000005,-2.684752484261324
11.3627,170.441,5.978125,-2.799848889620506
11.3627,170.441,5.98125,-2.89987020249555
11.3627,170.441,5.984375,-2.987313235395522
11.3627,170.441,5.987500000000001,-3.0505107856478797
11.3627,170.441,5.9906250000000005,-3.0879287495984675
11.3627,170.441,5.99375,-3.089509189727897
11.3627,170.441,5.996875,-3.061889536722096
11.3627,170.441,6,-3.00647245701604
