"Current","Field","Frequency","Spectra"
11.4095,171.142,1,-0.9170674353170033
11.4095,171.142,1.003125,-0.8756982636892443
11.4095,171.142,1.00625,-0.836349176381479
11.4095,171.142,1.0093750000000001,-0.8041732431304248
11.4095,171.142,1.0125,-0.7819723883021346
11.4095,171.142,1.015625,-0.7684176070391625
11.4095,171.142,1.01875,-0.7675596636906244
11.4095,171.142,1.021875,-0.7737960953910049
11.4095,171.142,1.0250000000000001,-0.7934204708192927
11.4095,171.142,1.028125,-0.8295949691241471
11.4095,171.142,1.03125,-0.8757151137690071
11.4095,171.142,1.034375,-0.9328579341067568
11.4095,171.142,1.0375,-0.9967042054947973
11.4095,171.142,1.0406250000000001,-1.0649202011008871
11.4095,171.142,1.04375,-1.1318961084605
11.4095,171.142,1.046875,-1.2013933370172152
11.4095,171.142,1.05,-1.2681406143009872
11.4095,171.142,1.053125,-1.3204221329142876
11.4095,171.142,1.0562500000000001,-1.3689137784073564
11.4095,171.142,1.059375,-1.405810717921484
11.4095,171.142,1.0625,-1.4297751843335793
11.4095,171.142,1.065625,-1.4407485491516157
11.4095,171.142,1.06875,-1.4432878225660615
11.4095,171.142,1.0718750000000001,-1.4306041330718047
11.4095,171.142,1.0750000000000002,-1.4087896526197339
11.4095,171.142,1.078125,-1.3791298591996233
11.4095,171.142,1.08125,-1.3416980736234945
11.4095,171.142,1.084375,-1.2915641205096606
11.4095,171.142,1.0875000000000001,-1.2394430486996777
11.4095,171.142,1.0906250000000002,-1.18616213225438
11.4095,171.142,1.09375,-1.1366748627327943
11.4095,171.142,1.096875,-1.0801341366118873
11.4095,171.142,1.1,-1.0336948729544644
11.4095,171.142,1.1031250000000001,-0.9960055031614822
11.4095,171.142,1.1062500000000002,-0.9502374175935503
11.4095,171.142,1.109375,-0.9190636704880866
11.4095,171.142,1.1125,-0.8982748037087218
11.4095,171.142,1.115625,-0.8889753413703196
11.4095,171.142,1.1187500000000001,-0.8895329508590288
11.4095,171.142,1.1218750000000002,-0.8973424841208892
11.4095,171.142,1.125,-0.9113126364694557
11.4095,171.142,1.128125,-0.9373526734281667
11.4095,171.142,1.13125,-0.96712595264986
11.4095,171.142,1.1343750000000001,-1.00308576480081
11.4095,171.142,1.1375000000000002,-1.0438723754407733
11.4095,171.142,1.140625,-1.0844031789451303
11.4095,171.142,1.14375,-1.1208692563546794
11.4095,171.142,1.146875,-1.1567837798236413
11.4095,171.142,1.1500000000000001,-1.1865581224972528
11.4095,171.142,1.1531250000000002,-1.2134183137040586
11.4095,171.142,1.15625,-1.230436162788989
11.4095,171.142,1.159375,-1.236369259954353
11.4095,171.142,1.1625,-1.2347256460835538
11.4095,171.142,1.1656250000000001,-1.2216820323663822
11.4095,171.142,1.1687500000000002,-1.1991163852237927
11.4095,171.142,1.171875,-1.1700810576563416
11.4095,171.142,1.175,-1.1318365418693552
11.4095,171.142,1.178125,-1.0842246308604935
11.4095,171.142,1.1812500000000001,-1.036418644503491
11.4095,171.142,1.1843750000000002,-0.9841510316812461
11.4095,171.142,1.1875,-0.932205938833071
11.4095,171.142,1.190625,-0.880601120513776
11.4095,171.142,1.19375,-0.8427278732298938
11.4095,171.142,1.1968750000000001,-0.8078092016222717
11.4095,171.142,1.2000000000000002,-0.7827192512045202
11.4095,171.142,1.203125,-0.7747702051407074
11.4095,171.142,1.20625,-0.7772773956899748
11.4095,171.142,1.209375,-0.7980598146936493
11.4095,171.142,1.2125000000000001,-0.8326909083298127
11.4095,171.142,1.2156250000000002,-0.88195087923491
11.4095,171.142,1.21875,-0.9345222955247641
11.4095,171.142,1.221875,-1.003567154660228
11.4095,171.142,1.225,-1.078862006594788
11.4095,171.142,1.2281250000000001,-1.1575658908117477
11.4095,171.142,1.2312500000000002,-1.2317163712064871
11.4095,171.142,1.234375,-1.3012223011009727
11.4095,171.142,1.2375,-1.3590700631301749
11.4095,171.142,1.240625,-1.4084597107478471
11.4095,171.142,1.2437500000000001,-1.4602959126697443
11.4095,171.142,1.2468750000000002,-1.4917198569435766
11.4095,171.142,1.25,-1.5138223780353472
11.4095,171.142,1.253125,-1.516787071857241
11.4095,171.142,1.25625,-1.4988169553546393
11.4095,171.142,1.2593750000000001,-1.4732242532203101
11.4095,171.142,1.2625000000000002,-1.4511992186803735
11.4095,171.142,1.265625,-1.422305070210661
11.4095,171.142,1.26875,-1.3774188929467348
11.4095,171.142,1.271875,-1.3332850774381397
11.4095,171.142,1.2750000000000001,-1.2809006029748613
11.4095,171.142,1.2781250000000002,-1.2230288471134174
11.4095,171.142,1.28125,-1.1724712333315717
11.4095,171.142,1.284375,-1.1368057400930982
11.4095,171.142,1.2875,-1.0990488391752258
11.4095,171.142,1.2906250000000001,-1.0661749907518874
11.4095,171.142,1.2937500000000002,-1.0415755865358187
11.4095,171.142,1.296875,-1.0272770318958877
11.4095,171.142,1.3,-1.0237878624491505
11.4095,171.142,1.303125,-1.0339796465199083
11.4095,171.142,1.3062500000000001,-1.053229276055029
11.4095,171.142,1.3093750000000002,-1.076239065579963
11.4095,171.142,1.3125,-1.111936830031799
11.4095,171.142,1.315625,-1.1539516730883812
11.4095,171.142,1.31875,-1.196856452184324
11.4095,171.142,1.3218750000000001,-1.2430444998400336
11.4095,171.142,1.3250000000000002,-1.2860000801641602
11.4095,171.142,1.328125,-1.3210829583353259
11.4095,171.142,1.33125,-1.3512198008871834
11.4095,171.142,1.334375,-1.3752873298053143
11.4095,171.142,1.3375000000000001,-1.3893565618725137
11.4095,171.142,1.3406250000000002,-1.3949659006589563
11.4095,171.142,1.34375,-1.3910587117902875
11.4095,171.142,1.346875,-1.370907137852775
11.4095,171.142,1.35,-1.3436971228422612
11.4095,171.142,1.3531250000000001,-1.307064946802101
11.4095,171.142,1.3562500000000002,-1.2627878080789512
11.4095,171.142,1.359375,-1.2155981761433334
11.4095,171.142,1.3625,-1.1590826199364264
11.4095,171.142,1.365625,-1.0982865349693902
11.4095,171.142,1.3687500000000001,-1.042006303814894
11.4095,171.142,1.3718750000000002,-0.9867657708828775
11.4095,171.142,1.375,-0.936871462079593
11.4095,171.142,1.378125,-0.8947804000465658
11.4095,171.142,1.38125,-0.8588352528826714
11.4095,171.142,1.3843750000000001,-0.8379999477385646
11.4095,171.142,1.3875000000000002,-0.8295280478398961
11.4095,171.142,1.390625,-0.8341629165242068
11.4095,171.142,1.39375,-0.8573764794060621
11.4095,171.142,1.396875,-0.8967895593566286
11.4095,171.142,1.4000000000000001,-0.9496405304651444
11.4095,171.142,1.4031250000000002,-1.0041528402017832
11.4095,171.142,1.40625,-1.06699709614852
11.4095,171.142,1.409375,-1.1410817541775624
11.4095,171.142,1.4125,-1.2168934499794755
11.4095,171.142,1.4156250000000001,-1.2921893627404715
11.4095,171.142,1.4187500000000002,-1.3656068024224621
11.4095,171.142,1.421875,-1.4287530445244983
11.4095,171.142,1.425,-1.4811449615739372
11.4095,171.142,1.428125,-1.5273146263236161
11.4095,171.142,1.4312500000000001,-1.5613005108678646
11.4095,171.142,1.4343750000000002,-1.5825443885343236
11.4095,171.142,1.4375,-1.589994005179546
11.4095,171.142,1.440625,-1.5876503027865776
11.4095,171.142,1.44375,-1.572740502885175
11.4095,171.142,1.4468750000000001,-1.5482247140257874
11.4095,171.142,1.4500000000000002,-1.511564240635084
11.4095,171.142,1.453125,-1.468560091162618
11.4095,171.142,1.45625,-1.4196614273287627
11.4095,171.142,1.459375,-1.361571083728098
11.4095,171.142,1.4625000000000001,-1.3097630159148508
11.4095,171.142,1.4656250000000002,-1.2587708672067293
11.4095,171.142,1.46875,-1.2086980184772513
11.4095,171.142,1.471875,-1.1676747615334586
11.4095,171.142,1.475,-1.1367861884889663
11.4095,171.142,1.4781250000000001,-1.1169045484713047
11.4095,171.142,1.4812500000000002,-1.108675057217519
11.4095,171.142,1.484375,-1.1140971001741211
11.4095,171.142,1.4875,-1.1356929091459744
11.4095,171.142,1.490625,-1.1698588195306292
11.4095,171.142,1.4937500000000001,-1.2150129968765595
11.4095,171.142,1.4968750000000002,-1.2669202860825362
11.4095,171.142,1.5,-1.3237209131497918
11.4095,171.142,1.503125,-1.380819391094754
11.4095,171.142,1.50625,-1.4332812954586465
11.4095,171.142,1.5093750000000001,-1.4834408435493005
11.4095,171.142,1.5125000000000002,-1.5249840941202741
11.4095,171.142,1.515625,-1.5595165222700196
11.4095,171.142,1.51875,-1.5890809233794183
11.4095,171.142,1.521875,-1.597118650639947
11.4095,171.142,1.5250000000000001,-1.5948061002244778
11.4095,171.142,1.5281250000000002,-1.5806701981505278
11.4095,171.142,1.53125,-1.5575689217424658
11.4095,171.142,1.534375,-1.5271145042520675
11.4095,171.142,1.5375,-1.4921046290995112
11.4095,171.142,1.5406250000000001,-1.4458119215671643
11.4095,171.142,1.5437500000000002,-1.3947034365543605
11.4095,171.142,1.546875,-1.3381650909852574
11.4095,171.142,1.55,-1.2762802352479894
11.4095,171.142,1.553125,-1.2168123901369499
11.4095,171.142,1.5562500000000001,-1.1541502379330963
11.4095,171.142,1.5593750000000002,-1.1001816957119965
11.4095,171.142,1.5625,-1.0455966400961394
11.4095,171.142,1.565625,-1.002249350501849
11.4095,171.142,1.56875,-0.9703798272610091
11.4095,171.142,1.5718750000000001,-0.9519214308089786
11.4095,171.142,1.5750000000000002,-0.95016315581978
11.4095,171.142,1.578125,-0.9618384158479837
11.4095,171.142,1.58125,-0.9908728098976515
11.4095,171.142,1.584375,-1.0383686955204492
11.4095,171.142,1.5875000000000001,-1.1018556615853905
11.4095,171.142,1.5906250000000002,-1.1753399390297565
11.4095,171.142,1.59375,-1.2539907781763886
11.4095,171.142,1.596875,-1.3387732365535583
11.4095,171.142,1.6,-1.4224528001732393
11.4095,171.142,1.6031250000000001,-1.4964499055951208
11.4095,171.142,1.6062500000000002,-1.564181793048104
11.4095,171.142,1.609375,-1.6173652352270127
11.4095,171.142,1.6125,-1.6604156491917554
11.4095,171.142,1.615625,-1.6847838635329357
11.4095,171.142,1.6187500000000001,-1.6955817469920689
11.4095,171.142,1.6218750000000002,-1.690968268334376
11.4095,171.142,1.625,-1.6721277987942744
11.4095,171.142,1.628125,-1.6428905661546382
11.4095,171.142,1.63125,-1.6030731523415007
11.4095,171.142,1.6343750000000001,-1.5610956971698584
11.4095,171.142,1.6375000000000002,-1.512231639779961
11.4095,171.142,1.640625,-1.4621788845962076
11.4095,171.142,1.64375,-1.4116415810725034
11.4095,171.142,1.646875,-1.362753552490705
11.4095,171.142,1.6500000000000001,-1.3196790080287057
11.4095,171.142,1.6531250000000002,-1.2845604122701237
11.4095,171.142,1.65625,-1.2619114360496697
11.4095,171.142,1.659375,-1.2516322112875882
11.4095,171.142,1.6625,-1.2648135706228834
11.4095,171.142,1.6656250000000001,-1.267312725377976
11.4095,171.142,1.6687500000000002,-1.259980047844575
11.4095,171.142,1.671875,-1.2800485037123241
11.4095,171.142,1.675,-1.3164850749573296
11.4095,171.142,1.678125,-1.3609509998886613
11.4095,171.142,1.6812500000000001,-1.4168782111849298
11.4095,171.142,1.6843750000000002,-1.474099883478928
11.4095,171.142,1.6875,-1.5360216798623356
11.4095,171.142,1.690625,-1.5994885256974587
11.4095,171.142,1.69375,-1.6562446842844727
11.4095,171.142,1.6968750000000001,-1.7069900741084563
11.4095,171.142,1.7000000000000002,-1.7513793251713097
11.4095,171.142,1.703125,-1.7835727741180332
11.4095,171.142,1.70625,-1.8025773517781005
11.4095,171.142,1.709375,-1.8137978308221105
11.4095,171.142,1.7125000000000001,-1.8094557994144265
11.4095,171.142,1.7156250000000002,-1.7937303810479264
11.4095,171.142,1.71875,-1.763044007171206
11.4095,171.142,1.721875,-1.7204747598464314
11.4095,171.142,1.725,-1.6676589513917695
11.4095,171.142,1.7281250000000001,-1.6053019942091429
11.4095,171.142,1.7312500000000002,-1.5348902893437455
11.4095,171.142,1.734375,-1.4627665368963536
11.4095,171.142,1.7375,-1.3873072282502577
11.4095,171.142,1.740625,-1.3178860670690107
11.4095,171.142,1.7437500000000001,-1.2494377194128627
11.4095,171.142,1.7468750000000002,-1.1893453441282285
11.4095,171.142,1.75,-1.1392396458864624
11.4095,171.142,1.753125,-1.1055346534593882
11.4095,171.142,1.75625,-1.0853909567827034
11.4095,171.142,1.7593750000000001,-1.082445164493436
11.4095,171.142,1.7625000000000002,-1.098423346503449
11.4095,171.142,1.765625,-1.1304753916184265
11.4095,171.142,1.76875,-1.1757857617829857
11.4095,171.142,1.771875,-1.232529452253599
11.4095,171.142,1.7750000000000001,-1.301950788739433
11.4095,171.142,1.7781250000000002,-1.372032137344891
11.4095,171.142,1.78125,-1.4483896715600961
11.4095,171.142,1.784375,-1.5186909318729345
11.4095,171.142,1.7875,-1.5883938951587333
11.4095,171.142,1.7906250000000001,-1.6501705687079724
11.4095,171.142,1.7937500000000002,-1.6962113577833944
11.4095,171.142,1.7968750000000002,-1.7338805369944414
11.4095,171.142,1.8,-1.7597977537342548
11.4095,171.142,1.803125,-1.76810931223023
11.4095,171.142,1.8062500000000001,-1.7663350620963958
11.4095,171.142,1.8093750000000002,-1.7556074947013314
11.4095,171.142,1.8125000000000002,-1.7319616820336203
11.4095,171.142,1.815625,-1.7015452366973194
11.4095,171.142,1.81875,-1.6617824861182986
11.4095,171.142,1.8218750000000001,-1.6183302483542161
11.4095,171.142,1.8250000000000002,-1.5674709585299698
11.4095,171.142,1.8281250000000002,-1.5158351154786878
11.4095,171.142,1.83125,-1.4652477388448366
11.4095,171.142,1.834375,-1.418644919368404
11.4095,171.142,1.8375000000000001,-1.3745585087811427
11.4095,171.142,1.8406250000000002,-1.3404321448119192
11.4095,171.142,1.8437500000000002,-1.315035610056814
11.4095,171.142,1.846875,-1.302673563576515
11.4095,171.142,1.85,-1.3018569170817864
11.4095,171.142,1.8531250000000001,-1.3185561047179148
11.4095,171.142,1.8562500000000002,-1.348949898118756
11.4095,171.142,1.8593750000000002,-1.3919500678839465
11.4095,171.142,1.8625,-1.448653361763136
11.4095,171.142,1.865625,-1.5131505125170057
11.4095,171.142,1.8687500000000001,-1.5836594051149522
11.4095,171.142,1.8718750000000002,-1.6559660848906688
11.4095,171.142,1.8750000000000002,-1.726909114812917
11.4095,171.142,1.878125,-1.7943370743477378
11.4095,171.142,1.88125,-1.8511163437947988
11.4095,171.142,1.8843750000000001,-1.8979194978950424
11.4095,171.142,1.8875000000000002,-1.933705772576243
11.4095,171.142,1.8906250000000002,-1.9547132083226866
11.4095,171.142,1.89375,-1.9596703922150733
11.4095,171.142,1.896875,-1.9433342492661043
11.4095,171.142,1.9000000000000001,-1.9176331604941146
11.4095,171.142,1.9031250000000002,-1.8790832531692776
11.4095,171.142,1.9062500000000002,-1.8290427811235135
11.4095,171.142,1.909375,-1.7731574591412778
11.4095,171.142,1.9125,-1.707186159341286
11.4095,171.142,1.9156250000000001,-1.6335266231129655
11.4095,171.142,1.9187500000000002,-1.5610699798260734
11.4095,171.142,1.9218750000000002,-1.4880984739433811
11.4095,171.142,1.925,-1.418939602224898
11.4095,171.142,1.928125,-1.354123880683415
11.4095,171.142,1.9312500000000001,-1.2970228103433303
11.4095,171.142,1.9343750000000002,-1.2544309982357762
11.4095,171.142,1.9375000000000002,-1.2183566372280994
11.4095,171.142,1.940625,-1.2005377265418042
11.4095,171.142,1.94375,-1.1941541764087902
11.4095,171.142,1.9468750000000001,-1.2078217634378439
11.4095,171.142,1.9500000000000002,-1.233794338003267
11.4095,171.142,1.9531250000000002,-1.2751487031374968
11.4095,171.142,1.95625,-1.3281498125047424
11.4095,171.142,1.959375,-1.3937728576753323
11.4095,171.142,1.9625000000000001,-1.461068026060662
11.4095,171.142,1.9656250000000002,-1.5368990121090391
11.4095,171.142,1.9687500000000002,-1.6066085265480667
11.4095,171.142,1.971875,-1.6711282179328384
11.4095,171.142,1.975,-1.7291759988824449
11.4095,171.142,1.9781250000000001,-1.7758790652988778
11.4095,171.142,1.9812500000000002,-1.810677608455201
11.4095,171.142,1.9843750000000002,-1.829207383138654
11.4095,171.142,1.9875,-1.8355517351571824
11.4095,171.142,1.990625,-1.8266763678208877
11.4095,171.142,1.9937500000000001,-1.8044723986954478
11.4095,171.142,1.9968750000000002,-1.770291342419533
11.4095,171.142,2,-1.7265119321697298
11.4095,171.142,2.0031250000000003,-1.6703334510849936
11.4095,171.142,2.00625,-1.6092917218522511
11.4095,171.142,2.009375,-1.5442189570127887
11.4095,171.142,2.0125,-1.4822918392153661
11.4095,171.142,2.015625,-1.4209018933224227
11.4095,171.142,2.0187500000000003,-1.3615612441965754
11.4095,171.142,2.021875,-1.3124988052866176
11.4095,171.142,2.025,-1.2717415440972448
11.4095,171.142,2.028125,-1.2458734144869448
11.4095,171.142,2.03125,-1.2356977124290072
11.4095,171.142,2.0343750000000003,-1.2392953404060179
11.4095,171.142,2.0375,-1.267260754253612
11.4095,171.142,2.040625,-1.304128227511222
11.4095,171.142,2.04375,-1.3602475427885299
11.4095,171.142,2.046875,-1.4246826994028197
11.4095,171.142,2.0500000000000003,-1.497552830194161
11.4095,171.142,2.053125,-1.5778314511783145
11.4095,171.142,2.05625,-1.660800767966276
11.4095,171.142,2.059375,-1.7433685074765848
11.4095,171.142,2.0625,-1.8176515726164169
11.4095,171.142,2.0656250000000003,-1.8814500354290407
11.4095,171.142,2.06875,-1.9354134318886642
11.4095,171.142,2.071875,-1.9724014176804519
11.4095,171.142,2.075,-1.995979237410853
11.4095,171.142,2.078125,-2.007660107579328
11.4095,171.142,2.0812500000000003,-2.003775724699494
11.4095,171.142,2.084375,-1.9841184633719822
11.4095,171.142,2.0875,-1.9461143084453527
11.4095,171.142,2.090625,-1.8958892475423434
11.4095,171.142,2.09375,-1.8387311867589413
11.4095,171.142,2.0968750000000003,-1.769392177032788
11.4095,171.142,2.1,-1.6985953793780904
11.4095,171.142,2.103125,-1.6243704577251976
11.4095,171.142,2.10625,-1.5514874475704075
11.4095,171.142,2.109375,-1.4805835027137078
11.4095,171.142,2.1125000000000003,-1.4111024514313701
11.4095,171.142,2.115625,-1.3514102457054102
11.4095,171.142,2.11875,-1.299772879969883
11.4095,171.142,2.121875,-1.26063666824742
11.4095,171.142,2.125,-1.2346622998975691
11.4095,171.142,2.1281250000000003,-1.225407633194161
11.4095,171.142,2.13125,-1.2331370000228707
11.4095,171.142,2.134375,-1.2581804087115456
11.4095,171.142,2.1375,-1.299302755222972
11.4095,171.142,2.140625,-1.3534120968141947
11.4095,171.142,2.1437500000000003,-1.4170630650485774
11.4095,171.142,2.146875,-1.4879652397183456
11.4095,171.142,2.1500000000000004,-1.5644818733123964
11.4095,171.142,2.153125,-1.6391846123456437
11.4095,171.142,2.15625,-1.7096347069039592
11.4095,171.142,2.1593750000000003,-1.7730736766502537
11.4095,171.142,2.1625,-1.8201785819289806
11.4095,171.142,2.1656250000000004,-1.8516604558434715
11.4095,171.142,2.16875,-1.8700596956905122
11.4095,171.142,2.171875,-1.8736979300860632
11.4095,171.142,2.1750000000000003,-1.8566207216096489
11.4095,171.142,2.178125,-1.8279980146563415
11.4095,171.142,2.1812500000000004,-1.7874462443908332
11.4095,171.142,2.184375,-1.7358651268817702
11.4095,171.142,2.1875,-1.6780589212327577
11.4095,171.142,2.1906250000000003,-1.6121983428477937
11.4095,171.142,2.19375,-1.5423887953041595
11.4095,171.142,2.1968750000000004,-1.4645951221120672
11.4095,171.142,2.2,-1.3885510770644105
11.4095,171.142,2.203125,-1.322629009556907
11.4095,171.142,2.2062500000000003,-1.2661257571592544
11.4095,171.142,2.209375,-1.2226698056312948
11.4095,171.142,2.2125000000000004,-1.192913818287358
11.4095,171.142,2.215625,-1.1771853947691162
11.4095,171.142,2.21875,-1.179408676095097
11.4095,171.142,2.2218750000000003,-1.1981766481140892
11.4095,171.142,2.225,-1.2331896146830765
11.4095,171.142,2.2281250000000004,-1.283725637390184
11.4095,171.142,2.23125,-1.347540433092806
11.4095,171.142,2.234375,-1.4199964054692427
11.4095,171.142,2.2375000000000003,-1.5005143620667003
11.4095,171.142,2.240625,-1.582137638783949
11.4095,171.142,2.2437500000000004,-1.6632507238896987
11.4095,171.142,2.246875,-1.7378438909149465
11.4095,171.142,2.25,-1.805990327230496
11.4095,171.142,2.2531250000000003,-1.862707185085561
11.4095,171.142,2.25625,-1.9076808460666008
11.4095,171.142,2.2593750000000004,-1.9388204492440808
11.4095,171.142,2.2625,-1.952146053252001
11.4095,171.142,2.265625,-1.952515121492251
11.4095,171.142,2.2687500000000003,-1.9382161877886461
11.4095,171.142,2.271875,-1.9118124737567077
11.4095,171.142,2.2750000000000004,-1.87118416641746
11.4095,171.142,2.278125,-1.8226349415107506
11.4095,171.142,2.28125,-1.765013906493137
11.4095,171.142,2.2843750000000003,-1.7026332698278308
11.4095,171.142,2.2875,-1.6315541083412417
11.4095,171.142,2.2906250000000004,-1.561441699556435
11.4095,171.142,2.29375,-1.4893424049156545
11.4095,171.142,2.296875,-1.4228310186158553
11.4095,171.142,2.3000000000000003,-1.3611682632930486
11.4095,171.142,2.303125,-1.3075692543996562
11.4095,171.142,2.3062500000000004,-1.268843901449096
11.4095,171.142,2.309375,-1.2411872553585077
11.4095,171.142,2.3125,-1.2236622357753184
11.4095,171.142,2.3156250000000003,-1.2260735399219034
11.4095,171.142,2.31875,-1.2449166194907266
11.4095,171.142,2.3218750000000004,-1.278431814252422
11.4095,171.142,2.325,-1.324845862487063
11.4095,171.142,2.328125,-1.3859907071374031
11.4095,171.142,2.3312500000000003,-1.4549256378053288
11.4095,171.142,2.334375,-1.5303677879723263
11.4095,171.142,2.3375000000000004,-1.6042798653419053
11.4095,171.142,2.340625,-1.6758087777045283
11.4095,171.142,2.34375,-1.7383270878548895
11.4095,171.142,2.3468750000000003,-1.7920528486152851
11.4095,171.142,2.35,-1.8360413559656923
11.4095,171.142,2.3531250000000004,-1.8635971445431494
11.4095,171.142,2.35625,-1.8782343830194814
11.4095,171.142,2.359375,-1.8752805089099491
11.4095,171.142,2.3625000000000003,-1.8570559795129804
11.4095,171.142,2.365625,-1.822858168843884
11.4095,171.142,2.3687500000000004,-1.7766730216629336
11.4095,171.142,2.371875,-1.721927304013504
11.4095,171.142,2.375,-1.654838580634836
11.4095,171.142,2.3781250000000003,-1.583838910975851
11.4095,171.142,2.38125,-1.5102438707865393
11.4095,171.142,2.3843750000000004,-1.4379833287867896
11.4095,171.142,2.3875,-1.3665790494212424
11.4095,171.142,2.390625,-1.2991159442645126
11.4095,171.142,2.3937500000000003,-1.2437221660896085
11.4095,171.142,2.396875,-1.2011523481781552
11.4095,171.142,2.4000000000000004,-1.1714500857043724
11.4095,171.142,2.403125,-1.159551067918834
11.4095,171.142,2.40625,-1.1710158976500005
11.4095,171.142,2.4093750000000003,-1.2016308754586116
11.4095,171.142,2.4125,-1.2533822885771506
11.4095,171.142,2.4156250000000004,-1.325903792694618
11.4095,171.142,2.41875,-1.4208239759815067
11.4095,171.142,2.421875,-1.5473008478915107
11.4095,171.142,2.4250000000000003,-1.7245633098089774
11.4095,171.142,2.428125,-2.0288807406192753
11.4095,171.142,2.4312500000000004,-2.7351894497053415
11.4095,171.142,2.434375,-3.4063155321660163
11.4095,171.142,2.4375,-2.5032514474918655
11.4095,171.142,2.4406250000000003,-2.1699733585311582
11.4095,171.142,2.44375,-2.0821064075498694
11.4095,171.142,2.4468750000000004,-2.055528408363551
11.4095,171.142,2.45,-2.0448536464563616
11.4095,171.142,2.453125,-2.0251373658230842
11.4095,171.142,2.4562500000000003,-1.9928184183597488
11.4095,171.142,2.459375,-1.9554123106718877
11.4095,171.142,2.4625000000000004,-1.9031278517859311
11.4095,171.142,2.465625,-1.8432342928897554
11.4095,171.142,2.46875,-1.7753166259485158
11.4095,171.142,2.4718750000000003,-1.7039704098380253
11.4095,171.142,2.475,-1.6338748747285576
11.4095,171.142,2.4781250000000004,-1.5626545182522975
11.4095,171.142,2.48125,-1.4966201069249407
11.4095,171.142,2.484375,-1.4363742570363733
11.4095,171.142,2.4875000000000003,-1.3847183075090117
11.4095,171.142,2.490625,-1.3460204470556623
11.4095,171.142,2.4937500000000004,-1.3199367578847367
11.4095,171.142,2.496875,-1.3098531117605452
11.4095,171.142,2.5,-1.3187383184905463
11.4095,171.142,2.5031250000000003,-1.3405576713764413
11.4095,171.142,2.50625,-1.3788664280161023
11.4095,171.142,2.5093750000000004,-1.4318865395190659
11.4095,171.142,2.5125,-1.4980311069374321
11.4095,171.142,2.515625,-1.5707927053604016
11.4095,171.142,2.5187500000000003,-1.6516885082998891
11.4095,171.142,2.521875,-1.73259976595738
11.4095,171.142,2.5250000000000004,-1.8101977037163561
11.4095,171.142,2.528125,-1.8800815281775796
11.4095,171.142,2.53125,-1.9410809013323127
11.4095,171.142,2.5343750000000003,-1.988883009717819
11.4095,171.142,2.5375,-2.0163450262766487
11.4095,171.142,2.5406250000000004,-2.0289381560397093
11.4095,171.142,2.54375,-2.024634566833589
11.4095,171.142,2.546875,-2.007091351389473
11.4095,171.142,2.5500000000000003,-1.9715100306621078
11.4095,171.142,2.553125,-1.9229252886481285
11.4095,171.142,2.5562500000000004,-1.865709171528994
11.4095,171.142,2.559375,-1.7943698675170725
11.4095,171.142,2.5625,-1.721215163111832
11.4095,171.142,2.5656250000000003,-1.642239147717898
11.4095,171.142,2.56875,-1.565849033313988
11.4095,171.142,2.5718750000000004,-1.492875900544357
11.4095,171.142,2.575,-1.4303805668636658
11.4095,171.142,2.578125,-1.376612470530618
11.4095,171.142,2.5812500000000003,-1.3367941090131668
11.4095,171.142,2.584375,-1.3088728557765328
11.4095,171.142,2.5875000000000004,-1.301198653059584
11.4095,171.142,2.590625,-1.313212235381692
11.4095,171.142,2.59375,-1.340176125075758
11.4095,171.142,2.5968750000000003,-1.3900819599647152
11.4095,171.142,2.6,-1.4546751356206198
11.4095,171.142,2.6031250000000004,-1.5336693388515934
11.4095,171.142,2.60625,-1.6190824691421282
11.4095,171.142,2.609375,-1.7103622305136126
11.4095,171.142,2.6125000000000003,-1.7999353574236396
11.4095,171.142,2.615625,-1.882097425874062
11.4095,171.142,2.6187500000000004,-1.9609225874296101
11.4095,171.142,2.621875,-2.0263258223198446
11.4095,171.142,2.625,-2.083675517593427
11.4095,171.142,2.6281250000000003,-2.1194761365014845
11.4095,171.142,2.63125,-2.140416738343724
11.4095,171.142,2.6343750000000004,-2.1422432192735954
11.4095,171.142,2.6375,-2.1306333089075555
11.4095,171.142,2.640625,-2.104833966414375
11.4095,171.142,2.6437500000000003,-2.0656536084014174
11.4095,171.142,2.646875,-2.0164896852177416
11.4095,171.142,2.6500000000000004,-1.9627115270469915
11.4095,171.142,2.653125,-1.901120581881832
11.4095,171.142,2.65625,-1.8421970716637484
11.4095,171.142,2.6593750000000003,-1.7761899306451885
11.4095,171.142,2.6625,-1.7140177852651306
11.4095,171.142,2.6656250000000004,-1.6582764021097083
11.4095,171.142,2.66875,-1.610097768739123
11.4095,171.142,2.671875,-1.5768430493600005
11.4095,171.142,2.6750000000000003,-1.5520544791621829
11.4095,171.142,2.678125,-1.5442401538586936
11.4095,171.142,2.6812500000000004,-1.5504935942131932
11.4095,171.142,2.684375,-1.5718814048095142
11.4095,171.142,2.6875,-1.6077812572760988
11.4095,171.142,2.6906250000000003,-1.6574977190203233
11.4095,171.142,2.69375,-1.7191676539292302
11.4095,171.142,2.6968750000000004,-1.7949952296882046
11.4095,171.142,2.7,-1.872934608709581
11.4095,171.142,2.703125,-1.9562086712459028
11.4095,171.142,2.7062500000000003,-2.0360373105279046
11.4095,171.142,2.709375,-2.1123866755881733
11.4095,171.142,2.7125000000000004,-2.179973110012718
11.4095,171.142,2.715625,-2.2356627950512826
11.4095,171.142,2.71875,-2.2783494699276097
11.4095,171.142,2.7218750000000003,-2.309675131880214
11.4095,171.142,2.725,-2.328165606356997
11.4095,171.142,2.7281250000000004,-2.3344473481953214
11.4095,171.142,2.73125,-2.328986348077372
11.4095,171.142,2.734375,-2.31732000772434
11.4095,171.142,2.7375000000000003,-2.301176390534836
11.4095,171.142,2.740625,-2.2837100036416285
11.4095,171.142,2.7437500000000004,-2.2529056378522805
11.4095,171.142,2.746875,-2.199987671600258
11.4095,171.142,2.75,-2.1232141029779985
11.4095,171.142,2.7531250000000003,-2.0333432629877297
11.4095,171.142,2.75625,-1.9480825136972948
11.4095,171.142,2.7593750000000004,-1.8690093764115505
11.4095,171.142,2.7625,-1.8080511904475849
11.4095,171.142,2.765625,-1.7611107843312999
11.4095,171.142,2.7687500000000003,-1.7336248987040013
11.4095,171.142,2.771875,-1.7237732706546784
11.4095,171.142,2.7750000000000004,-1.732720440068571
11.4095,171.142,2.778125,-1.7586631419932668
11.4095,171.142,2.78125,-1.8002293816142065
11.4095,171.142,2.7843750000000003,-1.8554961756293953
11.4095,171.142,2.7875,-1.9213295117405784
11.4095,171.142,2.7906250000000004,-1.9994819197000688
11.4095,171.142,2.79375,-2.0800091271113184
11.4095,171.142,2.796875,-2.1661671204915605
11.4095,171.142,2.8000000000000003,-2.2461336632512756
11.4095,171.142,2.803125,-2.3146151808832154
11.4095,171.142,2.8062500000000004,-2.37531849412215
11.4095,171.142,2.809375,-2.4201556084559774
11.4095,171.142,2.8125,-2.4489515872101473
11.4095,171.142,2.8156250000000003,-2.4620151085565527
11.4095,171.142,2.81875,-2.4631342456242127
11.4095,171.142,2.8218750000000004,-2.4518399531315533
11.4095,171.142,2.825,-2.424120623059241
11.4095,171.142,2.828125,-2.385044191234028
11.4095,171.142,2.8312500000000003,-2.3377133513770016
11.4095,171.142,2.834375,-2.281472694870596
11.4095,171.142,2.8375000000000004,-2.221303357568083
11.4095,171.142,2.840625,-2.167038581475155
11.4095,171.142,2.84375,-2.1074028014820243
11.4095,171.142,2.8468750000000003,-2.05316780140589
11.4095,171.142,2.85,-2.0059722254931796
11.4095,171.142,2.8531250000000004,-1.96863273828412
11.4095,171.142,2.85625,-1.9460203637653013
11.4095,171.142,2.859375,-1.9295944039640747
11.4095,171.142,2.8625000000000003,-1.9268929389521297
11.4095,171.142,2.865625,-1.9429101443169379
11.4095,171.142,2.8687500000000004,-1.9753614949495002
11.4095,171.142,2.871875,-2.021544665174187
11.4095,171.142,2.875,-2.081462114507469
11.4095,171.142,2.8781250000000003,-2.1524981352356214
11.4095,171.142,2.88125,-2.2295791960469904
11.4095,171.142,2.8843750000000004,-2.3059979998441507
11.4095,171.142,2.8875,-2.389513223607787
11.4095,171.142,2.890625,-2.4708509013750084
11.4095,171.142,2.8937500000000003,-2.541993347244817
11.4095,171.142,2.896875,-2.605768394938946
11.4095,171.142,2.9000000000000004,-2.6565202022839483
11.4095,171.142,2.903125,-2.694723136264283
11.4095,171.142,2.90625,-2.716089855232584
11.4095,171.142,2.9093750000000003,-2.7217147247625526
11.4095,171.142,2.9125,-2.7164538514030463
11.4095,171.142,2.9156250000000004,-2.6953101882586052
11.4095,171.142,2.91875,-2.66365237359243
11.4095,171.142,2.921875,-2.622403454825605
11.4095,171.142,2.9250000000000003,-2.5710554178309564
11.4095,171.142,2.928125,-2.514311236301652
11.4095,171.142,2.9312500000000004,-2.4533324643402414
11.4095,171.142,2.934375,-2.3931812803794705
11.4095,171.142,2.9375,-2.333775642210964
11.4095,171.142,2.9406250000000003,-2.2826939015090097
11.4095,171.142,2.94375,-2.237313031240359
11.4095,171.142,2.9468750000000004,-2.205322799091315
11.4095,171.142,2.95,-2.183565252314357
11.4095,171.142,2.953125,-2.176484930704091
11.4095,171.142,2.9562500000000003,-2.184972132279851
11.4095,171.142,2.959375,-2.210500121700827
11.4095,171.142,2.9625000000000004,-2.2505942225415345
11.4095,171.142,2.965625,-2.314081963505198
11.4095,171.142,2.96875,-2.3858047489285577
11.4095,171.142,2.9718750000000003,-2.468218706662251
11.4095,171.142,2.975,-2.5524759860537225
11.4095,171.142,2.9781250000000004,-2.64156781719088
11.4095,171.142,2.98125,-2.720997420622899
11.4095,171.142,2.984375,-2.7961294594725192
11.4095,171.142,2.9875000000000003,-2.857517443958548
11.4095,171.142,2.990625,-2.9054234178027594
11.4095,171.142,2.9937500000000004,-2.9355356202840337
11.4095,171.142,2.996875,-2.955897367706875
11.4095,171.142,3,-2.9526238165410352
11.4095,171.142,3.0031250000000003,-2.9380027170413254
11.4095,171.142,3.00625,-2.9068512677197345
11.4095,171.142,3.0093750000000004,-2.8733678290221176
11.4095,171.142,3.0125,-2.8193345505079694
11.4095,171.142,3.015625,-2.7517724150388756
11.4095,171.142,3.0187500000000003,-2.713731263156398
11.4095,171.142,3.021875,-2.6250500658327525
11.4095,171.142,3.0250000000000004,-2.587028831419351
11.4095,171.142,3.028125,-2.5318343905181404
11.4095,171.142,3.03125,-2.4477198568423777
11.4095,171.142,3.0343750000000003,-2.41831494729075
11.4095,171.142,3.0375,-2.44115457605953
11.4095,171.142,3.0406250000000004,-2.440300672142074
11.4095,171.142,3.04375,-2.3241669784630457
11.4095,171.142,3.046875,-2.3134753657968874
11.4095,171.142,3.0500000000000003,-2.6701104207127053
11.4095,171.142,3.053125,-2.321521185203497
11.4095,171.142,3.0562500000000004,-2.3484395737220076
11.4095,171.142,3.059375,-2.5415336527562444
11.4095,171.142,3.0625,-3.2916180055811717
11.4095,171.142,3.0656250000000003,-2.9803635351969215
11.4095,171.142,3.06875,-2.617567709783227
11.4095,171.142,3.0718750000000004,-2.6681791055640476
11.4095,171.142,3.075,-2.7428227410933865
11.4095,171.142,3.078125,-2.8362168959393967
11.4095,171.142,3.0812500000000003,-3.058793131833726
11.4095,171.142,3.084375,-3.539928461004256
11.4095,171.142,3.0875000000000004,-3.4326540775759034
11.4095,171.142,3.090625,-3.062784625826093
11.4095,171.142,3.09375,-2.8115161506938917
11.4095,171.142,3.0968750000000003,-2.7505970557990826
11.4095,171.142,3.1,-2.725684034132474
11.4095,171.142,3.1031250000000004,-2.6712149862217953
11.4095,171.142,3.10625,-2.6744621672167694
11.4095,171.142,3.109375,-2.6614503491035024
11.4095,171.142,3.1125000000000003,-2.5235766402284465
11.4095,171.142,3.115625,-2.467871370488204
11.4095,171.142,3.1187500000000004,-2.4498805070283733
11.4095,171.142,3.121875,-2.494943499569987
11.4095,171.142,3.125,-2.5633469026959133
11.4095,171.142,3.1281250000000003,-3.157631681029616
11.4095,171.142,3.13125,-4.787916734964447
11.4095,171.142,3.1343750000000004,-3.3355076039504032
11.4095,171.142,3.1375,-3.305473078439161
11.4095,171.142,3.140625,-3.2119136317625676
11.4095,171.142,3.1437500000000003,-2.762142351666315
11.4095,171.142,3.146875,-2.517819285000284
11.4095,171.142,3.1500000000000004,-2.441640723816866
11.4095,171.142,3.153125,-2.425446513899336
11.4095,171.142,3.15625,-2.474129790158452
11.4095,171.142,3.1593750000000003,-2.5353106592614245
11.4095,171.142,3.1625,-2.6214212747625543
11.4095,171.142,3.1656250000000004,-2.7007479702447417
11.4095,171.142,3.16875,-2.7750469024572437
11.4095,171.142,3.171875,-2.7861908185639632
11.4095,171.142,3.1750000000000003,-2.812597193698434
11.4095,171.142,3.178125,-2.842758254157191
11.4095,171.142,3.1812500000000004,-2.885032197799276
11.4095,171.142,3.184375,-2.9150481829483637
11.4095,171.142,3.1875,-2.8911938784348976
11.4095,171.142,3.1906250000000003,-2.851119164321751
11.4095,171.142,3.19375,-2.8078209829359024
11.4095,171.142,3.1968750000000004,-2.760862492342622
11.4095,171.142,3.2,-2.7026164324243425
11.4095,171.142,3.203125,-2.6577290539231657
11.4095,171.142,3.2062500000000003,-2.61498280684078
11.4095,171.142,3.209375,-2.56068931204401
11.4095,171.142,3.2125000000000004,-2.5215890237363774
11.4095,171.142,3.215625,-2.475853354539217
11.4095,171.142,3.21875,-2.4663268915326593
11.4095,171.142,3.2218750000000003,-2.4734731597300947
11.4095,171.142,3.225,-2.625339255507033
11.4095,171.142,3.2281250000000004,-2.5938497774385363
11.4095,171.142,3.23125,-2.436947915411771
11.4095,171.142,3.234375,-2.451395490249912
11.4095,171.142,3.2375000000000003,-2.5165125456912096
11.4095,171.142,3.240625,-2.7596631560189944
11.4095,171.142,3.2437500000000004,-2.8528339645485676
11.4095,171.142,3.246875,-2.89016775694357
11.4095,171.142,3.25,-3.0748088978496764
11.4095,171.142,3.2531250000000003,-3.3542293533000826
11.4095,171.142,3.25625,-4.062205875508951
11.4095,171.142,3.2593750000000004,-5.888931880172014
11.4095,171.142,3.2625,-8.602575631051389
11.4095,171.142,3.265625,-7.169563100554974
11.4095,171.142,3.2687500000000003,-4.823314765235018
11.4095,171.142,3.271875,-3.902120161889824
11.4095,171.142,3.2750000000000004,-3.4519820289915106
11.4095,171.142,3.278125,-3.204825113392965
11.4095,171.142,3.28125,-3.0509452691252568
11.4095,171.142,3.2843750000000003,-2.9648678457704243
11.4095,171.142,3.2875,-2.8874887707523014
11.4095,171.142,3.2906250000000004,-2.816760719383164
11.4095,171.142,3.29375,-2.7448585202675613
11.4095,171.142,3.296875,-2.67828712416998
11.4095,171.142,3.3000000000000003,-2.604698620155844
11.4095,171.142,3.303125,-2.5522716742494307
11.4095,171.142,3.3062500000000004,-2.5258561429423487
11.4095,171.142,3.309375,-2.5458479954386264
11.4095,171.142,3.3125,-2.5179578659233295
11.4095,171.142,3.3156250000000003,-2.4494698564473243
11.4095,171.142,3.31875,-2.446025252302303
11.4095,171.142,3.3218750000000004,-2.4536162816225167
11.4095,171.142,3.325,-2.5060515223060182
11.4095,171.142,3.328125,-2.5884100587831886
11.4095,171.142,3.3312500000000003,-2.5901359568232647
11.4095,171.142,3.334375,-2.6003181937670035
11.4095,171.142,3.3375000000000004,-2.6576030579174867
11.4095,171.142,3.340625,-2.7320197874321024
11.4095,171.142,3.34375,-2.788336374017196
11.4095,171.142,3.3468750000000003,-2.809714652283734
11.4095,171.142,3.35,-2.816715220715524
11.4095,171.142,3.3531250000000004,-2.8326644018936458
11.4095,171.142,3.35625,-2.8583932508158654
11.4095,171.142,3.359375,-2.886399120748948
11.4095,171.142,3.3625000000000003,-2.899448107025825
11.4095,171.142,3.365625,-2.884979030839465
11.4095,171.142,3.3687500000000004,-2.8526671878675085
11.4095,171.142,3.371875,-2.8029195143069323
11.4095,171.142,3.375,-2.7348277691679295
11.4095,171.142,3.3781250000000003,-2.6733077915686994
11.4095,171.142,3.38125,-2.6318161852175868
11.4095,171.142,3.3843750000000004,-2.5924234593345292
11.4095,171.142,3.3875,-2.536787000033601
11.4095,171.142,3.390625,-2.4614133474170767
11.4095,171.142,3.3937500000000003,-2.389148911814893
11.4095,171.142,3.396875,-2.338859706939391
11.4095,171.142,3.4000000000000004,-2.3008814593251445
11.4095,171.142,3.403125,-2.2978363177303955
11.4095,171.142,3.40625,-2.277358457093844
11.4095,171.142,3.4093750000000003,-2.2467133379631665
11.4095,171.142,3.4125,-2.2482322884107346
11.4095,171.142,3.4156250000000004,-2.272712929707124
11.4095,171.142,3.41875,-2.307780073174774
11.4095,171.142,3.421875,-2.360459570491192
11.4095,171.142,3.4250000000000003,-2.397389633222392
11.4095,171.142,3.428125,-2.4381303247451998
11.4095,171.142,3.4312500000000004,-2.48340887459452
11.4095,171.142,3.434375,-2.5301029890211773
11.4095,171.142,3.4375,-2.5827609555003
11.4095,171.142,3.4406250000000003,-2.627248206810333
11.4095,171.142,3.44375,-2.6651588430253788
11.4095,171.142,3.4468750000000004,-2.6867578110855357
11.4095,171.142,3.45,-2.707519730084889
11.4095,171.142,3.453125,-2.720149116741435
11.4095,171.142,3.4562500000000003,-2.716839738657755
11.4095,171.142,3.459375,-2.7040637996113674
11.4095,171.142,3.4625000000000004,-2.68156077589313
11.4095,171.142,3.465625,-2.655549069734555
11.4095,171.142,3.46875,-2.6238249419633455
11.4095,171.142,3.4718750000000003,-2.590035277538756
11.4095,171.142,3.475,-2.549178640189716
11.4095,171.142,3.4781250000000004,-2.4987742258450045
11.4095,171.142,3.48125,-2.445814781412232
11.4095,171.142,3.484375,-2.4002429937377836
11.4095,171.142,3.4875000000000003,-2.3641937169471463
11.4095,171.142,3.490625,-2.3318477024415922
11.4095,171.142,3.4937500000000004,-2.3144567045311435
11.4095,171.142,3.496875,-2.310337053289631
11.4095,171.142,3.5,-2.320867464867662
11.4095,171.142,3.5031250000000003,-2.346539800297704
11.4095,171.142,3.50625,-2.3864553613126764
11.4095,171.142,3.5093750000000004,-2.441043219688788
11.4095,171.142,3.5125,-2.491240695046822
11.4095,171.142,3.515625,-2.5440154374264567
11.4095,171.142,3.5187500000000003,-2.6101784769983025
11.4095,171.142,3.521875,-2.6770732178294603
11.4095,171.142,3.5250000000000004,-2.732443993612036
11.4095,171.142,3.528125,-2.7811189577657376
11.4095,171.142,3.53125,-2.820760767379707
11.4095,171.142,3.5343750000000003,-2.8601501922361057
11.4095,171.142,3.5375,-2.8909621407671633
11.4095,171.142,3.5406250000000004,-2.913426786941211
11.4095,171.142,3.54375,-2.9177937208849314
11.4095,171.142,3.546875,-2.911404157592112
11.4095,171.142,3.5500000000000003,-2.910824338983285
11.4095,171.142,3.553125,-2.9069419994497054
11.4095,171.142,3.5562500000000004,-2.9113389309420645
11.4095,171.142,3.559375,-2.937113085210257
11.4095,171.142,3.5625,-2.9254140481942903
11.4095,171.142,3.5656250000000003,-2.915896306588708
11.4095,171.142,3.56875,-2.9491166961970174
11.4095,171.142,3.5718750000000004,-3.0092841931699588
11.4095,171.142,3.575,-3.0838091886888592
11.4095,171.142,3.5781250000000004,-3.1396778103924357
11.4095,171.142,3.5812500000000003,-3.1450996902051247
11.4095,171.142,3.584375,-3.1838810631194647
11.4095,171.142,3.5875000000000004,-3.137435903039703
11.4095,171.142,3.590625,-3.1025470951995904
11.4095,171.142,3.5937500000000004,-3.074576677418998
11.4095,171.142,3.5968750000000003,-3.003422014423702
11.4095,171.142,3.6,-2.9719203661030624
11.4095,171.142,3.6031250000000004,-3.045755067411995
11.4095,171.142,3.60625,-3.103877161481155
11.4095,171.142,3.6093750000000004,-3.093325607271848
11.4095,171.142,3.6125000000000003,-3.1279684989688024
11.4095,171.142,3.615625,-3.206255556325044
11.4095,171.142,3.6187500000000004,-3.281094587164264
11.4095,171.142,3.621875,-3.3661484413614358
11.4095,171.142,3.6250000000000004,-3.4272059407197952
11.4095,171.142,3.6281250000000003,-3.4535317099295906
11.4095,171.142,3.63125,-3.508646242344136
11.4095,171.142,3.6343750000000004,-3.5738611987302136
11.4095,171.142,3.6375,-3.5705631547072274
11.4095,171.142,3.6406250000000004,-3.542465887268979
11.4095,171.142,3.6437500000000003,-3.512128963464742
11.4095,171.142,3.646875,-3.479300764050009
11.4095,171.142,3.6500000000000004,-3.443542730446154
11.4095,171.142,3.653125,-3.4218662981452255
11.4095,171.142,3.6562500000000004,-3.435717198013001
11.4095,171.142,3.6593750000000003,-3.4651424451878032
11.4095,171.142,3.6625,-3.521513229131057
11.4095,171.142,3.6656250000000004,-3.6006222956681606
11.4095,171.142,3.66875,-3.6712189133339868
11.4095,171.142,3.6718750000000004,-3.7290749393835703
11.4095,171.142,3.6750000000000003,-3.789349761640662
11.4095,171.142,3.678125,-3.9294843395808883
11.4095,171.142,3.6812500000000004,-4.1054567930671615
11.4095,171.142,3.684375,-4.2544669316712
11.4095,171.142,3.6875000000000004,-4.341250862650306
11.4095,171.142,3.6906250000000003,-4.3269862395668
11.4095,171.142,3.69375,-4.30966056986917
11.4095,171.142,3.6968750000000004,-4.3413356948055
11.4095,171.142,3.7,-4.47846998357438
11.4095,171.142,3.7031250000000004,-4.472685928594105
11.4095,171.142,3.7062500000000003,-4.362926624962832
11.4095,171.142,3.709375,-4.362002630296844
11.4095,171.142,3.7125000000000004,-4.462159754093767
11.4095,171.142,3.715625,-4.65443387742642
11.4095,171.142,3.7187500000000004,-4.874647504248732
11.4095,171.142,3.7218750000000003,-5.062552725487196
11.4095,171.142,3.725,-5.219550572872063
11.4095,171.142,3.7281250000000004,-5.334143011314227
11.4095,171.142,3.73125,-5.249491564225108
11.4095,171.142,3.7343750000000004,-5.0790085312814774
11.4095,171.142,3.7375000000000003,-4.936351956526573
11.4095,171.142,3.740625,-4.726027145679403
11.4095,171.142,3.7437500000000004,-4.498229264875172
11.4095,171.142,3.746875,-4.277349459594312
11.4095,171.142,3.7500000000000004,-4.045429659475101
11.4095,171.142,3.7531250000000003,-3.8253590168902
11.4095,171.142,3.75625,-3.611965071306752
11.4095,171.142,3.7593750000000004,-3.42949064428752
11.4095,171.142,3.7625,-3.279461129483603
11.4095,171.142,3.7656250000000004,-3.201020456301925
11.4095,171.142,3.7687500000000003,-3.2031725948909022
11.4095,171.142,3.771875,-3.2434180994740913
11.4095,171.142,3.7750000000000004,-3.269730549168301
11.4095,171.142,3.778125,-3.2919102075663065
11.4095,171.142,3.7812500000000004,-3.2786624811579914
11.4095,171.142,3.7843750000000003,-3.2633035437200664
11.4095,171.142,3.7875,-3.282512665155681
11.4095,171.142,3.7906250000000004,-3.33065898402361
11.4095,171.142,3.79375,-3.397461044662598
11.4095,171.142,3.7968750000000004,-3.4798861856893453
11.4095,171.142,3.8000000000000003,-3.5573750092054897
11.4095,171.142,3.803125,-3.610314843862916
11.4095,171.142,3.8062500000000004,-3.622571130657888
11.4095,171.142,3.809375,-3.6394156818355397
11.4095,171.142,3.8125000000000004,-3.6767040154167994
11.4095,171.142,3.8156250000000003,-3.7460703050004076
11.4095,171.142,3.81875,-3.832696148094748
11.4095,171.142,3.8218750000000004,-3.9449821739028366
11.4095,171.142,3.825,-4.136566205389673
11.4095,171.142,3.8281250000000004,-4.373749020956575
11.4095,171.142,3.8312500000000003,-4.484128395962644
11.4095,171.142,3.834375,-4.374989569310265
11.4095,171.142,3.8375000000000004,-4.197497885640733
11.4095,171.142,3.840625,-4.029734830330088
11.4095,171.142,3.8437500000000004,-3.8391126034347582
11.4095,171.142,3.8468750000000003,-3.6642484567906424
11.4095,171.142,3.85,-3.5806294054378194
11.4095,171.142,3.8531250000000004,-3.5702939959748874
11.4095,171.142,3.85625,-3.588414163889191
11.4095,171.142,3.8593750000000004,-3.5945053625543677
11.4095,171.142,3.8625000000000003,-3.6204187701508155
11.4095,171.142,3.865625,-3.6614316348405387
11.4095,171.142,3.8687500000000004,-3.7445608552173204
11.4095,171.142,3.871875,-3.912223503926957
11.4095,171.142,3.8750000000000004,-4.1700083541769875
11.4095,171.142,3.8781250000000003,-4.446087237736416
11.4095,171.142,3.88125,-4.683591656607048
11.4095,171.142,3.8843750000000004,-4.905135519298517
11.4095,171.142,3.8875,-5.106424358424072
11.4095,171.142,3.8906250000000004,-5.245269618931452
11.4095,171.142,3.8937500000000003,-5.324256242443203
11.4095,171.142,3.896875,-5.348771336984029
11.4095,171.142,3.9000000000000004,-5.347243680215033
11.4095,171.142,3.903125,-5.334001568482373
11.4095,171.142,3.9062500000000004,-5.377628214166887
11.4095,171.142,3.9093750000000003,-5.403667182657302
11.4095,171.142,3.9125,-5.390282060001433
11.4095,171.142,3.9156250000000004,-5.374247551883694
11.4095,171.142,3.91875,-5.360825605129404
11.4095,171.142,3.9218750000000004,-5.348320612951522
11.4095,171.142,3.9250000000000003,-5.345426752889077
11.4095,171.142,3.928125,-5.360948429589728
11.4095,171.142,3.9312500000000004,-5.394958881095335
11.4095,171.142,3.934375,-5.444928861571253
11.4095,171.142,3.9375000000000004,-5.483351890314088
11.4095,171.142,3.9406250000000003,-5.590608435269314
11.4095,171.142,3.94375,-5.714664913316405
11.4095,171.142,3.9468750000000004,-5.814205565300257
11.4095,171.142,3.95,-5.960458021692061
11.4095,171.142,3.9531250000000004,-6.127481164577957
11.4095,171.142,3.9562500000000003,-6.225781341250124
11.4095,171.142,3.959375,-6.3348977849625765
11.4095,171.142,3.9625000000000004,-6.5030729490645
11.4095,171.142,3.965625,-6.706334999209256
11.4095,171.142,3.9687500000000004,-6.874748374808263
11.4095,171.142,3.9718750000000003,-7.026573773324093
11.4095,171.142,3.975,-7.197865788702577
11.4095,171.142,3.9781250000000004,-7.36232808742103
11.4095,171.142,3.98125,-7.5284941289702
11.4095,171.142,3.9843750000000004,-7.720132206790313
11.4095,171.142,3.9875000000000003,-7.887452967026297
11.4095,171.142,3.990625,-8.033036004497788
11.4095,171.142,3.9937500000000004,-8.193799357326041
11.4095,171.142,3.996875,-8.384027275576921
11.4095,171.142,4,-8.647858114588733
11.4095,171.142,4.003125,-8.984681761836438
11.4095,171.142,4.0062500000000005,-9.29941383326835
11.4095,171.142,4.009375,-9.558148912103754
11.4095,171.142,4.0125,-9.976579457490503
11.4095,171.142,4.015625,-10.49199531747961
11.4095,171.142,4.01875,-11.163696553782927
11.4095,171.142,4.0218750000000005,-11.84524910843927
11.4095,171.142,4.025,-12.037348365498532
11.4095,171.142,4.028125,-11.424635369993277
11.4095,171.142,4.03125,-10.865423611943662
11.4095,171.142,4.034375,-10.696785594787903
11.4095,171.142,4.0375000000000005,-10.770083897699532
11.4095,171.142,4.040625,-11.151153695018559
11.4095,171.142,4.04375,-11.80997712203384
11.4095,171.142,4.046875,-12.406028927359543
11.4095,171.142,4.05,-12.907596240745207
11.4095,171.142,4.0531250000000005,-13.726700431112382
11.4095,171.142,4.05625,-14.221877578490297
11.4095,171.142,4.059375,-14.34107631704209
11.4095,171.142,4.0625,-14.521564732608262
11.4095,171.142,4.065625,-14.547530800320425
11.4095,171.142,4.0687500000000005,-14.432192162867725
11.4095,171.142,4.071875,-14.422076660146505
11.4095,171.142,4.075,-14.85065684160032
11.4095,171.142,4.078125,-15.998979843464392
11.4095,171.142,4.08125,-17.43476194284359
11.4095,171.142,4.0843750000000005,-20.19990813621974
11.4095,171.142,4.0875,-21.337962249013323
11.4095,171.142,4.090625,-21.014105287103675
11.4095,171.142,4.09375,-20.731766718435495
11.4095,171.142,4.096875,-21.411465296864787
11.4095,171.142,4.1000000000000005,-22.379384818089424
11.4095,171.142,4.103125,-24.256097647702614
11.4095,171.142,4.10625,-25.52035041308908
11.4095,171.142,4.109375,-23.577785173052668
11.4095,171.142,4.1125,-22.095601137560095
11.4095,171.142,4.1156250000000005,-22.203208206093173
11.4095,171.142,4.11875,-23.25685516742388
11.4095,171.142,4.121875,-24.619568093893687
11.4095,171.142,4.125,-26.302111650788397
11.4095,171.142,4.128125,-28.396248115733318
11.4095,171.142,4.1312500000000005,-31.624030605015218
11.4095,171.142,4.134375,-33.09429361026345
11.4095,171.142,4.1375,-29.98245769890133
11.4095,171.142,4.140625,-24.57914614006022
11.4095,171.142,4.14375,-21.56908804674614
11.4095,171.142,4.1468750000000005,-20.312799014281516
11.4095,171.142,4.15,-19.847850891307505
11.4095,171.142,4.153125,-19.696219297381113
11.4095,171.142,4.15625,-19.92771806917493
11.4095,171.142,4.159375,-20.243904365420526
11.4095,171.142,4.1625000000000005,-19.67125254282671
11.4095,171.142,4.165625,-19.022849054726983
11.4095,171.142,4.16875,-18.34675391522667
11.4095,171.142,4.171875,-18.28056865024276
11.4095,171.142,4.175,-18.24761202224768
11.4095,171.142,4.1781250000000005,-17.462362943841875
11.4095,171.142,4.18125,-16.18399726326737
11.4095,171.142,4.184375,-14.83542364203812
11.4095,171.142,4.1875,-13.860729734227315
11.4095,171.142,4.190625,-12.821024957633032
11.4095,171.142,4.1937500000000005,-11.841688087743595
11.4095,171.142,4.196875,-10.954402878090924
11.4095,171.142,4.2,-10.33722652554112
11.4095,171.142,4.203125,-9.78681511674822
11.4095,171.142,4.20625,-9.3085537348248
11.4095,171.142,4.2093750000000005,-8.997680456205622
11.4095,171.142,4.2125,-8.84347092497719
11.4095,171.142,4.215625,-8.746956518422397
11.4095,171.142,4.21875,-8.75130686611017
11.4095,171.142,4.221875,-8.771944530648636
11.4095,171.142,4.2250000000000005,-8.8115964352559
11.4095,171.142,4.228125,-8.88507249583174
11.4095,171.142,4.23125,-8.894073351826332
11.4095,171.142,4.234375,-8.958298824477904
11.4095,171.142,4.2375,-9.028266512472113
11.4095,171.142,4.2406250000000005,-9.13031883112561
11.4095,171.142,4.24375,-9.214983768490312
11.4095,171.142,4.246875,-9.23799298226345
11.4095,171.142,4.25,-9.209911961742446
11.4095,171.142,4.253125,-9.171614766770354
11.4095,171.142,4.2562500000000005,-9.14018552316929
11.4095,171.142,4.259375,-9.122101066934409
11.4095,171.142,4.2625,-9.11832131341567
11.4095,171.142,4.265625,-9.080607250368653
11.4095,171.142,4.26875,-9.008401600116944
11.4095,171.142,4.2718750000000005,-8.94404624039294
11.4095,171.142,4.275,-8.872435028785194
11.4095,171.142,4.278125,-8.764588426269595
11.4095,171.142,4.28125,-8.575761861602041
11.4095,171.142,4.284375000000001,-8.369587306130452
11.4095,171.142,4.2875000000000005,-8.145244508966586
11.4095,171.142,4.290625,-8.051727809492853
11.4095,171.142,4.29375,-7.962330800098055
11.4095,171.142,4.296875,-7.9223810735827715
11.4095,171.142,4.300000000000001,-7.891839589967365
11.4095,171.142,4.3031250000000005,-8.113043167385106
11.4095,171.142,4.30625,-8.565037615860575
11.4095,171.142,4.309375,-9.132717469199118
11.4095,171.142,4.3125,-9.634931743798075
11.4095,171.142,4.315625000000001,-10.040671798724038
11.4095,171.142,4.3187500000000005,-10.440349783022175
11.4095,171.142,4.321875,-10.702637739497254
11.4095,171.142,4.325,-10.896618430326129
11.4095,171.142,4.328125,-11.069313494763142
11.4095,171.142,4.331250000000001,-11.110584582413383
11.4095,171.142,4.3343750000000005,-11.193863744029253
11.4095,171.142,4.3375,-10.86496805496584
11.4095,171.142,4.340625,-10.455407395111054
11.4095,171.142,4.34375,-10.137753022289253
11.4095,171.142,4.346875000000001,-9.924167033858923
11.4095,171.142,4.3500000000000005,-9.735392456735752
11.4095,171.142,4.353125,-9.62334274224191
11.4095,171.142,4.35625,-9.529432426869922
11.4095,171.142,4.359375,-9.251791704368644
11.4095,171.142,4.362500000000001,-8.823148722537425
11.4095,171.142,4.3656250000000005,-8.346474765427065
11.4095,171.142,4.36875,-7.951571269335532
11.4095,171.142,4.371875,-7.722056904034144
11.4095,171.142,4.375,-7.59870841215977
11.4095,171.142,4.378125000000001,-7.547426515117372
11.4095,171.142,4.3812500000000005,-7.576544210599914
11.4095,171.142,4.384375,-7.752806902713255
11.4095,171.142,4.3875,-8.08029285931534
11.4095,171.142,4.390625,-8.394520488495312
11.4095,171.142,4.393750000000001,-9.072386185683994
11.4095,171.142,4.3968750000000005,-10.434350781931077
11.4095,171.142,4.4,-12.33441934260746
11.4095,171.142,4.403125,-13.594840945588247
11.4095,171.142,4.40625,-14.688132162857848
11.4095,171.142,4.409375000000001,-15.425299363342312
11.4095,171.142,4.4125000000000005,-15.915241868781793
11.4095,171.142,4.415625,-15.709601313149697
11.4095,171.142,4.41875,-14.932822625998647
11.4095,171.142,4.421875,-13.658242945319493
11.4095,171.142,4.425000000000001,-12.462438352342609
11.4095,171.142,4.4281250000000005,-11.66333855680412
11.4095,171.142,4.43125,-11.163017619533582
11.4095,171.142,4.434375,-10.808051700271266
11.4095,171.142,4.4375,-10.38388745854197
11.4095,171.142,4.440625000000001,-9.77835771708693
11.4095,171.142,4.4437500000000005,-9.393367850816892
11.4095,171.142,4.446875,-9.277946058322915
11.4095,171.142,4.45,-8.996781701265636
11.4095,171.142,4.453125,-8.664369431341528
11.4095,171.142,4.456250000000001,-8.657440898603664
11.4095,171.142,4.4593750000000005,-8.521779599681288
11.4095,171.142,4.4625,-7.893829723945619
11.4095,171.142,4.465625,-7.542625485557983
11.4095,171.142,4.46875,-7.319671577861879
11.4095,171.142,4.471875000000001,-7.152296090432779
11.4095,171.142,4.4750000000000005,-7.025105778625247
11.4095,171.142,4.478125,-6.970866136547054
11.4095,171.142,4.48125,-6.953990935153746
11.4095,171.142,4.484375,-7.26054516248131
11.4095,171.142,4.487500000000001,-7.580132287054849
11.4095,171.142,4.4906250000000005,-7.735826521863997
11.4095,171.142,4.49375,-7.6139206726776845
11.4095,171.142,4.496875,-7.3337935820503635
11.4095,171.142,4.5,-7.252547576939592
11.4095,171.142,4.503125000000001,-7.365178003792431
11.4095,171.142,4.5062500000000005,-7.908610787883282
11.4095,171.142,4.509375,-8.40409427463037
11.4095,171.142,4.5125,-8.52749477130726
11.4095,171.142,4.515625,-9.646219181523385
11.4095,171.142,4.518750000000001,-9.938704469931656
11.4095,171.142,4.5218750000000005,-9.1922535015779
11.4095,171.142,4.525,-8.468986322338285
11.4095,171.142,4.528125,-7.9974182851387
11.4095,171.142,4.53125,-7.7326708177509484
11.4095,171.142,4.534375000000001,-7.945184527122484
11.4095,171.142,4.5375000000000005,-7.956271892257444
11.4095,171.142,4.540625,-7.806792186730052
11.4095,171.142,4.54375,-8.091203270256742
11.4095,171.142,4.546875,-7.967138042830174
11.4095,171.142,4.550000000000001,-7.607322024606819
11.4095,171.142,4.5531250000000005,-7.082426555411429
11.4095,171.142,4.55625,-6.704844457872584
11.4095,171.142,4.559375,-6.578472479254963
11.4095,171.142,4.5625,-6.364413959585988
11.4095,171.142,4.565625000000001,-5.8725130286272
11.4095,171.142,4.5687500000000005,-5.9641529835542055
11.4095,171.142,4.571875,-6.612259441158414
11.4095,171.142,4.575,-6.051994361927689
11.4095,171.142,4.578125,-5.890553841461549
11.4095,171.142,4.581250000000001,-6.027319764342706
11.4095,171.142,4.5843750000000005,-6.06606528146393
11.4095,171.142,4.5875,-5.826819005406994
11.4095,171.142,4.590625,-5.981892831562527
11.4095,171.142,4.59375,-6.258626174615434
11.4095,171.142,4.596875000000001,-6.152901712303077
11.4095,171.142,4.6000000000000005,-6.281437131737931
11.4095,171.142,4.603125,-6.359802891624212
11.4095,171.142,4.60625,-6.466457473349534
11.4095,171.142,4.609375,-6.518296963755626
11.4095,171.142,4.612500000000001,-6.581563591376246
11.4095,171.142,4.6156250000000005,-6.609579569269397
11.4095,171.142,4.61875,-6.620067709892594
11.4095,171.142,4.621875,-6.592774537849106
11.4095,171.142,4.625,-6.534552295379223
11.4095,171.142,4.628125000000001,-6.452733195763902
11.4095,171.142,4.6312500000000005,-6.349377399543067
11.4095,171.142,4.634375,-6.215220536967942
11.4095,171.142,4.6375,-6.072607597671329
11.4095,171.142,4.640625,-5.927076026654584
11.4095,171.142,4.643750000000001,-5.769225772837421
11.4095,171.142,4.6468750000000005,-5.623386833406485
11.4095,171.142,4.65,-5.474499385514486
11.4095,171.142,4.653125,-5.344002080082463
11.4095,171.142,4.65625,-5.226087708760602
11.4095,171.142,4.659375000000001,-5.116095855022867
11.4095,171.142,4.6625000000000005,-5.0232969730932995
11.4095,171.142,4.665625,-4.94578711644383
11.4095,171.142,4.66875,-4.8891080166857686
11.4095,171.142,4.671875,-4.856272168178672
11.4095,171.142,4.675000000000001,-4.825741060267355
11.4095,171.142,4.6781250000000005,-4.80993644781081
11.4095,171.142,4.68125,-4.8035952353387685
11.4095,171.142,4.684375,-4.887146821970989
11.4095,171.142,4.6875,-4.988813940474545
11.4095,171.142,4.690625000000001,-5.06484144349863
11.4095,171.142,4.6937500000000005,-5.128458505113144
11.4095,171.142,4.696875,-5.174860288371819
11.4095,171.142,4.7,-5.210875625029931
11.4095,171.142,4.703125,-5.230182513176777
11.4095,171.142,4.706250000000001,-5.219558351216623
11.4095,171.142,4.7093750000000005,-5.184468115785337
11.4095,171.142,4.7125,-5.117016255815793
11.4095,171.142,4.715625,-5.023904895721691
11.4095,171.142,4.71875,-4.906590698263192
11.4095,171.142,4.721875000000001,-4.766688284340984
11.4095,171.142,4.7250000000000005,-4.619976888345773
11.4095,171.142,4.728125,-4.465801022226591
11.4095,171.142,4.73125,-4.3089247889956095
11.4095,171.142,4.734375,-4.158378792779837
11.4095,171.142,4.737500000000001,-4.011737888074354
11.4095,171.142,4.7406250000000005,-3.8823464715609317
11.4095,171.142,4.74375,-3.7684224073821575
11.4095,171.142,4.746875,-3.662269115837945
11.4095,171.142,4.75,-3.5767367310197113
11.4095,171.142,4.753125000000001,-3.5070516193980343
11.4095,171.142,4.7562500000000005,-3.4532526973566697
11.4095,171.142,4.759375,-3.412725432073512
11.4095,171.142,4.7625,-3.3877699057443285
11.4095,171.142,4.765625,-3.3779312111493924
11.4095,171.142,4.768750000000001,-3.382425485152269
11.4095,171.142,4.7718750000000005,-3.399229717400964
11.4095,171.142,4.775,-3.428935393354013
11.4095,171.142,4.778125,-3.467357422740069
11.4095,171.142,4.78125,-3.5159827500726526
11.4095,171.142,4.784375000000001,-3.572675370154947
11.4095,171.142,4.7875000000000005,-3.635344158168554
11.4095,171.142,4.790625,-3.698139188872936
11.4095,171.142,4.79375,-3.7537251663523175
11.4095,171.142,4.796875,-3.809093523428284
11.4095,171.142,4.800000000000001,-3.842657719730138
11.4095,171.142,4.8031250000000005,-3.861041491902598
11.4095,171.142,4.80625,-3.8619511901426646
11.4095,171.142,4.809375,-3.84637733348048
11.4095,171.142,4.8125,-3.8041684005055085
11.4095,171.142,4.815625000000001,-3.755268027777134
11.4095,171.142,4.8187500000000005,-3.6858863536135877
11.4095,171.142,4.821875,-3.61466121214813
11.4095,171.142,4.825,-3.537143438980058
11.4095,171.142,4.828125,-3.4580720948602184
11.4095,171.142,4.831250000000001,-3.3876551172583707
11.4095,171.142,4.8343750000000005,-3.3208859175672494
11.4095,171.142,4.8375,-3.2686095126993604
11.4095,171.142,4.840625,-3.232695168859761
11.4095,171.142,4.84375,-3.2091646749752645
11.4095,171.142,4.846875000000001,-3.2018524452606534
11.4095,171.142,4.8500000000000005,-3.2079492078263323
11.4095,171.142,4.853125,-3.231743560949274
11.4095,171.142,4.85625,-3.2682030071290487
11.4095,171.142,4.859375,-3.3152846198777164
11.4095,171.142,4.862500000000001,-3.3805661671371885
11.4095,171.142,4.8656250000000005,-3.457830082208342
11.4095,171.142,4.86875,-3.542697655384011
11.4095,171.142,4.871875,-3.632572763823405
11.4095,171.142,4.875,-3.7248425838938166
11.4095,171.142,4.878125000000001,-3.8164264853878764
11.4095,171.142,4.8812500000000005,-3.9016107834652303
11.4095,171.142,4.884375,-3.9781439138127332
11.4095,171.142,4.8875,-4.043274746283047
11.4095,171.142,4.890625,-4.087117897905765
11.4095,171.142,4.893750000000001,-4.1099459753979435
11.4095,171.142,4.8968750000000005,-4.109870420222215
11.4095,171.142,4.9,-4.0843574499847906
11.4095,171.142,4.903125,-4.039540015289511
11.4095,171.142,4.90625,-3.974239420386266
11.4095,171.142,4.909375000000001,-3.892750602941644
11.4095,171.142,4.9125000000000005,-3.804871603445455
11.4095,171.142,4.915625,-3.7111781477165624
11.4095,171.142,4.91875,-3.61329711293011
11.4095,171.142,4.921875,-3.5237054388974327
11.4095,171.142,4.925000000000001,-3.439505190259417
11.4095,171.142,4.9281250000000005,-3.3685399208114903
11.4095,171.142,4.93125,-3.3058686259907155
11.4095,171.142,4.934375,-3.2589133110546165
11.4095,171.142,4.9375,-3.2324709484423946
11.4095,171.142,4.940625000000001,-3.2186618884116824
11.4095,171.142,4.9437500000000005,-3.227021748254354
11.4095,171.142,4.946875,-3.2527003566828356
11.4095,171.142,4.95,-3.2952832159175847
11.4095,171.142,4.953125,-3.3514212929037575
11.4095,171.142,4.956250000000001,-3.4197499823202557
11.4095,171.142,4.9593750000000005,-3.5050137497555154
11.4095,171.142,4.9625,-3.5983429117229573
11.4095,171.142,4.965625,-3.705184605642141
11.4095,171.142,4.96875,-3.810069197274815
11.4095,171.142,4.971875000000001,-3.916272127884951
11.4095,171.142,4.9750000000000005,-4.019305068674543
11.4095,171.142,4.978125,-4.110781985592262
11.4095,171.142,4.98125,-4.193888015405214
11.4095,171.142,4.984375,-4.253705733197937
11.4095,171.142,4.987500000000001,-4.293131006745848
11.4095,171.142,4.9906250000000005,-4.301393350970784
11.4095,171.142,4.99375,-4.288289674598499
11.4095,171.142,4.996875,-4.251803042745538
11.4095,171.142,5,-4.205958432374778
11.4095,171.142,5.003125000000001,-4.135980027247737
11.4095,171.142,5.0062500000000005,-4.082188841414028
11.4095,171.142,5.009375,-4.0232497408889625
11.4095,171.142,5.0125,-3.965630393881395
11.4095,171.142,5.015625,-3.915042432443488
11.4095,171.142,5.018750000000001,-3.8722520510381777
11.4095,171.142,5.0218750000000005,-3.8394532835958706
11.4095,171.142,5.025,-3.8210054333012344
11.4095,171.142,5.028125,-3.815014739051945
11.4095,171.142,5.03125,-3.832748316964257
11.4095,171.142,5.034375000000001,-3.864223967582613
11.4095,171.142,5.0375000000000005,-3.916430823785732
11.4095,171.142,5.040625,-3.9850851379604375
11.4095,171.142,5.04375,-4.069120523804103
11.4095,171.142,5.046875,-4.170347083535017
11.4095,171.142,5.050000000000001,-4.288681116478184
11.4095,171.142,5.0531250000000005,-4.4241519523842285
11.4095,171.142,5.05625,-4.563917977500152
11.4095,171.142,5.059375,-4.710760177542501
11.4095,171.142,5.0625,-4.867579127823805
11.4095,171.142,5.065625000000001,-5.0180440029391695
11.4095,171.142,5.0687500000000005,-5.153684182758803
11.4095,171.142,5.071875,-5.281621786027925
11.4095,171.142,5.075,-5.379243392148845
11.4095,171.142,5.078125,-5.447886344164271
11.4095,171.142,5.081250000000001,-5.464424248346184
11.4095,171.142,5.0843750000000005,-5.453026160084518
11.4095,171.142,5.0875,-5.4003094176502175
11.4095,171.142,5.090625,-5.321949348271562
11.4095,171.142,5.09375,-5.221528631435958
11.4095,171.142,5.096875000000001,-5.107272417588167
11.4095,171.142,5.1000000000000005,-4.998449655392108
11.4095,171.142,5.103125,-4.8872103608478366
11.4095,171.142,5.10625,-4.754488999044701
11.4095,171.142,5.109375,-4.621085605637539
11.4095,171.142,5.112500000000001,-4.48553777228041
11.4095,171.142,5.1156250000000005,-4.382440391178681
11.4095,171.142,5.11875,-4.306435099606446
11.4095,171.142,5.121875,-4.259845053730861
11.4095,171.142,5.125,-4.238168051697294
11.4095,171.142,5.128125000000001,-4.236393611282046
11.4095,171.142,5.1312500000000005,-4.25824558726049
11.4095,171.142,5.134375,-4.299192398694346
11.4095,171.142,5.1375,-4.354668691355796
11.4095,171.142,5.140625,-4.4283202716904855
11.4095,171.142,5.143750000000001,-4.514297901994062
11.4095,171.142,5.1468750000000005,-4.6069103082316225
11.4095,171.142,5.15,-4.711897944726115
11.4095,171.142,5.153125,-4.821310378695794
11.4095,171.142,5.15625,-4.929528038487416
11.4095,171.142,5.159375000000001,-5.0415975432254925
11.4095,171.142,5.1625000000000005,-5.139118705294834
11.4095,171.142,5.165625,-5.226468143948696
11.4095,171.142,5.16875,-5.300483666398986
11.4095,171.142,5.171875,-5.345028071477595
11.4095,171.142,5.175000000000001,-5.3685515080291974
11.4095,171.142,5.1781250000000005,-5.36045408561006
11.4095,171.142,5.18125,-5.327409731545436
11.4095,171.142,5.184375,-5.266478740188342
11.4095,171.142,5.1875,-5.193133687656141
11.4095,171.142,5.190625000000001,-5.103293897004432
11.4095,171.142,5.1937500000000005,-5.013781592854617
11.4095,171.142,5.196875,-4.9230082008041105
11.4095,171.142,5.2,-4.843614165855038
11.4095,171.142,5.203125,-4.767243112120147
11.4095,171.142,5.206250000000001,-4.707071783947144
11.4095,171.142,5.2093750000000005,-4.65407926498165
11.4095,171.142,5.2125,-4.615051794233237
11.4095,171.142,5.215625,-4.600407698333417
11.4095,171.142,5.21875,-4.614712480984285
11.4095,171.142,5.221875000000001,-4.66366001884232
11.4095,171.142,5.2250000000000005,-4.733065010938378
11.4095,171.142,5.228125,-4.832975614939825
11.4095,171.142,5.23125,-4.963633639224605
11.4095,171.142,5.234375,-5.120281931707789
11.4095,171.142,5.237500000000001,-5.308748672396867
11.4095,171.142,5.2406250000000005,-5.515455263807038
11.4095,171.142,5.24375,-5.764110237162715
11.4095,171.142,5.246875,-6.029850450278085
11.4095,171.142,5.25,-6.333622757391366
11.4095,171.142,5.253125000000001,-6.697607133096057
11.4095,171.142,5.2562500000000005,-7.150264616409009
11.4095,171.142,5.259375,-7.771472501951996
11.4095,171.142,5.2625,-8.752812138578957
11.4095,171.142,5.265625,-10.262402119360791
11.4095,171.142,5.268750000000001,-11.266344522702829
11.4095,171.142,5.2718750000000005,-9.882265948182232
11.4095,171.142,5.275,-8.288563180581871
11.4095,171.142,5.278125,-7.369460133864662
11.4095,171.142,5.28125,-6.812902363222664
11.4095,171.142,5.284375000000001,-6.435309949156794
11.4095,171.142,5.2875000000000005,-6.130171421740725
11.4095,171.142,5.290625,-5.88100679913651
11.4095,171.142,5.29375,-5.6572212965228665
11.4095,171.142,5.296875,-5.473512381218438
11.4095,171.142,5.300000000000001,-5.325615844018593
11.4095,171.142,5.3031250000000005,-5.2115385449177705
11.4095,171.142,5.30625,-5.121850823146219
11.4095,171.142,5.309375,-5.061658633671078
11.4095,171.142,5.3125,-5.032414289541665
11.4095,171.142,5.315625000000001,-5.025668758568016
11.4095,171.142,5.3187500000000005,-5.045013077802886
11.4095,171.142,5.321875,-5.09073710085826
11.4095,171.142,5.325,-5.152792980158995
11.4095,171.142,5.328125,-5.227943661927469
11.4095,171.142,5.331250000000001,-5.3081855040480805
11.4095,171.142,5.3343750000000005,-5.4009784836332635
11.4095,171.142,5.3375,-5.489281417207543
11.4095,171.142,5.340625,-5.583598974250645
11.4095,171.142,5.34375,-5.676102032892146
11.4095,171.142,5.346875000000001,-5.758429850832526
11.4095,171.142,5.3500000000000005,-5.830083064431836
11.4095,171.142,5.353125,-5.872023317668175
11.4095,171.142,5.35625,-5.887739969435578
11.4095,171.142,5.359375,-5.875780848391296
11.4095,171.142,5.362500000000001,-5.8152699750882295
11.4095,171.142,5.3656250000000005,-5.738896088652644
11.4095,171.142,5.36875,-5.631180965889388
11.4095,171.142,5.371875,-5.501536978662389
11.4095,171.142,5.375,-5.366780809948964
11.4095,171.142,5.378125000000001,-5.224194771501157
11.4095,171.142,5.3812500000000005,-5.090286315982353
11.4095,171.142,5.384375,-4.9587249299807405
11.4095,171.142,5.3875,-4.850508162128627
11.4095,171.142,5.390625,-4.760658569072084
11.4095,171.142,5.393750000000001,-4.689639740660273
11.4095,171.142,5.3968750000000005,-4.644395104420944
11.4095,171.142,5.4,-4.625927581363285
11.4095,171.142,5.403125,-4.627663327925252
11.4095,171.142,5.40625,-4.64871971557087
11.4095,171.142,5.409375000000001,-4.698533756741488
11.4095,171.142,5.4125000000000005,-4.762990886529898
11.4095,171.142,5.415625,-4.847317691402403
11.4095,171.142,5.41875,-4.947695964775099
11.4095,171.142,5.421875,-5.064621661358554
11.4095,171.142,5.425000000000001,-5.198636517909842
11.4095,171.142,5.4281250000000005,-5.345992262279643
11.4095,171.142,5.43125,-5.504632513393041
11.4095,171.142,5.434375,-5.665457312666127
11.4095,171.142,5.4375,-5.807519196895287
11.4095,171.142,5.440625000000001,-5.947936705004748
11.4095,171.142,5.4437500000000005,-6.0658748930409985
11.4095,171.142,5.446875,-6.147905193673182
11.4095,171.142,5.45,-6.205325398005205
11.4095,171.142,5.453125,-6.209705436194937
11.4095,171.142,5.456250000000001,-6.186444016624079
11.4095,171.142,5.4593750000000005,-6.115057946271223
11.4095,171.142,5.4625,-6.009498209509535
11.4095,171.142,5.465625,-5.8714802886519015
11.4095,171.142,5.46875,-5.719351180749916
11.4095,171.142,5.471875000000001,-5.555033816681846
11.4095,171.142,5.4750000000000005,-5.382456628094753
11.4095,171.142,5.478125,-5.227193790958243
11.4095,171.142,5.48125,-5.082736345194964
11.4095,171.142,5.484375,-4.963144371344317
11.4095,171.142,5.487500000000001,-4.865059243697182
11.4095,171.142,5.4906250000000005,-4.794533178648621
11.4095,171.142,5.49375,-4.75014473889476
11.4095,171.142,5.496875,-4.738234207968852
11.4095,171.142,5.5,-4.743294099434084
11.4095,171.142,5.503125000000001,-4.77825885293422
11.4095,171.142,5.5062500000000005,-4.828844964545921
11.4095,171.142,5.509375,-4.894707741538463
11.4095,171.142,5.5125,-4.978121565936997
11.4095,171.142,5.515625,-5.0631459221217145
11.4095,171.142,5.518750000000001,-5.153999157202197
11.4095,171.142,5.5218750000000005,-5.239113492058891
11.4095,171.142,5.525,-5.311913969006834
11.4095,171.142,5.528125,-5.369466231083959
11.4095,171.142,5.53125,-5.413350774845446
11.4095,171.142,5.534375000000001,-5.426345258107672
11.4095,171.142,5.5375000000000005,-5.418681365663481
11.4095,171.142,5.540625,-5.376203260199115
11.4095,171.142,5.54375,-5.304437905744282
11.4095,171.142,5.546875,-5.210432867733449
11.4095,171.142,5.550000000000001,-5.090577789561056
11.4095,171.142,5.5531250000000005,-4.953738370574632
11.4095,171.142,5.55625,-4.8075007329055595
11.4095,171.142,5.559375,-4.664366379477387
11.4095,171.142,5.5625,-4.522050507420975
11.4095,171.142,5.565625000000001,-4.384474353952708
11.4095,171.142,5.5687500000000005,-4.258829902294262
11.4095,171.142,5.571875,-4.152847810537802
11.4095,171.142,5.575,-4.062778679045413
11.4095,171.142,5.578125,-4.0032061032417845
11.4095,171.142,5.581250000000001,-3.9624928520396048
11.4095,171.142,5.5843750000000005,-3.9425872667722626
11.4095,171.142,5.5875,-3.944330271030039
11.4095,171.142,5.590625,-3.968564660668262
11.4095,171.142,5.59375,-4.019906305630279
11.4095,171.142,5.596875000000001,-4.0886697144336654
11.4095,171.142,5.6000000000000005,-4.177210793861254
11.4095,171.142,5.603125,-4.274719765576686
11.4095,171.142,5.60625,-4.393294343699897
11.4095,171.142,5.609375,-4.518987104331195
11.4095,171.142,5.612500000000001,-4.649417448662037
11.4095,171.142,5.6156250000000005,-4.778761211492065
11.4095,171.142,5.61875,-4.898211890444154
11.4095,171.142,5.621875,-5.00796076577558
11.4095,171.142,5.625,-5.0849820091506
11.4095,171.142,5.628125000000001,-5.144118009844823
11.4095,171.142,5.6312500000000005,-5.1639067874387035
11.4095,171.142,5.634375,-5.1502330072014955
11.4095,171.142,5.6375,-5.09743789905932
11.4095,171.142,5.640625,-5.003697541624323
11.4095,171.142,5.643750000000001,-4.892018637465247
11.4095,171.142,5.6468750000000005,-4.750274294306535
11.4095,171.142,5.65,-4.605043183139418
11.4095,171.142,5.653125,-4.453340209043897
11.4095,171.142,5.65625,-4.305419702379812
11.4095,171.142,5.659375000000001,-4.180112780877393
11.4095,171.142,5.6625000000000005,-4.063757284242985
11.4095,171.142,5.665625,-3.970582784555461
11.4095,171.142,5.66875,-3.897227743423401
11.4095,171.142,5.671875,-3.8481971503228256
11.4095,171.142,5.675000000000001,-3.8210688690391232
11.4095,171.142,5.6781250000000005,-3.811259749449938
11.4095,171.142,5.68125,-3.825107911207521
11.4095,171.142,5.684375,-3.860614368828543
11.4095,171.142,5.6875,-3.90495210977142
11.4095,171.142,5.690625000000001,-3.9719445320517552
11.4095,171.142,5.6937500000000005,-4.037605664122847
11.4095,171.142,5.696875,-4.108300269116922
11.4095,171.142,5.7,-4.1892428417733925
11.4095,171.142,5.703125,-4.2502759708078655
11.4095,171.142,5.706250000000001,-4.316470207189118
11.4095,171.142,5.7093750000000005,-4.358407356944656
11.4095,171.142,5.7125,-4.390319323945996
11.4095,171.142,5.715625,-4.400677289048211
11.4095,171.142,5.71875,-4.377670674887799
11.4095,171.142,5.721875000000001,-4.327866736744253
11.4095,171.142,5.7250000000000005,-4.255485960185951
11.4095,171.142,5.728125,-4.146781253492528
11.4095,171.142,5.73125,-4.025715930084146
11.4095,171.142,5.734375,-3.8768588455915647
11.4095,171.142,5.737500000000001,-3.721028072976864
11.4095,171.142,5.7406250000000005,-3.564455574242506
11.4095,171.142,5.74375,-3.4056220548518197
11.4095,171.142,5.746875,-3.268607232841381
11.4095,171.142,5.75,-3.1381231178134965
11.4095,171.142,5.753125000000001,-3.0314266385555126
11.4095,171.142,5.7562500000000005,-2.9405687066947066
11.4095,171.142,5.759375,-2.8824598765593357
11.4095,171.142,5.7625,-2.845848008610586
11.4095,171.142,5.765625,-2.8322810032257433
11.4095,171.142,5.768750000000001,-2.8511594072914086
11.4095,171.142,5.7718750000000005,-2.885392487950515
11.4095,171.142,5.775,-2.9317519312162803
11.4095,171.142,5.778125,-3.0049225607575094
11.4095,171.142,5.78125,-3.089363121037112
11.4095,171.142,5.784375000000001,-3.1796523019045257
11.4095,171.142,5.7875000000000005,-3.2772831209071778
11.4095,171.142,5.790625,-3.380288310825266
11.4095,171.142,5.79375,-3.471641309794649
11.4095,171.142,5.796875,-3.556224642791192
11.4095,171.142,5.800000000000001,-3.6259171297050057
11.4095,171.142,5.8031250000000005,-3.684660808285055
11.4095,171.142,5.80625,-3.7153014611369644
11.4095,171.142,5.809375,-3.7217111659064277
11.4095,171.142,5.8125,-3.7050380835884376
11.4095,171.142,5.815625000000001,-3.659195759923033
11.4095,171.142,5.8187500000000005,-3.588861330506678
11.4095,171.142,5.821875,-3.5035089545871267
11.4095,171.142,5.825,-3.398945912699198
11.4095,171.142,5.828125,-3.2807311019767256
11.4095,171.142,5.831250000000001,-3.1556270115163536
11.4095,171.142,5.8343750000000005,-3.039360499002088
11.4095,171.142,5.8375,-2.9214772212989306
11.4095,171.142,5.840625,-2.8180628556797345
11.4095,171.142,5.84375,-2.7363414370801475
11.4095,171.142,5.846875000000001,-2.665409812548414
11.4095,171.142,5.8500000000000005,-2.620456608536856
11.4095,171.142,5.853125,-2.6036199571011216
11.4095,171.142,5.85625,-2.6015229661871193
11.4095,171.142,5.859375,-2.628102435044349
11.4095,171.142,5.862500000000001,-2.676105282440557
11.4095,171.142,5.8656250000000005,-2.738532577770953
11.4095,171.142,5.86875,-2.8198236326681836
11.4095,171.142,5.871875,-2.906705824737599
11.4095,171.142,5.875,-2.999918914839858
11.4095,171.142,5.878125000000001,-3.0983058603449187
11.4095,171.142,5.8812500000000005,-3.1928268271752307
11.4095,171.142,5.884375,-3.277677726139647
11.4095,171.142,5.8875,-3.346862505416635
11.4095,171.142,5.890625,-3.404774321776991
11.4095,171.142,5.893750000000001,-3.4358740487896533
11.4095,171.142,5.8968750000000005,-3.4450061994582972
11.4095,171.142,5.9,-3.4229555980591546
11.4095,171.142,5.903125,-3.3669936886614504
11.4095,171.142,5.90625,-3.2720683809040447
11.4095,171.142,5.909375000000001,-3.152249599436265
11.4095,171.142,5.9125000000000005,-3.01294711410098
11.4095,171.142,5.915625,-2.8587485709466263
11.4095,171.142,5.91875,-2.697250901192749
11.4095,171.142,5.921875,-2.5322036792570306
11.4095,171.142,5.925000000000001,-2.379735395729159
11.4095,171.142,5.9281250000000005,-2.2433777985776966
11.4095,171.142,5.93125,-2.1284304653084036
11.4095,171.142,5.934375,-2.0298442056349044
11.4095,171.142,5.9375,-1.9665522762909227
11.4095,171.142,5.940625000000001,-1.9260264632512936
11.4095,171.142,5.9437500000000005,-1.906203570650709
11.4095,171.142,5.946875,-1.9178544589186208
11.4095,171.142,5.95,-1.9485451950568722
11.4095,171.142,5.953125,-1.9977079111903786
11.4095,171.142,5.956250000000001,-2.067885671189806
11.4095,171.142,5.9593750000000005,-2.1541078674655396
11.4095,171.142,5.9625,-2.2476133861767353
11.4095,171.142,5.965625,-2.3516886493797227
11.4095,171.142,5.96875,-2.4611085875045546
11.4095,171.142,5.971875000000001,-2.574580877809847
11.4095,171.142,5.9750000000000005,-2.688999389298139
11.4095,171.142,5.978125,-2.7997955839699014
11.4095,171.142,5.98125,-2.9033458844774396
11.4095,171.142,5.984375,-2.9878061130875153
11.4095,171.142,5.987500000000001,-3.0501133855192126
11.4095,171.142,5.9906250000000005,-3.0856698026237424
11.4095,171.142,5.99375,-3.090647344322424
11.4095,171.142,5.996875,-3.0627391102314148
11.4095,171.142,6,-3.0136285502703526
