"Current","Field","Frequency","Spectra"
10.2357,153.535,1,-0.9177496929639555
10.2357,153.535,1.003125,-0.8742935076683371
10.2357,153.535,1.00625,-0.8386725477013862
10.2357,153.535,1.0093750000000001,-0.8073534038353631
10.2357,153.535,1.0125,-0.7829667515841487
10.2357,153.535,1.015625,-0.7691271869060455
10.2357,153.535,1.01875,-0.76592283804303
10.2357,153.535,1.021875,-0.7727056775736014
10.2357,153.535,1.0250000000000001,-0.7962581924095989
10.2357,153.535,1.028125,-0.8291916033449824
10.2357,153.535,1.03125,-0.8755375159376506
10.2357,153.535,1.034375,-0.9338879121281173
10.2357,153.535,1.0375,-0.9969346616227566
10.2357,153.535,1.0406250000000001,-1.065769483799577
10.2357,153.535,1.04375,-1.1347487009171586
10.2357,153.535,1.046875,-1.2012264198678866
10.2357,153.535,1.05,-1.2671045702770738
10.2357,153.535,1.053125,-1.3211534588930498
10.2357,153.535,1.0562500000000001,-1.3687769678993276
10.2357,153.535,1.059375,-1.4049841335587945
10.2357,153.535,1.0625,-1.4272370848308018
10.2357,153.535,1.065625,-1.4415916870118504
10.2357,153.535,1.06875,-1.441376988823677
10.2357,153.535,1.0718750000000001,-1.4297152272319145
10.2357,153.535,1.0750000000000002,-1.408627375631909
10.2357,153.535,1.078125,-1.379720842176162
10.2357,153.535,1.08125,-1.3393408568033776
10.2357,153.535,1.084375,-1.2916901151278761
10.2357,153.535,1.0875000000000001,-1.2392844913639227
10.2357,153.535,1.0906250000000002,-1.1847260718795674
10.2357,153.535,1.09375,-1.137538450036151
10.2357,153.535,1.096875,-1.079617112918909
10.2357,153.535,1.1,-1.0354550760955796
10.2357,153.535,1.1031250000000001,-0.99505282974658
10.2357,153.535,1.1062500000000002,-0.949138846660694
10.2357,153.535,1.109375,-0.9189115453027585
10.2357,153.535,1.1125,-0.8973235141551211
10.2357,153.535,1.115625,-0.8890230120726634
10.2357,153.535,1.1187500000000001,-0.8899503877958626
10.2357,153.535,1.1218750000000002,-0.8971027926755888
10.2357,153.535,1.125,-0.9112736839723885
10.2357,153.535,1.128125,-0.9376583659102415
10.2357,153.535,1.13125,-0.9686419193995397
10.2357,153.535,1.1343750000000001,-1.0042524693811892
10.2357,153.535,1.1375000000000002,-1.0449280449871312
10.2357,153.535,1.140625,-1.0828976631157916
10.2357,153.535,1.14375,-1.1202789783891793
10.2357,153.535,1.146875,-1.1575495643103204
10.2357,153.535,1.1500000000000001,-1.1893091554727446
10.2357,153.535,1.1531250000000002,-1.2154204200235625
10.2357,153.535,1.15625,-1.2284978413606018
10.2357,153.535,1.159375,-1.2369905907852292
10.2357,153.535,1.1625,-1.2333778199263885
10.2357,153.535,1.1656250000000001,-1.2219406278651808
10.2357,153.535,1.1687500000000002,-1.202255488247159
10.2357,153.535,1.171875,-1.1700515246899141
10.2357,153.535,1.175,-1.1316375000200578
10.2357,153.535,1.178125,-1.0857102229288542
10.2357,153.535,1.1812500000000001,-1.0371953075488711
10.2357,153.535,1.1843750000000002,-0.984692323913346
10.2357,153.535,1.1875,-0.9304710757636103
10.2357,153.535,1.190625,-0.8820939498154308
10.2357,153.535,1.19375,-0.8429994525024018
10.2357,153.535,1.1968750000000001,-0.807309242711383
10.2357,153.535,1.2000000000000002,-0.7845455899693432
10.2357,153.535,1.203125,-0.7743849825638548
10.2357,153.535,1.20625,-0.7795181707398222
10.2357,153.535,1.209375,-0.8008064046873307
10.2357,153.535,1.2125000000000001,-0.8346672088794471
10.2357,153.535,1.2156250000000002,-0.882895649779764
10.2357,153.535,1.21875,-0.9380603117225145
10.2357,153.535,1.221875,-1.0077169574906077
10.2357,153.535,1.225,-1.0809922157609972
10.2357,153.535,1.2281250000000001,-1.156014843004883
10.2357,153.535,1.2312500000000002,-1.230948793814594
10.2357,153.535,1.234375,-1.3015542987300939
10.2357,153.535,1.2375,-1.3583566658467119
10.2357,153.535,1.240625,-1.4093866180454144
10.2357,153.535,1.2437500000000001,-1.4572162824097514
10.2357,153.535,1.2468750000000002,-1.493143111452286
10.2357,153.535,1.25,-1.5131383132511123
10.2357,153.535,1.253125,-1.5167865368870337
10.2357,153.535,1.25625,-1.502963101804633
10.2357,153.535,1.2593750000000001,-1.4746761463287792
10.2357,153.535,1.2625000000000002,-1.4518157155812839
10.2357,153.535,1.265625,-1.4211778649041
10.2357,153.535,1.26875,-1.3814622872208102
10.2357,153.535,1.271875,-1.3323439703680349
10.2357,153.535,1.2750000000000001,-1.2794041275757195
10.2357,153.535,1.2781250000000002,-1.2218978341479552
10.2357,153.535,1.28125,-1.1737479521808056
10.2357,153.535,1.284375,-1.1368413145572025
10.2357,153.535,1.2875,-1.100153561140101
10.2357,153.535,1.2906250000000001,-1.0659330246277818
10.2357,153.535,1.2937500000000002,-1.0429588031987624
10.2357,153.535,1.296875,-1.0274109064451205
10.2357,153.535,1.3,-1.021973818080663
10.2357,153.535,1.303125,-1.0352616925466391
10.2357,153.535,1.3062500000000001,-1.0519077619055044
10.2357,153.535,1.3093750000000002,-1.0768290384126795
10.2357,153.535,1.3125,-1.1130089957041749
10.2357,153.535,1.315625,-1.154132634471078
10.2357,153.535,1.31875,-1.1989563081084817
10.2357,153.535,1.3218750000000001,-1.2414051645392115
10.2357,153.535,1.3250000000000002,-1.286204641106362
10.2357,153.535,1.328125,-1.3233144244567427
10.2357,153.535,1.33125,-1.3541407655589874
10.2357,153.535,1.334375,-1.3747987342089285
10.2357,153.535,1.3375000000000001,-1.3905789783050055
10.2357,153.535,1.3406250000000002,-1.3946296025917657
10.2357,153.535,1.34375,-1.3887439746583592
10.2357,153.535,1.346875,-1.3721176619291606
10.2357,153.535,1.35,-1.3444505045122734
10.2357,153.535,1.3531250000000001,-1.3064860637876499
10.2357,153.535,1.3562500000000002,-1.263620035349653
10.2357,153.535,1.359375,-1.2157203543478035
10.2357,153.535,1.3625,-1.1596244429189477
10.2357,153.535,1.365625,-1.1007810355957905
10.2357,153.535,1.3687500000000001,-1.0437491239993109
10.2357,153.535,1.3718750000000002,-0.9847886969556245
10.2357,153.535,1.375,-0.9370066202286049
10.2357,153.535,1.378125,-0.8952650394028707
10.2357,153.535,1.38125,-0.8606825907007419
10.2357,153.535,1.3843750000000001,-0.8368085545871999
10.2357,153.535,1.3875000000000002,-0.8289527300325693
10.2357,153.535,1.390625,-0.8349058849052862
10.2357,153.535,1.39375,-0.8574774156336372
10.2357,153.535,1.396875,-0.8975790159266094
10.2357,153.535,1.4000000000000001,-0.9500383140411257
10.2357,153.535,1.4031250000000002,-1.0048019847761094
10.2357,153.535,1.40625,-1.0695602891997917
10.2357,153.535,1.409375,-1.143281321954702
10.2357,153.535,1.4125,-1.219601741012727
10.2357,153.535,1.4156250000000001,-1.2943315591279587
10.2357,153.535,1.4187500000000002,-1.3668110225331511
10.2357,153.535,1.421875,-1.4286513566113395
10.2357,153.535,1.425,-1.4850495623764002
10.2357,153.535,1.428125,-1.5266755988768086
10.2357,153.535,1.4312500000000001,-1.562911657752872
10.2357,153.535,1.4343750000000002,-1.583472135435564
10.2357,153.535,1.4375,-1.5909163812526208
10.2357,153.535,1.440625,-1.5901380112564103
10.2357,153.535,1.44375,-1.5749183608421884
10.2357,153.535,1.4468750000000001,-1.548933995452897
10.2357,153.535,1.4500000000000002,-1.5137329281625482
10.2357,153.535,1.453125,-1.4688967033145026
10.2357,153.535,1.45625,-1.4190616055351812
10.2357,153.535,1.459375,-1.3655097259118063
10.2357,153.535,1.4625000000000001,-1.3120453225385238
10.2357,153.535,1.4656250000000002,-1.259344253430038
10.2357,153.535,1.46875,-1.2121093024862897
10.2357,153.535,1.471875,-1.1692721037678686
10.2357,153.535,1.475,-1.1364820189339389
10.2357,153.535,1.4781250000000001,-1.1183694351183373
10.2357,153.535,1.4812500000000002,-1.1099847870246953
10.2357,153.535,1.484375,-1.1149455004442546
10.2357,153.535,1.4875,-1.1366373621305854
10.2357,153.535,1.490625,-1.1717489094183295
10.2357,153.535,1.4937500000000001,-1.2173395765567772
10.2357,153.535,1.4968750000000002,-1.2698571079759602
10.2357,153.535,1.5,-1.3266988760643363
10.2357,153.535,1.503125,-1.3831587228405522
10.2357,153.535,1.50625,-1.4361364223499118
10.2357,153.535,1.5093750000000001,-1.486840594761683
10.2357,153.535,1.5125000000000002,-1.529801544838979
10.2357,153.535,1.515625,-1.5614535298066081
10.2357,153.535,1.51875,-1.5881647912369032
10.2357,153.535,1.521875,-1.5993248383910144
10.2357,153.535,1.5250000000000001,-1.5942139473200843
10.2357,153.535,1.5281250000000002,-1.5818012920433229
10.2357,153.535,1.53125,-1.559113919307789
10.2357,153.535,1.534375,-1.5280193352221727
10.2357,153.535,1.5375,-1.4926340625829801
10.2357,153.535,1.5406250000000001,-1.4472013898115907
10.2357,153.535,1.5437500000000002,-1.395343901235163
10.2357,153.535,1.546875,-1.3388476064033612
10.2357,153.535,1.55,-1.2773057107310606
10.2357,153.535,1.553125,-1.2169076410806838
10.2357,153.535,1.5562500000000001,-1.1572861548470552
10.2357,153.535,1.5593750000000002,-1.1021558894268384
10.2357,153.535,1.5625,-1.0477351021876686
10.2357,153.535,1.565625,-1.0045360413196318
10.2357,153.535,1.56875,-0.9728863744845793
10.2357,153.535,1.5718750000000001,-0.9550622182632771
10.2357,153.535,1.5750000000000002,-0.9512591340750556
10.2357,153.535,1.578125,-0.9660597054347777
10.2357,153.535,1.58125,-0.9925557721738548
10.2357,153.535,1.584375,-1.0407626939045724
10.2357,153.535,1.5875000000000001,-1.1058281578441647
10.2357,153.535,1.5906250000000002,-1.1796935466488534
10.2357,153.535,1.59375,-1.2578803592328276
10.2357,153.535,1.596875,-1.3430586274716032
10.2357,153.535,1.6,-1.4242150168951428
10.2357,153.535,1.6031250000000001,-1.4979366090926556
10.2357,153.535,1.6062500000000002,-1.56586146873996
10.2357,153.535,1.609375,-1.6217641806284775
10.2357,153.535,1.6125,-1.6617901608789098
10.2357,153.535,1.615625,-1.6899972069337832
10.2357,153.535,1.6187500000000001,-1.6975492185395649
10.2357,153.535,1.6218750000000002,-1.6914747972065147
10.2357,153.535,1.625,-1.6753963348164211
10.2357,153.535,1.628125,-1.6436977121039231
10.2357,153.535,1.63125,-1.607387536521581
10.2357,153.535,1.6343750000000001,-1.561357836396489
10.2357,153.535,1.6375000000000002,-1.5154335406331256
10.2357,153.535,1.640625,-1.4660467431483037
10.2357,153.535,1.64375,-1.4133335971356351
10.2357,153.535,1.646875,-1.3657972511281948
10.2357,153.535,1.6500000000000001,-1.322473521443578
10.2357,153.535,1.6531250000000002,-1.2891989060771274
10.2357,153.535,1.65625,-1.2649053627792974
10.2357,153.535,1.659375,-1.2545865158322629
10.2357,153.535,1.6625,-1.2680578646490361
10.2357,153.535,1.6656250000000001,-1.2699929590982064
10.2357,153.535,1.6687500000000002,-1.263036404143585
10.2357,153.535,1.671875,-1.283358854604434
10.2357,153.535,1.675,-1.3200288458445861
10.2357,153.535,1.678125,-1.3638359007659064
10.2357,153.535,1.6812500000000001,-1.4185292895400579
10.2357,153.535,1.6843750000000002,-1.4782784697058091
10.2357,153.535,1.6875,-1.5415665598395145
10.2357,153.535,1.690625,-1.6017883378509303
10.2357,153.535,1.69375,-1.6578652550511344
10.2357,153.535,1.6968750000000001,-1.7114780791441473
10.2357,153.535,1.7000000000000002,-1.7541098671594084
10.2357,153.535,1.703125,-1.7869027801228623
10.2357,153.535,1.70625,-1.8077063886231624
10.2357,153.535,1.709375,-1.819209712121404
10.2357,153.535,1.7125000000000001,-1.8153969494501354
10.2357,153.535,1.7156250000000002,-1.7969949322427168
10.2357,153.535,1.71875,-1.7663543829821364
10.2357,153.535,1.721875,-1.724693953403373
10.2357,153.535,1.725,-1.6683204252681287
10.2357,153.535,1.7281250000000001,-1.606503909188819
10.2357,153.535,1.7312500000000002,-1.5381842361803397
10.2357,153.535,1.734375,-1.4634502794064517
10.2357,153.535,1.7375,-1.389531195920874
10.2357,153.535,1.740625,-1.321518223786102
10.2357,153.535,1.7437500000000001,-1.2539141909030003
10.2357,153.535,1.7468750000000002,-1.191829802419738
10.2357,153.535,1.75,-1.1444529698866193
10.2357,153.535,1.753125,-1.1082669157177236
10.2357,153.535,1.75625,-1.0891768634141892
10.2357,153.535,1.7593750000000001,-1.0864660610234802
10.2357,153.535,1.7625000000000002,-1.1016297666274528
10.2357,153.535,1.765625,-1.1346577124826605
10.2357,153.535,1.76875,-1.1814237139459745
10.2357,153.535,1.771875,-1.2384897321343753
10.2357,153.535,1.7750000000000001,-1.3050682684959725
10.2357,153.535,1.7781250000000002,-1.378608292329386
10.2357,153.535,1.78125,-1.4523972167738783
10.2357,153.535,1.784375,-1.5251871933449057
10.2357,153.535,1.7875,-1.5951708361334418
10.2357,153.535,1.7906250000000001,-1.654360138430209
10.2357,153.535,1.7937500000000002,-1.7016721744967742
10.2357,153.535,1.7968750000000002,-1.7373551430394818
10.2357,153.535,1.8,-1.762682450704677
10.2357,153.535,1.803125,-1.7717517917064038
10.2357,153.535,1.8062500000000001,-1.7700007780607663
10.2357,153.535,1.8093750000000002,-1.7578944796047127
10.2357,153.535,1.8125000000000002,-1.7382474330896427
10.2357,153.535,1.815625,-1.704651409103978
10.2357,153.535,1.81875,-1.6657561411783817
10.2357,153.535,1.8218750000000001,-1.6203126284291671
10.2357,153.535,1.8250000000000002,-1.5699052003759848
10.2357,153.535,1.8281250000000002,-1.5172939826876295
10.2357,153.535,1.83125,-1.467728995103552
10.2357,153.535,1.834375,-1.4203122156743089
10.2357,153.535,1.8375000000000001,-1.3784702045004633
10.2357,153.535,1.8406250000000002,-1.3421084343622218
10.2357,153.535,1.8437500000000002,-1.3202172011852484
10.2357,153.535,1.846875,-1.3065506011680532
10.2357,153.535,1.85,-1.307448708773506
10.2357,153.535,1.8531250000000001,-1.3215216771803828
10.2357,153.535,1.8562500000000002,-1.3528152227269905
10.2357,153.535,1.8593750000000002,-1.3980463570767412
10.2357,153.535,1.8625,-1.4552722659898678
10.2357,153.535,1.865625,-1.5195319253827042
10.2357,153.535,1.8687500000000001,-1.59092118168367
10.2357,153.535,1.8718750000000002,-1.6622519171627856
10.2357,153.535,1.8750000000000002,-1.7322846321720387
10.2357,153.535,1.878125,-1.800097614302853
10.2357,153.535,1.88125,-1.8568253025551344
10.2357,153.535,1.8843750000000001,-1.9038846135316356
10.2357,153.535,1.8875000000000002,-1.9393620177895028
10.2357,153.535,1.8906250000000002,-1.9577808412966449
10.2357,153.535,1.89375,-1.9608673657743392
10.2357,153.535,1.896875,-1.9476953381525268
10.2357,153.535,1.9000000000000001,-1.9231691730774427
10.2357,153.535,1.9031250000000002,-1.881954790330309
10.2357,153.535,1.9062500000000002,-1.8323388460251901
10.2357,153.535,1.909375,-1.775699531639921
10.2357,153.535,1.9125,-1.7067430242472734
10.2357,153.535,1.9156250000000001,-1.6369724074655212
10.2357,153.535,1.9187500000000002,-1.5640080392676423
10.2357,153.535,1.9218750000000002,-1.4907090367879805
10.2357,153.535,1.925,-1.4222549188837208
10.2357,153.535,1.928125,-1.3554768388474001
10.2357,153.535,1.9312500000000001,-1.300160721470842
10.2357,153.535,1.9343750000000002,-1.256251155490601
10.2357,153.535,1.9375000000000002,-1.223256910116227
10.2357,153.535,1.940625,-1.2045424812166325
10.2357,153.535,1.94375,-1.2000035219308722
10.2357,153.535,1.9468750000000001,-1.2128430119977904
10.2357,153.535,1.9500000000000002,-1.2395279638640568
10.2357,153.535,1.9531250000000002,-1.2812280710297892
10.2357,153.535,1.95625,-1.3357939249051622
10.2357,153.535,1.959375,-1.3998933232544446
10.2357,153.535,1.9625000000000001,-1.4703286139073808
10.2357,153.535,1.9656250000000002,-1.5426016846224706
10.2357,153.535,1.9687500000000002,-1.6148891547528694
10.2357,153.535,1.971875,-1.6791213854495424
10.2357,153.535,1.975,-1.7364989395399877
10.2357,153.535,1.9781250000000001,-1.783228550279476
10.2357,153.535,1.9812500000000002,-1.8180281090367723
10.2357,153.535,1.9843750000000002,-1.835824566832738
10.2357,153.535,1.9875,-1.841886678620443
10.2357,153.535,1.990625,-1.835313938744487
10.2357,153.535,1.9937500000000001,-1.813134570156114
10.2357,153.535,1.9968750000000002,-1.7781553221882902
10.2357,153.535,2,-1.732803436014485
10.2357,153.535,2.0031250000000003,-1.6788704612782879
10.2357,153.535,2.00625,-1.6175994797628332
10.2357,153.535,2.009375,-1.5570534457967957
10.2357,153.535,2.0125,-1.4913105312405615
10.2357,153.535,2.015625,-1.4315035246087116
10.2357,153.535,2.0187500000000003,-1.374058486568964
10.2357,153.535,2.021875,-1.3244346938364517
10.2357,153.535,2.025,-1.2870726256374723
10.2357,153.535,2.028125,-1.2618763355831628
10.2357,153.535,2.03125,-1.2524163465105156
10.2357,153.535,2.0343750000000003,-1.2608541429468625
10.2357,153.535,2.0375,-1.287581843548965
10.2357,153.535,2.040625,-1.3277955724198776
10.2357,153.535,2.04375,-1.3834538205469178
10.2357,153.535,2.046875,-1.449409296030475
10.2357,153.535,2.0500000000000003,-1.5250016423482584
10.2357,153.535,2.053125,-1.606929858024519
10.2357,153.535,2.05625,-1.688656931870166
10.2357,153.535,2.059375,-1.774861140819794
10.2357,153.535,2.0625,-1.8481288169219394
10.2357,153.535,2.0656250000000003,-1.9129156721191074
10.2357,153.535,2.06875,-1.9662096822048043
10.2357,153.535,2.071875,-2.0047033087625614
10.2357,153.535,2.075,-2.0287173839825905
10.2357,153.535,2.078125,-2.0371758495293455
10.2357,153.535,2.0812500000000003,-2.032541669040108
10.2357,153.535,2.084375,-2.012147556540299
10.2357,153.535,2.0875,-1.9746118605142429
10.2357,153.535,2.090625,-1.9264275516206464
10.2357,153.535,2.09375,-1.867877644784597
10.2357,153.535,2.0968750000000003,-1.800341628101757
10.2357,153.535,2.1,-1.731008626191319
10.2357,153.535,2.103125,-1.656223688085914
10.2357,153.535,2.10625,-1.5848323152400785
10.2357,153.535,2.109375,-1.515130648773002
10.2357,153.535,2.1125000000000003,-1.4502278312696575
10.2357,153.535,2.115625,-1.3913150390412212
10.2357,153.535,2.11875,-1.3417063840021393
10.2357,153.535,2.121875,-1.3035354605308078
10.2357,153.535,2.125,-1.2815954878956752
10.2357,153.535,2.1281250000000003,-1.2735852293785543
10.2357,153.535,2.13125,-1.2815815778478055
10.2357,153.535,2.134375,-1.3098551743761186
10.2357,153.535,2.1375,-1.3526737574098966
10.2357,153.535,2.140625,-1.4094709087248267
10.2357,153.535,2.1437500000000003,-1.4765633941807517
10.2357,153.535,2.146875,-1.5484434152221829
10.2357,153.535,2.1500000000000004,-1.6251388169256518
10.2357,153.535,2.153125,-1.7016351639545908
10.2357,153.535,2.15625,-1.7710924744625456
10.2357,153.535,2.1593750000000003,-1.8331574502161918
10.2357,153.535,2.1625,-1.8834536179078247
10.2357,153.535,2.1656250000000004,-1.9161125122158251
10.2357,153.535,2.16875,-1.931544908158457
10.2357,153.535,2.171875,-1.9317905549364256
10.2357,153.535,2.1750000000000003,-1.916826853744209
10.2357,153.535,2.178125,-1.8881880108660543
10.2357,153.535,2.1812500000000004,-1.847163510825397
10.2357,153.535,2.184375,-1.7950576318679627
10.2357,153.535,2.1875,-1.7389461764217937
10.2357,153.535,2.1906250000000003,-1.6730248928906897
10.2357,153.535,2.19375,-1.6026215284573206
10.2357,153.535,2.1968750000000004,-1.526252097630494
10.2357,153.535,2.2,-1.4537632360675978
10.2357,153.535,2.203125,-1.389269388805712
10.2357,153.535,2.2062500000000003,-1.3362331672192065
10.2357,153.535,2.209375,-1.294292416349587
10.2357,153.535,2.2125000000000004,-1.2650236317952344
10.2357,153.535,2.215625,-1.2540592219626174
10.2357,153.535,2.21875,-1.2555986566124102
10.2357,153.535,2.2218750000000003,-1.2763456016472683
10.2357,153.535,2.225,-1.313563702991544
10.2357,153.535,2.2281250000000004,-1.3679164172398715
10.2357,153.535,2.23125,-1.4318552969266247
10.2357,153.535,2.234375,-1.506487084993662
10.2357,153.535,2.2375000000000003,-1.5865965301291898
10.2357,153.535,2.240625,-1.6707271720273307
10.2357,153.535,2.2437500000000004,-1.749431633963436
10.2357,153.535,2.246875,-1.823864073659362
10.2357,153.535,2.25,-1.892670302190367
10.2357,153.535,2.2531250000000003,-1.9487662589077914
10.2357,153.535,2.25625,-1.9925519561891802
10.2357,153.535,2.2593750000000004,-2.023289585159751
10.2357,153.535,2.2625,-2.0346502028170605
10.2357,153.535,2.265625,-2.035075234257278
10.2357,153.535,2.2687500000000003,-2.020486554389518
10.2357,153.535,2.271875,-1.9937214922123134
10.2357,153.535,2.2750000000000004,-1.9544971570925522
10.2357,153.535,2.278125,-1.9053368221865497
10.2357,153.535,2.28125,-1.848530520240812
10.2357,153.535,2.2843750000000003,-1.7830708462259681
10.2357,153.535,2.2875,-1.7155789350930029
10.2357,153.535,2.2906250000000004,-1.6472653342840158
10.2357,153.535,2.29375,-1.577273869830218
10.2357,153.535,2.296875,-1.5115501851185087
10.2357,153.535,2.3000000000000003,-1.4513268656522407
10.2357,153.535,2.303125,-1.4025255609610037
10.2357,153.535,2.3062500000000004,-1.3658861887467897
10.2357,153.535,2.309375,-1.339355905539608
10.2357,153.535,2.3125,-1.3274397669970819
10.2357,153.535,2.3156250000000003,-1.3354682452025246
10.2357,153.535,2.31875,-1.3546714574595196
10.2357,153.535,2.3218750000000004,-1.3921948661170205
10.2357,153.535,2.325,-1.4394638722767072
10.2357,153.535,2.328125,-1.5059692850693638
10.2357,153.535,2.3312500000000003,-1.5782397728412891
10.2357,153.535,2.334375,-1.651786278916647
10.2357,153.535,2.3375000000000004,-1.7282101984586171
10.2357,153.535,2.340625,-1.8018439083236992
10.2357,153.535,2.34375,-1.8656992988594938
10.2357,153.535,2.3468750000000003,-1.9232448885894313
10.2357,153.535,2.35,-1.9643356360971982
10.2357,153.535,2.3531250000000004,-1.9923223462281792
10.2357,153.535,2.35625,-2.006184528103703
10.2357,153.535,2.359375,-2.000372046027004
10.2357,153.535,2.3625000000000003,-1.9830103449490029
10.2357,153.535,2.365625,-1.950775830566083
10.2357,153.535,2.3687500000000004,-1.90455620263544
10.2357,153.535,2.371875,-1.84756212323936
10.2357,153.535,2.375,-1.7829156785726248
10.2357,153.535,2.3781250000000003,-1.7128404418454746
10.2357,153.535,2.38125,-1.64443684642405
10.2357,153.535,2.3843750000000004,-1.5709877870244635
10.2357,153.535,2.3875,-1.503365389111525
10.2357,153.535,2.390625,-1.4383108657473582
10.2357,153.535,2.3937500000000003,-1.385948511771645
10.2357,153.535,2.396875,-1.3439513477966938
10.2357,153.535,2.4000000000000004,-1.3185028343805072
10.2357,153.535,2.403125,-1.3112048602375628
10.2357,153.535,2.40625,-1.3258541953819523
10.2357,153.535,2.4093750000000003,-1.3576608633963618
10.2357,153.535,2.4125,-1.4119179400576167
10.2357,153.535,2.4156250000000004,-1.486016586313871
10.2357,153.535,2.41875,-1.584804319372262
10.2357,153.535,2.421875,-1.7088618408314944
10.2357,153.535,2.4250000000000003,-1.883264413554401
10.2357,153.535,2.428125,-2.1833638741458774
10.2357,153.535,2.4312500000000004,-2.8933478515161397
10.2357,153.535,2.434375,-3.5696944819796794
10.2357,153.535,2.4375,-2.68938597060628
10.2357,153.535,2.4406250000000003,-2.3492371746937963
10.2357,153.535,2.44375,-2.2588975942763763
10.2357,153.535,2.4468750000000004,-2.230627608507469
10.2357,153.535,2.45,-2.2113645172118637
10.2357,153.535,2.453125,-2.188977677656179
10.2357,153.535,2.4562500000000003,-2.1585878084414096
10.2357,153.535,2.459375,-2.117573971041499
10.2357,153.535,2.4625000000000004,-2.06237454545718
10.2357,153.535,2.465625,-2.0003010294669568
10.2357,153.535,2.46875,-1.9336443384215176
10.2357,153.535,2.4718750000000003,-1.863601280043775
10.2357,153.535,2.475,-1.7921951050814062
10.2357,153.535,2.4781250000000004,-1.720572866236564
10.2357,153.535,2.48125,-1.656816260293176
10.2357,153.535,2.484375,-1.5997314088333934
10.2357,153.535,2.4875000000000003,-1.5496555836799097
10.2357,153.535,2.490625,-1.5093781858552646
10.2357,153.535,2.4937500000000004,-1.4878757467076167
10.2357,153.535,2.496875,-1.4807338038377127
10.2357,153.535,2.5,-1.4927768963103305
10.2357,153.535,2.5031250000000003,-1.5169776512623503
10.2357,153.535,2.50625,-1.5605437746202382
10.2357,153.535,2.5093750000000004,-1.61596543022306
10.2357,153.535,2.5125,-1.6813919850586876
10.2357,153.535,2.515625,-1.7552341804571092
10.2357,153.535,2.5187500000000003,-1.8348268403312122
10.2357,153.535,2.521875,-1.9171919821340067
10.2357,153.535,2.5250000000000004,-1.9931106911859997
10.2357,153.535,2.528125,-2.0650184741757798
10.2357,153.535,2.53125,-2.125530037001856
10.2357,153.535,2.5343750000000003,-2.171903152558759
10.2357,153.535,2.5375,-2.1988993626287483
10.2357,153.535,2.5406250000000004,-2.210968129604958
10.2357,153.535,2.54375,-2.2053025027093294
10.2357,153.535,2.546875,-2.184504026717253
10.2357,153.535,2.5500000000000003,-2.1489301308604363
10.2357,153.535,2.553125,-2.1020280669912297
10.2357,153.535,2.5562500000000004,-2.0410481483646477
10.2357,153.535,2.559375,-1.9722176776593816
10.2357,153.535,2.5625,-1.8987670800794112
10.2357,153.535,2.5656250000000003,-1.8215136065111488
10.2357,153.535,2.56875,-1.7453773310099672
10.2357,153.535,2.5718750000000004,-1.6762987522245385
10.2357,153.535,2.575,-1.615355998152357
10.2357,153.535,2.578125,-1.562740640154545
10.2357,153.535,2.5812500000000003,-1.5177402597733944
10.2357,153.535,2.584375,-1.49845132329263
10.2357,153.535,2.5875000000000004,-1.496082110390411
10.2357,153.535,2.590625,-1.5000954886647428
10.2357,153.535,2.59375,-1.5338651353436012
10.2357,153.535,2.5968750000000003,-1.5919225055477861
10.2357,153.535,2.6,-1.6305103565230152
10.2357,153.535,2.6031250000000004,-1.7207008493358853
10.2357,153.535,2.60625,-1.8520458505148876
10.2357,153.535,2.609375,-1.900918953861326
10.2357,153.535,2.6125000000000003,-1.9560604445639187
10.2357,153.535,2.615625,-2.021195498052397
10.2357,153.535,2.6187500000000004,-2.2489088934355275
10.2357,153.535,2.621875,-2.1135678854693176
10.2357,153.535,2.625,-2.1704381498702845
10.2357,153.535,2.6281250000000003,-2.348109744943439
10.2357,153.535,2.63125,-2.655874662873248
10.2357,153.535,2.6343750000000004,-2.3070802987001082
10.2357,153.535,2.6375,-2.180232850459141
10.2357,153.535,2.640625,-2.1431631144152234
10.2357,153.535,2.6437500000000003,-2.131580826976507
10.2357,153.535,2.646875,-2.1443300202557074
10.2357,153.535,2.6500000000000004,-2.273585675075372
10.2357,153.535,2.653125,-2.3486523463395246
10.2357,153.535,2.65625,-2.026127235036868
10.2357,153.535,2.6593750000000003,-1.797949753570793
10.2357,153.535,2.6625,-1.7079463671880848
10.2357,153.535,2.6656250000000004,-1.6556085258023692
10.2357,153.535,2.66875,-1.6122550047776338
10.2357,153.535,2.671875,-1.6199068242721848
10.2357,153.535,2.6750000000000003,-1.5839009499371268
10.2357,153.535,2.678125,-1.5706265939229929
10.2357,153.535,2.6812500000000004,-1.5946453678787387
10.2357,153.535,2.684375,-1.6633065490488286
10.2357,153.535,2.6875,-1.7621675205705496
10.2357,153.535,2.6906250000000003,-2.0285389009262587
10.2357,153.535,2.69375,-2.8042726272140883
10.2357,153.535,2.6968750000000004,-2.728866544961907
10.2357,153.535,2.7,-2.4645800141544156
10.2357,153.535,2.703125,-2.552934003758936
10.2357,153.535,2.7062500000000003,-2.325026180139935
10.2357,153.535,2.709375,-2.2376787893273824
10.2357,153.535,2.7125000000000004,-2.2072226098154273
10.2357,153.535,2.715625,-2.2177417626223037
10.2357,153.535,2.71875,-2.2528821575088145
10.2357,153.535,2.7218750000000003,-2.2844838591547463
10.2357,153.535,2.725,-2.305773516719479
10.2357,153.535,2.7281250000000004,-2.318392240210583
10.2357,153.535,2.73125,-2.317960776265911
10.2357,153.535,2.734375,-2.2865399190177422
10.2357,153.535,2.7375000000000003,-2.2660514305652235
10.2357,153.535,2.740625,-2.25367590803638
10.2357,153.535,2.7437500000000004,-2.249337451966349
10.2357,153.535,2.746875,-2.2192265056982325
10.2357,153.535,2.75,-2.1432021748802086
10.2357,153.535,2.7531250000000003,-2.0512469156986204
10.2357,153.535,2.75625,-1.9622586707132643
10.2357,153.535,2.7593750000000004,-1.8856942402698147
10.2357,153.535,2.7625,-1.8255692478226395
10.2357,153.535,2.765625,-1.7856343121223457
10.2357,153.535,2.7687500000000003,-1.7655822152440699
10.2357,153.535,2.771875,-1.7624232018890371
10.2357,153.535,2.7750000000000004,-1.775857809696939
10.2357,153.535,2.778125,-1.8018009143699358
10.2357,153.535,2.78125,-1.8590422886385662
10.2357,153.535,2.7843750000000003,-1.935350081210184
10.2357,153.535,2.7875,-2.0833756439488975
10.2357,153.535,2.7906250000000004,-2.158930228328482
10.2357,153.535,2.79375,-2.1492305940806786
10.2357,153.535,2.796875,-2.2148229616087263
10.2357,153.535,2.8000000000000003,-2.315957842525867
10.2357,153.535,2.803125,-2.472843880777395
10.2357,153.535,2.8062500000000004,-2.573292632659952
10.2357,153.535,2.809375,-2.6034108471118227
10.2357,153.535,2.8125,-2.6829357513323417
10.2357,153.535,2.8156250000000003,-2.865285878565042
10.2357,153.535,2.81875,-3.358233534741277
10.2357,153.535,2.8218750000000004,-4.496931679548713
10.2357,153.535,2.825,-6.020486680643544
10.2357,153.535,2.828125,-4.865625191265567
10.2357,153.535,2.8312500000000003,-3.323586116140002
10.2357,153.535,2.834375,-2.705554967877635
10.2357,153.535,2.8375000000000004,-2.412329219833917
10.2357,153.535,2.840625,-2.2381048677879027
10.2357,153.535,2.84375,-2.1241800751526094
10.2357,153.535,2.8468750000000003,-2.052171797562585
10.2357,153.535,2.85,-2.0028543004905925
10.2357,153.535,2.8531250000000004,-1.9589832793558588
10.2357,153.535,2.85625,-1.918305474554105
10.2357,153.535,2.859375,-1.8939646570334618
10.2357,153.535,2.8625000000000003,-1.8919087136456734
10.2357,153.535,2.865625,-1.92090255465998
10.2357,153.535,2.8687500000000004,-1.9746806423942609
10.2357,153.535,2.871875,-2.0208888318484366
10.2357,153.535,2.875,-2.051152662687691
10.2357,153.535,2.8781250000000003,-2.1249311999920755
10.2357,153.535,2.88125,-2.209310801297314
10.2357,153.535,2.8843750000000004,-2.329108016630292
10.2357,153.535,2.8875,-2.4524623049774275
10.2357,153.535,2.890625,-2.529071413313204
10.2357,153.535,2.8937500000000003,-2.579734359646431
10.2357,153.535,2.896875,-2.6213324763911467
10.2357,153.535,2.9000000000000004,-2.6411037895705287
10.2357,153.535,2.903125,-2.6611924739026622
10.2357,153.535,2.90625,-2.6782948535049282
10.2357,153.535,2.9093750000000003,-2.685952129982045
10.2357,153.535,2.9125,-2.682845730645589
10.2357,153.535,2.9156250000000004,-2.655564638211678
10.2357,153.535,2.91875,-2.6122541556668226
10.2357,153.535,2.921875,-2.5554908366887013
10.2357,153.535,2.9250000000000003,-2.4818456946748686
10.2357,153.535,2.928125,-2.4136796293574596
10.2357,153.535,2.9312500000000004,-2.352046159999724
10.2357,153.535,2.934375,-2.30006214607938
10.2357,153.535,2.9375,-2.237071658167598
10.2357,153.535,2.9406250000000003,-2.169942734844609
10.2357,153.535,2.94375,-2.1148180726377706
10.2357,153.535,2.9468750000000004,-2.0758226852462296
10.2357,153.535,2.95,-2.059306106043474
10.2357,153.535,2.953125,-2.0663382805203416
10.2357,153.535,2.9562500000000003,-2.075077788847955
10.2357,153.535,2.959375,-2.092605037893673
10.2357,153.535,2.9625000000000004,-2.1353069902743416
10.2357,153.535,2.965625,-2.195916191838893
10.2357,153.535,2.96875,-2.264029489813264
10.2357,153.535,2.9718750000000003,-2.338603602711922
10.2357,153.535,2.975,-2.4213740549111
10.2357,153.535,2.9781250000000004,-2.5080881629897425
10.2357,153.535,2.98125,-2.5810077929764237
10.2357,153.535,2.984375,-2.650403570754016
10.2357,153.535,2.9875000000000003,-2.707682627773867
10.2357,153.535,2.990625,-2.7504768481298054
10.2357,153.535,2.9937500000000004,-2.776761281709782
10.2357,153.535,2.996875,-2.7807289465306715
10.2357,153.535,3,-2.77591405067119
10.2357,153.535,3.0031250000000003,-2.7540313619858248
10.2357,153.535,3.00625,-2.7194378928714413
10.2357,153.535,3.0093750000000004,-2.676168454355357
10.2357,153.535,3.0125,-2.6280115672960163
10.2357,153.535,3.015625,-2.5788801528968213
10.2357,153.535,3.0187500000000003,-2.5241243855586406
10.2357,153.535,3.021875,-2.469038478622983
10.2357,153.535,3.0250000000000004,-2.408933356234984
10.2357,153.535,3.028125,-2.354874481765079
10.2357,153.535,3.03125,-2.3118773311285286
10.2357,153.535,3.0343750000000003,-2.271631367411567
10.2357,153.535,3.0375,-2.246101815229763
10.2357,153.535,3.0406250000000004,-2.24101172110326
10.2357,153.535,3.04375,-2.2495935740874944
10.2357,153.535,3.046875,-2.2776275293738166
10.2357,153.535,3.0500000000000003,-2.308418864970215
10.2357,153.535,3.053125,-2.3545543875147583
10.2357,153.535,3.0562500000000004,-2.4173033872563714
10.2357,153.535,3.059375,-2.485415600027055
10.2357,153.535,3.0625,-2.5622972766226333
10.2357,153.535,3.0656250000000003,-2.6509001838415975
10.2357,153.535,3.06875,-2.741606616805228
10.2357,153.535,3.0718750000000004,-2.8215718846918203
10.2357,153.535,3.075,-2.8926684665977955
10.2357,153.535,3.078125,-2.9534777835706914
10.2357,153.535,3.0812500000000003,-2.991403832489314
10.2357,153.535,3.084375,-3.0240676329745515
10.2357,153.535,3.0875000000000004,-3.0430996226495584
10.2357,153.535,3.090625,-3.0396098842053485
10.2357,153.535,3.09375,-3.0230540057811215
10.2357,153.535,3.0968750000000003,-2.9906701607580017
10.2357,153.535,3.1,-2.9522717685339694
10.2357,153.535,3.1031250000000004,-2.9138058490989676
10.2357,153.535,3.10625,-2.876103608985651
10.2357,153.535,3.109375,-2.8413517877705785
10.2357,153.535,3.1125000000000003,-2.8045895918088033
10.2357,153.535,3.115625,-2.789563116520037
10.2357,153.535,3.1187500000000004,-2.7850002156980014
10.2357,153.535,3.121875,-2.783128560210587
10.2357,153.535,3.125,-2.798949096085016
10.2357,153.535,3.1281250000000003,-2.8352945159907477
10.2357,153.535,3.13125,-2.856664448886903
10.2357,153.535,3.1343750000000004,-2.8951455588485375
10.2357,153.535,3.1375,-2.9452273617753684
10.2357,153.535,3.140625,-2.9758550027910036
10.2357,153.535,3.1437500000000003,-2.992515296732628
10.2357,153.535,3.146875,-3.008705644229433
10.2357,153.535,3.1500000000000004,-3.028533520784303
10.2357,153.535,3.153125,-3.0788618491067843
10.2357,153.535,3.15625,-3.1642733264041443
10.2357,153.535,3.1593750000000003,-3.2417760102892457
10.2357,153.535,3.1625,-3.2819993532957428
10.2357,153.535,3.1656250000000004,-3.3226686495622166
10.2357,153.535,3.16875,-3.372632810601287
10.2357,153.535,3.171875,-3.410326977003492
10.2357,153.535,3.1750000000000003,-3.4445396209989907
10.2357,153.535,3.178125,-3.4553047171215825
10.2357,153.535,3.1812500000000004,-3.443719232406734
10.2357,153.535,3.184375,-3.413090514193042
10.2357,153.535,3.1875,-3.394585068174001
10.2357,153.535,3.1906250000000003,-3.3560151399948808
10.2357,153.535,3.19375,-3.2952274987738677
10.2357,153.535,3.1968750000000004,-3.237509138164584
10.2357,153.535,3.2,-3.182129614753335
10.2357,153.535,3.203125,-3.127858353914286
10.2357,153.535,3.2062500000000003,-3.0935660181246294
10.2357,153.535,3.209375,-3.078063898748873
10.2357,153.535,3.2125000000000004,-3.0775432125911832
10.2357,153.535,3.215625,-3.0819841043048806
10.2357,153.535,3.21875,-3.097853239825435
10.2357,153.535,3.2218750000000003,-3.1420710587774607
10.2357,153.535,3.225,-3.2032571714942186
10.2357,153.535,3.2281250000000004,-3.2847944766475656
10.2357,153.535,3.23125,-3.3709194837290624
10.2357,153.535,3.234375,-3.4725070284433905
10.2357,153.535,3.2375000000000003,-3.573850059373329
10.2357,153.535,3.240625,-3.643172228458868
10.2357,153.535,3.2437500000000004,-3.6967341524133075
10.2357,153.535,3.246875,-3.7237643472827964
10.2357,153.535,3.25,-3.720086645472229
10.2357,153.535,3.2531250000000003,-3.7347577228268247
10.2357,153.535,3.25625,-3.774702092254656
10.2357,153.535,3.2593750000000004,-3.8372281217850923
10.2357,153.535,3.2625,-3.86223809669782
10.2357,153.535,3.265625,-3.8270819267252705
10.2357,153.535,3.2687500000000003,-3.7982471019413184
10.2357,153.535,3.271875,-3.811871523027726
10.2357,153.535,3.2750000000000004,-3.8529271987241382
10.2357,153.535,3.278125,-3.8983954096839057
10.2357,153.535,3.28125,-3.9322128855962313
10.2357,153.535,3.2843750000000003,-3.9350174218806044
10.2357,153.535,3.2875,-3.89366142475091
10.2357,153.535,3.2906250000000004,-3.8039557302910643
10.2357,153.535,3.29375,-3.676670513594065
10.2357,153.535,3.296875,-3.5511731608242862
10.2357,153.535,3.3000000000000003,-3.4305400034449636
10.2357,153.535,3.303125,-3.281020810944649
10.2357,153.535,3.3062500000000004,-3.1461108298310148
10.2357,153.535,3.309375,-3.04495154366454
10.2357,153.535,3.3125,-2.938528172929681
10.2357,153.535,3.3156250000000003,-2.8557914378429023
10.2357,153.535,3.31875,-2.8234970318554975
10.2357,153.535,3.3218750000000004,-2.810934041927231
10.2357,153.535,3.325,-2.794758019051102
10.2357,153.535,3.328125,-2.7863749996046017
10.2357,153.535,3.3312500000000003,-2.791426115549024
10.2357,153.535,3.334375,-2.811352526841542
10.2357,153.535,3.3375000000000004,-2.8461203626032106
10.2357,153.535,3.340625,-2.905282339085182
10.2357,153.535,3.34375,-2.955129091906053
10.2357,153.535,3.3468750000000003,-3.0046026877073597
10.2357,153.535,3.35,-3.0416770989094486
10.2357,153.535,3.3531250000000004,-3.06244720246833
10.2357,153.535,3.35625,-3.075213664000268
10.2357,153.535,3.359375,-3.085417113813034
10.2357,153.535,3.3625000000000003,-3.110259743713021
10.2357,153.535,3.365625,-3.1430777824996623
10.2357,153.535,3.3687500000000004,-3.173682438880592
10.2357,153.535,3.371875,-3.230456384068625
10.2357,153.535,3.375,-3.311617866787959
10.2357,153.535,3.3781250000000003,-3.3588768954749506
10.2357,153.535,3.38125,-3.322148342886049
10.2357,153.535,3.3843750000000004,-3.2120980421590373
10.2357,153.535,3.3875,-3.064899820712484
10.2357,153.535,3.390625,-2.909675566194297
10.2357,153.535,3.3937500000000003,-2.765725720397265
10.2357,153.535,3.396875,-2.6476506619270683
10.2357,153.535,3.4000000000000004,-2.567618029700866
10.2357,153.535,3.403125,-2.526574022593397
10.2357,153.535,3.40625,-2.499938459701178
10.2357,153.535,3.4093750000000003,-2.482864661712307
10.2357,153.535,3.4125,-2.4608510285448286
10.2357,153.535,3.4156250000000004,-2.4584259023976602
10.2357,153.535,3.41875,-2.501406182326842
10.2357,153.535,3.421875,-2.601549753601856
10.2357,153.535,3.4250000000000003,-2.733914830400818
10.2357,153.535,3.428125,-2.868779825346006
10.2357,153.535,3.4312500000000004,-3.000493440041539
10.2357,153.535,3.434375,-3.1162572681608802
10.2357,153.535,3.4375,-3.1972079858307465
10.2357,153.535,3.4406250000000003,-3.2576039211785512
10.2357,153.535,3.44375,-3.3171503511805938
10.2357,153.535,3.4468750000000004,-3.376904714777809
10.2357,153.535,3.45,-3.4288144829440608
10.2357,153.535,3.453125,-3.4481798597553164
10.2357,153.535,3.4562500000000003,-3.4487018992820357
10.2357,153.535,3.459375,-3.422800161229911
10.2357,153.535,3.4625000000000004,-3.384805073959343
10.2357,153.535,3.465625,-3.339524572731057
10.2357,153.535,3.46875,-3.3025839365661436
10.2357,153.535,3.4718750000000003,-3.261978282750545
10.2357,153.535,3.475,-3.221023252795136
10.2357,153.535,3.4781250000000004,-3.1673658040005703
10.2357,153.535,3.48125,-3.114599174655035
10.2357,153.535,3.484375,-3.0843383550693595
10.2357,153.535,3.4875000000000003,-3.0667329722942305
10.2357,153.535,3.490625,-3.0638675149603323
10.2357,153.535,3.4937500000000004,-3.057722090199321
10.2357,153.535,3.496875,-3.044551605961769
10.2357,153.535,3.5,-3.0573805265880227
10.2357,153.535,3.5031250000000003,-3.1147862117291454
10.2357,153.535,3.50625,-3.2009418695847396
10.2357,153.535,3.5093750000000004,-3.2930501649695714
10.2357,153.535,3.5125,-3.38141081963287
10.2357,153.535,3.515625,-3.512648163952563
10.2357,153.535,3.5187500000000003,-3.6722167828743975
10.2357,153.535,3.521875,-3.8533336158005365
10.2357,153.535,3.5250000000000004,-4.030918410424165
10.2357,153.535,3.528125,-4.209590456210064
10.2357,153.535,3.53125,-4.410026550143642
10.2357,153.535,3.5343750000000003,-4.634530143895683
10.2357,153.535,3.5375,-4.825402893797804
10.2357,153.535,3.5406250000000004,-5.040885359746174
10.2357,153.535,3.54375,-5.2432619242631535
10.2357,153.535,3.546875,-5.403570268858279
10.2357,153.535,3.5500000000000003,-5.596489474146886
10.2357,153.535,3.553125,-5.844721585427079
10.2357,153.535,3.5562500000000004,-6.162111786808494
10.2357,153.535,3.559375,-6.47878961707228
10.2357,153.535,3.5625,-6.48623859377722
10.2357,153.535,3.5656250000000003,-6.144905008201631
10.2357,153.535,3.56875,-5.700869172285314
10.2357,153.535,3.5718750000000004,-5.501431282610608
10.2357,153.535,3.575,-5.456369607052535
10.2357,153.535,3.5781250000000004,-5.6486920280119515
10.2357,153.535,3.5812500000000003,-5.998199279561508
10.2357,153.535,3.584375,-6.349988773310019
10.2357,153.535,3.5875000000000004,-6.896979537512916
10.2357,153.535,3.590625,-7.440643930542334
10.2357,153.535,3.5937500000000004,-7.847333572826813
10.2357,153.535,3.5968750000000003,-8.333877512703793
10.2357,153.535,3.6,-8.837256219597805
10.2357,153.535,3.6031250000000004,-9.423440198829368
10.2357,153.535,3.60625,-10.114681461270692
10.2357,153.535,3.6093750000000004,-10.981484329155789
10.2357,153.535,3.6125000000000003,-12.290089042445505
10.2357,153.535,3.615625,-13.364474358963905
10.2357,153.535,3.6187500000000004,-13.040075457238096
10.2357,153.535,3.621875,-12.380937383686923
10.2357,153.535,3.6250000000000004,-11.955407934769385
10.2357,153.535,3.6281250000000003,-11.785553372907156
10.2357,153.535,3.63125,-11.735513183694223
10.2357,153.535,3.6343750000000004,-11.709609248866482
10.2357,153.535,3.6375,-11.717366149711337
10.2357,153.535,3.6406250000000004,-11.3807213154262
10.2357,153.535,3.6437500000000003,-10.98288470988884
10.2357,153.535,3.646875,-10.827173567767915
10.2357,153.535,3.6500000000000004,-10.991607439703742
10.2357,153.535,3.653125,-11.236996954247001
10.2357,153.535,3.6562500000000004,-11.309348394612941
10.2357,153.535,3.6593750000000003,-11.4194174451622
10.2357,153.535,3.6625,-11.678597871127327
10.2357,153.535,3.6656250000000004,-12.077106329592233
10.2357,153.535,3.66875,-12.541025295190389
10.2357,153.535,3.6718750000000004,-13.081101631181351
10.2357,153.535,3.6750000000000003,-13.459546065061563
10.2357,153.535,3.678125,-13.080360184269178
10.2357,153.535,3.6812500000000004,-12.455607867884597
10.2357,153.535,3.684375,-11.892163545258503
10.2357,153.535,3.6875000000000004,-11.223016138258497
10.2357,153.535,3.6906250000000003,-11.028850343853057
10.2357,153.535,3.69375,-10.96881399208867
10.2357,153.535,3.6968750000000004,-10.597269020155078
10.2357,153.535,3.7,-10.200413576205188
10.2357,153.535,3.7031250000000004,-9.791478847440322
10.2357,153.535,3.7062500000000003,-9.636159244794888
10.2357,153.535,3.709375,-9.458110720478265
10.2357,153.535,3.7125000000000004,-9.148479413472597
10.2357,153.535,3.715625,-8.664348827053189
10.2357,153.535,3.7187500000000004,-8.321640997152048
10.2357,153.535,3.7218750000000003,-7.955122878971849
10.2357,153.535,3.725,-7.575714157937906
10.2357,153.535,3.7281250000000004,-7.208485526343415
10.2357,153.535,3.73125,-6.976085038035386
10.2357,153.535,3.7343750000000004,-6.9373617200419595
10.2357,153.535,3.7375000000000003,-6.722380768419592
10.2357,153.535,3.740625,-6.135772404346046
10.2357,153.535,3.7437500000000004,-5.575553801058426
10.2357,153.535,3.746875,-5.1741681082546815
10.2357,153.535,3.7500000000000004,-4.8989418952068595
10.2357,153.535,3.7531250000000003,-4.71279224948791
10.2357,153.535,3.75625,-4.5450786683516595
10.2357,153.535,3.7593750000000004,-4.3778614766550366
10.2357,153.535,3.7625,-4.220940635803235
10.2357,153.535,3.7656250000000004,-4.093906054187193
10.2357,153.535,3.7687500000000003,-3.95724974861494
10.2357,153.535,3.771875,-3.8341665029082197
10.2357,153.535,3.7750000000000004,-3.6941983192726227
10.2357,153.535,3.778125,-3.548115578441215
10.2357,153.535,3.7812500000000004,-3.3779476901885737
10.2357,153.535,3.7843750000000003,-3.2491878464518935
10.2357,153.535,3.7875,-3.1701353910786945
10.2357,153.535,3.7906250000000004,-3.151502486339417
10.2357,153.535,3.79375,-3.201178294518559
10.2357,153.535,3.7968750000000004,-3.2764258878449355
10.2357,153.535,3.8000000000000003,-3.3684671369050663
10.2357,153.535,3.803125,-3.4972761191418456
10.2357,153.535,3.8062500000000004,-3.6028941697266785
10.2357,153.535,3.809375,-3.664784729788097
10.2357,153.535,3.8125000000000004,-3.7230570154931057
10.2357,153.535,3.8156250000000003,-3.717390030246505
10.2357,153.535,3.81875,-3.6550585043037502
10.2357,153.535,3.8218750000000004,-3.6657911710826276
10.2357,153.535,3.825,-3.6979087059312925
10.2357,153.535,3.8281250000000004,-3.742237727548346
10.2357,153.535,3.8312500000000003,-3.8420690304096192
10.2357,153.535,3.834375,-4.183150252031135
10.2357,153.535,3.8375000000000004,-4.58584924128582
10.2357,153.535,3.840625,-4.8280469085478055
10.2357,153.535,3.8437500000000004,-4.931022476313427
10.2357,153.535,3.8468750000000003,-4.968560167521067
10.2357,153.535,3.85,-4.928503169092682
10.2357,153.535,3.8531250000000004,-4.897236192699264
10.2357,153.535,3.85625,-4.90029757330508
10.2357,153.535,3.8593750000000004,-4.894662256242044
10.2357,153.535,3.8625000000000003,-4.919016260155318
10.2357,153.535,3.865625,-4.770020473849294
10.2357,153.535,3.8687500000000004,-4.5270286757593245
10.2357,153.535,3.871875,-4.441645178766113
10.2357,153.535,3.8750000000000004,-4.548070495098899
10.2357,153.535,3.8781250000000003,-4.696869849459223
10.2357,153.535,3.88125,-4.947289137644579
10.2357,153.535,3.8843750000000004,-5.184526946937553
10.2357,153.535,3.8875,-5.283583880179755
10.2357,153.535,3.8906250000000004,-5.246545129661813
10.2357,153.535,3.8937500000000003,-5.167354471560076
10.2357,153.535,3.896875,-5.202645284574009
10.2357,153.535,3.9000000000000004,-5.316728692296431
10.2357,153.535,3.903125,-5.458926746271878
10.2357,153.535,3.9062500000000004,-5.613587968259846
10.2357,153.535,3.9093750000000003,-5.819352100578054
10.2357,153.535,3.9125,-6.177869803289396
10.2357,153.535,3.9156250000000004,-6.555982631816969
10.2357,153.535,3.91875,-6.887679911530479
10.2357,153.535,3.9218750000000004,-7.416996477791425
10.2357,153.535,3.9250000000000003,-8.28364167622292
10.2357,153.535,3.928125,-9.492930906384098
10.2357,153.535,3.9312500000000004,-10.498720919458808
10.2357,153.535,3.934375,-11.341508928603565
10.2357,153.535,3.9375000000000004,-11.659789395772258
10.2357,153.535,3.9406250000000003,-11.909890251828244
10.2357,153.535,3.94375,-11.734141161959553
10.2357,153.535,3.9468750000000004,-10.806194466241095
10.2357,153.535,3.95,-9.268553486214685
10.2357,153.535,3.9531250000000004,-7.700784488069856
10.2357,153.535,3.9562500000000003,-6.413485433979736
10.2357,153.535,3.959375,-5.610191786559668
10.2357,153.535,3.9625000000000004,-5.238629248962852
10.2357,153.535,3.965625,-4.885989168534618
10.2357,153.535,3.9687500000000004,-4.5502236135549525
10.2357,153.535,3.9718750000000003,-4.567445572101506
10.2357,153.535,3.975,-4.723804887555846
10.2357,153.535,3.9781250000000004,-4.822428213042439
10.2357,153.535,3.98125,-5.165425929146928
10.2357,153.535,3.9843750000000004,-5.6854657604354655
10.2357,153.535,3.9875000000000003,-5.5457805719952855
10.2357,153.535,3.990625,-5.35499568466361
10.2357,153.535,3.9937500000000004,-5.285191551218974
10.2357,153.535,3.996875,-5.3281188972775535
10.2357,153.535,4,-5.381991199563306
10.2357,153.535,4.003125,-5.505991810453963
10.2357,153.535,4.0062500000000005,-5.632586730017856
10.2357,153.535,4.009375,-5.989416681528972
10.2357,153.535,4.0125,-6.264118225976608
10.2357,153.535,4.015625,-6.283310862971106
10.2357,153.535,4.01875,-5.947871982685898
10.2357,153.535,4.0218750000000005,-5.576921433638602
10.2357,153.535,4.025,-5.510080941468104
10.2357,153.535,4.028125,-5.766317760742904
10.2357,153.535,4.03125,-6.4689943493432525
10.2357,153.535,4.034375,-7.334585268074493
10.2357,153.535,4.0375000000000005,-7.901723856819375
10.2357,153.535,4.040625,-8.394317934912998
10.2357,153.535,4.04375,-7.843213308222049
10.2357,153.535,4.046875,-6.967231312571634
10.2357,153.535,4.05,-6.509482678629455
10.2357,153.535,4.0531250000000005,-6.602070106580476
10.2357,153.535,4.05625,-6.888117133081999
10.2357,153.535,4.059375,-7.547219697849862
10.2357,153.535,4.0625,-7.909747699058004
10.2357,153.535,4.065625,-7.7604113756422315
10.2357,153.535,4.0687500000000005,-8.210114235600521
10.2357,153.535,4.071875,-8.240192743430782
10.2357,153.535,4.075,-8.033189893365368
10.2357,153.535,4.078125,-7.961018546277475
10.2357,153.535,4.08125,-8.269824401576297
10.2357,153.535,4.0843750000000005,-8.482156902828763
10.2357,153.535,4.0875,-7.443567284878435
10.2357,153.535,4.090625,-7.124728181514142
10.2357,153.535,4.09375,-7.606460121384493
10.2357,153.535,4.096875,-8.355938648371513
10.2357,153.535,4.1000000000000005,-7.849808127867375
10.2357,153.535,4.103125,-7.19828912926161
10.2357,153.535,4.10625,-7.5621399907855915
10.2357,153.535,4.109375,-7.407860537167301
10.2357,153.535,4.1125,-7.009816403808275
10.2357,153.535,4.1156250000000005,-7.181041767305533
10.2357,153.535,4.11875,-7.359337647395915
10.2357,153.535,4.121875,-7.163721929445489
10.2357,153.535,4.125,-7.273239746203321
10.2357,153.535,4.128125,-7.288353633143684
10.2357,153.535,4.1312500000000005,-7.4260745565584765
10.2357,153.535,4.134375,-7.514721632584635
10.2357,153.535,4.1375,-7.649682440011981
10.2357,153.535,4.140625,-7.800768410768959
10.2357,153.535,4.14375,-7.964275905874706
10.2357,153.535,4.1468750000000005,-8.135187286564769
10.2357,153.535,4.15,-8.30078634417209
10.2357,153.535,4.153125,-8.454485022248363
10.2357,153.535,4.15625,-8.578879103813806
10.2357,153.535,4.159375,-8.67660929197524
10.2357,153.535,4.1625000000000005,-8.733316737082113
10.2357,153.535,4.165625,-8.740535258107133
10.2357,153.535,4.16875,-8.710578583031038
10.2357,153.535,4.171875,-8.638012270350368
10.2357,153.535,4.175,-8.537593397492833
10.2357,153.535,4.1781250000000005,-8.419346041394853
10.2357,153.535,4.18125,-8.279229178310048
10.2357,153.535,4.184375,-8.133805266812452
10.2357,153.535,4.1875,-7.992687986105713
10.2357,153.535,4.190625,-7.861372590687036
10.2357,153.535,4.1937500000000005,-7.7427003263049805
10.2357,153.535,4.196875,-7.644628294247962
10.2357,153.535,4.2,-7.580288363423518
10.2357,153.535,4.203125,-7.5328202736596115
10.2357,153.535,4.20625,-7.505956151668608
10.2357,153.535,4.2093750000000005,-7.506932975144608
10.2357,153.535,4.2125,-7.538793555751052
10.2357,153.535,4.215625,-7.595379739839765
10.2357,153.535,4.21875,-7.676729891515058
10.2357,153.535,4.221875,-7.781545256435926
10.2357,153.535,4.2250000000000005,-7.921541235830512
10.2357,153.535,4.228125,-8.074063917477915
10.2357,153.535,4.23125,-8.23857576927635
10.2357,153.535,4.234375,-8.43178528879992
10.2357,153.535,4.2375,-8.618032424767527
10.2357,153.535,4.2406250000000005,-8.81642104676705
10.2357,153.535,4.24375,-8.984754916426978
10.2357,153.535,4.246875,-9.14632986859903
10.2357,153.535,4.25,-9.271419404552667
10.2357,153.535,4.253125,-9.347443408987564
10.2357,153.535,4.2562500000000005,-9.39130806493391
10.2357,153.535,4.259375,-9.37697339738232
10.2357,153.535,4.2625,-9.315494830116357
10.2357,153.535,4.265625,-9.214223207562881
10.2357,153.535,4.26875,-9.089341354094177
10.2357,153.535,4.2718750000000005,-8.94920832194455
10.2357,153.535,4.275,-8.783930775864041
10.2357,153.535,4.278125,-8.621033741434665
10.2357,153.535,4.28125,-8.470254820941742
10.2357,153.535,4.284375000000001,-8.319319669403491
10.2357,153.535,4.2875000000000005,-8.197151838248587
10.2357,153.535,4.290625,-8.09638033901761
10.2357,153.535,4.29375,-8.030203907207342
10.2357,153.535,4.296875,-7.982518988314245
10.2357,153.535,4.300000000000001,-7.966811508511334
10.2357,153.535,4.3031250000000005,-7.978302068002797
10.2357,153.535,4.30625,-8.025025858633043
10.2357,153.535,4.309375,-8.09156095419888
10.2357,153.535,4.3125,-8.193220243964761
10.2357,153.535,4.315625000000001,-8.30798523155754
10.2357,153.535,4.3187500000000005,-8.446884977061664
10.2357,153.535,4.321875,-8.59076978339635
10.2357,153.535,4.325,-8.742187191584566
10.2357,153.535,4.328125,-8.892442625641303
10.2357,153.535,4.331250000000001,-9.008410351671227
10.2357,153.535,4.3343750000000005,-9.111612396840785
10.2357,153.535,4.3375,-9.183605041112813
10.2357,153.535,4.340625,-9.196495981547399
10.2357,153.535,4.34375,-9.166545112524831
10.2357,153.535,4.346875000000001,-9.084262671171015
10.2357,153.535,4.3500000000000005,-8.945754266503647
10.2357,153.535,4.353125,-8.763079483739164
10.2357,153.535,4.35625,-8.531858714200563
10.2357,153.535,4.359375,-8.293245332476364
10.2357,153.535,4.362500000000001,-8.034523995675212
10.2357,153.535,4.3656250000000005,-7.786940067862009
10.2357,153.535,4.36875,-7.5643660702600934
10.2357,153.535,4.371875,-7.386375572532571
10.2357,153.535,4.375,-7.241894270529963
10.2357,153.535,4.378125000000001,-7.119034692991693
10.2357,153.535,4.3812500000000005,-7.023883041667095
10.2357,153.535,4.384375,-6.950591354828553
10.2357,153.535,4.3875,-6.901620994240333
10.2357,153.535,4.390625,-6.879824741030944
10.2357,153.535,4.393750000000001,-6.893617900184247
10.2357,153.535,4.3968750000000005,-6.925754210286738
10.2357,153.535,4.4,-6.98238418392004
10.2357,153.535,4.403125,-7.080066250506216
10.2357,153.535,4.40625,-7.199584679626687
10.2357,153.535,4.409375000000001,-7.335959987957029
10.2357,153.535,4.4125000000000005,-7.488283991558921
10.2357,153.535,4.415625,-7.661733466607785
10.2357,153.535,4.41875,-7.838037644914455
10.2357,153.535,4.421875,-8.00159799516537
10.2357,153.535,4.425000000000001,-8.164123067004674
10.2357,153.535,4.4281250000000005,-8.310942676095294
10.2357,153.535,4.43125,-8.442707636160863
10.2357,153.535,4.434375,-8.54371163097941
10.2357,153.535,4.4375,-8.506586550806189
10.2357,153.535,4.440625000000001,-8.37366599350808
10.2357,153.535,4.4437500000000005,-8.238323975423397
10.2357,153.535,4.446875,-8.073151032090305
10.2357,153.535,4.45,-7.886906441760826
10.2357,153.535,4.453125,-7.6840913250070875
10.2357,153.535,4.456250000000001,-7.492152815315377
10.2357,153.535,4.4593750000000005,-7.3021042383106725
10.2357,153.535,4.4625,-7.132571585457259
10.2357,153.535,4.465625,-6.977189199298231
10.2357,153.535,4.46875,-6.841561847397518
10.2357,153.535,4.471875000000001,-6.729877315970942
10.2357,153.535,4.4750000000000005,-6.642289857024123
10.2357,153.535,4.478125,-6.569153143339985
10.2357,153.535,4.48125,-6.5140671006997
10.2357,153.535,4.484375,-6.487648798034742
10.2357,153.535,4.487500000000001,-6.482124580237815
10.2357,153.535,4.4906250000000005,-6.493810650806279
10.2357,153.535,4.49375,-6.535385333129405
10.2357,153.535,4.496875,-6.584626487352043
10.2357,153.535,4.5,-6.646780952363816
10.2357,153.535,4.503125000000001,-6.718712100983597
10.2357,153.535,4.5062500000000005,-6.794877000868697
10.2357,153.535,4.509375,-6.87326280874322
10.2357,153.535,4.5125,-6.939748870343569
10.2357,153.535,4.515625,-6.995909116404463
10.2357,153.535,4.518750000000001,-7.032719880342498
10.2357,153.535,4.5218750000000005,-7.037413025140014
10.2357,153.535,4.525,-7.019290121528195
10.2357,153.535,4.528125,-6.9699241058747745
10.2357,153.535,4.53125,-6.893299580245929
10.2357,153.535,4.534375000000001,-6.8109927709285865
10.2357,153.535,4.5375000000000005,-6.74999767413412
10.2357,153.535,4.540625,-6.710141313792719
10.2357,153.535,4.54375,-6.565473848363651
10.2357,153.535,4.546875,-6.309258111903876
10.2357,153.535,4.550000000000001,-6.049514689986257
10.2357,153.535,4.5531250000000005,-5.819642081858287
10.2357,153.535,4.55625,-5.623244560368387
10.2357,153.535,4.559375,-5.460980886583258
10.2357,153.535,4.5625,-5.316874958084985
10.2357,153.535,4.565625000000001,-5.198281410214794
10.2357,153.535,4.5687500000000005,-5.09196857751634
10.2357,153.535,4.571875,-5.002960038129826
10.2357,153.535,4.575,-4.936526379130301
10.2357,153.535,4.578125,-4.895306339631923
10.2357,153.535,4.581250000000001,-4.88093742655518
10.2357,153.535,4.5843750000000005,-4.883533841673573
10.2357,153.535,4.5875,-4.903946520643333
10.2357,153.535,4.590625,-4.941722842236994
10.2357,153.535,4.59375,-4.995196548359752
10.2357,153.535,4.596875000000001,-5.055712326179417
10.2357,153.535,4.6000000000000005,-5.125443261967657
10.2357,153.535,4.603125,-5.188702412131142
10.2357,153.535,4.60625,-5.248875074474579
10.2357,153.535,4.609375,-5.296650455369233
10.2357,153.535,4.612500000000001,-5.330646207495683
10.2357,153.535,4.6156250000000005,-5.357464363186684
10.2357,153.535,4.61875,-5.3578580571514545
10.2357,153.535,4.621875,-5.338816770649332
10.2357,153.535,4.625,-5.287644701049126
10.2357,153.535,4.628125000000001,-5.220969523233714
10.2357,153.535,4.6312500000000005,-5.130710262974078
10.2357,153.535,4.634375,-5.024519332252419
10.2357,153.535,4.6375,-4.914443636692688
10.2357,153.535,4.640625,-4.7967608861131685
10.2357,153.535,4.643750000000001,-4.666872133673285
10.2357,153.535,4.6468750000000005,-4.547877488829353
10.2357,153.535,4.65,-4.430376544719967
10.2357,153.535,4.653125,-4.314425086536156
10.2357,153.535,4.65625,-4.211534477704979
10.2357,153.535,4.659375000000001,-4.124997700896737
10.2357,153.535,4.6625000000000005,-4.04801990722558
10.2357,153.535,4.665625,-3.9825398690863527
10.2357,153.535,4.66875,-3.9303883102305557
10.2357,153.535,4.671875,-3.896680494476427
10.2357,153.535,4.675000000000001,-3.8740026464453474
10.2357,153.535,4.6781250000000005,-3.8547826406709227
10.2357,153.535,4.68125,-3.8563257232864876
10.2357,153.535,4.684375,-3.922762567669232
10.2357,153.535,4.6875,-3.9992830345253942
10.2357,153.535,4.690625000000001,-4.051870920806527
10.2357,153.535,4.6937500000000005,-4.0946452401483935
10.2357,153.535,4.696875,-4.129353010012227
10.2357,153.535,4.7,-4.157744385476654
10.2357,153.535,4.703125,-4.165849264323143
10.2357,153.535,4.706250000000001,-4.156409103063447
10.2357,153.535,4.7093750000000005,-4.121464384570773
10.2357,153.535,4.7125,-4.061822015947368
10.2357,153.535,4.715625,-3.981907786706863
10.2357,153.535,4.71875,-3.8894690139175574
10.2357,153.535,4.721875000000001,-3.772694368443228
10.2357,153.535,4.7250000000000005,-3.6501371788743047
10.2357,153.535,4.728125,-3.5281070834430595
10.2357,153.535,4.73125,-3.401518271429389
10.2357,153.535,4.734375,-3.2779483346361866
10.2357,153.535,4.737500000000001,-3.1646653060205985
10.2357,153.535,4.7406250000000005,-3.059716694508592
10.2357,153.535,4.74375,-2.967786643966362
10.2357,153.535,4.746875,-2.888243614421071
10.2357,153.535,4.75,-2.820544538479686
10.2357,153.535,4.753125000000001,-2.769264469832891
10.2357,153.535,4.7562500000000005,-2.723867925040539
10.2357,153.535,4.759375,-2.6952020148377125
10.2357,153.535,4.7625,-2.675544162139147
10.2357,153.535,4.765625,-2.6724660372125215
10.2357,153.535,4.768750000000001,-2.6749378266914343
10.2357,153.535,4.7718750000000005,-2.6925565610555195
10.2357,153.535,4.775,-2.717901663547779
10.2357,153.535,4.778125,-2.7505097932930673
10.2357,153.535,4.78125,-2.7905426087870735
10.2357,153.535,4.784375000000001,-2.8401402723161286
10.2357,153.535,4.7875000000000005,-2.8919463985841216
10.2357,153.535,4.790625,-2.947092462106122
10.2357,153.535,4.79375,-2.994710772504787
10.2357,153.535,4.796875,-3.0389288576187217
10.2357,153.535,4.800000000000001,-3.0719058131376755
10.2357,153.535,4.8031250000000005,-3.0899433118078754
10.2357,153.535,4.80625,-3.0990941645945593
10.2357,153.535,4.809375,-3.0878598874107994
10.2357,153.535,4.8125,-3.059847166007794
10.2357,153.535,4.815625000000001,-3.021162921525491
10.2357,153.535,4.8187500000000005,-2.973596478534619
10.2357,153.535,4.821875,-2.919748711920133
10.2357,153.535,4.825,-2.8606270073085933
10.2357,153.535,4.828125,-2.8022760352437737
10.2357,153.535,4.831250000000001,-2.7528970957374463
10.2357,153.535,4.8343750000000005,-2.708456973829025
10.2357,153.535,4.8375,-2.6762932337373284
10.2357,153.535,4.840625,-2.6549670065897732
10.2357,153.535,4.84375,-2.6461750735638825
10.2357,153.535,4.846875000000001,-2.6536562137911406
10.2357,153.535,4.8500000000000005,-2.6703699528645712
10.2357,153.535,4.853125,-2.701989868100066
10.2357,153.535,4.85625,-2.7426832453298386
10.2357,153.535,4.859375,-2.797371467263825
10.2357,153.535,4.862500000000001,-2.86173383010671
10.2357,153.535,4.8656250000000005,-2.938225539272219
10.2357,153.535,4.86875,-3.019892711960014
10.2357,153.535,4.871875,-3.104286659200248
10.2357,153.535,4.875,-3.1923499469727927
10.2357,153.535,4.878125000000001,-3.2737349895640335
10.2357,153.535,4.8812500000000005,-3.3521040228919308
10.2357,153.535,4.884375,-3.420563085509305
10.2357,153.535,4.8875,-3.4794959404083747
10.2357,153.535,4.890625,-3.5212793221675187
10.2357,153.535,4.893750000000001,-3.5400676600738312
10.2357,153.535,4.8968750000000005,-3.546490813851557
10.2357,153.535,4.9,-3.5253045564199543
10.2357,153.535,4.903125,-3.4898286586230465
10.2357,153.535,4.90625,-3.4378531023917285
10.2357,153.535,4.909375000000001,-3.371916929566649
10.2357,153.535,4.9125000000000005,-3.3012911546361012
10.2357,153.535,4.915625,-3.222431553201552
10.2357,153.535,4.91875,-3.148665670861025
10.2357,153.535,4.921875,-3.0792209396824113
10.2357,153.535,4.925000000000001,-3.0126599560816163
10.2357,153.535,4.9281250000000005,-2.95587256086423
10.2357,153.535,4.93125,-2.9084611086004744
10.2357,153.535,4.934375,-2.874360568449068
10.2357,153.535,4.9375,-2.8588818232427786
10.2357,153.535,4.940625000000001,-2.8581653113709615
10.2357,153.535,4.9437500000000005,-2.8756957489901183
10.2357,153.535,4.946875,-2.904684832367826
10.2357,153.535,4.95,-2.9527884950981
10.2357,153.535,4.953125,-3.014610377659308
10.2357,153.535,4.956250000000001,-3.0862999986938306
10.2357,153.535,4.9593750000000005,-3.1733311634786165
10.2357,153.535,4.9625,-3.266289319817404
10.2357,153.535,4.965625,-3.37053270377712
10.2357,153.535,4.96875,-3.4730231076476903
10.2357,153.535,4.971875000000001,-3.572629767809688
10.2357,153.535,4.9750000000000005,-3.6744493550659776
10.2357,153.535,4.978125,-3.7621294603181656
10.2357,153.535,4.98125,-3.8416021773764353
10.2357,153.535,4.984375,-3.899762211635788
10.2357,153.535,4.987500000000001,-3.9390056487805007
10.2357,153.535,4.9906250000000005,-3.948683780801911
10.2357,153.535,4.99375,-3.934496702601955
10.2357,153.535,4.996875,-3.9071497523104606
10.2357,153.535,5,-3.8612689659572075
10.2357,153.535,5.003125000000001,-3.7996242100215043
10.2357,153.535,5.0062500000000005,-3.755888677926342
10.2357,153.535,5.009375,-3.7037093119819113
10.2357,153.535,5.0125,-3.6524915244470124
10.2357,153.535,5.015625,-3.6103817520420978
10.2357,153.535,5.018750000000001,-3.5755312204640584
10.2357,153.535,5.0218750000000005,-3.5477018181949527
10.2357,153.535,5.025,-3.5363515831949863
10.2357,153.535,5.028125,-3.540303303583674
10.2357,153.535,5.03125,-3.560705636855275
10.2357,153.535,5.034375000000001,-3.5937699926935966
10.2357,153.535,5.0375000000000005,-3.6488672666241984
10.2357,153.535,5.040625,-3.72041531616022
10.2357,153.535,5.04375,-3.806477405429764
10.2357,153.535,5.046875,-3.9072038370741624
10.2357,153.535,5.050000000000001,-4.021565447017392
10.2357,153.535,5.0531250000000005,-4.156646040452277
10.2357,153.535,5.05625,-4.293384154160755
10.2357,153.535,5.059375,-4.43428405065198
10.2357,153.535,5.0625,-4.579816412659184
10.2357,153.535,5.065625000000001,-4.7207156557942165
10.2357,153.535,5.0687500000000005,-4.8559907797696695
10.2357,153.535,5.071875,-4.967426701571201
10.2357,153.535,5.075,-5.057478997867935
10.2357,153.535,5.078125,-5.114719340553526
10.2357,153.535,5.081250000000001,-5.132903958843329
10.2357,153.535,5.0843750000000005,-5.113810554013714
10.2357,153.535,5.0875,-5.066778653586123
10.2357,153.535,5.090625,-4.9897843313708155
10.2357,153.535,5.09375,-4.897842404878547
10.2357,153.535,5.096875000000001,-4.794214641852444
10.2357,153.535,5.1000000000000005,-4.697907651511829
10.2357,153.535,5.103125,-4.600273239430635
10.2357,153.535,5.10625,-4.490800080123757
10.2357,153.535,5.109375,-4.364345701650948
10.2357,153.535,5.112500000000001,-4.245872135584911
10.2357,153.535,5.1156250000000005,-4.146095138279984
10.2357,153.535,5.11875,-4.081309980082329
10.2357,153.535,5.121875,-4.041199617376924
10.2357,153.535,5.125,-4.0252190235085745
10.2357,153.535,5.128125000000001,-4.031323668963418
10.2357,153.535,5.1312500000000005,-4.057014968573418
10.2357,153.535,5.134375,-4.104607933633825
10.2357,153.535,5.1375,-4.162667265469973
10.2357,153.535,5.140625,-4.240955671578697
10.2357,153.535,5.143750000000001,-4.32724639880269
10.2357,153.535,5.1468750000000005,-4.425606801513985
10.2357,153.535,5.15,-4.520600126073156
10.2357,153.535,5.153125,-4.630362313403982
10.2357,153.535,5.15625,-4.7362125951232334
10.2357,153.535,5.159375000000001,-4.846301236926288
10.2357,153.535,5.1625000000000005,-4.944710578874028
10.2357,153.535,5.165625,-5.031900319618758
10.2357,153.535,5.16875,-5.096073618038375
10.2357,153.535,5.171875,-5.146951862057368
10.2357,153.535,5.175000000000001,-5.171553389704785
10.2357,153.535,5.1781250000000005,-5.160084878947129
10.2357,153.535,5.18125,-5.125152699252492
10.2357,153.535,5.184375,-5.070183669499181
10.2357,153.535,5.1875,-4.996492850773411
10.2357,153.535,5.190625000000001,-4.9124689815445635
10.2357,153.535,5.1937500000000005,-4.821731784612401
10.2357,153.535,5.196875,-4.73894876798677
10.2357,153.535,5.2,-4.668574166709965
10.2357,153.535,5.203125,-4.597066221025468
10.2357,153.535,5.206250000000001,-4.540976022642972
10.2357,153.535,5.2093750000000005,-4.49679548258673
10.2357,153.535,5.2125,-4.468182560671562
10.2357,153.535,5.215625,-4.458667558570107
10.2357,153.535,5.21875,-4.475424543103569
10.2357,153.535,5.221875000000001,-4.527488849625898
10.2357,153.535,5.2250000000000005,-4.598162209394763
10.2357,153.535,5.228125,-4.7001203587528595
10.2357,153.535,5.23125,-4.838475765668931
10.2357,153.535,5.234375,-4.990273281349258
10.2357,153.535,5.237500000000001,-5.177883951383807
10.2357,153.535,5.2406250000000005,-5.378802257379115
10.2357,153.535,5.24375,-5.621845971040361
10.2357,153.535,5.246875,-5.885701776616589
10.2357,153.535,5.25,-6.179641995546649
10.2357,153.535,5.253125000000001,-6.5408675832460474
10.2357,153.535,5.2562500000000005,-6.983717203298777
10.2357,153.535,5.259375,-7.610625547784357
10.2357,153.535,5.2625,-8.59277945700121
10.2357,153.535,5.265625,-10.157609155425863
10.2357,153.535,5.268750000000001,-11.269731383667763
10.2357,153.535,5.2718750000000005,-9.871686883000924
10.2357,153.535,5.275,-8.217297254619936
10.2357,153.535,5.278125,-7.247071956359006
10.2357,153.535,5.28125,-6.679603579874595
10.2357,153.535,5.284375000000001,-6.2825801741797935
10.2357,153.535,5.2875000000000005,-5.97583473887397
10.2357,153.535,5.290625,-5.715123164292782
10.2357,153.535,5.29375,-5.497048797079389
10.2357,153.535,5.296875,-5.313595314228639
10.2357,153.535,5.300000000000001,-5.164791241957411
10.2357,153.535,5.3031250000000005,-5.048344271488366
10.2357,153.535,5.30625,-4.965424797687308
10.2357,153.535,5.309375,-4.9105457751599495
10.2357,153.535,5.3125,-4.882727375616372
10.2357,153.535,5.315625000000001,-4.876408822544912
10.2357,153.535,5.3187500000000005,-4.898000489631522
10.2357,153.535,5.321875,-4.9413132147228325
10.2357,153.535,5.325,-5.009552073502994
10.2357,153.535,5.328125,-5.080074120821307
10.2357,153.535,5.331250000000001,-5.162966047073462
10.2357,153.535,5.3343750000000005,-5.247641588457874
10.2357,153.535,5.3375,-5.3371823389317345
10.2357,153.535,5.340625,-5.425509916990528
10.2357,153.535,5.34375,-5.513693103012107
10.2357,153.535,5.346875000000001,-5.590937632010146
10.2357,153.535,5.3500000000000005,-5.65717939662987
10.2357,153.535,5.353125,-5.695461441953897
10.2357,153.535,5.35625,-5.71236067596136
10.2357,153.535,5.359375,-5.68467370668283
10.2357,153.535,5.362500000000001,-5.6327907610135615
10.2357,153.535,5.3656250000000005,-5.5506269124043515
10.2357,153.535,5.36875,-5.445343316046083
10.2357,153.535,5.371875,-5.314908700610582
10.2357,153.535,5.375,-5.18295765480036
10.2357,153.535,5.378125000000001,-5.039090632048805
10.2357,153.535,5.3812500000000005,-4.910824252178464
10.2357,153.535,5.384375,-4.786819136747983
10.2357,153.535,5.3875,-4.683405699048234
10.2357,153.535,5.390625,-4.601217339511723
10.2357,153.535,5.393750000000001,-4.533442992522235
10.2357,153.535,5.3968750000000005,-4.4926260044965876
10.2357,153.535,5.4,-4.4735032837222475
10.2357,153.535,5.403125,-4.478884007305957
10.2357,153.535,5.40625,-4.509076445207717
10.2357,153.535,5.409375000000001,-4.552813617488345
10.2357,153.535,5.4125000000000005,-4.622513934824355
10.2357,153.535,5.415625,-4.708197955404348
10.2357,153.535,5.41875,-4.81633367023024
10.2357,153.535,5.421875,-4.9360373906623565
10.2357,153.535,5.425000000000001,-5.064357942924142
10.2357,153.535,5.4281250000000005,-5.215672561034609
10.2357,153.535,5.43125,-5.3646289825731595
10.2357,153.535,5.434375,-5.52279925088947
10.2357,153.535,5.4375,-5.67271758207338
10.2357,153.535,5.440625000000001,-5.798332555789527
10.2357,153.535,5.4437500000000005,-5.911402828671358
10.2357,153.535,5.446875,-5.9967640831784275
10.2357,153.535,5.45,-6.038629459245143
10.2357,153.535,5.453125,-6.043132727543763
10.2357,153.535,5.456250000000001,-6.012085814146819
10.2357,153.535,5.4593750000000005,-5.936013933267067
10.2357,153.535,5.4625,-5.82616746152561
10.2357,153.535,5.465625,-5.69616137891199
10.2357,153.535,5.46875,-5.540591123810613
10.2357,153.535,5.471875000000001,-5.382638076997565
10.2357,153.535,5.4750000000000005,-5.221390720833198
10.2357,153.535,5.478125,-5.066014340989681
10.2357,153.535,5.48125,-4.9326283997981655
10.2357,153.535,5.484375,-4.817067395015574
10.2357,153.535,5.487500000000001,-4.72562808265656
10.2357,153.535,5.4906250000000005,-4.665526720162613
10.2357,153.535,5.49375,-4.629113302407422
10.2357,153.535,5.496875,-4.615997207950052
10.2357,153.535,5.5,-4.632291536047798
10.2357,153.535,5.503125000000001,-4.666118262061543
10.2357,153.535,5.5062500000000005,-4.720328437107353
10.2357,153.535,5.509375,-4.7887585553019445
10.2357,153.535,5.5125,-4.873408430858336
10.2357,153.535,5.515625,-4.959383581599626
10.2357,153.535,5.518750000000001,-5.042708081049298
10.2357,153.535,5.5218750000000005,-5.125905735252062
10.2357,153.535,5.525,-5.201914306406849
10.2357,153.535,5.528125,-5.2575977511882686
10.2357,153.535,5.53125,-5.296965014843472
10.2357,153.535,5.534375000000001,-5.3075849150357
10.2357,153.535,5.5375000000000005,-5.292855274147237
10.2357,153.535,5.540625,-5.251175034177375
10.2357,153.535,5.54375,-5.1761706973762145
10.2357,153.535,5.546875,-5.080215011671529
10.2357,153.535,5.550000000000001,-4.962446502911554
10.2357,153.535,5.5531250000000005,-4.824978487943824
10.2357,153.535,5.55625,-4.6859094872389715
10.2357,153.535,5.559375,-4.543190918494427
10.2357,153.535,5.5625,-4.398734101766727
10.2357,153.535,5.565625000000001,-4.265590946567654
10.2357,153.535,5.5687500000000005,-4.148946879795657
10.2357,153.535,5.571875,-4.046258998411219
10.2357,153.535,5.575,-3.961900630370294
10.2357,153.535,5.578125,-3.905112492301959
10.2357,153.535,5.581250000000001,-3.8690688745536423
10.2357,153.535,5.5843750000000005,-3.8479948555772543
10.2357,153.535,5.5875,-3.8555720736820005
10.2357,153.535,5.590625,-3.8851001202794415
10.2357,153.535,5.59375,-3.9335442465466324
10.2357,153.535,5.596875000000001,-4.005551477315548
10.2357,153.535,5.6000000000000005,-4.1011024025345355
10.2357,153.535,5.603125,-4.2004870971614094
10.2357,153.535,5.60625,-4.317230471097485
10.2357,153.535,5.609375,-4.439494179363815
10.2357,153.535,5.612500000000001,-4.5664244930523
10.2357,153.535,5.6156250000000005,-4.690968793642128
10.2357,153.535,5.61875,-4.809854315648457
10.2357,153.535,5.621875,-4.909504522892228
10.2357,153.535,5.625,-4.991128715932824
10.2357,153.535,5.628125000000001,-5.04252407551812
10.2357,153.535,5.6312500000000005,-5.055380440211417
10.2357,153.535,5.634375,-5.033192222058701
10.2357,153.535,5.6375,-4.974849479351857
10.2357,153.535,5.640625,-4.884012466687706
10.2357,153.535,5.643750000000001,-4.76657423356696
10.2357,153.535,5.6468750000000005,-4.628068813107867
10.2357,153.535,5.65,-4.480469546261511
10.2357,153.535,5.653125,-4.333160086183236
10.2357,153.535,5.65625,-4.194285822126258
10.2357,153.535,5.659375000000001,-4.063509142721269
10.2357,153.535,5.6625000000000005,-3.955064527973358
10.2357,153.535,5.665625,-3.865107028195677
10.2357,153.535,5.66875,-3.8012843851406646
10.2357,153.535,5.671875,-3.7495168137262307
10.2357,153.535,5.675000000000001,-3.7265518155017494
10.2357,153.535,5.6781250000000005,-3.725173861412387
10.2357,153.535,5.68125,-3.742440984372604
10.2357,153.535,5.684375,-3.773827286330926
10.2357,153.535,5.6875,-3.8255812797201463
10.2357,153.535,5.690625000000001,-3.8875535293520387
10.2357,153.535,5.6937500000000005,-3.9588663670941573
10.2357,153.535,5.696875,-4.026597791030836
10.2357,153.535,5.7,-4.094698718551989
10.2357,153.535,5.703125,-4.171460729311099
10.2357,153.535,5.706250000000001,-4.2321029769287595
10.2357,153.535,5.7093750000000005,-4.279989564087928
10.2357,153.535,5.7125,-4.304255320045748
10.2357,153.535,5.715625,-4.303852530060578
10.2357,153.535,5.71875,-4.278119127131566
10.2357,153.535,5.721875000000001,-4.225761078935115
10.2357,153.535,5.7250000000000005,-4.152115521899388
10.2357,153.535,5.728125,-4.0533062028867075
10.2357,153.535,5.73125,-3.923602054495661
10.2357,153.535,5.734375,-3.779224905400167
10.2357,153.535,5.737500000000001,-3.621354367334958
10.2357,153.535,5.7406250000000005,-3.4646855915134873
10.2357,153.535,5.74375,-3.315066022881715
10.2357,153.535,5.746875,-3.178694874835923
10.2357,153.535,5.75,-3.056719375429498
10.2357,153.535,5.753125000000001,-2.9472744087054044
10.2357,153.535,5.7562500000000005,-2.866227151589556
10.2357,153.535,5.759375,-2.808933459508705
10.2357,153.535,5.7625,-2.779307118798008
10.2357,153.535,5.765625,-2.7677989045121603
10.2357,153.535,5.768750000000001,-2.7908384481837927
10.2357,153.535,5.7718750000000005,-2.8263536190332648
10.2357,153.535,5.775,-2.8807337392706334
10.2357,153.535,5.778125,-2.9488356673973657
10.2357,153.535,5.78125,-3.039198597588305
10.2357,153.535,5.784375000000001,-3.1315223505769216
10.2357,153.535,5.7875000000000005,-3.231161596140514
10.2357,153.535,5.790625,-3.3327140523270553
10.2357,153.535,5.79375,-3.4240558578843734
10.2357,153.535,5.796875,-3.507337898945063
10.2357,153.535,5.800000000000001,-3.576392736846982
10.2357,153.535,5.8031250000000005,-3.6292671804421044
10.2357,153.535,5.80625,-3.658557737789047
10.2357,153.535,5.809375,-3.667475544718336
10.2357,153.535,5.8125,-3.6415679848614375
10.2357,153.535,5.815625000000001,-3.60379105712438
10.2357,153.535,5.8187500000000005,-3.528684883645435
10.2357,153.535,5.821875,-3.4418521136586966
10.2357,153.535,5.825,-3.3392494841995806
10.2357,153.535,5.828125,-3.2205874475816043
10.2357,153.535,5.831250000000001,-3.1017461888998494
10.2357,153.535,5.8343750000000005,-2.97576424773353
10.2357,153.535,5.8375,-2.862850721497437
10.2357,153.535,5.840625,-2.7630760790162006
10.2357,153.535,5.84375,-2.681896288237389
10.2357,153.535,5.846875000000001,-2.62077386841331
10.2357,153.535,5.8500000000000005,-2.580498556112491
10.2357,153.535,5.853125,-2.557987378851698
10.2357,153.535,5.85625,-2.5643229869934325
10.2357,153.535,5.859375,-2.5953770319288805
10.2357,153.535,5.862500000000001,-2.6402689167291946
10.2357,153.535,5.8656250000000005,-2.7096486690445767
10.2357,153.535,5.86875,-2.790838965680919
10.2357,153.535,5.871875,-2.878807237205929
10.2357,153.535,5.875,-2.97591503146153
10.2357,153.535,5.878125000000001,-3.0686207311147844
10.2357,153.535,5.8812500000000005,-3.1661635519685456
10.2357,153.535,5.884375,-3.2513783427106624
10.2357,153.535,5.8875,-3.3196544909999752
10.2357,153.535,5.890625,-3.378063279729262
10.2357,153.535,5.893750000000001,-3.4077226257053965
10.2357,153.535,5.8968750000000005,-3.4163199036953458
10.2357,153.535,5.9,-3.3869795455227574
10.2357,153.535,5.903125,-3.3240479794664948
10.2357,153.535,5.90625,-3.2373661317501687
10.2357,153.535,5.909375000000001,-3.1127621935731153
10.2357,153.535,5.9125000000000005,-2.9746133690045014
10.2357,153.535,5.915625,-2.819763869902598
10.2357,153.535,5.91875,-2.662564760486719
10.2357,153.535,5.921875,-2.500543787145638
10.2357,153.535,5.925000000000001,-2.347917111166411
10.2357,153.535,5.9281250000000005,-2.213334411006312
10.2357,153.535,5.93125,-2.0974257782678856
10.2357,153.535,5.934375,-2.0071075189457592
10.2357,153.535,5.9375,-1.9411122971789494
10.2357,153.535,5.940625000000001,-1.9056593573749827
10.2357,153.535,5.9437500000000005,-1.891669297970315
10.2357,153.535,5.946875,-1.9015825495398342
10.2357,153.535,5.95,-1.9363609476399246
10.2357,153.535,5.953125,-1.9887896989926401
10.2357,153.535,5.956250000000001,-2.060794810287986
10.2357,153.535,5.9593750000000005,-2.146261141952225
10.2357,153.535,5.9625,-2.242300228611505
10.2357,153.535,5.965625,-2.3489318184790458
10.2357,153.535,5.96875,-2.455623398846841
10.2357,153.535,5.971875000000001,-2.570926744102101
10.2357,153.535,5.9750000000000005,-2.6833013621615054
10.2357,153.535,5.978125,-2.7955182710301623
10.2357,153.535,5.98125,-2.896172239850734
10.2357,153.535,5.984375,-2.980781604340682
10.2357,153.535,5.987500000000001,-3.0463406300820894
10.2357,153.535,5.9906250000000005,-3.0790334397152304
10.2357,153.535,5.99375,-3.0845135570247506
10.2357,153.535,5.996875,-3.056851391121687
10.2357,153.535,6,-2.9977705913096075
