ScanID,Current,Field,Frequency,Spectra
401,10.8333,162.499,1.0,-0.933271166164583
401,10.8333,162.499,1.003125,-0.8988269627619577
401,10.8333,162.499,1.00625,-0.8692062172925646
401,10.8333,162.499,1.0093750000000001,-0.847227141262481
401,10.8333,162.499,1.0125,-0.8301896405687209
401,10.8333,162.499,1.015625,-0.8196732152164493
401,10.8333,162.499,1.01875,-0.8219331104302183
401,10.8333,162.499,1.021875,-0.8327517756809151
401,10.8333,162.499,1.0250000000000001,-0.8522782196549517
401,10.8333,162.499,1.028125,-0.8814859066701648
401,10.8333,162.499,1.03125,-0.9193038681519086
401,10.8333,162.499,1.034375,-0.9629783290319303
401,10.8333,162.499,1.0375,-1.0086486741285392
401,10.8333,162.499,1.0406250000000001,-1.0595411428132904
401,10.8333,162.499,1.04375,-1.1108793337350882
401,10.8333,162.499,1.046875,-1.166082772999141
401,10.8333,162.499,1.05,-1.216776043497941
401,10.8333,162.499,1.053125,-1.2674100642745687
401,10.8333,162.499,1.0562500000000001,-1.3125259143690813
401,10.8333,162.499,1.059375,-1.3521680949728732
401,10.8333,162.499,1.0625,-1.3840693424952049
401,10.8333,162.499,1.065625,-1.4102389047795598
401,10.8333,162.499,1.06875,-1.4262855255154827
401,10.8333,162.499,1.0718750000000001,-1.432072105539942
401,10.8333,162.499,1.0750000000000002,-1.4280353872846738
401,10.8333,162.499,1.078125,-1.4116027762279808
401,10.8333,162.499,1.08125,-1.3854191744341788
401,10.8333,162.499,1.084375,-1.344686464801645
401,10.8333,162.499,1.0875000000000001,-1.29163368183698
401,10.8333,162.499,1.0906250000000002,-1.2365802125204393
401,10.8333,162.499,1.09375,-1.1728987977087324
401,10.8333,162.499,1.096875,-1.1101514054029213
401,10.8333,162.499,1.1,-1.050888657934726
401,10.8333,162.499,1.1031250000000001,-0.9940230057538564
401,10.8333,162.499,1.1062500000000002,-0.9415738964402551
401,10.8333,162.499,1.109375,-0.9028266897763602
401,10.8333,162.499,1.1125,-0.8741498544973783
401,10.8333,162.499,1.115625,-0.8602383991249303
401,10.8333,162.499,1.1187500000000001,-0.8593574758270495
401,10.8333,162.499,1.1218750000000002,-0.8701728290226927
401,10.8333,162.499,1.125,-0.8950439309649847
401,10.8333,162.499,1.128125,-0.9249081732088359
401,10.8333,162.499,1.13125,-0.964064039485527
401,10.8333,162.499,1.1343750000000001,-1.0058859557029278
401,10.8333,162.499,1.1375000000000002,-1.0481461454759036
401,10.8333,162.499,1.140625,-1.0895996630424718
401,10.8333,162.499,1.14375,-1.127276294222663
401,10.8333,162.499,1.146875,-1.1606516415892105
401,10.8333,162.499,1.1500000000000001,-1.183542535828846
401,10.8333,162.499,1.1531250000000002,-1.1986195933845254
401,10.8333,162.499,1.15625,-1.2050952541491735
401,10.8333,162.499,1.159375,-1.201848503014324
401,10.8333,162.499,1.1625,-1.1891776511944727
401,10.8333,162.499,1.1656250000000001,-1.1714322710287104
401,10.8333,162.499,1.1687500000000002,-1.1507448026722784
401,10.8333,162.499,1.171875,-1.1200480807826863
401,10.8333,162.499,1.175,-1.0898860898538172
401,10.8333,162.499,1.178125,-1.0550182010413627
401,10.8333,162.499,1.1812500000000001,-1.0158575790456998
401,10.8333,162.499,1.1843750000000002,-0.9773100161148179
401,10.8333,162.499,1.1875,-0.9398467144488629
401,10.8333,162.499,1.190625,-0.9045335497468886
401,10.8333,162.499,1.19375,-0.8752759167751005
401,10.8333,162.499,1.1968750000000001,-0.8492568639674134
401,10.8333,162.499,1.2000000000000002,-0.8267687588138384
401,10.8333,162.499,1.203125,-0.8158483883607273
401,10.8333,162.499,1.20625,-0.8154872953306692
401,10.8333,162.499,1.209375,-0.8220627345543712
401,10.8333,162.499,1.2125000000000001,-0.845095426931751
401,10.8333,162.499,1.2156250000000002,-0.8764365971208375
401,10.8333,162.499,1.21875,-0.9215849481063564
401,10.8333,162.499,1.221875,-0.9751813636821944
401,10.8333,162.499,1.225,-1.0342296458940217
401,10.8333,162.499,1.2281250000000001,-1.104875077514928
401,10.8333,162.499,1.2312500000000002,-1.175668545345907
401,10.8333,162.499,1.234375,-1.246516260767339
401,10.8333,162.499,1.2375,-1.3178799333960975
401,10.8333,162.499,1.240625,-1.3826811834951434
401,10.8333,162.499,1.2437500000000001,-1.4410564280991025
401,10.8333,162.499,1.2468750000000002,-1.4846544965262642
401,10.8333,162.499,1.25,-1.5123026580103516
401,10.8333,162.499,1.253125,-1.5374844763025772
401,10.8333,162.499,1.25625,-1.539166000306489
401,10.8333,162.499,1.2593750000000001,-1.5278226730181803
401,10.8333,162.499,1.2625000000000002,-1.5043939668818387
401,10.8333,162.499,1.265625,-1.4690365967516845
401,10.8333,162.499,1.26875,-1.423537559466486
401,10.8333,162.499,1.271875,-1.3712501403491628
401,10.8333,162.499,1.2750000000000001,-1.3105993011890709
401,10.8333,162.499,1.2781250000000002,-1.2539828922373928
401,10.8333,162.499,1.28125,-1.1955455930993957
401,10.8333,162.499,1.284375,-1.1391424514746546
401,10.8333,162.499,1.2875,-1.0934554762367403
401,10.8333,162.499,1.2906250000000001,-1.0507024615164824
401,10.8333,162.499,1.2937500000000002,-1.0256162104770439
401,10.8333,162.499,1.296875,-1.0116335249977284
401,10.8333,162.499,1.3,-1.0072632083411135
401,10.8333,162.499,1.303125,-1.0175814588660572
401,10.8333,162.499,1.3062500000000001,-1.0400032475700591
401,10.8333,162.499,1.3093750000000002,-1.074350952704244
401,10.8333,162.499,1.3125,-1.1155048209694687
401,10.8333,162.499,1.315625,-1.1672856854450302
401,10.8333,162.499,1.31875,-1.216939820525109
401,10.8333,162.499,1.3218750000000001,-1.2663428448143919
401,10.8333,162.499,1.3250000000000002,-1.3121367084376991
401,10.8333,162.499,1.328125,-1.3482699211112612
401,10.8333,162.499,1.33125,-1.3779037651088866
401,10.8333,162.499,1.334375,-1.3973757463437515
401,10.8333,162.499,1.3375000000000001,-1.409684858947248
401,10.8333,162.499,1.3406250000000002,-1.4128778156433817
401,10.8333,162.499,1.34375,-1.4037493426235428
401,10.8333,162.499,1.346875,-1.3907538231104275
401,10.8333,162.499,1.35,-1.365595229644514
401,10.8333,162.499,1.3531250000000001,-1.3359106722761034
401,10.8333,162.499,1.3562500000000002,-1.3021830916128287
401,10.8333,162.499,1.359375,-1.2596698014208925
401,10.8333,162.499,1.3625,-1.216628996218136
401,10.8333,162.499,1.365625,-1.1685821865780293
401,10.8333,162.499,1.3687500000000001,-1.1223047435221618
401,10.8333,162.499,1.3718750000000002,-1.075291464805816
401,10.8333,162.499,1.375,-1.03034566734228
401,10.8333,162.499,1.378125,-0.985240407452087
401,10.8333,162.499,1.38125,-0.9490632065497466
401,10.8333,162.499,1.3843750000000001,-0.9166474941020158
401,10.8333,162.499,1.3875000000000002,-0.8970990644188017
401,10.8333,162.499,1.390625,-0.8894036862347332
401,10.8333,162.499,1.39375,-0.8970242482967161
401,10.8333,162.499,1.396875,-0.9210378221235372
401,10.8333,162.499,1.4000000000000001,-0.9641419917848704
401,10.8333,162.499,1.4031250000000002,-1.0205771332959266
401,10.8333,162.499,1.40625,-1.0901802740785491
401,10.8333,162.499,1.409375,-1.1715005347021217
401,10.8333,162.499,1.4125,-1.2565475740021288
401,10.8333,162.499,1.4156250000000001,-1.3412362840188536
401,10.8333,162.499,1.4187500000000002,-1.4273100097805136
401,10.8333,162.499,1.421875,-1.500522691761753
401,10.8333,162.499,1.425,-1.5651251618652195
401,10.8333,162.499,1.428125,-1.6157205426445986
401,10.8333,162.499,1.4312500000000001,-1.6479277774650094
401,10.8333,162.499,1.4343750000000002,-1.664965165699219
401,10.8333,162.499,1.4375,-1.668197753695804
401,10.8333,162.499,1.440625,-1.6558810073652344
401,10.8333,162.499,1.44375,-1.637557095847382
401,10.8333,162.499,1.4468750000000001,-1.6049390031519506
401,10.8333,162.499,1.4500000000000002,-1.5677395051776855
401,10.8333,162.499,1.453125,-1.525965915434738
401,10.8333,162.499,1.45625,-1.4794132078235038
401,10.8333,162.499,1.459375,-1.4323895499014403
401,10.8333,162.499,1.4625000000000001,-1.3844160870588742
401,10.8333,162.499,1.4656250000000002,-1.339095041018282
401,10.8333,162.499,1.46875,-1.2996769362321645
401,10.8333,162.499,1.471875,-1.2621676641857227
401,10.8333,162.499,1.475,-1.2333741032434584
401,10.8333,162.499,1.4781250000000001,-1.207417374464412
401,10.8333,162.499,1.4812500000000002,-1.1931025868210607
401,10.8333,162.499,1.484375,-1.1877597274710396
401,10.8333,162.499,1.4875,-1.1936980419668906
401,10.8333,162.499,1.490625,-1.2120969831743766
401,10.8333,162.499,1.4937500000000001,-1.2392079463133119
401,10.8333,162.499,1.4968750000000002,-1.2785216028922086
401,10.8333,162.499,1.5,-1.3250997085377838
401,10.8333,162.499,1.503125,-1.3790778946596436
401,10.8333,162.499,1.50625,-1.4367264249987053
401,10.8333,162.499,1.5093750000000001,-1.4949491146933735
401,10.8333,162.499,1.5125000000000002,-1.5537560506329031
401,10.8333,162.499,1.515625,-1.6025659766639242
401,10.8333,162.499,1.51875,-1.6482367503169257
401,10.8333,162.499,1.521875,-1.6789332373230819
401,10.8333,162.499,1.5250000000000001,-1.6926700428329178
401,10.8333,162.499,1.5281250000000002,-1.6944692013607914
401,10.8333,162.499,1.53125,-1.6815622221764759
401,10.8333,162.499,1.534375,-1.6522392544763589
401,10.8333,162.499,1.5375,-1.6111721050496746
401,10.8333,162.499,1.5406250000000001,-1.5589754822318647
401,10.8333,162.499,1.5437500000000002,-1.4940887205945765
401,10.8333,162.499,1.546875,-1.4247229109910848
401,10.8333,162.499,1.55,-1.3493186422246097
401,10.8333,162.499,1.553125,-1.275534359232306
401,10.8333,162.499,1.5562500000000001,-1.2027545450104178
401,10.8333,162.499,1.5593750000000002,-1.136544442628617
401,10.8333,162.499,1.5625,-1.081292180197366
401,10.8333,162.499,1.565625,-1.0380395857957798
401,10.8333,162.499,1.56875,-1.0093009352508469
401,10.8333,162.499,1.5718750000000001,-0.9952043451165729
401,10.8333,162.499,1.5750000000000002,-0.9979624985349216
401,10.8333,162.499,1.578125,-1.015378635533541
401,10.8333,162.499,1.58125,-1.0461006726841195
401,10.8333,162.499,1.584375,-1.096873298365934
401,10.8333,162.499,1.5875000000000001,-1.156207363463622
401,10.8333,162.499,1.5906250000000002,-1.2235614187336359
401,10.8333,162.499,1.59375,-1.2996272120519197
401,10.8333,162.499,1.596875,-1.3764322022958544
401,10.8333,162.499,1.6,-1.4530060045367907
401,10.8333,162.499,1.6031250000000001,-1.5245076114242317
401,10.8333,162.499,1.6062500000000002,-1.589484852986056
401,10.8333,162.499,1.609375,-1.64884405738447
401,10.8333,162.499,1.6125,-1.7009196449828132
401,10.8333,162.499,1.615625,-1.7365562261715826
401,10.8333,162.499,1.6187500000000001,-1.763546232404174
401,10.8333,162.499,1.6218750000000002,-1.7737262590525962
401,10.8333,162.499,1.625,-1.7709417171928554
401,10.8333,162.499,1.628125,-1.7558233099232277
401,10.8333,162.499,1.63125,-1.726830566355885
401,10.8333,162.499,1.6343750000000001,-1.687246715190277
401,10.8333,162.499,1.6375000000000002,-1.6396202308745833
401,10.8333,162.499,1.640625,-1.5846373115538257
401,10.8333,162.499,1.64375,-1.5236369385336646
401,10.8333,162.499,1.646875,-1.4634835345717159
401,10.8333,162.499,1.6500000000000001,-1.402692018860364
401,10.8333,162.499,1.6531250000000002,-1.3446696558552527
401,10.8333,162.499,1.65625,-1.2918177476389323
401,10.8333,162.499,1.659375,-1.254810765029337
401,10.8333,162.499,1.6625,-1.2253333642553894
401,10.8333,162.499,1.6656250000000001,-1.2178550556991201
401,10.8333,162.499,1.6687500000000002,-1.2267615745703213
401,10.8333,162.499,1.671875,-1.2497607137581837
401,10.8333,162.499,1.675,-1.2886068152478372
401,10.8333,162.499,1.678125,-1.34258666178247
401,10.8333,162.499,1.6812500000000001,-1.4079340736186112
401,10.8333,162.499,1.6843750000000002,-1.4744389287370372
401,10.8333,162.499,1.6875,-1.550872630760559
401,10.8333,162.499,1.690625,-1.6231914849009468
401,10.8333,162.499,1.69375,-1.690654086440032
401,10.8333,162.499,1.6968750000000001,-1.7522804248094606
401,10.8333,162.499,1.7000000000000002,-1.8037167943169448
401,10.8333,162.499,1.703125,-1.8414077877700155
401,10.8333,162.499,1.70625,-1.8626463485538274
401,10.8333,162.499,1.709375,-1.8770735748979208
401,10.8333,162.499,1.7125000000000001,-1.875953579456546
401,10.8333,162.499,1.7156250000000002,-1.8594839112395087
401,10.8333,162.499,1.71875,-1.8342309673341215
401,10.8333,162.499,1.721875,-1.792130583330083
401,10.8333,162.499,1.725,-1.7433457562490973
401,10.8333,162.499,1.7281250000000001,-1.6868542157286832
401,10.8333,162.499,1.7312500000000002,-1.622522794882639
401,10.8333,162.499,1.734375,-1.553911996530706
401,10.8333,162.499,1.7375,-1.48138538700129
401,10.8333,162.499,1.740625,-1.4118031749003654
401,10.8333,162.499,1.7437500000000001,-1.3400904945994117
401,10.8333,162.499,1.7468750000000002,-1.273957059349017
401,10.8333,162.499,1.75,-1.2159278986067368
401,10.8333,162.499,1.753125,-1.167002082491344
401,10.8333,162.499,1.75625,-1.130473164292438
401,10.8333,162.499,1.7593750000000001,-1.1083774218918794
401,10.8333,162.499,1.7625000000000002,-1.1059838540201217
401,10.8333,162.499,1.765625,-1.119226064844641
401,10.8333,162.499,1.76875,-1.1523331015981586
401,10.8333,162.499,1.771875,-1.2032745559996074
401,10.8333,162.499,1.7750000000000001,-1.2692952081206932
401,10.8333,162.499,1.7781250000000002,-1.3447302484830792
401,10.8333,162.499,1.78125,-1.4332424326781381
401,10.8333,162.499,1.784375,-1.5239013182428172
401,10.8333,162.499,1.7875,-1.6127987216059172
401,10.8333,162.499,1.7906250000000001,-1.6932193204897206
401,10.8333,162.499,1.7937500000000002,-1.7649142072958348
401,10.8333,162.499,1.7968750000000002,-1.8211102443452531
401,10.8333,162.499,1.8,-1.8636802263506993
401,10.8333,162.499,1.803125,-1.8846863753430227
401,10.8333,162.499,1.8062500000000001,-1.8914237351415222
401,10.8333,162.499,1.8093750000000002,-1.8833078790820115
401,10.8333,162.499,1.8125000000000002,-1.85512274068067
401,10.8333,162.499,1.815625,-1.8153384954265708
401,10.8333,162.499,1.81875,-1.766934264044158
401,10.8333,162.499,1.8218750000000001,-1.709044681170139
401,10.8333,162.499,1.8250000000000002,-1.646780051779826
401,10.8333,162.499,1.8281250000000002,-1.583108179097502
401,10.8333,162.499,1.83125,-1.5187633081661156
401,10.8333,162.499,1.834375,-1.460844865748021
401,10.8333,162.499,1.8375000000000001,-1.4089701534075445
401,10.8333,162.499,1.8406250000000002,-1.365670094188674
401,10.8333,162.499,1.8437500000000002,-1.333982067508037
401,10.8333,162.499,1.846875,-1.3089770647814682
401,10.8333,162.499,1.85,-1.3006722116627416
401,10.8333,162.499,1.8531250000000001,-1.3080410433666725
401,10.8333,162.499,1.8562500000000002,-1.3268420708218673
401,10.8333,162.499,1.8593750000000002,-1.3608072913213487
401,10.8333,162.499,1.8625,-1.411950014607476
401,10.8333,162.499,1.865625,-1.4725859741020049
401,10.8333,162.499,1.8687500000000001,-1.542834626423146
401,10.8333,162.499,1.8718750000000002,-1.6183004678441386
401,10.8333,162.499,1.8750000000000002,-1.6972712001268866
401,10.8333,162.499,1.878125,-1.7760233326879202
401,10.8333,162.499,1.88125,-1.8493012765965389
401,10.8333,162.499,1.8843750000000001,-1.9175275158932468
401,10.8333,162.499,1.8875000000000002,-1.9727675295559188
401,10.8333,162.499,1.8906250000000002,-2.0127101713098288
401,10.8333,162.499,1.89375,-2.0386516051732877
401,10.8333,162.499,1.896875,-2.0436905629722184
401,10.8333,162.499,1.9000000000000001,-2.0327321234204265
401,10.8333,162.499,1.9031250000000002,-1.9993707071954334
401,10.8333,162.499,1.9062500000000002,-1.954756082446627
401,10.8333,162.499,1.909375,-1.8970963881354355
401,10.8333,162.499,1.9125,-1.82971324709751
401,10.8333,162.499,1.9156250000000001,-1.7509936136757462
401,10.8333,162.499,1.9187500000000002,-1.6642615349929168
401,10.8333,162.499,1.9218750000000002,-1.579112466536556
401,10.8333,162.499,1.925,-1.4939537504747604
401,10.8333,162.499,1.928125,-1.4098188325201484
401,10.8333,162.499,1.9312500000000001,-1.3358414372375484
401,10.8333,162.499,1.9343750000000002,-1.2707083050245196
401,10.8333,162.499,1.9375000000000002,-1.2203816470938238
401,10.8333,162.499,1.940625,-1.1864155512129635
401,10.8333,162.499,1.94375,-1.1663864820126362
401,10.8333,162.499,1.9468750000000001,-1.1628237496607918
401,10.8333,162.499,1.9500000000000002,-1.1741882062470437
401,10.8333,162.499,1.9531250000000002,-1.2106776387061435
401,10.8333,162.499,1.95625,-1.2632933142017169
401,10.8333,162.499,1.959375,-1.3303126092319075
401,10.8333,162.499,1.9625000000000001,-1.4079354342474149
401,10.8333,162.499,1.9656250000000002,-1.49431872236817
401,10.8333,162.499,1.9687500000000002,-1.5843633402114499
401,10.8333,162.499,1.971875,-1.6713004234690974
401,10.8333,162.499,1.975,-1.75266631739338
401,10.8333,162.499,1.9781250000000001,-1.8234648866059378
401,10.8333,162.499,1.9812500000000002,-1.8782279109630005
401,10.8333,162.499,1.9843750000000002,-1.9209845175723705
401,10.8333,162.499,1.9875,-1.9453390779744861
401,10.8333,162.499,1.990625,-1.9485914319004185
401,10.8333,162.499,1.9937500000000001,-1.935677623939701
401,10.8333,162.499,1.9968750000000002,-1.9042773397103494
401,10.8333,162.499,2.0,-1.8588084595609733
401,10.8333,162.499,2.0031250000000003,-1.8014456230104878
401,10.8333,162.499,2.00625,-1.7323172688780981
401,10.8333,162.499,2.009375,-1.6609323660607571
401,10.8333,162.499,2.0125,-1.5844229565538899
401,10.8333,162.499,2.015625,-1.5071361464571846
401,10.8333,162.499,2.0187500000000003,-1.4332477762700855
401,10.8333,162.499,2.021875,-1.363877588974377
401,10.8333,162.499,2.025,-1.3037204261778736
401,10.8333,162.499,2.028125,-1.2577205268093186
401,10.8333,162.499,2.03125,-1.2243607784424502
401,10.8333,162.499,2.0343750000000003,-1.2129400114988016
401,10.8333,162.499,2.0375,-1.2168982447725427
401,10.8333,162.499,2.040625,-1.239453334530059
401,10.8333,162.499,2.04375,-1.2819741506655413
401,10.8333,162.499,2.046875,-1.3364630829474546
401,10.8333,162.499,2.0500000000000003,-1.4113055275101734
401,10.8333,162.499,2.053125,-1.4963002031094934
401,10.8333,162.499,2.05625,-1.5865365244514396
401,10.8333,162.499,2.059375,-1.6824999475920794
401,10.8333,162.499,2.0625,-1.778137494091737
401,10.8333,162.499,2.0656250000000003,-1.8659313998777995
401,10.8333,162.499,2.06875,-1.9404454836159093
401,10.8333,162.499,2.071875,-2.0029562945609927
401,10.8333,162.499,2.075,-2.048512956575073
401,10.8333,162.499,2.078125,-2.0788202827432194
401,10.8333,162.499,2.0812500000000003,-2.089341229634723
401,10.8333,162.499,2.084375,-2.0816473822829744
401,10.8333,162.499,2.0875,-2.056698157334863
401,10.8333,162.499,2.090625,-2.016889070505939
401,10.8333,162.499,2.09375,-1.9603159359678308
401,10.8333,162.499,2.0968750000000003,-1.892399141533684
401,10.8333,162.499,2.1,-1.8125170196277147
401,10.8333,162.499,2.103125,-1.728334083828953
401,10.8333,162.499,2.10625,-1.6438054276370706
401,10.8333,162.499,2.109375,-1.5578958838053425
401,10.8333,162.499,2.1125000000000003,-1.4738531602281468
401,10.8333,162.499,2.115625,-1.394849291090332
401,10.8333,162.499,2.11875,-1.319503751328641
401,10.8333,162.499,2.121875,-1.2543642611107861
401,10.8333,162.499,2.125,-1.2058523125904372
401,10.8333,162.499,2.1281250000000003,-1.1741502955925625
401,10.8333,162.499,2.13125,-1.161982263855355
401,10.8333,162.499,2.134375,-1.169390976616311
401,10.8333,162.499,2.1375,-1.2004782038693464
401,10.8333,162.499,2.140625,-1.249264194132419
401,10.8333,162.499,2.1437500000000003,-1.3131822802588546
401,10.8333,162.499,2.146875,-1.3954293179027675
401,10.8333,162.499,2.1500000000000004,-1.4848566429923895
401,10.8333,162.499,2.153125,-1.5825556788193813
401,10.8333,162.499,2.15625,-1.6818160192543665
401,10.8333,162.499,2.1593750000000003,-1.769550692064109
401,10.8333,162.499,2.1625,-1.8493041175800489
401,10.8333,162.499,2.1656250000000004,-1.9158918935706777
401,10.8333,162.499,2.16875,-1.9605650879858678
401,10.8333,162.499,2.171875,-1.9857640099300455
401,10.8333,162.499,2.1750000000000003,-1.986620687184717
401,10.8333,162.499,2.178125,-1.9638487865059109
401,10.8333,162.499,2.1812500000000004,-1.9254653110397877
401,10.8333,162.499,2.184375,-1.872587333798801
401,10.8333,162.499,2.1875,-1.8099270691529008
401,10.8333,162.499,2.1906250000000003,-1.7343591753219223
401,10.8333,162.499,2.19375,-1.655340217980239
401,10.8333,162.499,2.1968750000000004,-1.5725686512182369
401,10.8333,162.499,2.2,-1.4875258617103966
401,10.8333,162.499,2.203125,-1.4064176872680734
401,10.8333,162.499,2.2062500000000003,-1.3353757146444152
401,10.8333,162.499,2.209375,-1.2680885907638135
401,10.8333,162.499,2.2125000000000004,-1.2167225799806483
401,10.8333,162.499,2.215625,-1.181955509011603
401,10.8333,162.499,2.21875,-1.161769042044006
401,10.8333,162.499,2.2218750000000003,-1.1580921115572052
401,10.8333,162.499,2.225,-1.175394307672704
401,10.8333,162.499,2.2281250000000004,-1.211981779860489
401,10.8333,162.499,2.23125,-1.2712591159168418
401,10.8333,162.499,2.234375,-1.3420971126122385
401,10.8333,162.499,2.2375000000000003,-1.4281576367728324
401,10.8333,162.499,2.240625,-1.5214486836761454
401,10.8333,162.499,2.2437500000000004,-1.6216355708419903
401,10.8333,162.499,2.246875,-1.7156468383743464
401,10.8333,162.499,2.25,-1.8118064856255804
401,10.8333,162.499,2.2531250000000003,-1.900838616768949
401,10.8333,162.499,2.25625,-1.9761068286294179
401,10.8333,162.499,2.2593750000000004,-2.0331920110323036
401,10.8333,162.499,2.2625,-2.0762144883270035
401,10.8333,162.499,2.265625,-2.100601889508931
401,10.8333,162.499,2.2687500000000003,-2.101869475885008
401,10.8333,162.499,2.271875,-2.0862485300656535
401,10.8333,162.499,2.2750000000000004,-2.0531911378607663
401,10.8333,162.499,2.278125,-2.0032437581188995
401,10.8333,162.499,2.28125,-1.941311050250891
401,10.8333,162.499,2.2843750000000003,-1.8659623664969438
401,10.8333,162.499,2.2875,-1.7814765598022606
401,10.8333,162.499,2.2906250000000004,-1.6886953093573505
401,10.8333,162.499,2.29375,-1.592632590662285
401,10.8333,162.499,2.296875,-1.500028286712448
401,10.8333,162.499,2.3000000000000003,-1.414207592645169
401,10.8333,162.499,2.303125,-1.336754309638982
401,10.8333,162.499,2.3062500000000004,-1.2711172560705721
401,10.8333,162.499,2.309375,-1.2215731466195412
401,10.8333,162.499,2.3125,-1.18577902244791
401,10.8333,162.499,2.3156250000000003,-1.1745179071966763
401,10.8333,162.499,2.31875,-1.174944885650798
401,10.8333,162.499,2.3218750000000004,-1.2001166851207266
401,10.8333,162.499,2.325,-1.240798259893157
401,10.8333,162.499,2.328125,-1.299220118381899
401,10.8333,162.499,2.3312500000000003,-1.375922293465852
401,10.8333,162.499,2.334375,-1.4655920193650875
401,10.8333,162.499,2.3375000000000004,-1.562668035606483
401,10.8333,162.499,2.340625,-1.666214744684731
401,10.8333,162.499,2.34375,-1.7665702293834067
401,10.8333,162.499,2.3468750000000003,-1.871980012376505
401,10.8333,162.499,2.35,-1.9729311288254698
401,10.8333,162.499,2.3531250000000004,-2.067101638985203
401,10.8333,162.499,2.35625,-2.126630086231706
401,10.8333,162.499,2.359375,-2.13663319520966
401,10.8333,162.499,2.3625000000000003,-2.121545949050411
401,10.8333,162.499,2.365625,-2.0905491706771415
401,10.8333,162.499,2.3687500000000004,-2.0508967743589825
401,10.8333,162.499,2.371875,-1.996038766131397
401,10.8333,162.499,2.375,-1.935277185650017
401,10.8333,162.499,2.3781250000000003,-1.8737720858883036
401,10.8333,162.499,2.38125,-1.804782589222288
401,10.8333,162.499,2.3843750000000004,-1.729799190103272
401,10.8333,162.499,2.3875,-1.620780712357648
401,10.8333,162.499,2.390625,-1.5039209426341151
401,10.8333,162.499,2.3937500000000003,-1.3975317092216868
401,10.8333,162.499,2.396875,-1.3112752900199025
401,10.8333,162.499,2.4000000000000004,-1.2453190753989627
401,10.8333,162.499,2.403125,-1.1943083773346657
401,10.8333,162.499,2.40625,-1.1735876150063635
401,10.8333,162.499,2.4093750000000003,-1.174689186480016
401,10.8333,162.499,2.4125,-1.195045715402798
401,10.8333,162.499,2.4156250000000004,-1.2437043706533037
401,10.8333,162.499,2.41875,-1.3127207060296358
401,10.8333,162.499,2.421875,-1.3976724515450576
401,10.8333,162.499,2.4250000000000003,-1.5043596727266164
401,10.8333,162.499,2.428125,-1.6222080576916795
401,10.8333,162.499,2.4312500000000004,-1.7585746008165248
401,10.8333,162.499,2.434375,-1.9005947025839367
401,10.8333,162.499,2.4375,-2.0474394527562874
401,10.8333,162.499,2.4406250000000003,-2.195476085549382
401,10.8333,162.499,2.44375,-2.438032644438395
401,10.8333,162.499,2.4468750000000004,-2.8858202699813424
401,10.8333,162.499,2.45,-2.9203270692823935
401,10.8333,162.499,2.453125,-2.777773777083854
401,10.8333,162.499,2.4562500000000003,-2.474612956339928
401,10.8333,162.499,2.459375,-2.340706766810141
401,10.8333,162.499,2.4625000000000004,-2.2315438974641175
401,10.8333,162.499,2.465625,-2.122443745098536
401,10.8333,162.499,2.46875,-2.0250173140437173
401,10.8333,162.499,2.4718750000000003,-1.9279836016746021
401,10.8333,162.499,2.475,-1.831519490178653
401,10.8333,162.499,2.4781250000000004,-1.735000122258346
401,10.8333,162.499,2.48125,-1.6429781114228945
401,10.8333,162.499,2.484375,-1.5582388990922298
401,10.8333,162.499,2.4875000000000003,-1.4848235104049667
401,10.8333,162.499,2.490625,-1.4155119426319376
401,10.8333,162.499,2.4937500000000004,-1.3641641019087805
401,10.8333,162.499,2.496875,-1.3266854203130687
401,10.8333,162.499,2.5,-1.3094330718686853
401,10.8333,162.499,2.5031250000000003,-1.3121126330926012
401,10.8333,162.499,2.50625,-1.334813637207709
401,10.8333,162.499,2.5093750000000004,-1.3794629072040363
401,10.8333,162.499,2.5125,-1.4384963073829702
401,10.8333,162.499,2.515625,-1.5155159388367634
401,10.8333,162.499,2.5187500000000003,-1.6058312794294929
401,10.8333,162.499,2.521875,-1.706536640170409
401,10.8333,162.499,2.5250000000000004,-1.8136188394716175
401,10.8333,162.499,2.528125,-1.917497524116589
401,10.8333,162.499,2.53125,-2.018730097148826
401,10.8333,162.499,2.5343750000000003,-2.1054108626320462
401,10.8333,162.499,2.5375,-2.177945807080259
401,10.8333,162.499,2.5406250000000004,-2.2320382745271776
401,10.8333,162.499,2.54375,-2.264638762148013
401,10.8333,162.499,2.546875,-2.276290438126213
401,10.8333,162.499,2.5500000000000003,-2.2614119880521373
401,10.8333,162.499,2.553125,-2.2275196634997436
401,10.8333,162.499,2.5562500000000004,-2.1723910825455457
401,10.8333,162.499,2.559375,-2.1007959533816623
401,10.8333,162.499,2.5625,-2.0118562052666604
401,10.8333,162.499,2.5656250000000003,-1.911593622302312
401,10.8333,162.499,2.56875,-1.811342639815858
401,10.8333,162.499,2.5718750000000004,-1.7110141910537497
401,10.8333,162.499,2.575,-1.6129752411502927
401,10.8333,162.499,2.578125,-1.5272984143051853
401,10.8333,162.499,2.5812500000000003,-1.4544152723714008
401,10.8333,162.499,2.584375,-1.3955815939281808
401,10.8333,162.499,2.5875000000000004,-1.358021446260341
401,10.8333,162.499,2.590625,-1.3447166261844745
401,10.8333,162.499,2.59375,-1.35189118614454
401,10.8333,162.499,2.5968750000000003,-1.3835147070392182
401,10.8333,162.499,2.6,-1.438674969946948
401,10.8333,162.499,2.6031250000000004,-1.5168267149882175
401,10.8333,162.499,2.60625,-1.6106874686661028
401,10.8333,162.499,2.609375,-1.7226753796854397
401,10.8333,162.499,2.6125000000000003,-1.8328716333494866
401,10.8333,162.499,2.615625,-1.9457986250871986
401,10.8333,162.499,2.6187500000000004,-2.058633508289159
401,10.8333,162.499,2.621875,-2.1581228237011163
401,10.8333,162.499,2.625,-2.249275285670006
401,10.8333,162.499,2.6281250000000003,-2.31501450711951
401,10.8333,162.499,2.63125,-2.3676706563547487
401,10.8333,162.499,2.6343750000000004,-2.397612999591167
401,10.8333,162.499,2.6375,-2.399454354508639
401,10.8333,162.499,2.640625,-2.3844282620724426
401,10.8333,162.499,2.6437500000000003,-2.349885312057676
401,10.8333,162.499,2.646875,-2.30110319024549
401,10.8333,162.499,2.6500000000000004,-2.2390504335725803
401,10.8333,162.499,2.653125,-2.1615145519048116
401,10.8333,162.499,2.65625,-2.0787969463008786
401,10.8333,162.499,2.6593750000000003,-1.9904746756694949
401,10.8333,162.499,2.6625,-1.8975363603911153
401,10.8333,162.499,2.6656250000000004,-1.8105930346677546
401,10.8333,162.499,2.66875,-1.727205604419164
401,10.8333,162.499,2.671875,-1.6549935386784767
401,10.8333,162.499,2.6750000000000003,-1.5897711930662706
401,10.8333,162.499,2.678125,-1.546596096614819
401,10.8333,162.499,2.6812500000000004,-1.5194642046914169
401,10.8333,162.499,2.684375,-1.5112757319759273
401,10.8333,162.499,2.6875,-1.521161304997032
401,10.8333,162.499,2.6906250000000003,-1.5556373810511404
401,10.8333,162.499,2.69375,-1.6145479467417265
401,10.8333,162.499,2.6968750000000004,-1.687363710194987
401,10.8333,162.499,2.7,-1.7838194460617427
401,10.8333,162.499,2.703125,-1.8910944582783416
401,10.8333,162.499,2.7062500000000003,-2.0077329932357766
401,10.8333,162.499,2.709375,-2.1266455195289193
401,10.8333,162.499,2.7125000000000004,-2.236846551366654
401,10.8333,162.499,2.715625,-2.3399764231481446
401,10.8333,162.499,2.71875,-2.4290315149511805
401,10.8333,162.499,2.7218750000000003,-2.5045832108576036
401,10.8333,162.499,2.725,-2.5562263147478648
401,10.8333,162.499,2.7281250000000004,-2.5927791437402794
401,10.8333,162.499,2.73125,-2.603188129837494
401,10.8333,162.499,2.734375,-2.59599713460505
401,10.8333,162.499,2.7375000000000003,-2.5754413608113387
401,10.8333,162.499,2.740625,-2.539975411044458
401,10.8333,162.499,2.7437500000000004,-2.500988958246875
401,10.8333,162.499,2.746875,-2.4215089121860913
401,10.8333,162.499,2.75,-2.377888767603827
401,10.8333,162.499,2.7531250000000003,-2.2889438710579766
401,10.8333,162.499,2.75625,-2.4561919439110556
401,10.8333,162.499,2.7593750000000004,-2.3366234752387522
401,10.8333,162.499,2.7625,-2.0542765715706985
401,10.8333,162.499,2.765625,-1.8979924514323008
401,10.8333,162.499,2.7687500000000003,-1.803890044480455
401,10.8333,162.499,2.771875,-1.7314840788350847
401,10.8333,162.499,2.7750000000000004,-1.702734738914019
401,10.8333,162.499,2.778125,-1.7020730331843845
401,10.8333,162.499,2.78125,-1.7247284300373045
401,10.8333,162.499,2.7843750000000003,-1.7647053507332708
401,10.8333,162.499,2.7875,-1.8259327093555922
401,10.8333,162.499,2.7906250000000004,-1.909822884032656
401,10.8333,162.499,2.79375,-2.015281813600899
401,10.8333,162.499,2.796875,-2.1320446683846317
401,10.8333,162.499,2.8000000000000003,-2.255415755450972
401,10.8333,162.499,2.803125,-2.374717428967476
401,10.8333,162.499,2.8062500000000004,-2.487024371690668
401,10.8333,162.499,2.809375,-2.5874115598415015
401,10.8333,162.499,2.8125,-2.667262953526669
401,10.8333,162.499,2.8156250000000003,-2.7246105902134947
401,10.8333,162.499,2.81875,-2.760994959192767
401,10.8333,162.499,2.8218750000000004,-2.77393285103763
401,10.8333,162.499,2.825,-2.7619777404148884
401,10.8333,162.499,2.828125,-2.7286249388827595
401,10.8333,162.499,2.8312500000000003,-2.673586949403321
401,10.8333,162.499,2.834375,-2.60232116945868
401,10.8333,162.499,2.8375000000000004,-2.5167810303965457
401,10.8333,162.499,2.840625,-2.4241682812753407
401,10.8333,162.499,2.84375,-2.3295130332406275
401,10.8333,162.499,2.8468750000000003,-2.2390420274794174
401,10.8333,162.499,2.85,-2.157497882749288
401,10.8333,162.499,2.8531250000000004,-2.0802997518129205
401,10.8333,162.499,2.85625,-2.022051957206587
401,10.8333,162.499,2.859375,-1.9779540724534839
401,10.8333,162.499,2.8625000000000003,-1.9515226570534945
401,10.8333,162.499,2.865625,-1.943799833180297
401,10.8333,162.499,2.8687500000000004,-1.9570740046146335
401,10.8333,162.499,2.871875,-1.988787606880695
401,10.8333,162.499,2.875,-2.036823713020592
401,10.8333,162.499,2.8781250000000003,-2.0984054972281383
401,10.8333,162.499,2.88125,-2.1661387456736674
401,10.8333,162.499,2.8843750000000004,-2.2428156076171875
401,10.8333,162.499,2.8875,-2.3286861484929315
401,10.8333,162.499,2.890625,-2.4148679455109785
401,10.8333,162.499,2.8937500000000003,-2.509628775915573
401,10.8333,162.499,2.896875,-2.5974790942578347
401,10.8333,162.499,2.9000000000000004,-2.6838913067343393
401,10.8333,162.499,2.903125,-2.754740247260604
401,10.8333,162.499,2.90625,-2.8156468642360712
401,10.8333,162.499,2.9093750000000003,-2.857912290180465
401,10.8333,162.499,2.9125,-2.879626029850384
401,10.8333,162.499,2.9156250000000004,-2.8824924107703795
401,10.8333,162.499,2.91875,-2.8675990049163724
401,10.8333,162.499,2.921875,-2.8372060531062444
401,10.8333,162.499,2.9250000000000003,-2.784279308763247
401,10.8333,162.499,2.928125,-2.7208852911370576
401,10.8333,162.499,2.9312500000000004,-2.640430818936663
401,10.8333,162.499,2.934375,-2.5555151298395646
401,10.8333,162.499,2.9375,-2.467184402021085
401,10.8333,162.499,2.9406250000000003,-2.373426247359597
401,10.8333,162.499,2.94375,-2.2938439345543555
401,10.8333,162.499,2.9468750000000004,-2.215186950829194
401,10.8333,162.499,2.95,-2.1498295819475706
401,10.8333,162.499,2.953125,-2.1099657526290034
401,10.8333,162.499,2.9562500000000003,-2.0905126845199034
401,10.8333,162.499,2.959375,-2.088591802232757
401,10.8333,162.499,2.9625000000000004,-2.1193536391380503
401,10.8333,162.499,2.965625,-2.1838611535012915
401,10.8333,162.499,2.96875,-2.271841363245646
401,10.8333,162.499,2.9718750000000003,-2.3915170964346544
401,10.8333,162.499,2.975,-2.53598150901065
401,10.8333,162.499,2.9781250000000004,-2.6948622010896495
401,10.8333,162.499,2.98125,-2.876164664298985
401,10.8333,162.499,2.984375,-3.0550376750872488
401,10.8333,162.499,2.9875000000000003,-3.2321269722217383
401,10.8333,162.499,2.990625,-3.398558784803212
401,10.8333,162.499,2.9937500000000004,-3.5491780161085935
401,10.8333,162.499,2.996875,-3.6784450466059253
401,10.8333,162.499,3.0,-3.7776753701638093
401,10.8333,162.499,3.0031250000000003,-3.8381711611033547
401,10.8333,162.499,3.00625,-3.856700312434003
401,10.8333,162.499,3.0093750000000004,-3.827752984072226
401,10.8333,162.499,3.0125,-3.753424735986448
401,10.8333,162.499,3.015625,-3.64445047253309
401,10.8333,162.499,3.0187500000000003,-3.506687436865159
401,10.8333,162.499,3.021875,-3.35251679431511
401,10.8333,162.499,3.0250000000000004,-3.1873451825671046
401,10.8333,162.499,3.028125,-3.019483155586227
401,10.8333,162.499,3.03125,-2.8590466334638953
401,10.8333,162.499,3.0343750000000003,-2.7076886060214624
401,10.8333,162.499,3.0375,-2.576378193450491
401,10.8333,162.499,3.0406250000000004,-2.461015009677123
401,10.8333,162.499,3.04375,-2.3658415037152087
401,10.8333,162.499,3.046875,-2.295110164310218
401,10.8333,162.499,3.0500000000000003,-2.2477887286178255
401,10.8333,162.499,3.053125,-2.2261740636094856
401,10.8333,162.499,3.0562500000000004,-2.2259854970695065
401,10.8333,162.499,3.059375,-2.2545687555461607
401,10.8333,162.499,3.0625,-2.300906710202231
401,10.8333,162.499,3.0656250000000003,-2.3759462610553728
401,10.8333,162.499,3.06875,-2.460626734490686
401,10.8333,162.499,3.0718750000000004,-2.5630666564304994
401,10.8333,162.499,3.075,-2.6721275192979705
401,10.8333,162.499,3.078125,-2.772629075139659
401,10.8333,162.499,3.0812500000000003,-2.8724718824860758
401,10.8333,162.499,3.084375,-2.958616671578339
401,10.8333,162.499,3.0875000000000004,-3.0302200217414432
401,10.8333,162.499,3.090625,-3.0764787887251535
401,10.8333,162.499,3.09375,-3.106609130311917
401,10.8333,162.499,3.0968750000000003,-3.1131983029117287
401,10.8333,162.499,3.1,-3.095085681844885
401,10.8333,162.499,3.1031250000000004,-3.052879169336826
401,10.8333,162.499,3.10625,-2.9931125210334204
401,10.8333,162.499,3.109375,-2.9178580039148927
401,10.8333,162.499,3.1125000000000003,-2.8277694010391268
401,10.8333,162.499,3.115625,-2.727938859821262
401,10.8333,162.499,3.1187500000000004,-2.6251185247101034
401,10.8333,162.499,3.121875,-2.522408957228625
401,10.8333,162.499,3.125,-2.421863565974597
401,10.8333,162.499,3.1281250000000003,-2.3256821468293047
401,10.8333,162.499,3.13125,-2.24063200497519
401,10.8333,162.499,3.1343750000000004,-2.1715686746370193
401,10.8333,162.499,3.1375,-2.1202293969026527
401,10.8333,162.499,3.140625,-2.093431418680862
401,10.8333,162.499,3.1437500000000003,-2.093535106217688
401,10.8333,162.499,3.146875,-2.131039817544666
401,10.8333,162.499,3.1500000000000004,-2.1964379347080856
401,10.8333,162.499,3.153125,-2.2776039040209946
401,10.8333,162.499,3.15625,-2.371785547421866
401,10.8333,162.499,3.1593750000000003,-2.473653173592388
401,10.8333,162.499,3.1625,-2.588222515490295
401,10.8333,162.499,3.1656250000000004,-2.713380768390063
401,10.8333,162.499,3.16875,-2.8376388538525155
401,10.8333,162.499,3.171875,-2.9575498624970593
401,10.8333,162.499,3.1750000000000003,-3.059346464849146
401,10.8333,162.499,3.178125,-3.135403654856929
401,10.8333,162.499,3.1812500000000004,-3.1924288045342712
401,10.8333,162.499,3.184375,-3.2223919498524083
401,10.8333,162.499,3.1875,-3.232222793586392
401,10.8333,162.499,3.1906250000000003,-3.2214791393975672
401,10.8333,162.499,3.19375,-3.1820883422495654
401,10.8333,162.499,3.1968750000000004,-3.1286030334477233
401,10.8333,162.499,3.2,-3.0572788328648355
401,10.8333,162.499,3.203125,-2.9720133515805927
401,10.8333,162.499,3.2062500000000003,-2.8737935100218315
401,10.8333,162.499,3.209375,-2.7713757432280355
401,10.8333,162.499,3.2125000000000004,-2.671678254331433
401,10.8333,162.499,3.215625,-2.572068491342034
401,10.8333,162.499,3.21875,-2.479111714204412
401,10.8333,162.499,3.2218750000000003,-2.3972334006315594
401,10.8333,162.499,3.225,-2.3326402328858133
401,10.8333,162.499,3.2281250000000004,-2.2857401166397833
401,10.8333,162.499,3.23125,-2.258955559483415
401,10.8333,162.499,3.234375,-2.258319084033697
401,10.8333,162.499,3.2375000000000003,-2.28502255348803
401,10.8333,162.499,3.240625,-2.3383748457402973
401,10.8333,162.499,3.2437500000000004,-2.409083125830154
401,10.8333,162.499,3.246875,-2.4883109191340895
401,10.8333,162.499,3.25,-2.5830470373551413
401,10.8333,162.499,3.2531250000000003,-2.6940483093813756
401,10.8333,162.499,3.25625,-2.811455683411231
401,10.8333,162.499,3.2593750000000004,-2.9311670591082346
401,10.8333,162.499,3.2625,-3.048851916945252
401,10.8333,162.499,3.265625,-3.15565739187629
401,10.8333,162.499,3.2687500000000003,-3.247134262342696
401,10.8333,162.499,3.271875,-3.320732700797333
401,10.8333,162.499,3.2750000000000004,-3.3729930710797484
401,10.8333,162.499,3.278125,-3.4046916756973085
401,10.8333,162.499,3.28125,-3.415660290064065
401,10.8333,162.499,3.2843750000000003,-3.4036354436285174
401,10.8333,162.499,3.2875,-3.376694320351836
401,10.8333,162.499,3.2906250000000004,-3.335927589202532
401,10.8333,162.499,3.29375,-3.2752567057086637
401,10.8333,162.499,3.296875,-3.2071763096638084
401,10.8333,162.499,3.3000000000000003,-3.129297360160226
401,10.8333,162.499,3.303125,-3.046597272228512
401,10.8333,162.499,3.3062500000000004,-2.9652655099991203
401,10.8333,162.499,3.309375,-2.881846580948853
401,10.8333,162.499,3.3125,-2.8038912442478603
401,10.8333,162.499,3.3156250000000003,-2.7315003633383705
401,10.8333,162.499,3.31875,-2.672475557982075
401,10.8333,162.499,3.3218750000000004,-2.631020515934085
401,10.8333,162.499,3.325,-2.6053945224830515
401,10.8333,162.499,3.328125,-2.602750589510674
401,10.8333,162.499,3.3312500000000003,-2.625890663903399
401,10.8333,162.499,3.334375,-2.675226734656013
401,10.8333,162.499,3.3375000000000004,-2.749028870765751
401,10.8333,162.499,3.340625,-2.85057063899445
401,10.8333,162.499,3.34375,-2.965230674635947
401,10.8333,162.499,3.3468750000000003,-3.1001010372255506
401,10.8333,162.499,3.35,-3.2438036683452993
401,10.8333,162.499,3.3531250000000004,-3.381454618620696
401,10.8333,162.499,3.35625,-3.5185037454129713
401,10.8333,162.499,3.359375,-3.6391475103068354
401,10.8333,162.499,3.3625000000000003,-3.7390847083312506
401,10.8333,162.499,3.365625,-3.8170825099266654
401,10.8333,162.499,3.3687500000000004,-3.8706945010141074
401,10.8333,162.499,3.371875,-3.8964889571938843
401,10.8333,162.499,3.375,-3.8931328793845705
401,10.8333,162.499,3.3781250000000003,-3.8630470889497137
401,10.8333,162.499,3.38125,-3.812930647572723
401,10.8333,162.499,3.3843750000000004,-3.745059085744613
401,10.8333,162.499,3.3875,-3.6647867519289106
401,10.8333,162.499,3.390625,-3.5794952314587487
401,10.8333,162.499,3.3937500000000003,-3.487669375177131
401,10.8333,162.499,3.396875,-3.3958298043574633
401,10.8333,162.499,3.4000000000000004,-3.307782965740568
401,10.8333,162.499,3.403125,-3.228572434074714
401,10.8333,162.499,3.40625,-3.156700192765883
401,10.8333,162.499,3.4093750000000003,-3.097434616220616
401,10.8333,162.499,3.4125,-3.0537150698136006
401,10.8333,162.499,3.4156250000000004,-3.020746591040124
401,10.8333,162.499,3.41875,-3.0110437429169017
401,10.8333,162.499,3.421875,-3.012550413792482
401,10.8333,162.499,3.4250000000000003,-3.0369449073812476
401,10.8333,162.499,3.428125,-3.074902309920216
401,10.8333,162.499,3.4312500000000004,-3.1251645411531337
401,10.8333,162.499,3.434375,-3.1906065972862803
401,10.8333,162.499,3.4375,-3.2647679645881804
401,10.8333,162.499,3.4406250000000003,-3.3401338306912756
401,10.8333,162.499,3.44375,-3.4154099775484923
401,10.8333,162.499,3.4468750000000004,-3.4838762421307963
401,10.8333,162.499,3.45,-3.5399576158893122
401,10.8333,162.499,3.453125,-3.5800833080167727
401,10.8333,162.499,3.4562500000000003,-3.60232321761665
401,10.8333,162.499,3.459375,-3.6084413179899877
401,10.8333,162.499,3.4625000000000004,-3.5938335299226116
401,10.8333,162.499,3.465625,-3.5576638376093053
401,10.8333,162.499,3.46875,-3.506090404102874
401,10.8333,162.499,3.4718750000000003,-3.439241329214374
401,10.8333,162.499,3.475,-3.3572673522142775
401,10.8333,162.499,3.4781250000000004,-3.258922085638194
401,10.8333,162.499,3.48125,-3.152651132384298
401,10.8333,162.499,3.484375,-3.041865798221684
401,10.8333,162.499,3.4875000000000003,-2.931426984990944
401,10.8333,162.499,3.490625,-2.8241044410192173
401,10.8333,162.499,3.4937500000000004,-2.719795974204353
401,10.8333,162.499,3.496875,-2.627061869240505
401,10.8333,162.499,3.5,-2.5470947192208038
401,10.8333,162.499,3.5031250000000003,-2.4832543476468407
401,10.8333,162.499,3.50625,-2.4453217098624545
401,10.8333,162.499,3.5093750000000004,-2.428588638923596
401,10.8333,162.499,3.5125,-2.442112923100377
401,10.8333,162.499,3.515625,-2.481628219828342
401,10.8333,162.499,3.5187500000000003,-2.5516496566834173
401,10.8333,162.499,3.521875,-2.639692295169212
401,10.8333,162.499,3.5250000000000004,-2.7560437441271306
401,10.8333,162.499,3.528125,-2.8814185872446805
401,10.8333,162.499,3.53125,-3.0230029853180063
401,10.8333,162.499,3.5343750000000003,-3.1659674496221015
401,10.8333,162.499,3.5375,-3.3082349769575985
401,10.8333,162.499,3.5406250000000004,-3.441412408290137
401,10.8333,162.499,3.54375,-3.553912050305369
401,10.8333,162.499,3.546875,-3.6145106933119804
401,10.8333,162.499,3.5500000000000003,-3.642667274499594
401,10.8333,162.499,3.553125,-3.6473180917170236
401,10.8333,162.499,3.5562500000000004,-3.623108796721259
401,10.8333,162.499,3.559375,-3.5822451189315254
401,10.8333,162.499,3.5625,-3.5205097305153488
401,10.8333,162.499,3.5656250000000003,-3.4449551666073326
401,10.8333,162.499,3.56875,-3.3562038913043173
401,10.8333,162.499,3.5718750000000004,-3.2645854178648066
401,10.8333,162.499,3.575,-3.177057126980947
401,10.8333,162.499,3.5781250000000004,-3.084640356527799
401,10.8333,162.499,3.5812500000000003,-3.002702199605165
401,10.8333,162.499,3.584375,-2.9338261258054112
401,10.8333,162.499,3.5875000000000004,-2.8794600460522695
401,10.8333,162.499,3.590625,-2.8468010255345177
401,10.8333,162.499,3.5937500000000004,-2.829934077383038
401,10.8333,162.499,3.5968750000000003,-2.840922935158663
401,10.8333,162.499,3.6,-2.8751111077962777
401,10.8333,162.499,3.6031250000000004,-2.9387639748691847
401,10.8333,162.499,3.60625,-3.0362572846734337
401,10.8333,162.499,3.6093750000000004,-3.1520258186521444
401,10.8333,162.499,3.6125000000000003,-3.2970867668350037
401,10.8333,162.499,3.615625,-3.4434521377725087
401,10.8333,162.499,3.6187500000000004,-3.5960296070299727
401,10.8333,162.499,3.621875,-3.746679899197509
401,10.8333,162.499,3.6250000000000004,-3.893083637912271
401,10.8333,162.499,3.6281250000000003,-4.030753912789763
401,10.8333,162.499,3.63125,-4.15580663761301
401,10.8333,162.499,3.6343750000000004,-4.264914526116388
401,10.8333,162.499,3.6375,-4.3485510017779205
401,10.8333,162.499,3.6406250000000004,-4.403719588671903
401,10.8333,162.499,3.6437500000000003,-4.4399924213178865
401,10.8333,162.499,3.646875,-4.457549901554945
401,10.8333,162.499,3.6500000000000004,-4.462556725950893
401,10.8333,162.499,3.653125,-4.464738845098043
401,10.8333,162.499,3.6562500000000004,-4.439342330762904
401,10.8333,162.499,3.6593750000000003,-4.405352745703715
401,10.8333,162.499,3.6625,-4.3703208154909365
401,10.8333,162.499,3.6656250000000004,-4.3381624154061
401,10.8333,162.499,3.66875,-4.3236959694439285
401,10.8333,162.499,3.6718750000000004,-4.32404773485644
401,10.8333,162.499,3.6750000000000003,-4.34810178657271
401,10.8333,162.499,3.678125,-4.408078367171063
401,10.8333,162.499,3.6812500000000004,-4.520432138725884
401,10.8333,162.499,3.684375,-4.776614616565572
401,10.8333,162.499,3.6875000000000004,-5.012363931580845
401,10.8333,162.499,3.6906250000000003,-5.118478412212256
401,10.8333,162.499,3.69375,-5.314351770667576
401,10.8333,162.499,3.6968750000000004,-5.569752316630854
401,10.8333,162.499,3.7,-5.866414291936227
401,10.8333,162.499,3.7031250000000004,-6.1887438722162145
401,10.8333,162.499,3.7062500000000003,-6.528088114246504
401,10.8333,162.499,3.709375,-6.876060489409438
401,10.8333,162.499,3.7125000000000004,-7.2174199696141255
401,10.8333,162.499,3.715625,-7.537616919766724
401,10.8333,162.499,3.7187500000000004,-7.82944277738069
401,10.8333,162.499,3.7218750000000003,-8.084638880422842
401,10.8333,162.499,3.725,-8.289737900664168
401,10.8333,162.499,3.7281250000000004,-8.45278883270385
401,10.8333,162.499,3.73125,-8.565728284496924
401,10.8333,162.499,3.7343750000000004,-8.652647290685078
401,10.8333,162.499,3.7375000000000003,-8.69994875647905
401,10.8333,162.499,3.740625,-8.735881553221077
401,10.8333,162.499,3.7437500000000004,-8.737366100370332
401,10.8333,162.499,3.746875,-8.764115999821085
401,10.8333,162.499,3.7500000000000004,-8.82886080798234
401,10.8333,162.499,3.7531250000000003,-8.957414833304156
401,10.8333,162.499,3.75625,-9.115372938867022
401,10.8333,162.499,3.7593750000000004,-9.323537307078617
401,10.8333,162.499,3.7625,-9.58702311638578
401,10.8333,162.499,3.7656250000000004,-9.903186931654947
401,10.8333,162.499,3.7687500000000003,-10.285996949963462
401,10.8333,162.499,3.771875,-10.733444812507159
401,10.8333,162.499,3.7750000000000004,-11.245263427129055
401,10.8333,162.499,3.778125,-11.803894050091294
401,10.8333,162.499,3.7812500000000004,-12.406167082365942
401,10.8333,162.499,3.7843750000000003,-13.037091113054064
401,10.8333,162.499,3.7875,-13.658394154965725
401,10.8333,162.499,3.7906250000000004,-14.272193609701498
401,10.8333,162.499,3.79375,-14.863514432816897
401,10.8333,162.499,3.7968750000000004,-15.40649422155579
401,10.8333,162.499,3.8000000000000003,-15.890030428610169
401,10.8333,162.499,3.803125,-16.30038409283343
401,10.8333,162.499,3.8062500000000004,-16.60512160704939
401,10.8333,162.499,3.809375,-16.841550929354213
401,10.8333,162.499,3.8125000000000004,-16.97536162764091
401,10.8333,162.499,3.8156250000000003,-17.00886018831215
401,10.8333,162.499,3.81875,-16.923594099073252
401,10.8333,162.499,3.8218750000000004,-16.74670409956281
401,10.8333,162.499,3.825,-16.465889547310603
401,10.8333,162.499,3.8281250000000004,-16.130699013783413
401,10.8333,162.499,3.8312500000000003,-15.860538198185708
401,10.8333,162.499,3.834375,-15.752584614514431
401,10.8333,162.499,3.8375000000000004,-15.392369593931365
401,10.8333,162.499,3.840625,-14.827032644346454
401,10.8333,162.499,3.8437500000000004,-14.210794689289008
401,10.8333,162.499,3.8468750000000003,-13.577355881802172
401,10.8333,162.499,3.85,-12.961618131855335
401,10.8333,162.499,3.8531250000000004,-12.348733645106194
401,10.8333,162.499,3.85625,-11.767754102573285
401,10.8333,162.499,3.8593750000000004,-11.216398245700656
401,10.8333,162.499,3.8625000000000003,-10.687547621984699
401,10.8333,162.499,3.865625,-10.189661793260488
401,10.8333,162.499,3.8687500000000004,-9.721217458936097
401,10.8333,162.499,3.871875,-9.286104725290908
401,10.8333,162.499,3.8750000000000004,-8.878929309646615
401,10.8333,162.499,3.8781250000000003,-8.516307724478402
401,10.8333,162.499,3.88125,-8.1818715496096
401,10.8333,162.499,3.8843750000000004,-7.892437116747604
401,10.8333,162.499,3.8875,-7.648153092606915
401,10.8333,162.499,3.8906250000000004,-7.44209182052329
401,10.8333,162.499,3.8937500000000003,-7.279183774671168
401,10.8333,162.499,3.896875,-7.159977086233509
401,10.8333,162.499,3.9000000000000004,-7.077237535647464
401,10.8333,162.499,3.903125,-7.022787134049226
401,10.8333,162.499,3.9062500000000004,-6.983341732150528
401,10.8333,162.499,3.9093750000000003,-6.963133973651137
401,10.8333,162.499,3.9125,-6.938900348388679
401,10.8333,162.499,3.9156250000000004,-6.906473519270985
401,10.8333,162.499,3.91875,-6.861011297495356
401,10.8333,162.499,3.9218750000000004,-6.776699673978101
401,10.8333,162.499,3.9250000000000003,-6.6639908052368435
401,10.8333,162.499,3.928125,-6.529657975889088
401,10.8333,162.499,3.9312500000000004,-6.371164950567606
401,10.8333,162.499,3.934375,-6.204722502288651
401,10.8333,162.499,3.9375000000000004,-6.026258902746543
401,10.8333,162.499,3.9406250000000003,-5.847134797033068
401,10.8333,162.499,3.94375,-5.668814995956374
401,10.8333,162.499,3.9468750000000004,-5.5009376944740325
401,10.8333,162.499,3.95,-5.346019113654372
401,10.8333,162.499,3.9531250000000004,-5.2123423157366915
401,10.8333,162.499,3.9562500000000003,-5.1065211874520084
401,10.8333,162.499,3.959375,-5.030019041854846
401,10.8333,162.499,3.9625000000000004,-4.984878449152135
401,10.8333,162.499,3.965625,-4.973885574831699
401,10.8333,162.499,3.9687500000000004,-5.003664715374566
401,10.8333,162.499,3.9718750000000003,-5.074899768464717
401,10.8333,162.499,3.975,-5.173877516224117
401,10.8333,162.499,3.9781250000000004,-5.310350894050852
401,10.8333,162.499,3.98125,-5.483952674531375
401,10.8333,162.499,3.9843750000000004,-5.689627966370034
401,10.8333,162.499,3.9875000000000003,-5.910061458225052
401,10.8333,162.499,3.990625,-6.1381938234038085
401,10.8333,162.499,3.9937500000000004,-6.3600880972108484
401,10.8333,162.499,3.996875,-6.576267949960491
401,10.8333,162.499,4.0,-6.761800281123339
401,10.8333,162.499,4.003125,-6.9072995761422025
401,10.8333,162.499,4.0062500000000005,-7.023743420262456
401,10.8333,162.499,4.009375,-7.084728964442157
401,10.8333,162.499,4.0125,-7.097848037686458
401,10.8333,162.499,4.015625,-7.0737833847905085
401,10.8333,162.499,4.01875,-7.009194255941191
401,10.8333,162.499,4.0218750000000005,-6.908102828689229
401,10.8333,162.499,4.025,-6.79226073019339
401,10.8333,162.499,4.028125,-6.666150006331605
401,10.8333,162.499,4.03125,-6.545180956909532
401,10.8333,162.499,4.034375,-6.429620988025303
401,10.8333,162.499,4.0375000000000005,-6.333877185867175
401,10.8333,162.499,4.040625,-6.260155568402618
401,10.8333,162.499,4.04375,-6.220062611378024
401,10.8333,162.499,4.046875,-6.215667691905416
401,10.8333,162.499,4.05,-6.2480935674272295
401,10.8333,162.499,4.0531250000000005,-6.32597628975469
401,10.8333,162.499,4.05625,-6.459037923582772
401,10.8333,162.499,4.059375,-6.636961488298344
401,10.8333,162.499,4.0625,-6.870270655011809
401,10.8333,162.499,4.065625,-7.1636120516993005
401,10.8333,162.499,4.0687500000000005,-7.501604649043131
401,10.8333,162.499,4.071875,-7.882378547671647
401,10.8333,162.499,4.075,-8.311204696180296
401,10.8333,162.499,4.078125,-8.77159877713469
401,10.8333,162.499,4.08125,-9.253477670752225
401,10.8333,162.499,4.0843750000000005,-9.72392089669773
401,10.8333,162.499,4.0875,-10.17055598562096
401,10.8333,162.499,4.090625,-10.559182891110497
401,10.8333,162.499,4.09375,-10.872821367006964
401,10.8333,162.499,4.096875,-11.027371758066757
401,10.8333,162.499,4.1000000000000005,-10.975906245309012
401,10.8333,162.499,4.103125,-10.76257268246438
401,10.8333,162.499,4.10625,-10.575441925360106
401,10.8333,162.499,4.109375,-10.333640560323351
401,10.8333,162.499,4.1125,-10.015501714894414
401,10.8333,162.499,4.1156250000000005,-9.641472929918711
401,10.8333,162.499,4.11875,-9.23699951986573
401,10.8333,162.499,4.121875,-8.820501075431231
401,10.8333,162.499,4.125,-8.409750393666233
401,10.8333,162.499,4.128125,-8.032709475183156
401,10.8333,162.499,4.1312500000000005,-7.710083102136448
401,10.8333,162.499,4.134375,-7.426410677683944
401,10.8333,162.499,4.1375,-7.186750739245356
401,10.8333,162.499,4.140625,-6.992929531139244
401,10.8333,162.499,4.14375,-6.849061968102109
401,10.8333,162.499,4.1468750000000005,-6.7525337819039555
401,10.8333,162.499,4.15,-6.695976600858883
401,10.8333,162.499,4.153125,-6.684510171575248
401,10.8333,162.499,4.15625,-6.714688485101371
401,10.8333,162.499,4.159375,-6.775428271479798
401,10.8333,162.499,4.1625000000000005,-6.877032331575307
401,10.8333,162.499,4.165625,-7.000953629413058
401,10.8333,162.499,4.16875,-7.136810649142587
401,10.8333,162.499,4.171875,-7.278501569579562
401,10.8333,162.499,4.175,-7.414611021581137
401,10.8333,162.499,4.1781250000000005,-7.527641137200468
401,10.8333,162.499,4.18125,-7.618630093561576
401,10.8333,162.499,4.184375,-7.673213583516278
401,10.8333,162.499,4.1875,-7.6985322264265985
401,10.8333,162.499,4.190625,-7.688660421910102
401,10.8333,162.499,4.1937500000000005,-7.657780245692017
401,10.8333,162.499,4.196875,-7.608448975336644
401,10.8333,162.499,4.2,-7.532945061411926
401,10.8333,162.499,4.203125,-7.441489091595138
401,10.8333,162.499,4.20625,-7.339175614211438
401,10.8333,162.499,4.2093750000000005,-7.238652331425522
401,10.8333,162.499,4.2125,-7.123036769245546
401,10.8333,162.499,4.215625,-7.0143397386947735
401,10.8333,162.499,4.21875,-6.9091355792023466
401,10.8333,162.499,4.221875,-6.823219497566024
401,10.8333,162.499,4.2250000000000005,-6.755178660965321
401,10.8333,162.499,4.228125,-6.705423551528169
401,10.8333,162.499,4.23125,-6.685846521367123
401,10.8333,162.499,4.234375,-6.692965785867587
401,10.8333,162.499,4.2375,-6.723794742452604
401,10.8333,162.499,4.2406250000000005,-6.785174149368066
401,10.8333,162.499,4.24375,-6.873035251175242
401,10.8333,162.499,4.246875,-6.977702737151818
401,10.8333,162.499,4.25,-7.113904518287585
401,10.8333,162.499,4.253125,-7.269994572491764
401,10.8333,162.499,4.2562500000000005,-7.436393567608968
401,10.8333,162.499,4.259375,-7.605013515727892
401,10.8333,162.499,4.2625,-7.7734719081784025
401,10.8333,162.499,4.265625,-7.9301037425099485
401,10.8333,162.499,4.26875,-8.06597474490825
401,10.8333,162.499,4.2718750000000005,-8.169578098505756
401,10.8333,162.499,4.275,-8.249094070541002
401,10.8333,162.499,4.278125,-8.284520240123879
401,10.8333,162.499,4.28125,-8.280699903264683
401,10.8333,162.499,4.284375000000001,-8.239295965851598
401,10.8333,162.499,4.2875000000000005,-8.16356111091714
401,10.8333,162.499,4.290625,-8.05719610781889
401,10.8333,162.499,4.29375,-7.927909597827584
401,10.8333,162.499,4.296875,-7.781210019894006
401,10.8333,162.499,4.300000000000001,-7.63263010753246
401,10.8333,162.499,4.3031250000000005,-7.480506475212402
401,10.8333,162.499,4.30625,-7.336187063618461
401,10.8333,162.499,4.309375,-7.197733158162566
401,10.8333,162.499,4.3125,-7.076213427900617
401,10.8333,162.499,4.315625000000001,-6.973874376779134
401,10.8333,162.499,4.3187500000000005,-6.891534591724756
401,10.8333,162.499,4.321875,-6.834241957368032
401,10.8333,162.499,4.325,-6.813329751918113
401,10.8333,162.499,4.328125,-6.803047020297943
401,10.8333,162.499,4.331250000000001,-6.825617762841135
401,10.8333,162.499,4.3343750000000005,-6.876840768359819
401,10.8333,162.499,4.3375,-6.9344228761643265
401,10.8333,162.499,4.340625,-7.007082736449344
401,10.8333,162.499,4.34375,-7.079907288698006
401,10.8333,162.499,4.346875000000001,-7.142026611994066
401,10.8333,162.499,4.3500000000000005,-7.165090159072878
401,10.8333,162.499,4.353125,-7.143410778639501
401,10.8333,162.499,4.35625,-7.1226397756344895
401,10.8333,162.499,4.359375,-7.25526804518379
401,10.8333,162.499,4.362500000000001,-7.357573092424826
401,10.8333,162.499,4.3656250000000005,-7.311125234185792
401,10.8333,162.499,4.36875,-7.243460768923983
401,10.8333,162.499,4.371875,-7.149824975451912
401,10.8333,162.499,4.375,-7.037352048970968
401,10.8333,162.499,4.378125000000001,-6.912252932705335
401,10.8333,162.499,4.3812500000000005,-6.764740889421552
401,10.8333,162.499,4.384375,-6.6182558782299274
401,10.8333,162.499,4.3875,-6.468661970165524
401,10.8333,162.499,4.390625,-6.318491401638698
401,10.8333,162.499,4.393750000000001,-6.186462750040102
401,10.8333,162.499,4.3968750000000005,-6.036685243024669
401,10.8333,162.499,4.4,-5.914367694712352
401,10.8333,162.499,4.403125,-5.805602960244577
401,10.8333,162.499,4.40625,-5.7155813026776805
401,10.8333,162.499,4.409375000000001,-5.643563432436527
401,10.8333,162.499,4.4125000000000005,-5.658434679006664
401,10.8333,162.499,4.415625,-5.729886071410375
401,10.8333,162.499,4.41875,-5.71255225962978
401,10.8333,162.499,4.421875,-5.699569245826907
401,10.8333,162.499,4.425000000000001,-5.687129407295361
401,10.8333,162.499,4.4281250000000005,-5.729317021876471
401,10.8333,162.499,4.43125,-5.833875568624483
401,10.8333,162.499,4.434375,-5.991703456564861
401,10.8333,162.499,4.4375,-6.181621498662579
401,10.8333,162.499,4.440625000000001,-6.38246632735918
401,10.8333,162.499,4.4437500000000005,-6.533688415665143
401,10.8333,162.499,4.446875,-6.659474167014334
401,10.8333,162.499,4.45,-6.767075392904198
401,10.8333,162.499,4.453125,-6.837983129480278
401,10.8333,162.499,4.456250000000001,-6.863589379264125
401,10.8333,162.499,4.4593750000000005,-6.863504610594426
401,10.8333,162.499,4.4625,-6.8414288916177775
401,10.8333,162.499,4.465625,-6.788935846972804
401,10.8333,162.499,4.46875,-6.713432276021729
401,10.8333,162.499,4.471875000000001,-6.614668297110713
401,10.8333,162.499,4.4750000000000005,-6.499234738199919
401,10.8333,162.499,4.478125,-6.3743513216782155
401,10.8333,162.499,4.48125,-6.2350922391999095
401,10.8333,162.499,4.484375,-6.0977953564290255
401,10.8333,162.499,4.487500000000001,-5.9529011259527636
401,10.8333,162.499,4.4906250000000005,-5.810130928270051
401,10.8333,162.499,4.49375,-5.675294630208157
401,10.8333,162.499,4.496875,-5.553044103017815
401,10.8333,162.499,4.5,-5.444452746523346
401,10.8333,162.499,4.503125000000001,-5.341152648327386
401,10.8333,162.499,4.5062500000000005,-5.264197269470761
401,10.8333,162.499,4.509375,-5.2085876281365175
401,10.8333,162.499,4.5125,-5.1865537748513
401,10.8333,162.499,4.515625,-5.209514931442562
401,10.8333,162.499,4.518750000000001,-5.264447084543116
401,10.8333,162.499,4.5218750000000005,-5.333431855563985
401,10.8333,162.499,4.525,-5.403891848025545
401,10.8333,162.499,4.528125,-5.46036646267872
401,10.8333,162.499,4.53125,-5.520854212822391
401,10.8333,162.499,4.534375000000001,-5.573218111036484
401,10.8333,162.499,4.5375000000000005,-5.625566934217412
401,10.8333,162.499,4.540625,-5.664861140950146
401,10.8333,162.499,4.54375,-5.696255841413469
401,10.8333,162.499,4.546875,-5.7132640496358365
401,10.8333,162.499,4.550000000000001,-5.711730464744694
401,10.8333,162.499,4.5531250000000005,-5.683921038456702
401,10.8333,162.499,4.55625,-5.641749038357947
401,10.8333,162.499,4.559375,-5.575109933241329
401,10.8333,162.499,4.5625,-5.493899777023601
401,10.8333,162.499,4.565625000000001,-5.4068143318882145
401,10.8333,162.499,4.5687500000000005,-5.302204176665787
401,10.8333,162.499,4.571875,-5.193631605295005
401,10.8333,162.499,4.575,-5.070273745292987
401,10.8333,162.499,4.578125,-4.942745086297155
401,10.8333,162.499,4.581250000000001,-4.7939839653025595
401,10.8333,162.499,4.5843750000000005,-4.6459577387197
401,10.8333,162.499,4.5875,-4.504158629689198
401,10.8333,162.499,4.590625,-4.3780499440868486
401,10.8333,162.499,4.59375,-4.277524861620468
401,10.8333,162.499,4.596875000000001,-4.187233416020396
401,10.8333,162.499,4.6000000000000005,-4.1218116667054625
401,10.8333,162.499,4.603125,-4.074646743133533
401,10.8333,162.499,4.60625,-4.04666523804975
401,10.8333,162.499,4.609375,-4.04222316354484
401,10.8333,162.499,4.612500000000001,-4.05907843959554
401,10.8333,162.499,4.6156250000000005,-4.100835580157762
401,10.8333,162.499,4.61875,-4.152876087824005
401,10.8333,162.499,4.621875,-4.223587244928992
401,10.8333,162.499,4.625,-4.309672166362576
401,10.8333,162.499,4.628125000000001,-4.401188778977479
401,10.8333,162.499,4.6312500000000005,-4.497556394042218
401,10.8333,162.499,4.634375,-4.5856968099116155
401,10.8333,162.499,4.6375,-4.667467917498981
401,10.8333,162.499,4.640625,-4.739607672585496
401,10.8333,162.499,4.643750000000001,-4.802016866682253
401,10.8333,162.499,4.6468750000000005,-4.84639364951455
401,10.8333,162.499,4.65,-4.873408889836685
401,10.8333,162.499,4.653125,-4.876662042291281
401,10.8333,162.499,4.65625,-4.846920357027157
401,10.8333,162.499,4.659375000000001,-4.801467172347527
401,10.8333,162.499,4.6625000000000005,-4.73352847115841
401,10.8333,162.499,4.665625,-4.651159715547287
401,10.8333,162.499,4.66875,-4.55367008520939
401,10.8333,162.499,4.671875,-4.450175509016192
401,10.8333,162.499,4.675000000000001,-4.339642358475437
401,10.8333,162.499,4.6781250000000005,-4.216147027599785
401,10.8333,162.499,4.68125,-4.086753691738964
401,10.8333,162.499,4.684375,-3.94354659862929
401,10.8333,162.499,4.6875,-3.8380885362798316
401,10.8333,162.499,4.690625000000001,-3.7671332327605422
401,10.8333,162.499,4.6937500000000005,-3.7038929349127345
401,10.8333,162.499,4.696875,-3.6506891505114125
401,10.8333,162.499,4.7,-3.609449025176566
401,10.8333,162.499,4.703125,-3.587782619490181
401,10.8333,162.499,4.706250000000001,-3.589077584024026
401,10.8333,162.499,4.7093750000000005,-3.6081460505392964
401,10.8333,162.499,4.7125,-3.6371419003461103
401,10.8333,162.499,4.715625,-3.6821608180381453
401,10.8333,162.499,4.71875,-3.7411896974992875
401,10.8333,162.499,4.721875000000001,-3.799279743483625
401,10.8333,162.499,4.7250000000000005,-3.850174340408106
401,10.8333,162.499,4.728125,-3.896074382463085
401,10.8333,162.499,4.73125,-3.9302974856845356
401,10.8333,162.499,4.734375,-3.9457464090113974
401,10.8333,162.499,4.737500000000001,-3.9420291853726246
401,10.8333,162.499,4.7406250000000005,-3.92256791333685
401,10.8333,162.499,4.74375,-3.886900308428098
401,10.8333,162.499,4.746875,-3.831679109769338
401,10.8333,162.499,4.75,-3.7637892096222987
401,10.8333,162.499,4.753125000000001,-3.6805389905911285
401,10.8333,162.499,4.7562500000000005,-3.5858587452901354
401,10.8333,162.499,4.759375,-3.4803481556330906
401,10.8333,162.499,4.7625,-3.3733870699947226
401,10.8333,162.499,4.765625,-3.2616811375633987
401,10.8333,162.499,4.768750000000001,-3.147980312378018
401,10.8333,162.499,4.7718750000000005,-3.036244405166064
401,10.8333,162.499,4.775,-2.926971905783167
401,10.8333,162.499,4.778125,-2.829286078928992
401,10.8333,162.499,4.78125,-2.736720465832758
401,10.8333,162.499,4.784375000000001,-2.658627057830209
401,10.8333,162.499,4.7875000000000005,-2.6016462490100594
401,10.8333,162.499,4.790625,-2.561566011798167
401,10.8333,162.499,4.79375,-2.5473369953895517
401,10.8333,162.499,4.796875,-2.557703253251027
401,10.8333,162.499,4.800000000000001,-2.5878789804257325
401,10.8333,162.499,4.8031250000000005,-2.6486280436263456
401,10.8333,162.499,4.80625,-2.724175434678768
401,10.8333,162.499,4.809375,-2.818343403728502
401,10.8333,162.499,4.8125,-2.9283885127202285
401,10.8333,162.499,4.815625000000001,-3.041148272863283
401,10.8333,162.499,4.8187500000000005,-3.157441201034942
401,10.8333,162.499,4.821875,-3.2743310342534793
401,10.8333,162.499,4.825,-3.377255146864879
401,10.8333,162.499,4.828125,-3.4645976833588223
401,10.8333,162.499,4.831250000000001,-3.537322849536527
401,10.8333,162.499,4.8343750000000005,-3.5856671546119157
401,10.8333,162.499,4.8375,-3.6200672130932734
401,10.8333,162.499,4.840625,-3.630197599706302
401,10.8333,162.499,4.84375,-3.625381802608949
401,10.8333,162.499,4.846875000000001,-3.6000719783942428
401,10.8333,162.499,4.8500000000000005,-3.560509175940172
401,10.8333,162.499,4.853125,-3.5062518011431374
401,10.8333,162.499,4.85625,-3.446507116558
401,10.8333,162.499,4.859375,-3.3758793562018456
401,10.8333,162.499,4.862500000000001,-3.3078261182725264
401,10.8333,162.499,4.8656250000000005,-3.239060029980881
401,10.8333,162.499,4.86875,-3.175872278329769
401,10.8333,162.499,4.871875,-3.124867428252104
401,10.8333,162.499,4.875,-3.0898578849689766
401,10.8333,162.499,4.878125000000001,-3.0701488285664076
401,10.8333,162.499,4.8812500000000005,-3.0737162022761484
401,10.8333,162.499,4.884375,-3.0900581282617745
401,10.8333,162.499,4.8875,-3.1320570440798488
401,10.8333,162.499,4.890625,-3.1934948038033606
401,10.8333,162.499,4.893750000000001,-3.2780603090555833
401,10.8333,162.499,4.8968750000000005,-3.377800193614796
401,10.8333,162.499,4.9,-3.4852239336854476
401,10.8333,162.499,4.903125,-3.6031740491023845
401,10.8333,162.499,4.90625,-3.7161531452319707
401,10.8333,162.499,4.909375000000001,-3.8227322126776193
401,10.8333,162.499,4.9125000000000005,-3.92013436081026
401,10.8333,162.499,4.915625,-3.9975584024241946
401,10.8333,162.499,4.91875,-4.063897988076822
401,10.8333,162.499,4.921875,-4.104345227653594
401,10.8333,162.499,4.925000000000001,-4.1251600771690855
401,10.8333,162.499,4.9281250000000005,-4.1249897193385845
401,10.8333,162.499,4.93125,-4.107093105756442
401,10.8333,162.499,4.934375,-4.073134176961611
401,10.8333,162.499,4.9375,-4.0283032568815615
401,10.8333,162.499,4.940625000000001,-3.9699900271417117
401,10.8333,162.499,4.9437500000000005,-3.9122550525658983
401,10.8333,162.499,4.946875,-3.841526042983464
401,10.8333,162.499,4.95,-3.7705337210295538
401,10.8333,162.499,4.953125,-3.6959404416035753
401,10.8333,162.499,4.956250000000001,-3.6276284989828684
401,10.8333,162.499,4.9593750000000005,-3.5661285928547715
401,10.8333,162.499,4.9625,-3.5166517423032784
401,10.8333,162.499,4.965625,-3.483970861724028
401,10.8333,162.499,4.96875,-3.474154738422215
401,10.8333,162.499,4.971875000000001,-3.481287241121888
401,10.8333,162.499,4.9750000000000005,-3.5157581098791186
401,10.8333,162.499,4.978125,-3.5629005669612073
401,10.8333,162.499,4.98125,-3.661748370894138
401,10.8333,162.499,4.984375,-3.7883718206369
401,10.8333,162.499,4.987500000000001,-3.9037878001599546
401,10.8333,162.499,4.9906250000000005,-4.027022206526009
401,10.8333,162.499,4.99375,-4.160190648042816
401,10.8333,162.499,4.996875,-4.302586098418537
401,10.8333,162.499,5.0,-4.448947449039417
401,10.8333,162.499,5.003125000000001,-4.577591594178366
401,10.8333,162.499,5.0062500000000005,-4.701414847914046
401,10.8333,162.499,5.009375,-4.812903696630859
401,10.8333,162.499,5.0125,-4.907586161258541
401,10.8333,162.499,5.015625,-4.981224346188025
401,10.8333,162.499,5.018750000000001,-5.041195545448928
401,10.8333,162.499,5.0218750000000005,-5.082570739702131
401,10.8333,162.499,5.025,-5.1066987123824825
401,10.8333,162.499,5.028125,-5.127844180752729
401,10.8333,162.499,5.03125,-5.130822639628985
401,10.8333,162.499,5.034375000000001,-5.127001753557625
401,10.8333,162.499,5.0375000000000005,-5.114613939872643
401,10.8333,162.499,5.040625,-5.102290348456786
401,10.8333,162.499,5.04375,-5.086768827279404
401,10.8333,162.499,5.046875,-5.072113790302744
401,10.8333,162.499,5.050000000000001,-5.066510956807275
401,10.8333,162.499,5.0531250000000005,-5.062889362509021
401,10.8333,162.499,5.05625,-5.072214437714005
401,10.8333,162.499,5.059375,-5.101384250525857
401,10.8333,162.499,5.0625,-5.142836530013146
401,10.8333,162.499,5.065625000000001,-5.197571189769957
401,10.8333,162.499,5.0687500000000005,-5.2639995302667275
401,10.8333,162.499,5.071875,-5.337303290804209
401,10.8333,162.499,5.075,-5.423098726040303
401,10.8333,162.499,5.078125,-5.52599791664697
401,10.8333,162.499,5.081250000000001,-5.636329948794476
401,10.8333,162.499,5.0843750000000005,-5.755815254632095
401,10.8333,162.499,5.0875,-5.875414938636546
401,10.8333,162.499,5.090625,-5.990333340200888
401,10.8333,162.499,5.09375,-6.091882215124077
401,10.8333,162.499,5.096875000000001,-6.1687105591644915
401,10.8333,162.499,5.1000000000000005,-6.2282118568924885
401,10.8333,162.499,5.103125,-6.2680105565125235
401,10.8333,162.499,5.10625,-6.287167604015762
401,10.8333,162.499,5.109375,-6.285726487618662
401,10.8333,162.499,5.112500000000001,-6.26007304868592
401,10.8333,162.499,5.1156250000000005,-6.218415469509759
401,10.8333,162.499,5.11875,-6.159914737486157
401,10.8333,162.499,5.121875,-6.08708042469657
401,10.8333,162.499,5.125,-6.010938881757978
401,10.8333,162.499,5.128125000000001,-5.923643340274577
401,10.8333,162.499,5.1312500000000005,-5.838158544322361
401,10.8333,162.499,5.134375,-5.746813011681579
401,10.8333,162.499,5.1375,-5.666986833617732
401,10.8333,162.499,5.140625,-5.586115912404529
401,10.8333,162.499,5.143750000000001,-5.516702111003601
401,10.8333,162.499,5.1468750000000005,-5.458110552420382
401,10.8333,162.499,5.15,-5.413782140828516
401,10.8333,162.499,5.153125,-5.383280594669655
401,10.8333,162.499,5.15625,-5.367125084711945
401,10.8333,162.499,5.159375000000001,-5.3749241583415905
401,10.8333,162.499,5.1625000000000005,-5.387918173615759
401,10.8333,162.499,5.165625,-5.424112485186714
401,10.8333,162.499,5.16875,-5.469356857789819
401,10.8333,162.499,5.171875,-5.531149394322174
401,10.8333,162.499,5.175000000000001,-5.595160157517301
401,10.8333,162.499,5.1781250000000005,-5.6655338151532515
401,10.8333,162.499,5.18125,-5.749378411268541
401,10.8333,162.499,5.184375,-5.820813011840228
401,10.8333,162.499,5.1875,-5.8921904266878435
401,10.8333,162.499,5.190625000000001,-5.963952773139141
401,10.8333,162.499,5.1937500000000005,-6.020203110369694
401,10.8333,162.499,5.196875,-6.078317090178889
401,10.8333,162.499,5.2,-6.129718967229973
401,10.8333,162.499,5.203125,-6.183292959486995
401,10.8333,162.499,5.206250000000001,-6.231744456317427
401,10.8333,162.499,5.2093750000000005,-6.292886068672063
401,10.8333,162.499,5.2125,-6.3583899888212905
401,10.8333,162.499,5.215625,-6.417149494769559
401,10.8333,162.499,5.21875,-6.4297246495835285
401,10.8333,162.499,5.221875000000001,-6.361857216438547
401,10.8333,162.499,5.2250000000000005,-6.307972311254684
401,10.8333,162.499,5.228125,-6.283083204447848
401,10.8333,162.499,5.23125,-6.283291239816787
401,10.8333,162.499,5.234375,-6.310383118031728
401,10.8333,162.499,5.237500000000001,-6.356717214005273
401,10.8333,162.499,5.2406250000000005,-6.429343386297286
401,10.8333,162.499,5.24375,-6.549023140771101
401,10.8333,162.499,5.246875,-6.722915446401215
401,10.8333,162.499,5.25,-6.9841403675927065
401,10.8333,162.499,5.253125000000001,-7.369846533732326
401,10.8333,162.499,5.2562500000000005,-7.963670756795583
401,10.8333,162.499,5.259375,-8.898215290879442
401,10.8333,162.499,5.2625,-10.30347399873455
401,10.8333,162.499,5.265625,-11.353258800092966
401,10.8333,162.499,5.268750000000001,-10.23884595367184
401,10.8333,162.499,5.2718750000000005,-8.65208717434594
401,10.8333,162.499,5.275,-7.824503397643352
401,10.8333,162.499,5.278125,-7.480738001134944
401,10.8333,162.499,5.28125,-7.36340617086033
401,10.8333,162.499,5.284375000000001,-7.3383657963551805
401,10.8333,162.499,5.2875000000000005,-7.325083625116681
401,10.8333,162.499,5.290625,-7.319998459660218
401,10.8333,162.499,5.29375,-7.297555807465505
401,10.8333,162.499,5.296875,-7.259941315342681
401,10.8333,162.499,5.300000000000001,-7.212216304087637
401,10.8333,162.499,5.3031250000000005,-7.157176847609953
401,10.8333,162.499,5.30625,-7.092490755824862
401,10.8333,162.499,5.309375,-7.017410485160883
401,10.8333,162.499,5.3125,-6.940971937542296
401,10.8333,162.499,5.315625000000001,-6.852889969129495
401,10.8333,162.499,5.3187500000000005,-6.766199866874727
401,10.8333,162.499,5.321875,-6.677899988388656
401,10.8333,162.499,5.325,-6.589432945604789
401,10.8333,162.499,5.328125,-6.507330453268474
401,10.8333,162.499,5.331250000000001,-6.43117713653591
401,10.8333,162.499,5.3343750000000005,-6.360386022338883
401,10.8333,162.499,5.3375,-6.298862891162322
401,10.8333,162.499,5.340625,-6.241097851599884
401,10.8333,162.499,5.34375,-6.191452573025382
401,10.8333,162.499,5.346875000000001,-6.145046496342182
401,10.8333,162.499,5.3500000000000005,-6.104628285588336
401,10.8333,162.499,5.353125,-6.06385564254439
401,10.8333,162.499,5.35625,-6.036961620162044
401,10.8333,162.499,5.359375,-6.033583539064537
401,10.8333,162.499,5.362500000000001,-6.050095744660976
401,10.8333,162.499,5.3656250000000005,-6.068012345644224
401,10.8333,162.499,5.36875,-6.095429071378028
401,10.8333,162.499,5.371875,-6.126497398605226
401,10.8333,162.499,5.375,-6.1439523095673945
401,10.8333,162.499,5.378125000000001,-6.157277094932936
401,10.8333,162.499,5.3812500000000005,-6.17246041751983
401,10.8333,162.499,5.384375,-6.1758156799628114
401,10.8333,162.499,5.3875,-6.1697346160038435
401,10.8333,162.499,5.390625,-6.148965333558046
401,10.8333,162.499,5.393750000000001,-6.12295042309963
401,10.8333,162.499,5.3968750000000005,-6.089181455442489
401,10.8333,162.499,5.4,-6.043279702305099
401,10.8333,162.499,5.403125,-6.004058225739588
401,10.8333,162.499,5.40625,-5.958858008771472
401,10.8333,162.499,5.409375000000001,-5.924835544650547
401,10.8333,162.499,5.4125000000000005,-5.885432622210289
401,10.8333,162.499,5.415625,-5.850014880323473
401,10.8333,162.499,5.41875,-5.815559482137944
401,10.8333,162.499,5.421875,-5.798349938476913
401,10.8333,162.499,5.425000000000001,-5.78619365532964
401,10.8333,162.499,5.4281250000000005,-5.7951765460254805
401,10.8333,162.499,5.43125,-5.807974260916637
401,10.8333,162.499,5.434375,-5.8232209917898095
401,10.8333,162.499,5.4375,-5.868092592781553
401,10.8333,162.499,5.440625000000001,-5.92290430031367
401,10.8333,162.499,5.4437500000000005,-5.986756806429295
401,10.8333,162.499,5.446875,-6.064094375681619
401,10.8333,162.499,5.45,-6.162514771923316
401,10.8333,162.499,5.453125,-6.246117309950097
401,10.8333,162.499,5.456250000000001,-6.349044774420199
401,10.8333,162.499,5.4593750000000005,-6.440584828984944
401,10.8333,162.499,5.4625,-6.533712454147949
401,10.8333,162.499,5.465625,-6.609069269703486
401,10.8333,162.499,5.46875,-6.680668622923509
401,10.8333,162.499,5.471875000000001,-6.735334552623745
401,10.8333,162.499,5.4750000000000005,-6.771168562429358
401,10.8333,162.499,5.478125,-6.795645484280196
401,10.8333,162.499,5.48125,-6.791143545910625
401,10.8333,162.499,5.484375,-6.774547617283213
401,10.8333,162.499,5.487500000000001,-6.73725467198973
401,10.8333,162.499,5.4906250000000005,-6.687832123213335
401,10.8333,162.499,5.49375,-6.63485227107606
401,10.8333,162.499,5.496875,-6.571706518430589
401,10.8333,162.499,5.5,-6.5105188054999115
401,10.8333,162.499,5.503125000000001,-6.431824531890541
401,10.8333,162.499,5.5062500000000005,-6.3412743481388105
401,10.8333,162.499,5.509375,-6.232898166285015
401,10.8333,162.499,5.5125,-6.133716956005722
401,10.8333,162.499,5.515625,-6.0318271531275265
401,10.8333,162.499,5.518750000000001,-5.945104536842928
401,10.8333,162.499,5.5218750000000005,-5.865168163441035
401,10.8333,162.499,5.525,-5.803141383909348
401,10.8333,162.499,5.528125,-5.752411729308786
401,10.8333,162.499,5.53125,-5.706664060616678
401,10.8333,162.499,5.534375000000001,-5.6470222071623475
401,10.8333,162.499,5.5375000000000005,-5.597808226857408
401,10.8333,162.499,5.540625,-5.5558859692481235
401,10.8333,162.499,5.54375,-5.5306582622087515
401,10.8333,162.499,5.546875,-5.503572102417921
401,10.8333,162.499,5.550000000000001,-5.480501906493663
401,10.8333,162.499,5.5531250000000005,-5.467016989133393
401,10.8333,162.499,5.55625,-5.451169043135524
401,10.8333,162.499,5.559375,-5.434923312708725
401,10.8333,162.499,5.5625,-5.410317584978335
401,10.8333,162.499,5.565625000000001,-5.385048548397927
401,10.8333,162.499,5.5687500000000005,-5.357521781003958
401,10.8333,162.499,5.571875,-5.326111375008557
401,10.8333,162.499,5.575,-5.289814774152117
401,10.8333,162.499,5.578125,-5.250161971966171
401,10.8333,162.499,5.581250000000001,-5.2099653504109265
401,10.8333,162.499,5.5843750000000005,-5.158695247974434
401,10.8333,162.499,5.5875,-5.108614332706145
401,10.8333,162.499,5.590625,-5.052842621192935
401,10.8333,162.499,5.59375,-5.001073698090449
401,10.8333,162.499,5.596875000000001,-4.9412213377485195
401,10.8333,162.499,5.6000000000000005,-4.883252032304481
401,10.8333,162.499,5.603125,-4.83267708635005
401,10.8333,162.499,5.60625,-4.779882050867499
401,10.8333,162.499,5.609375,-4.7322114536567375
401,10.8333,162.499,5.612500000000001,-4.684003570540829
401,10.8333,162.499,5.6156250000000005,-4.645089021242692
401,10.8333,162.499,5.61875,-4.621877886757555
401,10.8333,162.499,5.621875,-4.597627513603405
401,10.8333,162.499,5.625,-4.596887683426401
401,10.8333,162.499,5.628125000000001,-4.610510778887342
401,10.8333,162.499,5.6312500000000005,-4.63046997938248
401,10.8333,162.499,5.634375,-4.671907499698403
401,10.8333,162.499,5.6375,-4.710871371911278
401,10.8333,162.499,5.640625,-4.777082815578021
401,10.8333,162.499,5.643750000000001,-4.835784296369105
401,10.8333,162.499,5.6468750000000005,-4.90971311976372
401,10.8333,162.499,5.65,-4.975396371490818
401,10.8333,162.499,5.653125,-5.035646480177851
401,10.8333,162.499,5.65625,-5.090439252060146
401,10.8333,162.499,5.659375000000001,-5.1327693407932475
401,10.8333,162.499,5.6625000000000005,-5.162995247317474
401,10.8333,162.499,5.665625,-5.178344927744459
401,10.8333,162.499,5.66875,-5.183172921902402
401,10.8333,162.499,5.671875,-5.180719740992207
401,10.8333,162.499,5.675000000000001,-5.1506680991870155
401,10.8333,162.499,5.6781250000000005,-5.12291643800325
401,10.8333,162.499,5.68125,-5.083862788481617
401,10.8333,162.499,5.684375,-5.029162336023947
401,10.8333,162.499,5.6875,-4.967850574643707
401,10.8333,162.499,5.690625000000001,-4.897120099108568
401,10.8333,162.499,5.6937500000000005,-4.821917689402021
401,10.8333,162.499,5.696875,-4.735625359337773
401,10.8333,162.499,5.7,-4.645020903227483
401,10.8333,162.499,5.703125,-4.55135879169658
401,10.8333,162.499,5.706250000000001,-4.46506854264645
401,10.8333,162.499,5.7093750000000005,-4.367359533685228
401,10.8333,162.499,5.7125,-4.281005906733919
401,10.8333,162.499,5.715625,-4.2050102008956385
401,10.8333,162.499,5.71875,-4.129189479980309
401,10.8333,162.499,5.721875000000001,-4.066141584458483
401,10.8333,162.499,5.7250000000000005,-4.025144721786207
401,10.8333,162.499,5.728125,-3.9892810285859523
401,10.8333,162.499,5.73125,-3.9729361612465146
401,10.8333,162.499,5.734375,-3.966696404324473
401,10.8333,162.499,5.737500000000001,-3.9639162637786325
401,10.8333,162.499,5.7406250000000005,-3.9700004936234934
401,10.8333,162.499,5.74375,-3.9738132320268695
401,10.8333,162.499,5.746875,-3.983768145628602
401,10.8333,162.499,5.75,-3.9828069558329386
401,10.8333,162.499,5.753125000000001,-3.9845173769998787
401,10.8333,162.499,5.7562500000000005,-3.9738892343977934
401,10.8333,162.499,5.759375,-3.9525947244872555
401,10.8333,162.499,5.7625,-3.927122296004874
401,10.8333,162.499,5.765625,-3.892983624968161
401,10.8333,162.499,5.768750000000001,-3.8518820122442317
401,10.8333,162.499,5.7718750000000005,-3.8082058825633807
401,10.8333,162.499,5.775,-3.748028922247802
401,10.8333,162.499,5.778125,-3.6924500492459966
401,10.8333,162.499,5.78125,-3.620013959715553
401,10.8333,162.499,5.784375000000001,-3.544552023121501
401,10.8333,162.499,5.7875000000000005,-3.4731114705721513
401,10.8333,162.499,5.790625,-3.3977519396466964
401,10.8333,162.499,5.79375,-3.3249678871598594
401,10.8333,162.499,5.796875,-3.2560928976929993
401,10.8333,162.499,5.800000000000001,-3.1914942580945653
401,10.8333,162.499,5.8031250000000005,-3.1370205470864336
401,10.8333,162.499,5.80625,-3.1007935668840068
401,10.8333,162.499,5.809375,-3.065074679645932
401,10.8333,162.499,5.8125,-3.0515792315983647
401,10.8333,162.499,5.815625000000001,-3.0574763509098406
401,10.8333,162.499,5.8187500000000005,-3.068828791913509
401,10.8333,162.499,5.821875,-3.101715070552762
401,10.8333,162.499,5.825,-3.141297101793556
401,10.8333,162.499,5.828125,-3.194151606343747
401,10.8333,162.499,5.831250000000001,-3.2606367801528253
401,10.8333,162.499,5.8343750000000005,-3.313824708635034
401,10.8333,162.499,5.8375,-3.3807431673506496
401,10.8333,162.499,5.840625,-3.436930069873072
401,10.8333,162.499,5.84375,-3.4871169730611697
401,10.8333,162.499,5.846875000000001,-3.5353639742538885
401,10.8333,162.499,5.8500000000000005,-3.565434724263821
401,10.8333,162.499,5.853125,-3.5861733590711737
401,10.8333,162.499,5.85625,-3.6033945556973688
401,10.8333,162.499,5.859375,-3.602595555518327
401,10.8333,162.499,5.862500000000001,-3.592929630864052
401,10.8333,162.499,5.8656250000000005,-3.5670887159933122
401,10.8333,162.499,5.86875,-3.5372627892724857
401,10.8333,162.499,5.871875,-3.4918771883207995
401,10.8333,162.499,5.875,-3.4368870893385632
401,10.8333,162.499,5.878125000000001,-3.3725560067249045
401,10.8333,162.499,5.8812500000000005,-3.2985150551271074
401,10.8333,162.499,5.884375,-3.2205479432258266
401,10.8333,162.499,5.8875,-3.1388200026828432
401,10.8333,162.499,5.890625,-3.0603025764686054
401,10.8333,162.499,5.893750000000001,-2.9843457629299834
401,10.8333,162.499,5.8968750000000005,-2.9227042354879726
401,10.8333,162.499,5.9,-2.8683284180892055
401,10.8333,162.499,5.903125,-2.826392391005678
401,10.8333,162.499,5.90625,-2.8101848631941415
401,10.8333,162.499,5.909375000000001,-2.8092896313700813
401,10.8333,162.499,5.9125000000000005,-2.824087438309392
401,10.8333,162.499,5.915625,-2.8429448053081408
401,10.8333,162.499,5.91875,-2.8718192680661274
401,10.8333,162.499,5.921875,-2.903830368348601
401,10.8333,162.499,5.925000000000001,-2.935204316877103
401,10.8333,162.499,5.9281250000000005,-2.9558629056218386
401,10.8333,162.499,5.93125,-2.978500277173448
401,10.8333,162.499,5.934375,-2.9928794308800373
401,10.8333,162.499,5.9375,-2.998547414411317
401,10.8333,162.499,5.940625000000001,-2.99503717839793
401,10.8333,162.499,5.9437500000000005,-2.9855584732373597
401,10.8333,162.499,5.946875,-2.9671565264087665
401,10.8333,162.499,5.95,-2.9433922156673766
401,10.8333,162.499,5.953125,-2.9079997392797026
401,10.8333,162.499,5.956250000000001,-2.8685470938675968
401,10.8333,162.499,5.9593750000000005,-2.8173740825897102
401,10.8333,162.499,5.9625,-2.7624658796570856
401,10.8333,162.499,5.965625,-2.7034544570956283
401,10.8333,162.499,5.96875,-2.634870577933213
401,10.8333,162.499,5.971875000000001,-2.566654737426244
401,10.8333,162.499,5.9750000000000005,-2.4914930157698683
401,10.8333,162.499,5.978125,-2.414493905757476
401,10.8333,162.499,5.98125,-2.3481973836188184
401,10.8333,162.499,5.984375,-2.2789505231709755
401,10.8333,162.499,5.987500000000001,-2.2290510640545316
401,10.8333,162.499,5.9906250000000005,-2.1906695030753274
401,10.8333,162.499,5.99375,-2.1707014905323265
401,10.8333,162.499,5.996875,-2.176625187149677
401,10.8333,162.499,6.0,-2.20228264136456
