ScanID,Current,Field,Frequency,Spectra
526,10.8333,162.499,1.0,-0.9337906616541396
526,10.8333,162.499,1.003125,-0.9003970754518278
526,10.8333,162.499,1.00625,-0.8696634159319792
526,10.8333,162.499,1.0093750000000001,-0.8455226794650327
526,10.8333,162.499,1.0125,-0.8284335130182179
526,10.8333,162.499,1.015625,-0.8224761683608501
526,10.8333,162.499,1.01875,-0.8214655693157553
526,10.8333,162.499,1.021875,-0.8309593948678518
526,10.8333,162.499,1.0250000000000001,-0.8512432027980438
526,10.8333,162.499,1.028125,-0.8814777537335265
526,10.8333,162.499,1.03125,-0.9196489229444088
526,10.8333,162.499,1.034375,-0.9598287446934956
526,10.8333,162.499,1.0375,-1.0078896273675506
526,10.8333,162.499,1.0406250000000001,-1.059559571998212
526,10.8333,162.499,1.04375,-1.1117605217692121
526,10.8333,162.499,1.046875,-1.1657634413955056
526,10.8333,162.499,1.05,-1.2195534960767431
526,10.8333,162.499,1.053125,-1.2675519272785676
526,10.8333,162.499,1.0562500000000001,-1.3146245211682597
526,10.8333,162.499,1.059375,-1.3536931200742468
526,10.8333,162.499,1.0625,-1.3884927978301258
526,10.8333,162.499,1.065625,-1.4115934979240496
526,10.8333,162.499,1.06875,-1.425388678756637
526,10.8333,162.499,1.0718750000000001,-1.4335843268812254
526,10.8333,162.499,1.0750000000000002,-1.4273510458663907
526,10.8333,162.499,1.078125,-1.410927746162761
526,10.8333,162.499,1.08125,-1.381304466032096
526,10.8333,162.499,1.084375,-1.3407938436875049
526,10.8333,162.499,1.0875000000000001,-1.2901318221538807
526,10.8333,162.499,1.0906250000000002,-1.2326720123719295
526,10.8333,162.499,1.09375,-1.1741480155281865
526,10.8333,162.499,1.096875,-1.1103877977066121
526,10.8333,162.499,1.1,-1.0505056282722234
526,10.8333,162.499,1.1031250000000001,-0.992932260738719
526,10.8333,162.499,1.1062500000000002,-0.9432572072890998
526,10.8333,162.499,1.109375,-0.902096288710337
526,10.8333,162.499,1.1125,-0.8744002075805226
526,10.8333,162.499,1.115625,-0.8584941677204111
526,10.8333,162.499,1.1187500000000001,-0.8566981064634228
526,10.8333,162.499,1.1218750000000002,-0.8677744561363039
526,10.8333,162.499,1.125,-0.8927233068453793
526,10.8333,162.499,1.128125,-0.9238420291404195
526,10.8333,162.499,1.13125,-0.9623079239973481
526,10.8333,162.499,1.1343750000000001,-1.0050137587863892
526,10.8333,162.499,1.1375000000000002,-1.0491399718528398
526,10.8333,162.499,1.140625,-1.0891439362317408
526,10.8333,162.499,1.14375,-1.128469075638542
526,10.8333,162.499,1.146875,-1.1577343390301629
526,10.8333,162.499,1.1500000000000001,-1.1822647648494042
526,10.8333,162.499,1.1531250000000002,-1.1988180260754908
526,10.8333,162.499,1.15625,-1.2036893316874169
526,10.8333,162.499,1.159375,-1.2015886632434833
526,10.8333,162.499,1.1625,-1.1900049016320973
526,10.8333,162.499,1.1656250000000001,-1.1730567930117304
526,10.8333,162.499,1.1687500000000002,-1.149911871603071
526,10.8333,162.499,1.171875,-1.121985629204982
526,10.8333,162.499,1.175,-1.0905915968677202
526,10.8333,162.499,1.178125,-1.0560827480274224
526,10.8333,162.499,1.1812500000000001,-1.0178632198100703
526,10.8333,162.499,1.1843750000000002,-0.9789465490476122
526,10.8333,162.499,1.1875,-0.9415743600492182
526,10.8333,162.499,1.190625,-0.9056421369699461
526,10.8333,162.499,1.19375,-0.8752982821024686
526,10.8333,162.499,1.1968750000000001,-0.8464930175307321
526,10.8333,162.499,1.2000000000000002,-0.8271995879042067
526,10.8333,162.499,1.203125,-0.8164826594519882
526,10.8333,162.499,1.20625,-0.8159281969732743
526,10.8333,162.499,1.209375,-0.8211466453500516
526,10.8333,162.499,1.2125000000000001,-0.844170394156657
526,10.8333,162.499,1.2156250000000002,-0.8755439015891757
526,10.8333,162.499,1.21875,-0.9215699926618222
526,10.8333,162.499,1.221875,-0.9749958837073078
526,10.8333,162.499,1.225,-1.0362834204630036
526,10.8333,162.499,1.2281250000000001,-1.1063085704967204
526,10.8333,162.499,1.2312500000000002,-1.1750675971877775
526,10.8333,162.499,1.234375,-1.247932183314324
526,10.8333,162.499,1.2375,-1.3154965902057294
526,10.8333,162.499,1.240625,-1.3820987010656367
526,10.8333,162.499,1.2437500000000001,-1.441231927255616
526,10.8333,162.499,1.2468750000000002,-1.4849880099210602
526,10.8333,162.499,1.25,-1.5135606873032403
526,10.8333,162.499,1.253125,-1.5381476000047736
526,10.8333,162.499,1.25625,-1.5392175737257376
526,10.8333,162.499,1.2593750000000001,-1.5256684013208521
526,10.8333,162.499,1.2625000000000002,-1.5033181437413765
526,10.8333,162.499,1.265625,-1.468882109692247
526,10.8333,162.499,1.26875,-1.4244838127478279
526,10.8333,162.499,1.271875,-1.3700519472810617
526,10.8333,162.499,1.2750000000000001,-1.3090497539593646
526,10.8333,162.499,1.2781250000000002,-1.252007601703728
526,10.8333,162.499,1.28125,-1.1938035773280278
526,10.8333,162.499,1.284375,-1.1376239561363595
526,10.8333,162.499,1.2875,-1.0906058781405488
526,10.8333,162.499,1.2906250000000001,-1.0521849687380385
526,10.8333,162.499,1.2937500000000002,-1.026067654001738
526,10.8333,162.499,1.296875,-1.010721740292329
526,10.8333,162.499,1.3,-1.0057896377296296
526,10.8333,162.499,1.303125,-1.0170204881242078
526,10.8333,162.499,1.3062500000000001,-1.0406152172801315
526,10.8333,162.499,1.3093750000000002,-1.072639011716724
526,10.8333,162.499,1.3125,-1.117939191233441
526,10.8333,162.499,1.315625,-1.1656630107906434
526,10.8333,162.499,1.31875,-1.2148905624615542
526,10.8333,162.499,1.3218750000000001,-1.263558056952139
526,10.8333,162.499,1.3250000000000002,-1.3108758499088504
526,10.8333,162.499,1.328125,-1.3471856571916803
526,10.8333,162.499,1.33125,-1.3776815239419147
526,10.8333,162.499,1.334375,-1.4008188971449298
526,10.8333,162.499,1.3375000000000001,-1.408999071207827
526,10.8333,162.499,1.3406250000000002,-1.4121696136521535
526,10.8333,162.499,1.34375,-1.404420058253221
526,10.8333,162.499,1.346875,-1.3880398036045203
526,10.8333,162.499,1.35,-1.3644444433428393
526,10.8333,162.499,1.3531250000000001,-1.3370307092834164
526,10.8333,162.499,1.3562500000000002,-1.30153211387555
526,10.8333,162.499,1.359375,-1.260891920259548
526,10.8333,162.499,1.3625,-1.2156366067664939
526,10.8333,162.499,1.365625,-1.166243371940757
526,10.8333,162.499,1.3687500000000001,-1.1220077040824736
526,10.8333,162.499,1.3718750000000002,-1.0728576971447086
526,10.8333,162.499,1.375,-1.0285860545384033
526,10.8333,162.499,1.378125,-0.9823512244943966
526,10.8333,162.499,1.38125,-0.9464943746403258
526,10.8333,162.499,1.3843750000000001,-0.9156956529313963
526,10.8333,162.499,1.3875000000000002,-0.8948490806966762
526,10.8333,162.499,1.390625,-0.8880413336003277
526,10.8333,162.499,1.39375,-0.8977616877403828
526,10.8333,162.499,1.396875,-0.9219170257324588
526,10.8333,162.499,1.4000000000000001,-0.9626120910691325
526,10.8333,162.499,1.4031250000000002,-1.0207527637946234
526,10.8333,162.499,1.40625,-1.0904459167166312
526,10.8333,162.499,1.409375,-1.16866277991704
526,10.8333,162.499,1.4125,-1.2547571203390389
526,10.8333,162.499,1.4156250000000001,-1.3424093159869743
526,10.8333,162.499,1.4187500000000002,-1.4239646368109706
526,10.8333,162.499,1.421875,-1.499849851467062
526,10.8333,162.499,1.425,-1.5637833810775648
526,10.8333,162.499,1.428125,-1.6142031779487005
526,10.8333,162.499,1.4312500000000001,-1.6460748409834347
526,10.8333,162.499,1.4343750000000002,-1.6644042333948694
526,10.8333,162.499,1.4375,-1.6657449252643264
526,10.8333,162.499,1.440625,-1.6554395961684223
526,10.8333,162.499,1.44375,-1.63484645460196
526,10.8333,162.499,1.4468750000000001,-1.6053372459260125
526,10.8333,162.499,1.4500000000000002,-1.5666485962896077
526,10.8333,162.499,1.453125,-1.5248666543988763
526,10.8333,162.499,1.45625,-1.4792185309208474
526,10.8333,162.499,1.459375,-1.431068614596054
526,10.8333,162.499,1.4625000000000001,-1.3836689624347271
526,10.8333,162.499,1.4656250000000002,-1.3393400601306964
526,10.8333,162.499,1.46875,-1.2980575002259314
526,10.8333,162.499,1.471875,-1.2601630402421464
526,10.8333,162.499,1.475,-1.2326148761121114
526,10.8333,162.499,1.4781250000000001,-1.2085072513562054
526,10.8333,162.499,1.4812500000000002,-1.1908517955524744
526,10.8333,162.499,1.484375,-1.1860938729701767
526,10.8333,162.499,1.4875,-1.190928651575224
526,10.8333,162.499,1.490625,-1.210394343579846
526,10.8333,162.499,1.4937500000000001,-1.240409224919042
526,10.8333,162.499,1.4968750000000002,-1.279333609946851
526,10.8333,162.499,1.5,-1.324643255069077
526,10.8333,162.499,1.503125,-1.3792495362352117
526,10.8333,162.499,1.50625,-1.4354800771574725
526,10.8333,162.499,1.5093750000000001,-1.494176907817362
526,10.8333,162.499,1.5125000000000002,-1.552060541166263
526,10.8333,162.499,1.515625,-1.6017569455333862
526,10.8333,162.499,1.51875,-1.6455659383186667
526,10.8333,162.499,1.521875,-1.6747654096628772
526,10.8333,162.499,1.5250000000000001,-1.6908364026362377
526,10.8333,162.499,1.5281250000000002,-1.6931128432545792
526,10.8333,162.499,1.53125,-1.6795435265551872
526,10.8333,162.499,1.534375,-1.6519727387251724
526,10.8333,162.499,1.5375,-1.6100910898253817
526,10.8333,162.499,1.5406250000000001,-1.5561225063848987
526,10.8333,162.499,1.5437500000000002,-1.4929007902651237
526,10.8333,162.499,1.546875,-1.4232282973118127
526,10.8333,162.499,1.55,-1.349008347289776
526,10.8333,162.499,1.553125,-1.2749246348337469
526,10.8333,162.499,1.5562500000000001,-1.203739047022438
526,10.8333,162.499,1.5593750000000002,-1.1366945599590377
526,10.8333,162.499,1.5625,-1.080628602285426
526,10.8333,162.499,1.565625,-1.0365378389073459
526,10.8333,162.499,1.56875,-1.0074937596714386
526,10.8333,162.499,1.5718750000000001,-0.9958895597863398
526,10.8333,162.499,1.5750000000000002,-0.9957190171496086
526,10.8333,162.499,1.578125,-1.0142052714020235
526,10.8333,162.499,1.58125,-1.0456020057380528
526,10.8333,162.499,1.584375,-1.093192663305445
526,10.8333,162.499,1.5875000000000001,-1.1538524417966565
526,10.8333,162.499,1.5906250000000002,-1.222035917311558
526,10.8333,162.499,1.59375,-1.297366789943903
526,10.8333,162.499,1.596875,-1.374980819891113
526,10.8333,162.499,1.6,-1.4513154145302645
526,10.8333,162.499,1.6031250000000001,-1.5231501879741338
526,10.8333,162.499,1.6062500000000002,-1.5908887153340014
526,10.8333,162.499,1.609375,-1.6475454716968478
526,10.8333,162.499,1.6125,-1.6977738342307611
526,10.8333,162.499,1.615625,-1.7360907435050663
526,10.8333,162.499,1.6187500000000001,-1.7611625041963397
526,10.8333,162.499,1.6218750000000002,-1.7736738945369668
526,10.8333,162.499,1.625,-1.77158645564848
526,10.8333,162.499,1.628125,-1.7548099620189919
526,10.8333,162.499,1.63125,-1.7243695017643552
526,10.8333,162.499,1.6343750000000001,-1.687323898772424
526,10.8333,162.499,1.6375000000000002,-1.6385335854162453
526,10.8333,162.499,1.640625,-1.5817802554287885
526,10.8333,162.499,1.64375,-1.5259433364314645
526,10.8333,162.499,1.646875,-1.462189241992708
526,10.8333,162.499,1.6500000000000001,-1.4018068043547216
526,10.8333,162.499,1.6531250000000002,-1.3438713214448108
526,10.8333,162.499,1.65625,-1.2919618581542052
526,10.8333,162.499,1.659375,-1.24982967342613
526,10.8333,162.499,1.6625,-1.2263377025665732
526,10.8333,162.499,1.6656250000000001,-1.219274695527787
526,10.8333,162.499,1.6687500000000002,-1.226915088984944
526,10.8333,162.499,1.671875,-1.2520564378227508
526,10.8333,162.499,1.675,-1.289944691228961
526,10.8333,162.499,1.678125,-1.3432035245878353
526,10.8333,162.499,1.6812500000000001,-1.4055654494985828
526,10.8333,162.499,1.6843750000000002,-1.4734502166589216
526,10.8333,162.499,1.6875,-1.5479861298466195
526,10.8333,162.499,1.690625,-1.6218868747109134
526,10.8333,162.499,1.69375,-1.6896762779661059
526,10.8333,162.499,1.6968750000000001,-1.7525325693420446
526,10.8333,162.499,1.7000000000000002,-1.801735600898465
526,10.8333,162.499,1.703125,-1.8372090737522648
526,10.8333,162.499,1.70625,-1.8624807736342408
526,10.8333,162.499,1.709375,-1.874045550921541
526,10.8333,162.499,1.7125000000000001,-1.87303205868076
526,10.8333,162.499,1.7156250000000002,-1.8572179970504654
526,10.8333,162.499,1.71875,-1.8293995683085786
526,10.8333,162.499,1.721875,-1.7886498901967078
526,10.8333,162.499,1.725,-1.742378532380266
526,10.8333,162.499,1.7281250000000001,-1.6843691575529918
526,10.8333,162.499,1.7312500000000002,-1.6183370497061258
526,10.8333,162.499,1.734375,-1.5504337655230356
526,10.8333,162.499,1.7375,-1.4784323966662885
526,10.8333,162.499,1.740625,-1.4107925388179479
526,10.8333,162.499,1.7437500000000001,-1.3420992311682236
526,10.8333,162.499,1.7468750000000002,-1.280647571219021
526,10.8333,162.499,1.75,-1.2139403702500042
526,10.8333,162.499,1.753125,-1.1653512692667118
526,10.8333,162.499,1.75625,-1.1276206588327846
526,10.8333,162.499,1.7593750000000001,-1.10654751912897
526,10.8333,162.499,1.7625000000000002,-1.103745127959658
526,10.8333,162.499,1.765625,-1.1170660194455624
526,10.8333,162.499,1.76875,-1.1513071104128434
526,10.8333,162.499,1.771875,-1.2038375475606335
526,10.8333,162.499,1.7750000000000001,-1.2692206693140318
526,10.8333,162.499,1.7781250000000002,-1.3455312097947392
526,10.8333,162.499,1.78125,-1.4312493739534622
526,10.8333,162.499,1.784375,-1.520951398575225
526,10.8333,162.499,1.7875,-1.609650781814274
526,10.8333,162.499,1.7906250000000001,-1.6915969519909744
526,10.8333,162.499,1.7937500000000002,-1.7630052293475589
526,10.8333,162.499,1.7968750000000002,-1.821732587110891
526,10.8333,162.499,1.8,-1.8636635006621525
526,10.8333,162.499,1.803125,-1.8874288426170727
526,10.8333,162.499,1.8062500000000001,-1.889707742964387
526,10.8333,162.499,1.8093750000000002,-1.8768583128741754
526,10.8333,162.499,1.8125000000000002,-1.852414938921547
526,10.8333,162.499,1.815625,-1.8154233269344977
526,10.8333,162.499,1.81875,-1.7633703666612688
526,10.8333,162.499,1.8218750000000001,-1.7067963435587064
526,10.8333,162.499,1.8250000000000002,-1.6465161858551736
526,10.8333,162.499,1.8281250000000002,-1.5813917722463229
526,10.8333,162.499,1.83125,-1.518807580408301
526,10.8333,162.499,1.834375,-1.4605690545307817
526,10.8333,162.499,1.8375000000000001,-1.407766768595876
526,10.8333,162.499,1.8406250000000002,-1.3678551415751496
526,10.8333,162.499,1.8437500000000002,-1.331897449619629
526,10.8333,162.499,1.846875,-1.3099940928495108
526,10.8333,162.499,1.85,-1.3006588590977572
526,10.8333,162.499,1.8531250000000001,-1.305933246299501
526,10.8333,162.499,1.8562500000000002,-1.3237206042419176
526,10.8333,162.499,1.8593750000000002,-1.3607581089036966
526,10.8333,162.499,1.8625,-1.4104214667448773
526,10.8333,162.499,1.865625,-1.4708533814434674
526,10.8333,162.499,1.8687500000000001,-1.5412249794226756
526,10.8333,162.499,1.8718750000000002,-1.6170240793587654
526,10.8333,162.499,1.8750000000000002,-1.696810573159707
526,10.8333,162.499,1.878125,-1.7756352462079206
526,10.8333,162.499,1.88125,-1.8490701645344472
526,10.8333,162.499,1.8843750000000001,-1.9172733418040677
526,10.8333,162.499,1.8875000000000002,-1.9721075929151188
526,10.8333,162.499,1.8906250000000002,-2.0127726378373976
526,10.8333,162.499,1.89375,-2.0366217757132112
526,10.8333,162.499,1.896875,-2.0447618660531828
526,10.8333,162.499,1.9000000000000001,-2.0348250767796565
526,10.8333,162.499,1.9031250000000002,-1.9993792906192296
526,10.8333,162.499,1.9062500000000002,-1.9557989060615266
526,10.8333,162.499,1.909375,-1.8963853762625558
526,10.8333,162.499,1.9125,-1.8271872452522666
526,10.8333,162.499,1.9156250000000001,-1.749638831353582
526,10.8333,162.499,1.9187500000000002,-1.6650671510868063
526,10.8333,162.499,1.9218750000000002,-1.5772547327783546
526,10.8333,162.499,1.925,-1.490852009480531
526,10.8333,162.499,1.928125,-1.410248909016941
526,10.8333,162.499,1.9312500000000001,-1.3354945280882609
526,10.8333,162.499,1.9343750000000002,-1.271675980218345
526,10.8333,162.499,1.9375000000000002,-1.219729754591352
526,10.8333,162.499,1.940625,-1.1832563363464612
526,10.8333,162.499,1.94375,-1.16434890936977
526,10.8333,162.499,1.9468750000000001,-1.161725949844044
526,10.8333,162.499,1.9500000000000002,-1.1767164901722595
526,10.8333,162.499,1.9531250000000002,-1.2116555646868945
526,10.8333,162.499,1.95625,-1.2634215878740471
526,10.8333,162.499,1.959375,-1.3272362321958942
526,10.8333,162.499,1.9625000000000001,-1.4061767609216957
526,10.8333,162.499,1.9656250000000002,-1.4928803626323188
526,10.8333,162.499,1.9687500000000002,-1.5825364976957348
526,10.8333,162.499,1.971875,-1.671375398809726
526,10.8333,162.499,1.975,-1.7540042448037576
526,10.8333,162.499,1.9781250000000001,-1.8210347101416207
526,10.8333,162.499,1.9812500000000002,-1.8796178332348703
526,10.8333,162.499,1.9843750000000002,-1.9194521273991274
526,10.8333,162.499,1.9875,-1.9429559177913442
526,10.8333,162.499,1.990625,-1.948826405729165
526,10.8333,162.499,1.9937500000000001,-1.9337874501222483
526,10.8333,162.499,1.9968750000000002,-1.9052865256683849
526,10.8333,162.499,2.0,-1.857923416748106
526,10.8333,162.499,2.0031250000000003,-1.7984119575363413
526,10.8333,162.499,2.00625,-1.7325415459710318
526,10.8333,162.499,2.009375,-1.6615958589164503
526,10.8333,162.499,2.0125,-1.5835367540569556
526,10.8333,162.499,2.015625,-1.505687659549676
526,10.8333,162.499,2.0187500000000003,-1.433578275656961
526,10.8333,162.499,2.021875,-1.3618860317692132
526,10.8333,162.499,2.025,-1.303639925909315
526,10.8333,162.499,2.028125,-1.2577822082683618
526,10.8333,162.499,2.03125,-1.2241122612764532
526,10.8333,162.499,2.0343750000000003,-1.2107572523568233
526,10.8333,162.499,2.0375,-1.2152804986850676
526,10.8333,162.499,2.040625,-1.2408579190475046
526,10.8333,162.499,2.04375,-1.279353288096846
526,10.8333,162.499,2.046875,-1.338928876600182
526,10.8333,162.499,2.0500000000000003,-1.4107206482432624
526,10.8333,162.499,2.053125,-1.4959216558943798
526,10.8333,162.499,2.05625,-1.5871562021346506
526,10.8333,162.499,2.059375,-1.6829141874957074
526,10.8333,162.499,2.0625,-1.776463552796945
526,10.8333,162.499,2.0656250000000003,-1.8635865526882966
526,10.8333,162.499,2.06875,-1.9420483810431242
526,10.8333,162.499,2.071875,-2.0038466119587155
526,10.8333,162.499,2.075,-2.0466579632877044
526,10.8333,162.499,2.078125,-2.0754160516334212
526,10.8333,162.499,2.0812500000000003,-2.087236277527617
526,10.8333,162.499,2.084375,-2.0788639069805526
526,10.8333,162.499,2.0875,-2.0546488736927673
526,10.8333,162.499,2.090625,-2.017505665657398
526,10.8333,162.499,2.09375,-1.9579469152526388
526,10.8333,162.499,2.0968750000000003,-1.8894501973150581
526,10.8333,162.499,2.1,-1.8120463050751088
526,10.8333,162.499,2.103125,-1.7288553828074729
526,10.8333,162.499,2.10625,-1.6414639044472996
526,10.8333,162.499,2.109375,-1.5574874512005576
526,10.8333,162.499,2.1125000000000003,-1.472043139827531
526,10.8333,162.499,2.115625,-1.3910453393040758
526,10.8333,162.499,2.11875,-1.3192458610993678
526,10.8333,162.499,2.121875,-1.255419654076345
526,10.8333,162.499,2.125,-1.205763950990419
526,10.8333,162.499,2.1281250000000003,-1.1734354708104109
526,10.8333,162.499,2.13125,-1.1625285270975156
526,10.8333,162.499,2.134375,-1.1712738444200541
526,10.8333,162.499,2.1375,-1.20098086533623
526,10.8333,162.499,2.140625,-1.2508818783473288
526,10.8333,162.499,2.1437500000000003,-1.3159914078107597
526,10.8333,162.499,2.146875,-1.3960263223671796
526,10.8333,162.499,2.1500000000000004,-1.488478750192273
526,10.8333,162.499,2.153125,-1.583352915289282
526,10.8333,162.499,2.15625,-1.681344251467318
526,10.8333,162.499,2.1593750000000003,-1.772629075057609
526,10.8333,162.499,2.1625,-1.8528365602362435
526,10.8333,162.499,2.1656250000000004,-1.917716559412944
526,10.8333,162.499,2.16875,-1.9609760450595428
526,10.8333,162.499,2.171875,-1.9861209695881452
526,10.8333,162.499,2.1750000000000003,-1.9873723803490524
526,10.8333,162.499,2.178125,-1.9695475980940127
526,10.8333,162.499,2.1812500000000004,-1.934966475551409
526,10.8333,162.499,2.184375,-1.8824657734935102
526,10.8333,162.499,2.1875,-1.8103275105549332
526,10.8333,162.499,2.1906250000000003,-1.734598904311829
526,10.8333,162.499,2.19375,-1.653285675572144
526,10.8333,162.499,2.1968750000000004,-1.5661971710407174
526,10.8333,162.499,2.2,-1.4827018627135615
526,10.8333,162.499,2.203125,-1.4028400329217168
526,10.8333,162.499,2.2062500000000003,-1.331607366168974
526,10.8333,162.499,2.209375,-1.268918787342491
526,10.8333,162.499,2.2125000000000004,-1.2188206575839184
526,10.8333,162.499,2.215625,-1.1817360865918827
526,10.8333,162.499,2.21875,-1.1589371792373937
526,10.8333,162.499,2.2218750000000003,-1.160487610340031
526,10.8333,162.499,2.225,-1.176340663755848
526,10.8333,162.499,2.2281250000000004,-1.2140008358833445
526,10.8333,162.499,2.23125,-1.272795698369182
526,10.8333,162.499,2.234375,-1.3429214502678515
526,10.8333,162.499,2.2375000000000003,-1.4269125346074554
526,10.8333,162.499,2.240625,-1.5239827430222657
526,10.8333,162.499,2.2437500000000004,-1.6219258060566812
526,10.8333,162.499,2.246875,-1.7209916842087796
526,10.8333,162.499,2.25,-1.8141217974297497
526,10.8333,162.499,2.2531250000000003,-1.9008985468649733
526,10.8333,162.499,2.25625,-1.9773926272175955
526,10.8333,162.499,2.2593750000000004,-2.0363088372063314
526,10.8333,162.499,2.2625,-2.079111914606848
526,10.8333,162.499,2.265625,-2.1021222589615354
526,10.8333,162.499,2.2687500000000003,-2.1057462856626805
526,10.8333,162.499,2.271875,-2.0893384591414157
526,10.8333,162.499,2.2750000000000004,-2.057464232353661
526,10.8333,162.499,2.278125,-2.008683055752379
526,10.8333,162.499,2.28125,-1.9399790426359853
526,10.8333,162.499,2.2843750000000003,-1.8712260676015033
526,10.8333,162.499,2.2875,-1.7887485175440978
526,10.8333,162.499,2.2906250000000004,-1.6953057675708416
526,10.8333,162.499,2.29375,-1.5948706356196656
526,10.8333,162.499,2.296875,-1.5044067852771523
526,10.8333,162.499,2.3000000000000003,-1.4194158938002
526,10.8333,162.499,2.303125,-1.343110602029487
526,10.8333,162.499,2.3062500000000004,-1.2764154457467884
526,10.8333,162.499,2.309375,-1.2264858779860948
526,10.8333,162.499,2.3125,-1.1906349871275033
526,10.8333,162.499,2.3156250000000003,-1.1761634927636138
526,10.8333,162.499,2.31875,-1.175813340076806
526,10.8333,162.499,2.3218750000000004,-1.1974446745418679
526,10.8333,162.499,2.325,-1.240973262902956
526,10.8333,162.499,2.328125,-1.3022496141031834
526,10.8333,162.499,2.3312500000000003,-1.3801581110873185
526,10.8333,162.499,2.334375,-1.4681519957566755
526,10.8333,162.499,2.3375000000000004,-1.5666479072949027
526,10.8333,162.499,2.340625,-1.6663100339467443
526,10.8333,162.499,2.34375,-1.768135698617805
526,10.8333,162.499,2.3468750000000003,-1.8643154620122269
526,10.8333,162.499,2.35,-1.9617981417849322
526,10.8333,162.499,2.3531250000000004,-2.054937784222479
526,10.8333,162.499,2.35625,-2.1239944621754954
526,10.8333,162.499,2.359375,-2.1436524451678656
526,10.8333,162.499,2.3625000000000003,-2.1276313266323656
526,10.8333,162.499,2.365625,-2.0906371658223817
526,10.8333,162.499,2.3687500000000004,-2.044007526039492
526,10.8333,162.499,2.371875,-1.9994662603506852
526,10.8333,162.499,2.375,-1.9384811595486282
526,10.8333,162.499,2.3781250000000003,-1.869149765888059
526,10.8333,162.499,2.38125,-1.7979604114244185
526,10.8333,162.499,2.3843750000000004,-1.7246589304373785
526,10.8333,162.499,2.3875,-1.6475627525617398
526,10.8333,162.499,2.390625,-1.5509454036776062
526,10.8333,162.499,2.3937500000000003,-1.4541572733815633
526,10.8333,162.499,2.396875,-1.354159342133914
526,10.8333,162.499,2.4000000000000004,-1.2897312802459315
526,10.8333,162.499,2.403125,-1.2416856672105812
526,10.8333,162.499,2.40625,-1.2173292671607088
526,10.8333,162.499,2.4093750000000003,-1.215253913592749
526,10.8333,162.499,2.4125,-1.2402561033648205
526,10.8333,162.499,2.4156250000000004,-1.278866524649118
526,10.8333,162.499,2.41875,-1.3283955612715213
526,10.8333,162.499,2.421875,-1.4139064104198646
526,10.8333,162.499,2.4250000000000003,-1.5179034832464897
526,10.8333,162.499,2.428125,-1.634657636767243
526,10.8333,162.499,2.4312500000000004,-1.7562570765598504
526,10.8333,162.499,2.434375,-1.8826417521475913
526,10.8333,162.499,2.4375,-1.9993262862402463
526,10.8333,162.499,2.4406250000000003,-2.121770464934778
526,10.8333,162.499,2.44375,-2.2434966495720112
526,10.8333,162.499,2.4468750000000004,-2.4244176318621684
526,10.8333,162.499,2.45,-2.809180765772308
526,10.8333,162.499,2.453125,-3.169771247121119
526,10.8333,162.499,2.4562500000000003,-2.6786436252714783
526,10.8333,162.499,2.459375,-2.373005553519048
526,10.8333,162.499,2.4625000000000004,-2.2296165337644407
526,10.8333,162.499,2.465625,-2.124962143065706
526,10.8333,162.499,2.46875,-2.027805533352913
526,10.8333,162.499,2.4718750000000003,-1.930118933171955
526,10.8333,162.499,2.475,-1.83514674361415
526,10.8333,162.499,2.4781250000000004,-1.7414875963167398
526,10.8333,162.499,2.48125,-1.6484806508495906
526,10.8333,162.499,2.484375,-1.5621255523432163
526,10.8333,162.499,2.4875000000000003,-1.4858863032297265
526,10.8333,162.499,2.490625,-1.4212753093386685
526,10.8333,162.499,2.4937500000000004,-1.366943793076968
526,10.8333,162.499,2.496875,-1.3315869658175539
526,10.8333,162.499,2.5,-1.312621924873754
526,10.8333,162.499,2.5031250000000003,-1.3172755935616665
526,10.8333,162.499,2.50625,-1.3435687857469192
526,10.8333,162.499,2.5093750000000004,-1.3844910822891234
526,10.8333,162.499,2.5125,-1.4435329087739315
526,10.8333,162.499,2.515625,-1.5215705106828938
526,10.8333,162.499,2.5187500000000003,-1.6122098702312098
526,10.8333,162.499,2.521875,-1.7124134556126578
526,10.8333,162.499,2.5250000000000004,-1.817550444313953
526,10.8333,162.499,2.528125,-1.922594872664682
526,10.8333,162.499,2.53125,-2.0225727478488817
526,10.8333,162.499,2.5343750000000003,-2.1118964351710408
526,10.8333,162.499,2.5375,-2.183760085229371
526,10.8333,162.499,2.5406250000000004,-2.237627038977495
526,10.8333,162.499,2.54375,-2.2711482563515624
526,10.8333,162.499,2.546875,-2.2787115526733404
526,10.8333,162.499,2.5500000000000003,-2.264664073320473
526,10.8333,162.499,2.553125,-2.232927536896679
526,10.8333,162.499,2.5562500000000004,-2.175961917440237
526,10.8333,162.499,2.559375,-2.10292359907234
526,10.8333,162.499,2.5625,-2.0158311917878096
526,10.8333,162.499,2.5656250000000003,-1.9172965058546845
526,10.8333,162.499,2.56875,-1.819517528318767
526,10.8333,162.499,2.5718750000000004,-1.7169377637826542
526,10.8333,162.499,2.575,-1.620956769795531
526,10.8333,162.499,2.578125,-1.531425388459993
526,10.8333,162.499,2.5812500000000003,-1.461262988652787
526,10.8333,162.499,2.584375,-1.4015940279820303
526,10.8333,162.499,2.5875000000000004,-1.365173863920801
526,10.8333,162.499,2.590625,-1.3473262266909811
526,10.8333,162.499,2.59375,-1.356684051101544
526,10.8333,162.499,2.5968750000000003,-1.3902897476743266
526,10.8333,162.499,2.6,-1.444280619105751
526,10.8333,162.499,2.6031250000000004,-1.5225095613916417
526,10.8333,162.499,2.60625,-1.615647701341563
526,10.8333,162.499,2.609375,-1.7252942059874874
526,10.8333,162.499,2.6125000000000003,-1.838520216551538
526,10.8333,162.499,2.615625,-1.9519773032630383
526,10.8333,162.499,2.6187500000000004,-2.062275172292669
526,10.8333,162.499,2.621875,-2.164714067017705
526,10.8333,162.499,2.625,-2.2518929728801247
526,10.8333,162.499,2.6281250000000003,-2.3231813151334246
526,10.8333,162.499,2.63125,-2.3731773511572016
526,10.8333,162.499,2.6343750000000004,-2.4008567227932405
526,10.8333,162.499,2.6375,-2.4048067668449753
526,10.8333,162.499,2.640625,-2.38834799636503
526,10.8333,162.499,2.6437500000000003,-2.3561811966897577
526,10.8333,162.499,2.646875,-2.304950274748632
526,10.8333,162.499,2.6500000000000004,-2.2415933502223346
526,10.8333,162.499,2.653125,-2.1648020656701252
526,10.8333,162.499,2.65625,-2.0818895085877327
526,10.8333,162.499,2.6593750000000003,-1.9937646612776416
526,10.8333,162.499,2.6625,-1.9026156484895926
526,10.8333,162.499,2.6656250000000004,-1.8149551663143193
526,10.8333,162.499,2.66875,-1.7315427151449028
526,10.8333,162.499,2.671875,-1.6555116336659874
526,10.8333,162.499,2.6750000000000003,-1.5956775411304405
526,10.8333,162.499,2.678125,-1.5509404807198501
526,10.8333,162.499,2.6812500000000004,-1.5217860345253311
526,10.8333,162.499,2.684375,-1.5142264780393457
526,10.8333,162.499,2.6875,-1.525587713509802
526,10.8333,162.499,2.6906250000000003,-1.5593947097949696
526,10.8333,162.499,2.69375,-1.6183683868577918
526,10.8333,162.499,2.6968750000000004,-1.695340321338472
526,10.8333,162.499,2.7,-1.7872201178850284
526,10.8333,162.499,2.703125,-1.894933828963128
526,10.8333,162.499,2.7062500000000003,-2.010685215134411
526,10.8333,162.499,2.709375,-2.1272853878191915
526,10.8333,162.499,2.7125000000000004,-2.241025616639449
526,10.8333,162.499,2.715625,-2.344143415587036
526,10.8333,162.499,2.71875,-2.4345091231743017
526,10.8333,162.499,2.7218750000000003,-2.5030509341063434
526,10.8333,162.499,2.725,-2.5538366308891773
526,10.8333,162.499,2.7281250000000004,-2.5814473230561727
526,10.8333,162.499,2.73125,-2.587831081249106
526,10.8333,162.499,2.734375,-2.569170952171553
526,10.8333,162.499,2.7375000000000003,-2.529753120776404
526,10.8333,162.499,2.740625,-2.4750580829981716
526,10.8333,162.499,2.7437500000000004,-2.410983409750872
526,10.8333,162.499,2.746875,-2.343486443665728
526,10.8333,162.499,2.75,-2.285486309019407
526,10.8333,162.499,2.7531250000000003,-2.2883065983513564
526,10.8333,162.499,2.75625,-2.4501781775714186
526,10.8333,162.499,2.7593750000000004,-2.330728321694427
526,10.8333,162.499,2.7625,-2.0571036270481295
526,10.8333,162.499,2.765625,-1.877515033192771
526,10.8333,162.499,2.7687500000000003,-1.7834412520450318
526,10.8333,162.499,2.771875,-1.7346594554797568
526,10.8333,162.499,2.7750000000000004,-1.705947494685417
526,10.8333,162.499,2.778125,-1.7063797708592834
526,10.8333,162.499,2.78125,-1.728668281954144
526,10.8333,162.499,2.7843750000000003,-1.7727899160814573
526,10.8333,162.499,2.7875,-1.841301941300717
526,10.8333,162.499,2.7906250000000004,-1.928501160907308
526,10.8333,162.499,2.79375,-2.0284537869347323
526,10.8333,162.499,2.796875,-2.143086097503985
526,10.8333,162.499,2.8000000000000003,-2.2591036456582287
526,10.8333,162.499,2.803125,-2.3764044184187036
526,10.8333,162.499,2.8062500000000004,-2.4893095484091576
526,10.8333,162.499,2.809375,-2.5872711582775203
526,10.8333,162.499,2.8125,-2.6670747129778056
526,10.8333,162.499,2.8156250000000003,-2.724670604575979
526,10.8333,162.499,2.81875,-2.757734387468442
526,10.8333,162.499,2.8218750000000004,-2.769364903673464
526,10.8333,162.499,2.825,-2.7563891963947613
526,10.8333,162.499,2.828125,-2.724016233869163
526,10.8333,162.499,2.8312500000000003,-2.6735931292089274
526,10.8333,162.499,2.834375,-2.6112104069322575
526,10.8333,162.499,2.8375000000000004,-2.534777473332255
526,10.8333,162.499,2.840625,-2.453826481433728
526,10.8333,162.499,2.84375,-2.3716008422324695
526,10.8333,162.499,2.8468750000000003,-2.293345035153043
526,10.8333,162.499,2.85,-2.220895145723846
526,10.8333,162.499,2.8531250000000004,-2.1539976473069853
526,10.8333,162.499,2.85625,-2.0939857246410085
526,10.8333,162.499,2.859375,-2.0441748473567216
526,10.8333,162.499,2.8625000000000003,-2.0037120432768236
526,10.8333,162.499,2.865625,-1.9721173130470868
526,10.8333,162.499,2.8687500000000004,-1.9573765346547072
526,10.8333,162.499,2.871875,-1.9562526247798675
526,10.8333,162.499,2.875,-1.9787484931392525
526,10.8333,162.499,2.8781250000000003,-2.0180433585621502
526,10.8333,162.499,2.88125,-2.0739918318035295
526,10.8333,162.499,2.8843750000000004,-2.1476474923104165
526,10.8333,162.499,2.8875,-2.2347856602225544
526,10.8333,162.499,2.890625,-2.3324137666418574
526,10.8333,162.499,2.8937500000000003,-2.434134345213788
526,10.8333,162.499,2.896875,-2.5349589664209935
526,10.8333,162.499,2.9000000000000004,-2.6301875229632214
526,10.8333,162.499,2.903125,-2.7174989690047946
526,10.8333,162.499,2.90625,-2.7873616434273742
526,10.8333,162.499,2.9093750000000003,-2.840129061893517
526,10.8333,162.499,2.9125,-2.87350572334174
526,10.8333,162.499,2.9156250000000004,-2.8870243274418703
526,10.8333,162.499,2.91875,-2.881037614095328
526,10.8333,162.499,2.921875,-2.868499612525806
526,10.8333,162.499,2.9250000000000003,-2.8222628360071607
526,10.8333,162.499,2.928125,-2.7611656745254183
526,10.8333,162.499,2.9312500000000004,-2.685643616855814
526,10.8333,162.499,2.934375,-2.603125799272802
526,10.8333,162.499,2.9375,-2.515876767785758
526,10.8333,162.499,2.9406250000000003,-2.433069257197465
526,10.8333,162.499,2.94375,-2.354145791875455
526,10.8333,162.499,2.9468750000000004,-2.283490575621126
526,10.8333,162.499,2.95,-2.2311217624542063
526,10.8333,162.499,2.953125,-2.198621393840678
526,10.8333,162.499,2.9562500000000003,-2.189796093961524
526,10.8333,162.499,2.959375,-2.2094442225766344
526,10.8333,162.499,2.9625000000000004,-2.2567690157126727
526,10.8333,162.499,2.965625,-2.341112792757582
526,10.8333,162.499,2.96875,-2.4541794682259455
526,10.8333,162.499,2.9718750000000003,-2.5978719061869975
526,10.8333,162.499,2.975,-2.7682754764547717
526,10.8333,162.499,2.9781250000000004,-2.9580369607978385
526,10.8333,162.499,2.98125,-3.1552680906205803
526,10.8333,162.499,2.984375,-3.350391241199287
526,10.8333,162.499,2.9875000000000003,-3.5246468324698426
526,10.8333,162.499,2.990625,-3.669633289191488
526,10.8333,162.499,2.9937500000000004,-3.7767962281815692
526,10.8333,162.499,2.996875,-3.8336274490311113
526,10.8333,162.499,3.0,-3.834922658375274
526,10.8333,162.499,3.0031250000000003,-3.802504137631837
526,10.8333,162.499,3.00625,-3.725467660967201
526,10.8333,162.499,3.0093750000000004,-3.619862906037892
526,10.8333,162.499,3.0125,-3.4970896762527697
526,10.8333,162.499,3.015625,-3.3615429535276635
526,10.8333,162.499,3.0187500000000003,-3.219093633574511
526,10.8333,162.499,3.021875,-3.0727454597618777
526,10.8333,162.499,3.0250000000000004,-2.9306876646751983
526,10.8333,162.499,3.028125,-2.7908882133365602
526,10.8333,162.499,3.03125,-2.656252445273784
526,10.8333,162.499,3.0343750000000003,-2.5343293118751573
526,10.8333,162.499,3.0375,-2.4223464424045984
526,10.8333,162.499,3.0406250000000004,-2.3247077805859275
526,10.8333,162.499,3.04375,-2.24628466597983
526,10.8333,162.499,3.046875,-2.185347301649018
526,10.8333,162.499,3.0500000000000003,-2.149620357303331
526,10.8333,162.499,3.053125,-2.1395348790830306
526,10.8333,162.499,3.0562500000000004,-2.149780711564729
526,10.8333,162.499,3.059375,-2.1827833986695824
526,10.8333,162.499,3.0625,-2.242999629225654
526,10.8333,162.499,3.0656250000000003,-2.31941626065695
526,10.8333,162.499,3.06875,-2.4116593773912034
526,10.8333,162.499,3.0718750000000004,-2.517893884345579
526,10.8333,162.499,3.075,-2.6299708049044037
526,10.8333,162.499,3.078125,-2.7373774034368052
526,10.8333,162.499,3.0812500000000003,-2.835197466207945
526,10.8333,162.499,3.084375,-2.9247612079682765
526,10.8333,162.499,3.0875000000000004,-2.997623351793507
526,10.8333,162.499,3.090625,-3.0500574638641154
526,10.8333,162.499,3.09375,-3.0787154077168117
526,10.8333,162.499,3.0968750000000003,-3.0873429135996733
526,10.8333,162.499,3.1,-3.0673344500522792
526,10.8333,162.499,3.1031250000000004,-3.0334540561587113
526,10.8333,162.499,3.10625,-2.9739950699793822
526,10.8333,162.499,3.109375,-2.8994247011091128
526,10.8333,162.499,3.1125000000000003,-2.8098544604242637
526,10.8333,162.499,3.115625,-2.7154366345532304
526,10.8333,162.499,3.1187500000000004,-2.6115605993248847
526,10.8333,162.499,3.121875,-2.5135924267648813
526,10.8333,162.499,3.125,-2.4122616348982624
526,10.8333,162.499,3.1281250000000003,-2.3194816319840323
526,10.8333,162.499,3.13125,-2.2353224143964088
526,10.8333,162.499,3.1343750000000004,-2.16774480188883
526,10.8333,162.499,3.1375,-2.1185844487238064
526,10.8333,162.499,3.140625,-2.094774746103841
526,10.8333,162.499,3.1437500000000003,-2.1028372428335547
526,10.8333,162.499,3.146875,-2.1398728081750438
526,10.8333,162.499,3.1500000000000004,-2.207978327634424
526,10.8333,162.499,3.153125,-2.2868488631641535
526,10.8333,162.499,3.15625,-2.3770995417856415
526,10.8333,162.499,3.1593750000000003,-2.478820591674103
526,10.8333,162.499,3.1625,-2.593122210223773
526,10.8333,162.499,3.1656250000000004,-2.7160778608777503
526,10.8333,162.499,3.16875,-2.844455215149495
526,10.8333,162.499,3.171875,-2.964531301536644
526,10.8333,162.499,3.1750000000000003,-3.068230571287684
526,10.8333,162.499,3.178125,-3.1501892847458524
526,10.8333,162.499,3.1812500000000004,-3.2086999272156063
526,10.8333,162.499,3.184375,-3.2420093753284167
526,10.8333,162.499,3.1875,-3.2553854773214197
526,10.8333,162.499,3.1906250000000003,-3.2466151328438855
526,10.8333,162.499,3.19375,-3.2098135190342707
526,10.8333,162.499,3.1968750000000004,-3.1549903286853205
526,10.8333,162.499,3.2,-3.0864950729241314
526,10.8333,162.499,3.203125,-3.0008365328061046
526,10.8333,162.499,3.2062500000000003,-2.9043916673401666
526,10.8333,162.499,3.209375,-2.8044369962504674
526,10.8333,162.499,3.2125000000000004,-2.7027163357270627
526,10.8333,162.499,3.215625,-2.6029915932926495
526,10.8333,162.499,3.21875,-2.5128187803793853
526,10.8333,162.499,3.2218750000000003,-2.4352503465834214
526,10.8333,162.499,3.225,-2.3690377741158737
526,10.8333,162.499,3.2281250000000004,-2.324616519342741
526,10.8333,162.499,3.23125,-2.301758648863786
526,10.8333,162.499,3.234375,-2.3014067786695183
526,10.8333,162.499,3.2375000000000003,-2.328624481718954
526,10.8333,162.499,3.240625,-2.387329124475481
526,10.8333,162.499,3.2437500000000004,-2.45999878637103
526,10.8333,162.499,3.246875,-2.5454497662535607
526,10.8333,162.499,3.25,-2.6460392898447593
526,10.8333,162.499,3.2531250000000003,-2.7610162814789647
526,10.8333,162.499,3.25625,-2.8862993802623564
526,10.8333,162.499,3.2593750000000004,-3.0111423738852543
526,10.8333,162.499,3.2625,-3.133481285106354
526,10.8333,162.499,3.265625,-3.246526434783512
526,10.8333,162.499,3.2687500000000003,-3.3459353105310274
526,10.8333,162.499,3.271875,-3.424348207520858
526,10.8333,162.499,3.2750000000000004,-3.478811484366337
526,10.8333,162.499,3.278125,-3.5099517059458147
526,10.8333,162.499,3.28125,-3.51691742385065
526,10.8333,162.499,3.2843750000000003,-3.5030836261577476
526,10.8333,162.499,3.2875,-3.4711627464886186
526,10.8333,162.499,3.2906250000000004,-3.419151402494132
526,10.8333,162.499,3.29375,-3.346621680752886
526,10.8333,162.499,3.296875,-3.2679128683263152
526,10.8333,162.499,3.3000000000000003,-3.1799487198683956
526,10.8333,162.499,3.303125,-3.0819003399759777
526,10.8333,162.499,3.3062500000000004,-2.982937728488362
526,10.8333,162.499,3.309375,-2.8882477408913494
526,10.8333,162.499,3.3125,-2.8020411244216765
526,10.8333,162.499,3.3156250000000003,-2.727856477544443
526,10.8333,162.499,3.31875,-2.6705321100696757
526,10.8333,162.499,3.3218750000000004,-2.636071862152871
526,10.8333,162.499,3.325,-2.6157672966891305
526,10.8333,162.499,3.328125,-2.625886798758052
526,10.8333,162.499,3.3312500000000003,-2.6608607208098967
526,10.8333,162.499,3.334375,-2.7209588254222234
526,10.8333,162.499,3.3375000000000004,-2.8091221397413246
526,10.8333,162.499,3.340625,-2.917538429444557
526,10.8333,162.499,3.34375,-3.044494600515236
526,10.8333,162.499,3.3468750000000003,-3.1891167387364265
526,10.8333,162.499,3.35,-3.3362477292023085
526,10.8333,162.499,3.3531250000000004,-3.483590226714566
526,10.8333,162.499,3.35625,-3.6230373814491648
526,10.8333,162.499,3.359375,-3.7457176291711707
526,10.8333,162.499,3.3625000000000003,-3.852214222123064
526,10.8333,162.499,3.365625,-3.931030552986709
526,10.8333,162.499,3.3687500000000004,-3.980945315137301
526,10.8333,162.499,3.371875,-4.006057431934459
526,10.8333,162.499,3.375,-4.001340833635327
526,10.8333,162.499,3.3781250000000003,-3.97336670881479
526,10.8333,162.499,3.38125,-3.917721325449493
526,10.8333,162.499,3.3843750000000004,-3.845516158953555
526,10.8333,162.499,3.3875,-3.756838399965521
526,10.8333,162.499,3.390625,-3.659000904136583
526,10.8333,162.499,3.3937500000000003,-3.552024092947626
526,10.8333,162.499,3.396875,-3.441368485424548
526,10.8333,162.499,3.4000000000000004,-3.334043689857716
526,10.8333,162.499,3.403125,-3.227529787598933
526,10.8333,162.499,3.40625,-3.13113333049424
526,10.8333,162.499,3.4093750000000003,-3.0470945181899145
526,10.8333,162.499,3.4125,-2.976140392376368
526,10.8333,162.499,3.4156250000000004,-2.9229271701369166
526,10.8333,162.499,3.41875,-2.889288148764923
526,10.8333,162.499,3.421875,-2.881001573908094
526,10.8333,162.499,3.4250000000000003,-2.8895409289901304
526,10.8333,162.499,3.428125,-2.919878886803577
526,10.8333,162.499,3.4312500000000004,-2.9655016131081027
526,10.8333,162.499,3.434375,-3.02548660514075
526,10.8333,162.499,3.4375,-3.0953356371349194
526,10.8333,162.499,3.4406250000000003,-3.1717550548830573
526,10.8333,162.499,3.44375,-3.2531138067218537
526,10.8333,162.499,3.4468750000000004,-3.326138291736152
526,10.8333,162.499,3.45,-3.388537748618612
526,10.8333,162.499,3.453125,-3.445112499394626
526,10.8333,162.499,3.4562500000000003,-3.4777627331927885
526,10.8333,162.499,3.459375,-3.495578023295636
526,10.8333,162.499,3.4625000000000004,-3.496001116700176
526,10.8333,162.499,3.465625,-3.4694297720495113
526,10.8333,162.499,3.46875,-3.434481555064075
526,10.8333,162.499,3.4718750000000003,-3.3764242305885284
526,10.8333,162.499,3.475,-3.3030798465750024
526,10.8333,162.499,3.4781250000000004,-3.2106227309472413
526,10.8333,162.499,3.48125,-3.1138744672787384
526,10.8333,162.499,3.484375,-3.0097897974500096
526,10.8333,162.499,3.4875000000000003,-2.9104091463412414
526,10.8333,162.499,3.490625,-2.8081008620118073
526,10.8333,162.499,3.4937500000000004,-2.7128867483269223
526,10.8333,162.499,3.496875,-2.6282582739054714
526,10.8333,162.499,3.5,-2.5540177709259404
526,10.8333,162.499,3.5031250000000003,-2.5014198400656844
526,10.8333,162.499,3.50625,-2.471472003656208
526,10.8333,162.499,3.5093750000000004,-2.4637556895368022
526,10.8333,162.499,3.5125,-2.4800122999536263
526,10.8333,162.499,3.515625,-2.527352815392841
526,10.8333,162.499,3.5187500000000003,-2.598834382091856
526,10.8333,162.499,3.521875,-2.691356649136074
526,10.8333,162.499,3.5250000000000004,-2.8028171636849613
526,10.8333,162.499,3.528125,-2.927630710045123
526,10.8333,162.499,3.53125,-3.0569473520506785
526,10.8333,162.499,3.5343750000000003,-3.192545027543802
526,10.8333,162.499,3.5375,-3.3197733176501805
526,10.8333,162.499,3.5406250000000004,-3.4397966880101953
526,10.8333,162.499,3.54375,-3.5393459676748487
526,10.8333,162.499,3.546875,-3.593321455879961
526,10.8333,162.499,3.5500000000000003,-3.628246745161525
526,10.8333,162.499,3.553125,-3.6420052006363726
526,10.8333,162.499,3.5562500000000004,-3.6331788869820074
526,10.8333,162.499,3.559375,-3.604434075440434
526,10.8333,162.499,3.5625,-3.5599741111214147
526,10.8333,162.499,3.5656250000000003,-3.5038284008482377
526,10.8333,162.499,3.56875,-3.429302303427156
526,10.8333,162.499,3.5718750000000004,-3.3570299600417575
526,10.8333,162.499,3.575,-3.2807649896006685
526,10.8333,162.499,3.5781250000000004,-3.207854674459056
526,10.8333,162.499,3.5812500000000003,-3.1408753031592793
526,10.8333,162.499,3.584375,-3.0806832930437027
526,10.8333,162.499,3.5875000000000004,-3.031074588855564
526,10.8333,162.499,3.590625,-3.0038793150985468
526,10.8333,162.499,3.5937500000000004,-2.9903351569724284
526,10.8333,162.499,3.5968750000000003,-3.000329069613578
526,10.8333,162.499,3.6,-3.039094731010874
526,10.8333,162.499,3.6031250000000004,-3.1019882641181167
526,10.8333,162.499,3.60625,-3.194959680131231
526,10.8333,162.499,3.6093750000000004,-3.314396862526988
526,10.8333,162.499,3.6125000000000003,-3.456245120331038
526,10.8333,162.499,3.615625,-3.614598252851337
526,10.8333,162.499,3.6187500000000004,-3.7771788636454806
526,10.8333,162.499,3.621875,-3.931918545274709
526,10.8333,162.499,3.6250000000000004,-4.085959241846965
526,10.8333,162.499,3.6281250000000003,-4.225385443113928
526,10.8333,162.499,3.63125,-4.355144737079025
526,10.8333,162.499,3.6343750000000004,-4.469520542653592
526,10.8333,162.499,3.6375,-4.56007911151879
526,10.8333,162.499,3.6406250000000004,-4.620016781622082
526,10.8333,162.499,3.6437500000000003,-4.656875455297199
526,10.8333,162.499,3.646875,-4.679739374515636
526,10.8333,162.499,3.6500000000000004,-4.69433299042104
526,10.8333,162.499,3.653125,-4.710594313940606
526,10.8333,162.499,3.6562500000000004,-4.715109400533813
526,10.8333,162.499,3.6593750000000003,-4.708330663966988
526,10.8333,162.499,3.6625,-4.705754045333326
526,10.8333,162.499,3.6656250000000004,-4.707709351062248
526,10.8333,162.499,3.66875,-4.728585677054586
526,10.8333,162.499,3.6718750000000004,-4.7681493406189
526,10.8333,162.499,3.6750000000000003,-4.829756954802171
526,10.8333,162.499,3.678125,-4.9242764344201655
526,10.8333,162.499,3.6812500000000004,-5.072953185955847
526,10.8333,162.499,3.684375,-5.360923049816156
526,10.8333,162.499,3.6875000000000004,-5.687298373706455
526,10.8333,162.499,3.6906250000000003,-5.826912064846757
526,10.8333,162.499,3.69375,-6.046766267422564
526,10.8333,162.499,3.6968750000000004,-6.32128947157733
526,10.8333,162.499,3.7,-6.625438491621026
526,10.8333,162.499,3.7031250000000004,-6.9562109833662635
526,10.8333,162.499,3.7062500000000003,-7.294723525610784
526,10.8333,162.499,3.709375,-7.6278886103205
526,10.8333,162.499,3.7125000000000004,-7.957208748895016
526,10.8333,162.499,3.715625,-8.262384076125924
526,10.8333,162.499,3.7187500000000004,-8.548297082633221
526,10.8333,162.499,3.7218750000000003,-8.803240274380613
526,10.8333,162.499,3.725,-9.025204442836875
526,10.8333,162.499,3.7281250000000004,-9.218010150859671
526,10.8333,162.499,3.73125,-9.394160529162942
526,10.8333,162.499,3.7343750000000004,-9.53911615631084
526,10.8333,162.499,3.7375000000000003,-9.658018373682205
526,10.8333,162.499,3.740625,-9.776209403769151
526,10.8333,162.499,3.7437500000000004,-9.866366136906686
526,10.8333,162.499,3.746875,-9.986263436729105
526,10.8333,162.499,3.7500000000000004,-10.167855316182896
526,10.8333,162.499,3.7531250000000003,-10.426522651410803
526,10.8333,162.499,3.75625,-10.739340061442427
526,10.8333,162.499,3.7593750000000004,-11.082690559393662
526,10.8333,162.499,3.7625,-11.450945732817114
526,10.8333,162.499,3.7656250000000004,-11.852132463355662
526,10.8333,162.499,3.7687500000000003,-12.264738423926428
526,10.8333,162.499,3.771875,-12.682884699095482
526,10.8333,162.499,3.7750000000000004,-13.11193010554154
526,10.8333,162.499,3.778125,-13.518990514240041
526,10.8333,162.499,3.7812500000000004,-13.910906845511546
526,10.8333,162.499,3.7843750000000003,-14.273994919483075
526,10.8333,162.499,3.7875,-14.624454878397156
526,10.8333,162.499,3.7906250000000004,-14.942686513934385
526,10.8333,162.499,3.79375,-15.238463279683252
526,10.8333,162.499,3.7968750000000004,-15.506617781659104
526,10.8333,162.499,3.8000000000000003,-15.73334756848324
526,10.8333,162.499,3.803125,-15.948761421492527
526,10.8333,162.499,3.8062500000000004,-16.117916514483003
526,10.8333,162.499,3.809375,-16.21562574656036
526,10.8333,162.499,3.8125000000000004,-16.23246257300526
526,10.8333,162.499,3.8156250000000003,-16.17253063779832
526,10.8333,162.499,3.81875,-15.979213209081383
526,10.8333,162.499,3.8218750000000004,-15.708842235136606
526,10.8333,162.499,3.825,-15.322662524443086
526,10.8333,162.499,3.8281250000000004,-14.90243729540227
526,10.8333,162.499,3.8312500000000003,-14.56757121693229
526,10.8333,162.499,3.834375,-14.285415119700847
526,10.8333,162.499,3.8375000000000004,-13.710096994849327
526,10.8333,162.499,3.840625,-12.997302704432862
526,10.8333,162.499,3.8437500000000004,-12.311711022773125
526,10.8333,162.499,3.8468750000000003,-11.637045787403517
526,10.8333,162.499,3.85,-11.01873988131975
526,10.8333,162.499,3.8531250000000004,-10.41427981411368
526,10.8333,162.499,3.85625,-9.844363602955147
526,10.8333,162.499,3.8593750000000004,-9.307815242928813
526,10.8333,162.499,3.8625000000000003,-8.808787247533331
526,10.8333,162.499,3.865625,-8.348408787270085
526,10.8333,162.499,3.8687500000000004,-7.92413065175316
526,10.8333,162.499,3.871875,-7.539298338409406
526,10.8333,162.499,3.8750000000000004,-7.196932403433345
526,10.8333,162.499,3.8781250000000003,-6.903502035711851
526,10.8333,162.499,3.88125,-6.655847641023575
526,10.8333,162.499,3.8843750000000004,-6.4563083790304185
526,10.8333,162.499,3.8875,-6.305440470464908
526,10.8333,162.499,3.8906250000000004,-6.199909773547898
526,10.8333,162.499,3.8937500000000003,-6.138381239347879
526,10.8333,162.499,3.896875,-6.112810049251401
526,10.8333,162.499,3.9000000000000004,-6.119215693732073
526,10.8333,162.499,3.903125,-6.137589613371514
526,10.8333,162.499,3.9062500000000004,-6.173918302387848
526,10.8333,162.499,3.9093750000000003,-6.213863649538381
526,10.8333,162.499,3.9125,-6.239611483108054
526,10.8333,162.499,3.9156250000000004,-6.246585127966697
526,10.8333,162.499,3.91875,-6.241133283365961
526,10.8333,162.499,3.9218750000000004,-6.193015388614832
526,10.8333,162.499,3.9250000000000003,-6.112171208392132
526,10.8333,162.499,3.928125,-6.014879079319665
526,10.8333,162.499,3.9312500000000004,-5.90027947582238
526,10.8333,162.499,3.934375,-5.779357053246104
526,10.8333,162.499,3.9375000000000004,-5.648546318178061
526,10.8333,162.499,3.9406250000000003,-5.517515404917628
526,10.8333,162.499,3.94375,-5.394381418872608
526,10.8333,162.499,3.9468750000000004,-5.278807168002549
526,10.8333,162.499,3.95,-5.176157651929544
526,10.8333,162.499,3.9531250000000004,-5.102630461172222
526,10.8333,162.499,3.9562500000000003,-5.052793463602006
526,10.8333,162.499,3.959375,-5.027498084709013
526,10.8333,162.499,3.9625000000000004,-5.035407804040979
526,10.8333,162.499,3.965625,-5.08246900013413
526,10.8333,162.499,3.9687500000000004,-5.163979015555006
526,10.8333,162.499,3.9718750000000003,-5.2765479638359905
526,10.8333,162.499,3.975,-5.433159508775379
526,10.8333,162.499,3.9781250000000004,-5.6132098312260945
526,10.8333,162.499,3.98125,-5.826040889127847
526,10.8333,162.499,3.9843750000000004,-6.047657827348237
526,10.8333,162.499,3.9875000000000003,-6.279256828707186
526,10.8333,162.499,3.990625,-6.499623961835855
526,10.8333,162.499,3.9937500000000004,-6.700316113583566
526,10.8333,162.499,3.996875,-6.869464337281576
526,10.8333,162.499,4.0,-6.994031491823444
526,10.8333,162.499,4.003125,-7.073473111602294
526,10.8333,162.499,4.0062500000000005,-7.113682989424196
526,10.8333,162.499,4.009375,-7.109780935984615
526,10.8333,162.499,4.0125,-7.0676425695220235
526,10.8333,162.499,4.015625,-7.004238319365083
526,10.8333,162.499,4.01875,-6.914397755538309
526,10.8333,162.499,4.0218750000000005,-6.814080343799606
526,10.8333,162.499,4.025,-6.7095872748820575
526,10.8333,162.499,4.028125,-6.606491629401265
526,10.8333,162.499,4.03125,-6.518377326012079
526,10.8333,162.499,4.034375,-6.4472630311371715
526,10.8333,162.499,4.0375000000000005,-6.401456888959255
526,10.8333,162.499,4.040625,-6.380339203153598
526,10.8333,162.499,4.04375,-6.400899149404121
526,10.8333,162.499,4.046875,-6.46713172784003
526,10.8333,162.499,4.05,-6.5817066766869115
526,10.8333,162.499,4.0531250000000005,-6.75110143905901
526,10.8333,162.499,4.05625,-6.98373891716753
526,10.8333,162.499,4.059375,-7.280256364194678
526,10.8333,162.499,4.0625,-7.633360249391315
526,10.8333,162.499,4.065625,-8.035513089982613
526,10.8333,162.499,4.0687500000000005,-8.478194061109555
526,10.8333,162.499,4.071875,-8.930286785493571
526,10.8333,162.499,4.075,-9.397298868546635
526,10.8333,162.499,4.078125,-9.852889877199033
526,10.8333,162.499,4.08125,-10.24635677971017
526,10.8333,162.499,4.0843750000000005,-10.553654705225153
526,10.8333,162.499,4.0875,-10.748578384403798
526,10.8333,162.499,4.090625,-10.827354222069625
526,10.8333,162.499,4.09375,-10.769396074764002
526,10.8333,162.499,4.096875,-10.55977977910369
526,10.8333,162.499,4.1000000000000005,-10.236917192203487
526,10.8333,162.499,4.103125,-9.680552169125502
526,10.8333,162.499,4.10625,-9.248972254404999
526,10.8333,162.499,4.109375,-8.903675103068911
526,10.8333,162.499,4.1125,-8.570703448828805
526,10.8333,162.499,4.1156250000000005,-8.24801620079101
526,10.8333,162.499,4.11875,-7.943579765000957
526,10.8333,162.499,4.121875,-7.6578220569618525
526,10.8333,162.499,4.125,-7.400640070926386
526,10.8333,162.499,4.128125,-7.165887828229498
526,10.8333,162.499,4.1312500000000005,-6.959163879002565
526,10.8333,162.499,4.134375,-6.787441891991978
526,10.8333,162.499,4.1375,-6.644670158394127
526,10.8333,162.499,4.140625,-6.5330210866370635
526,10.8333,162.499,4.14375,-6.464422572513346
526,10.8333,162.499,4.1468750000000005,-6.435847150687302
526,10.8333,162.499,4.15,-6.447726040004898
526,10.8333,162.499,4.153125,-6.503072692496502
526,10.8333,162.499,4.15625,-6.5992311855464205
526,10.8333,162.499,4.159375,-6.713651872675394
526,10.8333,162.499,4.1625000000000005,-6.867255493715221
526,10.8333,162.499,4.165625,-7.028980859906291
526,10.8333,162.499,4.16875,-7.196278789341344
526,10.8333,162.499,4.171875,-7.3631307032251945
526,10.8333,162.499,4.175,-7.514609870277509
526,10.8333,162.499,4.1781250000000005,-7.655646438945634
526,10.8333,162.499,4.18125,-7.764588384650998
526,10.8333,162.499,4.184375,-7.831644590100786
526,10.8333,162.499,4.1875,-7.852904588506558
526,10.8333,162.499,4.190625,-7.838902639254109
526,10.8333,162.499,4.1937500000000005,-7.781853536019519
526,10.8333,162.499,4.196875,-7.691083891782132
526,10.8333,162.499,4.2,-7.578727770776258
526,10.8333,162.499,4.203125,-7.447323643608322
526,10.8333,162.499,4.20625,-7.313136269831543
526,10.8333,162.499,4.2093750000000005,-7.176369475358538
526,10.8333,162.499,4.2125,-7.043835723933977
526,10.8333,162.499,4.215625,-6.921789453144806
526,10.8333,162.499,4.21875,-6.817248837108024
526,10.8333,162.499,4.221875,-6.730982538202599
526,10.8333,162.499,4.2250000000000005,-6.660759781152304
526,10.8333,162.499,4.228125,-6.618433690261557
526,10.8333,162.499,4.23125,-6.6002120098208925
526,10.8333,162.499,4.234375,-6.605957480469355
526,10.8333,162.499,4.2375,-6.644653981691539
526,10.8333,162.499,4.2406250000000005,-6.704386071487684
526,10.8333,162.499,4.24375,-6.794409142263876
526,10.8333,162.499,4.246875,-6.904648832475275
526,10.8333,162.499,4.25,-7.043711103426199
526,10.8333,162.499,4.253125,-7.194764367088647
526,10.8333,162.499,4.2562500000000005,-7.361012737301914
526,10.8333,162.499,4.259375,-7.527575587939541
526,10.8333,162.499,4.2625,-7.694155875166958
526,10.8333,162.499,4.265625,-7.85049298752172
526,10.8333,162.499,4.26875,-7.982382761778659
526,10.8333,162.499,4.2718750000000005,-8.092907228571006
526,10.8333,162.499,4.275,-8.168344297250039
526,10.8333,162.499,4.278125,-8.209326180950535
526,10.8333,162.499,4.28125,-8.20752212902129
526,10.8333,162.499,4.284375000000001,-8.165802979090184
526,10.8333,162.499,4.2875000000000005,-8.09357731442177
526,10.8333,162.499,4.290625,-7.987554385322579
526,10.8333,162.499,4.29375,-7.857057352644198
526,10.8333,162.499,4.296875,-7.717380482259916
526,10.8333,162.499,4.300000000000001,-7.567339930871192
526,10.8333,162.499,4.3031250000000005,-7.416884124300066
526,10.8333,162.499,4.30625,-7.26837517715908
526,10.8333,162.499,4.309375,-7.132610427782526
526,10.8333,162.499,4.3125,-7.010982409368097
526,10.8333,162.499,4.315625000000001,-6.903912273189396
526,10.8333,162.499,4.3187500000000005,-6.823387061818225
526,10.8333,162.499,4.321875,-6.765821169207359
526,10.8333,162.499,4.325,-6.740431629181054
526,10.8333,162.499,4.328125,-6.7310900794663295
526,10.8333,162.499,4.331250000000001,-6.759667197873526
526,10.8333,162.499,4.3343750000000005,-6.801597398073051
526,10.8333,162.499,4.3375,-6.864560221311564
526,10.8333,162.499,4.340625,-6.935601127969787
526,10.8333,162.499,4.34375,-7.01217846616883
526,10.8333,162.499,4.346875000000001,-7.07190026468663
526,10.8333,162.499,4.3500000000000005,-7.106199401906527
526,10.8333,162.499,4.353125,-7.102498403449259
526,10.8333,162.499,4.35625,-7.0809220993128354
526,10.8333,162.499,4.359375,-7.0655618428022
526,10.8333,162.499,4.362500000000001,-7.0595513070488645
526,10.8333,162.499,4.3656250000000005,-7.055469906635373
526,10.8333,162.499,4.36875,-7.035502589766068
526,10.8333,162.499,4.371875,-6.9911334950080555
526,10.8333,162.499,4.375,-6.915572255709784
526,10.8333,162.499,4.378125000000001,-6.83109884042941
526,10.8333,162.499,4.3812500000000005,-6.727516394800714
526,10.8333,162.499,4.384375,-6.603965631806346
526,10.8333,162.499,4.3875,-6.4806347175395285
526,10.8333,162.499,4.390625,-6.357312157178024
526,10.8333,162.499,4.393750000000001,-6.2344881320864385
526,10.8333,162.499,4.3968750000000005,-6.11340223962764
526,10.8333,162.499,4.4,-6.0037006464300475
526,10.8333,162.499,4.403125,-5.909845068462408
526,10.8333,162.499,4.40625,-5.832205796408728
526,10.8333,162.499,4.409375000000001,-5.770930767670785
526,10.8333,162.499,4.4125000000000005,-5.729793842016909
526,10.8333,162.499,4.415625,-5.705131366353485
526,10.8333,162.499,4.41875,-5.566213070551517
526,10.8333,162.499,4.421875,-5.559150851398425
526,10.8333,162.499,4.425000000000001,-5.620451427161611
526,10.8333,162.499,4.4281250000000005,-5.704551535940102
526,10.8333,162.499,4.43125,-5.820469273922982
526,10.8333,162.499,4.434375,-5.963441214695434
526,10.8333,162.499,4.4375,-6.140437001987893
526,10.8333,162.499,4.440625000000001,-6.32920202720248
526,10.8333,162.499,4.4437500000000005,-6.45894391316765
526,10.8333,162.499,4.446875,-6.552003788359901
526,10.8333,162.499,4.45,-6.675792659282821
526,10.8333,162.499,4.453125,-6.780229350654354
526,10.8333,162.499,4.456250000000001,-6.811322912080763
526,10.8333,162.499,4.4593750000000005,-6.814414306334095
526,10.8333,162.499,4.4625,-6.788750536133469
526,10.8333,162.499,4.465625,-6.740265335582123
526,10.8333,162.499,4.46875,-6.6856864968043315
526,10.8333,162.499,4.471875000000001,-6.59130059344354
526,10.8333,162.499,4.4750000000000005,-6.478666485735164
526,10.8333,162.499,4.478125,-6.349290252158227
526,10.8333,162.499,4.48125,-6.213085264764143
526,10.8333,162.499,4.484375,-6.063439113881818
526,10.8333,162.499,4.487500000000001,-5.926854144967361
526,10.8333,162.499,4.4906250000000005,-5.7805576239480985
526,10.8333,162.499,4.49375,-5.639784164451523
526,10.8333,162.499,4.496875,-5.517465030255706
526,10.8333,162.499,4.5,-5.412778927619639
526,10.8333,162.499,4.503125000000001,-5.315621798431426
526,10.8333,162.499,4.5062500000000005,-5.249146545074462
526,10.8333,162.499,4.509375,-5.207066049301208
526,10.8333,162.499,4.5125,-5.168490516673444
526,10.8333,162.499,4.515625,-5.18546559416594
526,10.8333,162.499,4.518750000000001,-5.235597992487923
526,10.8333,162.499,4.5218750000000005,-5.311652915152455
526,10.8333,162.499,4.525,-5.376061768144692
526,10.8333,162.499,4.528125,-5.441311653891275
526,10.8333,162.499,4.53125,-5.489680632803957
526,10.8333,162.499,4.534375000000001,-5.5461192385586315
526,10.8333,162.499,4.5375000000000005,-5.615068239565745
526,10.8333,162.499,4.540625,-5.69054211131907
526,10.8333,162.499,4.54375,-5.721773798378068
526,10.8333,162.499,4.546875,-5.743771575124807
526,10.8333,162.499,4.550000000000001,-5.7509250277417525
526,10.8333,162.499,4.5531250000000005,-5.730223240867764
526,10.8333,162.499,4.55625,-5.677432088897603
526,10.8333,162.499,4.559375,-5.59415669213365
526,10.8333,162.499,4.5625,-5.489600390143665
526,10.8333,162.499,4.565625000000001,-5.368282068685821
526,10.8333,162.499,4.5687500000000005,-5.240547872043294
526,10.8333,162.499,4.571875,-5.175755379251939
526,10.8333,162.499,4.575,-5.045010023032193
526,10.8333,162.499,4.578125,-4.893401204367873
526,10.8333,162.499,4.581250000000001,-4.741348047924242
526,10.8333,162.499,4.5843750000000005,-4.601307511377452
526,10.8333,162.499,4.5875,-4.467683400385615
526,10.8333,162.499,4.590625,-4.348325220818802
526,10.8333,162.499,4.59375,-4.244430325850682
526,10.8333,162.499,4.596875000000001,-4.160321324534143
526,10.8333,162.499,4.6000000000000005,-4.0951025077168755
526,10.8333,162.499,4.603125,-4.047753117010423
526,10.8333,162.499,4.60625,-4.02367795667098
526,10.8333,162.499,4.609375,-4.016014632610898
526,10.8333,162.499,4.612500000000001,-4.033806405947342
526,10.8333,162.499,4.6156250000000005,-4.070514611485368
526,10.8333,162.499,4.61875,-4.127673967219151
526,10.8333,162.499,4.621875,-4.203535145386478
526,10.8333,162.499,4.625,-4.284081933019244
526,10.8333,162.499,4.628125000000001,-4.377947203413501
526,10.8333,162.499,4.6312500000000005,-4.472441465459679
526,10.8333,162.499,4.634375,-4.565348179217167
526,10.8333,162.499,4.6375,-4.643230164709126
526,10.8333,162.499,4.640625,-4.720800537352388
526,10.8333,162.499,4.643750000000001,-4.7839668850835375
526,10.8333,162.499,4.6468750000000005,-4.831559532554374
526,10.8333,162.499,4.65,-4.855246111560914
526,10.8333,162.499,4.653125,-4.847509975849048
526,10.8333,162.499,4.65625,-4.8130119293801785
526,10.8333,162.499,4.659375000000001,-4.770781404114016
526,10.8333,162.499,4.6625000000000005,-4.699901566236174
526,10.8333,162.499,4.665625,-4.622189118713436
526,10.8333,162.499,4.66875,-4.527365604699678
526,10.8333,162.499,4.671875,-4.419946755212256
526,10.8333,162.499,4.675000000000001,-4.311726655031135
526,10.8333,162.499,4.6781250000000005,-4.188367638646166
526,10.8333,162.499,4.68125,-4.058664269187593
526,10.8333,162.499,4.684375,-3.9179747864246006
526,10.8333,162.499,4.6875,-3.8127618306820406
526,10.8333,162.499,4.690625000000001,-3.743787900621723
526,10.8333,162.499,4.6937500000000005,-3.680711087104822
526,10.8333,162.499,4.696875,-3.620231358090327
526,10.8333,162.499,4.7,-3.579025308667976
526,10.8333,162.499,4.703125,-3.5615821493156217
526,10.8333,162.499,4.706250000000001,-3.5575633668106277
526,10.8333,162.499,4.7093750000000005,-3.575010332342372
526,10.8333,162.499,4.7125,-3.608273289215127
526,10.8333,162.499,4.715625,-3.6524577152025723
526,10.8333,162.499,4.71875,-3.7133496033645637
526,10.8333,162.499,4.721875000000001,-3.7702233966752203
526,10.8333,162.499,4.7250000000000005,-3.8258886144001183
526,10.8333,162.499,4.728125,-3.8687570867563736
526,10.8333,162.499,4.73125,-3.900276878641749
526,10.8333,162.499,4.734375,-3.920033782087428
526,10.8333,162.499,4.737500000000001,-3.916227982805138
526,10.8333,162.499,4.7406250000000005,-3.8994927137797255
526,10.8333,162.499,4.74375,-3.8622361520563624
526,10.8333,162.499,4.746875,-3.8105293795621864
526,10.8333,162.499,4.75,-3.740532862403123
526,10.8333,162.499,4.753125000000001,-3.6579176359620282
526,10.8333,162.499,4.7562500000000005,-3.563747124262541
526,10.8333,162.499,4.759375,-3.459795521443594
526,10.8333,162.499,4.7625,-3.351742361558932
526,10.8333,162.499,4.765625,-3.2407395691232335
526,10.8333,162.499,4.768750000000001,-3.125331387118239
526,10.8333,162.499,4.7718750000000005,-3.012270103364389
526,10.8333,162.499,4.775,-2.9059574156260397
526,10.8333,162.499,4.778125,-2.805268273701103
526,10.8333,162.499,4.78125,-2.7167411305956133
526,10.8333,162.499,4.784375000000001,-2.636755728086075
526,10.8333,162.499,4.7875000000000005,-2.57645374636166
526,10.8333,162.499,4.790625,-2.5387864906611086
526,10.8333,162.499,4.79375,-2.523065050981524
526,10.8333,162.499,4.796875,-2.535951263040541
526,10.8333,162.499,4.800000000000001,-2.564999249729375
526,10.8333,162.499,4.8031250000000005,-2.6256111748454245
526,10.8333,162.499,4.80625,-2.7043433465420246
526,10.8333,162.499,4.809375,-2.799743046800411
526,10.8333,162.499,4.8125,-2.9102756476815346
526,10.8333,162.499,4.815625000000001,-3.0188390324998675
526,10.8333,162.499,4.8187500000000005,-3.137891714251555
526,10.8333,162.499,4.821875,-3.250408077855018
526,10.8333,162.499,4.825,-3.354008964073467
526,10.8333,162.499,4.828125,-3.442135850362948
526,10.8333,162.499,4.831250000000001,-3.51289754478164
526,10.8333,162.499,4.8343750000000005,-3.5664377740149957
526,10.8333,162.499,4.8375,-3.5976650400517345
526,10.8333,162.499,4.840625,-3.6080787846983737
526,10.8333,162.499,4.84375,-3.6043705217348174
526,10.8333,162.499,4.846875000000001,-3.5790989144545104
526,10.8333,162.499,4.8500000000000005,-3.5387264393134403
526,10.8333,162.499,4.853125,-3.488655173587148
526,10.8333,162.499,4.85625,-3.425762606721743
526,10.8333,162.499,4.859375,-3.3550435495784714
526,10.8333,162.499,4.862500000000001,-3.2868719099526227
526,10.8333,162.499,4.8656250000000005,-3.2181994372211626
526,10.8333,162.499,4.86875,-3.156337789464789
526,10.8333,162.499,4.871875,-3.1040855404325427
526,10.8333,162.499,4.875,-3.066918953767574
526,10.8333,162.499,4.878125000000001,-3.051882658198051
526,10.8333,162.499,4.8812500000000005,-3.050275450865084
526,10.8333,162.499,4.884375,-3.0674764994325923
526,10.8333,162.499,4.8875,-3.1072517772718626
526,10.8333,162.499,4.890625,-3.17617892408174
526,10.8333,162.499,4.893750000000001,-3.258562135356757
526,10.8333,162.499,4.8968750000000005,-3.361799058665472
526,10.8333,162.499,4.9,-3.4700687422285332
526,10.8333,162.499,4.903125,-3.5864600835197855
526,10.8333,162.499,4.90625,-3.697929348249873
526,10.8333,162.499,4.909375000000001,-3.8060955088411164
526,10.8333,162.499,4.9125000000000005,-3.907253123591237
526,10.8333,162.499,4.915625,-3.983771514453811
526,10.8333,162.499,4.91875,-4.049927546002714
526,10.8333,162.499,4.921875,-4.091132740606219
526,10.8333,162.499,4.925000000000001,-4.115143889709944
526,10.8333,162.499,4.9281250000000005,-4.12076223235496
526,10.8333,162.499,4.93125,-4.102846252333197
526,10.8333,162.499,4.934375,-4.06918949094828
526,10.8333,162.499,4.9375,-4.027640244691173
526,10.8333,162.499,4.940625000000001,-3.967412548184397
526,10.8333,162.499,4.9437500000000005,-3.905506000186223
526,10.8333,162.499,4.946875,-3.832316931069655
526,10.8333,162.499,4.95,-3.7618154393648733
526,10.8333,162.499,4.953125,-3.687651409114161
526,10.8333,162.499,4.956250000000001,-3.620463391001199
526,10.8333,162.499,4.9593750000000005,-3.556861332084723
526,10.8333,162.499,4.9625,-3.5109742295166253
526,10.8333,162.499,4.965625,-3.474717574995714
526,10.8333,162.499,4.96875,-3.4614704421155467
526,10.8333,162.499,4.971875000000001,-3.467766299220911
526,10.8333,162.499,4.9750000000000005,-3.4988060169357444
526,10.8333,162.499,4.978125,-3.552442204973972
526,10.8333,162.499,4.98125,-3.631634128912365
526,10.8333,162.499,4.984375,-3.7523880637954585
526,10.8333,162.499,4.987500000000001,-3.8887783423114772
526,10.8333,162.499,4.9906250000000005,-4.01551075021703
526,10.8333,162.499,4.99375,-4.158888211031906
526,10.8333,162.499,4.996875,-4.311108983382017
526,10.8333,162.499,5.0,-4.477219765095531
526,10.8333,162.499,5.003125000000001,-4.628070615497903
526,10.8333,162.499,5.0062500000000005,-4.764821419740446
526,10.8333,162.499,5.009375,-4.875770199837811
526,10.8333,162.499,5.0125,-4.952672067081648
526,10.8333,162.499,5.015625,-5.015257627834857
526,10.8333,162.499,5.018750000000001,-5.058574465522091
526,10.8333,162.499,5.0218750000000005,-5.090048112181157
526,10.8333,162.499,5.025,-5.109906801434115
526,10.8333,162.499,5.028125,-5.119941604463002
526,10.8333,162.499,5.03125,-5.125048321276612
526,10.8333,162.499,5.034375000000001,-5.107678018672694
526,10.8333,162.499,5.0375000000000005,-5.097437008753274
526,10.8333,162.499,5.040625,-5.087607872373279
526,10.8333,162.499,5.04375,-5.070132767221837
526,10.8333,162.499,5.046875,-5.061332485798778
526,10.8333,162.499,5.050000000000001,-5.050704165275879
526,10.8333,162.499,5.0531250000000005,-5.052409599812467
526,10.8333,162.499,5.05625,-5.062146805855315
526,10.8333,162.499,5.059375,-5.085804892938976
526,10.8333,162.499,5.0625,-5.126365426495711
526,10.8333,162.499,5.065625000000001,-5.179332875574612
526,10.8333,162.499,5.0687500000000005,-5.239857245690405
526,10.8333,162.499,5.071875,-5.3166239110662215
526,10.8333,162.499,5.075,-5.408440203968881
526,10.8333,162.499,5.078125,-5.508246937014941
526,10.8333,162.499,5.081250000000001,-5.62150802958421
526,10.8333,162.499,5.0843750000000005,-5.745905330316459
526,10.8333,162.499,5.0875,-5.876320526758088
526,10.8333,162.499,5.090625,-5.9930110508206935
526,10.8333,162.499,5.09375,-6.092029437277335
526,10.8333,162.499,5.096875000000001,-6.161022366516269
526,10.8333,162.499,5.1000000000000005,-6.221538234132074
526,10.8333,162.499,5.103125,-6.257487532283475
526,10.8333,162.499,5.10625,-6.2789172418578865
526,10.8333,162.499,5.109375,-6.2820388615635245
526,10.8333,162.499,5.112500000000001,-6.25335605400156
526,10.8333,162.499,5.1156250000000005,-6.2069399001220535
526,10.8333,162.499,5.11875,-6.1471718644740285
526,10.8333,162.499,5.121875,-6.075567306020019
526,10.8333,162.499,5.125,-5.999873360312339
526,10.8333,162.499,5.128125000000001,-5.913861465408367
526,10.8333,162.499,5.1312500000000005,-5.82857797878294
526,10.8333,162.499,5.134375,-5.739668659164698
526,10.8333,162.499,5.1375,-5.657366823098683
526,10.8333,162.499,5.140625,-5.5775507994717755
526,10.8333,162.499,5.143750000000001,-5.51021646600778
526,10.8333,162.499,5.1468750000000005,-5.451293053464418
526,10.8333,162.499,5.15,-5.404021747413511
526,10.8333,162.499,5.153125,-5.375264743614916
526,10.8333,162.499,5.15625,-5.362494804638035
526,10.8333,162.499,5.159375000000001,-5.3684736468699885
526,10.8333,162.499,5.1625000000000005,-5.381931878119397
526,10.8333,162.499,5.165625,-5.4128649466507
526,10.8333,162.499,5.16875,-5.461684580499813
526,10.8333,162.499,5.171875,-5.524773152496982
526,10.8333,162.499,5.175000000000001,-5.590768298016842
526,10.8333,162.499,5.1781250000000005,-5.667337927153435
526,10.8333,162.499,5.18125,-5.742758637204699
526,10.8333,162.499,5.184375,-5.8290426311792
526,10.8333,162.499,5.1875,-5.908744499338894
526,10.8333,162.499,5.190625000000001,-5.987337737939532
526,10.8333,162.499,5.1937500000000005,-6.0688115034843735
526,10.8333,162.499,5.196875,-6.141598490079976
526,10.8333,162.499,5.2,-6.2179014502153995
526,10.8333,162.499,5.203125,-6.291717097591918
526,10.8333,162.499,5.206250000000001,-6.320905154424672
526,10.8333,162.499,5.2093750000000005,-6.358233607542311
526,10.8333,162.499,5.2125,-6.348930373063948
526,10.8333,162.499,5.215625,-6.3159861395316135
526,10.8333,162.499,5.21875,-6.288845249360419
526,10.8333,162.499,5.221875000000001,-6.264354503428498
526,10.8333,162.499,5.2250000000000005,-6.251145142347982
526,10.8333,162.499,5.228125,-6.246617949594455
526,10.8333,162.499,5.23125,-6.260808331744034
526,10.8333,162.499,5.234375,-6.294045754664246
526,10.8333,162.499,5.237500000000001,-6.343795836286619
526,10.8333,162.499,5.2406250000000005,-6.422955719303312
526,10.8333,162.499,5.24375,-6.541481004562675
526,10.8333,162.499,5.246875,-6.71866647565043
526,10.8333,162.499,5.25,-6.976119841889848
526,10.8333,162.499,5.253125000000001,-7.365341850424648
526,10.8333,162.499,5.2562500000000005,-7.9604933490108145
526,10.8333,162.499,5.259375,-8.904268611757548
526,10.8333,162.499,5.2625,-10.315505612173531
526,10.8333,162.499,5.265625,-11.336134126639944
526,10.8333,162.499,5.268750000000001,-10.18943270684809
526,10.8333,162.499,5.2718750000000005,-8.632499360603566
526,10.8333,162.499,5.275,-7.815282499239168
526,10.8333,162.499,5.278125,-7.491389910277246
526,10.8333,162.499,5.28125,-7.368583021998704
526,10.8333,162.499,5.284375000000001,-7.341896222954441
526,10.8333,162.499,5.2875000000000005,-7.317338484618672
526,10.8333,162.499,5.290625,-7.298209958823103
526,10.8333,162.499,5.29375,-7.280081841858646
526,10.8333,162.499,5.296875,-7.246202684901382
526,10.8333,162.499,5.300000000000001,-7.197003145590463
526,10.8333,162.499,5.3031250000000005,-7.140480840011197
526,10.8333,162.499,5.30625,-7.07911111416295
526,10.8333,162.499,5.309375,-7.006594238038051
526,10.8333,162.499,5.3125,-6.931942856532717
526,10.8333,162.499,5.315625000000001,-6.8439139587149525
526,10.8333,162.499,5.3187500000000005,-6.752000037820357
526,10.8333,162.499,5.321875,-6.6681067968773124
526,10.8333,162.499,5.325,-6.583004982070656
526,10.8333,162.499,5.328125,-6.493043072175882
526,10.8333,162.499,5.331250000000001,-6.412172928389435
526,10.8333,162.499,5.3343750000000005,-6.3411208710688065
526,10.8333,162.499,5.3375,-6.25968404230669
526,10.8333,162.499,5.340625,-6.203323428109464
526,10.8333,162.499,5.34375,-6.178867306693312
526,10.8333,162.499,5.346875000000001,-6.1296966632329175
526,10.8333,162.499,5.3500000000000005,-6.084263831373166
526,10.8333,162.499,5.353125,-6.048718143990092
526,10.8333,162.499,5.35625,-6.027410507154789
526,10.8333,162.499,5.359375,-6.021283767822204
526,10.8333,162.499,5.362500000000001,-6.033390743412105
526,10.8333,162.499,5.3656250000000005,-6.054394041145553
526,10.8333,162.499,5.36875,-6.090680751776619
526,10.8333,162.499,5.371875,-6.116526175589697
526,10.8333,162.499,5.375,-6.145368998509463
526,10.8333,162.499,5.378125000000001,-6.158445112896514
526,10.8333,162.499,5.3812500000000005,-6.171408128704089
526,10.8333,162.499,5.384375,-6.17032078479594
526,10.8333,162.499,5.3875,-6.153470255315331
526,10.8333,162.499,5.390625,-6.1365810845574185
526,10.8333,162.499,5.393750000000001,-6.102556695671639
526,10.8333,162.499,5.3968750000000005,-6.068303834679629
526,10.8333,162.499,5.4,-6.028578476598815
526,10.8333,162.499,5.403125,-5.982626013073087
526,10.8333,162.499,5.40625,-5.94657985254193
526,10.8333,162.499,5.409375000000001,-5.905467792074422
526,10.8333,162.499,5.4125000000000005,-5.872366278773952
526,10.8333,162.499,5.415625,-5.840128668070388
526,10.8333,162.499,5.41875,-5.811339947226317
526,10.8333,162.499,5.421875,-5.788382041797215
526,10.8333,162.499,5.425000000000001,-5.78447725412492
526,10.8333,162.499,5.4281250000000005,-5.788485541504227
526,10.8333,162.499,5.43125,-5.798944900777849
526,10.8333,162.499,5.434375,-5.825426573553246
526,10.8333,162.499,5.4375,-5.861912290871376
526,10.8333,162.499,5.440625000000001,-5.9184133709715
526,10.8333,162.499,5.4437500000000005,-5.978853997174921
526,10.8333,162.499,5.446875,-6.062741203116181
526,10.8333,162.499,5.45,-6.146122242086015
526,10.8333,162.499,5.453125,-6.2427934962908695
526,10.8333,162.499,5.456250000000001,-6.338084102009627
526,10.8333,162.499,5.4593750000000005,-6.429244255007386
526,10.8333,162.499,5.4625,-6.52451512083092
526,10.8333,162.499,5.465625,-6.602766052827944
526,10.8333,162.499,5.46875,-6.6754387923082135
526,10.8333,162.499,5.471875000000001,-6.721963215919192
526,10.8333,162.499,5.4750000000000005,-6.758927288292707
526,10.8333,162.499,5.478125,-6.781606845519901
526,10.8333,162.499,5.48125,-6.784896904797173
526,10.8333,162.499,5.484375,-6.772779078136954
526,10.8333,162.499,5.487500000000001,-6.733879701814671
526,10.8333,162.499,5.4906250000000005,-6.683198111828499
526,10.8333,162.499,5.49375,-6.627774441508558
526,10.8333,162.499,5.496875,-6.5622750384556285
526,10.8333,162.499,5.5,-6.499252481207003
526,10.8333,162.499,5.503125000000001,-6.4162974761590075
526,10.8333,162.499,5.5062500000000005,-6.317637456349971
526,10.8333,162.499,5.509375,-6.213671110310118
526,10.8333,162.499,5.5125,-6.112082273702289
526,10.8333,162.499,5.515625,-6.012348632650182
526,10.8333,162.499,5.518750000000001,-5.921746756528665
526,10.8333,162.499,5.5218750000000005,-5.848076233745134
526,10.8333,162.499,5.525,-5.777074310697088
526,10.8333,162.499,5.528125,-5.725480054861004
526,10.8333,162.499,5.53125,-5.685195688196144
526,10.8333,162.499,5.534375000000001,-5.637867321872276
526,10.8333,162.499,5.5375000000000005,-5.598796950896475
526,10.8333,162.499,5.540625,-5.570021319038555
526,10.8333,162.499,5.54375,-5.539438184221192
526,10.8333,162.499,5.546875,-5.515634199849825
526,10.8333,162.499,5.550000000000001,-5.4972865411362655
526,10.8333,162.499,5.5531250000000005,-5.4813022530575415
526,10.8333,162.499,5.55625,-5.4575969650898495
526,10.8333,162.499,5.559375,-5.435786801901317
526,10.8333,162.499,5.5625,-5.417127144579341
526,10.8333,162.499,5.565625000000001,-5.388620136524311
526,10.8333,162.499,5.5687500000000005,-5.358145777323909
526,10.8333,162.499,5.571875,-5.321237864043891
526,10.8333,162.499,5.575,-5.285827971788118
526,10.8333,162.499,5.578125,-5.239135732285374
526,10.8333,162.499,5.581250000000001,-5.195073298060785
526,10.8333,162.499,5.5843750000000005,-5.147422925223535
526,10.8333,162.499,5.5875,-5.101743042997631
526,10.8333,162.499,5.590625,-5.0465823402948224
526,10.8333,162.499,5.59375,-4.99370170132031
526,10.8333,162.499,5.596875000000001,-4.9385297533175425
526,10.8333,162.499,5.6000000000000005,-4.878688780687624
526,10.8333,162.499,5.603125,-4.826026849743123
526,10.8333,162.499,5.60625,-4.776792813238963
526,10.8333,162.499,5.609375,-4.722231913300252
526,10.8333,162.499,5.612500000000001,-4.676835956868687
526,10.8333,162.499,5.6156250000000005,-4.6398298908202475
526,10.8333,162.499,5.61875,-4.610094500453496
526,10.8333,162.499,5.621875,-4.604968134989197
526,10.8333,162.499,5.625,-4.593647860289908
526,10.8333,162.499,5.628125000000001,-4.597443865795911
526,10.8333,162.499,5.6312500000000005,-4.617935392575401
526,10.8333,162.499,5.634375,-4.663330528331881
526,10.8333,162.499,5.6375,-4.706633300345884
526,10.8333,162.499,5.640625,-4.766075171245319
526,10.8333,162.499,5.643750000000001,-4.833641320975565
526,10.8333,162.499,5.6468750000000005,-4.899053831924523
526,10.8333,162.499,5.65,-4.973515441565434
526,10.8333,162.499,5.653125,-5.02999124203575
526,10.8333,162.499,5.65625,-5.083226700436384
526,10.8333,162.499,5.659375000000001,-5.128011607656211
526,10.8333,162.499,5.6625000000000005,-5.156322807217435
526,10.8333,162.499,5.665625,-5.17595284680791
526,10.8333,162.499,5.66875,-5.177483122265651
526,10.8333,162.499,5.671875,-5.175386643922275
526,10.8333,162.499,5.675000000000001,-5.153614332502066
526,10.8333,162.499,5.6781250000000005,-5.120754810568081
526,10.8333,162.499,5.68125,-5.079069352613291
526,10.8333,162.499,5.684375,-5.024257283792913
526,10.8333,162.499,5.6875,-4.96448160426755
526,10.8333,162.499,5.690625000000001,-4.891031258008771
526,10.8333,162.499,5.6937500000000005,-4.811822220369585
526,10.8333,162.499,5.696875,-4.731151825624834
526,10.8333,162.499,5.7,-4.644074394601794
526,10.8333,162.499,5.703125,-4.545990082725291
526,10.8333,162.499,5.706250000000001,-4.452241628855416
526,10.8333,162.499,5.7093750000000005,-4.364309401489591
526,10.8333,162.499,5.7125,-4.282959237236185
526,10.8333,162.499,5.715625,-4.195967426877497
526,10.8333,162.499,5.71875,-4.126397025701048
526,10.8333,162.499,5.721875000000001,-4.0706754619238685
526,10.8333,162.499,5.7250000000000005,-4.020734942772287
526,10.8333,162.499,5.728125,-3.992179254453218
526,10.8333,162.499,5.73125,-3.9686319590887886
526,10.8333,162.499,5.734375,-3.9622328378231875
526,10.8333,162.499,5.737500000000001,-3.9595080554113338
526,10.8333,162.499,5.7406250000000005,-3.960107735606395
526,10.8333,162.499,5.74375,-3.971081392717237
526,10.8333,162.499,5.746875,-3.9776565896882214
526,10.8333,162.499,5.75,-3.9818725054109483
526,10.8333,162.499,5.753125000000001,-3.9788536090596
526,10.8333,162.499,5.7562500000000005,-3.9645189641038807
526,10.8333,162.499,5.759375,-3.951646126006891
526,10.8333,162.499,5.7625,-3.9213487766164423
526,10.8333,162.499,5.765625,-3.89079448883822
526,10.8333,162.499,5.768750000000001,-3.848560556935406
526,10.8333,162.499,5.7718750000000005,-3.8048312081975655
526,10.8333,162.499,5.775,-3.748799562159903
526,10.8333,162.499,5.778125,-3.687432702752735
526,10.8333,162.499,5.78125,-3.6180116192710816
526,10.8333,162.499,5.784375000000001,-3.544829758404439
526,10.8333,162.499,5.7875000000000005,-3.474084488339538
526,10.8333,162.499,5.790625,-3.397527370155406
526,10.8333,162.499,5.79375,-3.327581252062801
526,10.8333,162.499,5.796875,-3.251935265533765
526,10.8333,162.499,5.800000000000001,-3.1889977649661234
526,10.8333,162.499,5.8031250000000005,-3.139730204291479
526,10.8333,162.499,5.80625,-3.0917024597982277
526,10.8333,162.499,5.809375,-3.0609159220005475
526,10.8333,162.499,5.8125,-3.050308613222348
526,10.8333,162.499,5.815625000000001,-3.0515553056119424
526,10.8333,162.499,5.8187500000000005,-3.0674721614584275
526,10.8333,162.499,5.821875,-3.0987651192424255
526,10.8333,162.499,5.825,-3.1456521685903738
526,10.8333,162.499,5.828125,-3.1927887581385446
526,10.8333,162.499,5.831250000000001,-3.254302394351545
526,10.8333,162.499,5.8343750000000005,-3.312837541165784
526,10.8333,162.499,5.8375,-3.374565031387822
526,10.8333,162.499,5.840625,-3.439745450399152
526,10.8333,162.499,5.84375,-3.491106189412468
526,10.8333,162.499,5.846875000000001,-3.527452393987595
526,10.8333,162.499,5.8500000000000005,-3.5640913116435753
526,10.8333,162.499,5.853125,-3.5829245853780796
526,10.8333,162.499,5.85625,-3.5947446060280686
526,10.8333,162.499,5.859375,-3.5944740116320735
526,10.8333,162.499,5.862500000000001,-3.5854845860905353
526,10.8333,162.499,5.8656250000000005,-3.5661152878217317
526,10.8333,162.499,5.86875,-3.5321545612308887
526,10.8333,162.499,5.871875,-3.493181124177742
526,10.8333,162.499,5.875,-3.4369517268771688
526,10.8333,162.499,5.878125000000001,-3.369431407351457
526,10.8333,162.499,5.8812500000000005,-3.294613377432017
526,10.8333,162.499,5.884375,-3.2185750890407343
526,10.8333,162.499,5.8875,-3.1376932548232106
526,10.8333,162.499,5.890625,-3.0595083557913694
526,10.8333,162.499,5.893750000000001,-2.98643898316651
526,10.8333,162.499,5.8968750000000005,-2.917816772024415
526,10.8333,162.499,5.9,-2.8629602683178597
526,10.8333,162.499,5.903125,-2.823901503155959
526,10.8333,162.499,5.90625,-2.807063478309691
526,10.8333,162.499,5.909375000000001,-2.8097300417514264
526,10.8333,162.499,5.9125000000000005,-2.819945433862756
526,10.8333,162.499,5.915625,-2.8365165416118945
526,10.8333,162.499,5.91875,-2.873260119692885
526,10.8333,162.499,5.921875,-2.9021459362296076
526,10.8333,162.499,5.925000000000001,-2.9280554481411896
526,10.8333,162.499,5.9281250000000005,-2.95417864675575
526,10.8333,162.499,5.93125,-2.9776913926804873
526,10.8333,162.499,5.934375,-2.9936757628175
526,10.8333,162.499,5.9375,-2.9956487815540496
526,10.8333,162.499,5.940625000000001,-2.9938911022415438
526,10.8333,162.499,5.9437500000000005,-2.9822642981548086
526,10.8333,162.499,5.946875,-2.966411768203941
526,10.8333,162.499,5.95,-2.941284241765608
526,10.8333,162.499,5.953125,-2.904809346063775
526,10.8333,162.499,5.956250000000001,-2.867718518879853
526,10.8333,162.499,5.9593750000000005,-2.8163837140614922
526,10.8333,162.499,5.9625,-2.762331112404401
526,10.8333,162.499,5.965625,-2.7009298970454094
526,10.8333,162.499,5.96875,-2.6300482043062035
526,10.8333,162.499,5.971875000000001,-2.5647308445988823
526,10.8333,162.499,5.9750000000000005,-2.4848315843371203
526,10.8333,162.499,5.978125,-2.417768998258048
526,10.8333,162.499,5.98125,-2.3455974173303975
526,10.8333,162.499,5.984375,-2.2800417448836656
526,10.8333,162.499,5.987500000000001,-2.234466758936248
526,10.8333,162.499,5.9906250000000005,-2.1982287423794347
526,10.8333,162.499,5.99375,-2.1761976141981445
526,10.8333,162.499,5.996875,-2.174539474590628
526,10.8333,162.499,6.0,-2.202321348680216
