ScanID,Current,Field,Frequency,Spectra
267,9.4761,142.142,1.0,-0.9340628809239139
267,9.4761,142.142,1.003125,-0.9004179858570122
267,9.4761,142.142,1.00625,-0.8707900240428954
267,9.4761,142.142,1.0093750000000001,-0.8460338843229698
267,9.4761,142.142,1.0125,-0.8300951093725607
267,9.4761,142.142,1.015625,-0.820987382610173
267,9.4761,142.142,1.01875,-0.8225791174636703
267,9.4761,142.142,1.021875,-0.8329560069848505
267,9.4761,142.142,1.0250000000000001,-0.8546344680971361
267,9.4761,142.142,1.028125,-0.8845154959006652
267,9.4761,142.142,1.03125,-0.9204490654472199
267,9.4761,142.142,1.034375,-0.9651544745018198
267,9.4761,142.142,1.0375,-1.011611602075533
267,9.4761,142.142,1.0406250000000001,-1.0608321330382775
267,9.4761,142.142,1.04375,-1.1149988597236604
267,9.4761,142.142,1.046875,-1.164703533282868
267,9.4761,142.142,1.05,-1.2163035049542377
267,9.4761,142.142,1.053125,-1.2668725259168976
267,9.4761,142.142,1.0562500000000001,-1.312027883865023
267,9.4761,142.142,1.059375,-1.351219173522994
267,9.4761,142.142,1.0625,-1.3850775082124913
267,9.4761,142.142,1.065625,-1.4096078220829282
267,9.4761,142.142,1.06875,-1.42767702987523
267,9.4761,142.142,1.0718750000000001,-1.4325960578377794
267,9.4761,142.142,1.0750000000000002,-1.42775699757386
267,9.4761,142.142,1.078125,-1.4112012339209066
267,9.4761,142.142,1.08125,-1.384987312224746
267,9.4761,142.142,1.084375,-1.3433429604113667
267,9.4761,142.142,1.0875000000000001,-1.2925048156586894
267,9.4761,142.142,1.0906250000000002,-1.2362908902927146
267,9.4761,142.142,1.09375,-1.1766244059768185
267,9.4761,142.142,1.096875,-1.1103759327167455
267,9.4761,142.142,1.1,-1.0523840949153749
267,9.4761,142.142,1.1031250000000001,-0.9938422833126158
267,9.4761,142.142,1.1062500000000002,-0.9408379796305045
267,9.4761,142.142,1.109375,-0.902364107166283
267,9.4761,142.142,1.1125,-0.8729725339452655
267,9.4761,142.142,1.115625,-0.8575345374459333
267,9.4761,142.142,1.1187500000000001,-0.8569700575088403
267,9.4761,142.142,1.1218750000000002,-0.8698098054347836
267,9.4761,142.142,1.125,-0.8939358906388821
267,9.4761,142.142,1.128125,-0.9250803628574524
267,9.4761,142.142,1.13125,-0.9629034431007568
267,9.4761,142.142,1.1343750000000001,-1.0063492002664267
267,9.4761,142.142,1.1375000000000002,-1.0489919137255186
267,9.4761,142.142,1.140625,-1.0896453386670144
267,9.4761,142.142,1.14375,-1.129095920322276
267,9.4761,142.142,1.146875,-1.1605404448570307
267,9.4761,142.142,1.1500000000000001,-1.1844376300748911
267,9.4761,142.142,1.1531250000000002,-1.1978897441699312
267,9.4761,142.142,1.15625,-1.2048588848367316
267,9.4761,142.142,1.159375,-1.2010545921842184
267,9.4761,142.142,1.1625,-1.1899097660161724
267,9.4761,142.142,1.1656250000000001,-1.1717677542866691
267,9.4761,142.142,1.1687500000000002,-1.148995901911233
267,9.4761,142.142,1.171875,-1.1213006399246237
267,9.4761,142.142,1.175,-1.0904668361374212
267,9.4761,142.142,1.178125,-1.054658190072579
267,9.4761,142.142,1.1812500000000001,-1.016844576730024
267,9.4761,142.142,1.1843750000000002,-0.9788284168192135
267,9.4761,142.142,1.1875,-0.9427069017041433
267,9.4761,142.142,1.190625,-0.9056019373992177
267,9.4761,142.142,1.19375,-0.8746327986016639
267,9.4761,142.142,1.1968750000000001,-0.8520540539991605
267,9.4761,142.142,1.2000000000000002,-0.8273214162264392
267,9.4761,142.142,1.203125,-0.818091890293575
267,9.4761,142.142,1.20625,-0.8152322486620351
267,9.4761,142.142,1.209375,-0.8246202901219
267,9.4761,142.142,1.2125000000000001,-0.8462720423104206
267,9.4761,142.142,1.2156250000000002,-0.8792249677788965
267,9.4761,142.142,1.21875,-0.9245516194174868
267,9.4761,142.142,1.221875,-0.9777973366529126
267,9.4761,142.142,1.225,-1.0365190413426735
267,9.4761,142.142,1.2281250000000001,-1.1048174544491793
267,9.4761,142.142,1.2312500000000002,-1.1752990928929559
267,9.4761,142.142,1.234375,-1.247652420392072
267,9.4761,142.142,1.2375,-1.314571001900617
267,9.4761,142.142,1.240625,-1.382570572063298
267,9.4761,142.142,1.2437500000000001,-1.4405919740899482
267,9.4761,142.142,1.2468750000000002,-1.4829146451022537
267,9.4761,142.142,1.25,-1.511139253815485
267,9.4761,142.142,1.253125,-1.536294526350689
267,9.4761,142.142,1.25625,-1.5404458470007623
267,9.4761,142.142,1.2593750000000001,-1.5249392411093186
267,9.4761,142.142,1.2625000000000002,-1.5037428924000709
267,9.4761,142.142,1.265625,-1.4694590380619945
267,9.4761,142.142,1.26875,-1.4238537438114942
267,9.4761,142.142,1.271875,-1.3702138100803611
267,9.4761,142.142,1.2750000000000001,-1.3135077476924186
267,9.4761,142.142,1.2781250000000002,-1.2554188213874207
267,9.4761,142.142,1.28125,-1.1934774215128616
267,9.4761,142.142,1.284375,-1.137005588367352
267,9.4761,142.142,1.2875,-1.0911255472866026
267,9.4761,142.142,1.2906250000000001,-1.0509328541992309
267,9.4761,142.142,1.2937500000000002,-1.0258074764856546
267,9.4761,142.142,1.296875,-1.0095664159407027
267,9.4761,142.142,1.3,-1.007417786458509
267,9.4761,142.142,1.303125,-1.018164539928193
267,9.4761,142.142,1.3062500000000001,-1.03921449446735
267,9.4761,142.142,1.3093750000000002,-1.0733467038548452
267,9.4761,142.142,1.3125,-1.1182761936933099
267,9.4761,142.142,1.315625,-1.1660539471991076
267,9.4761,142.142,1.31875,-1.2164323207828895
267,9.4761,142.142,1.3218750000000001,-1.2650385460661375
267,9.4761,142.142,1.3250000000000002,-1.3137085033416354
267,9.4761,142.142,1.328125,-1.3506505063041434
267,9.4761,142.142,1.33125,-1.380664194361966
267,9.4761,142.142,1.334375,-1.4000882622878406
267,9.4761,142.142,1.3375000000000001,-1.4134441925460586
267,9.4761,142.142,1.3406250000000002,-1.4141193588237293
267,9.4761,142.142,1.34375,-1.4069694797191223
267,9.4761,142.142,1.346875,-1.3909336605047897
267,9.4761,142.142,1.35,-1.3658469939015458
267,9.4761,142.142,1.3531250000000001,-1.338010084218944
267,9.4761,142.142,1.3562500000000002,-1.300425654971014
267,9.4761,142.142,1.359375,-1.260720919850141
267,9.4761,142.142,1.3625,-1.2196468246906769
267,9.4761,142.142,1.365625,-1.169365578317593
267,9.4761,142.142,1.3687500000000001,-1.1239975141668486
267,9.4761,142.142,1.3718750000000002,-1.079077836696677
267,9.4761,142.142,1.375,-1.0332138330982092
267,9.4761,142.142,1.378125,-0.9892607009550357
267,9.4761,142.142,1.38125,-0.9513444627473728
267,9.4761,142.142,1.3843750000000001,-0.9216510190931
267,9.4761,142.142,1.3875000000000002,-0.8994919574425854
267,9.4761,142.142,1.390625,-0.8912934452357674
267,9.4761,142.142,1.39375,-0.9001120717408622
267,9.4761,142.142,1.396875,-0.9258695714230383
267,9.4761,142.142,1.4000000000000001,-0.9666892854001191
267,9.4761,142.142,1.4031250000000002,-1.0237666559930472
267,9.4761,142.142,1.40625,-1.095725104106324
267,9.4761,142.142,1.409375,-1.1744918384118237
267,9.4761,142.142,1.4125,-1.2602000289168758
267,9.4761,142.142,1.4156250000000001,-1.3485906090647592
267,9.4761,142.142,1.4187500000000002,-1.429991192321864
267,9.4761,142.142,1.421875,-1.5067670616337703
267,9.4761,142.142,1.425,-1.5708422089144138
267,9.4761,142.142,1.428125,-1.6185907962971142
267,9.4761,142.142,1.4312500000000001,-1.65096209009417
267,9.4761,142.142,1.4343750000000002,-1.6671562476822381
267,9.4761,142.142,1.4375,-1.671090579102381
267,9.4761,142.142,1.440625,-1.659903265694488
267,9.4761,142.142,1.44375,-1.639756828551107
267,9.4761,142.142,1.4468750000000001,-1.6099329556920048
267,9.4761,142.142,1.4500000000000002,-1.5707362468831698
267,9.4761,142.142,1.453125,-1.5274106082342565
267,9.4761,142.142,1.45625,-1.4840939202691206
267,9.4761,142.142,1.459375,-1.4342990937303046
267,9.4761,142.142,1.4625000000000001,-1.385577592973738
267,9.4761,142.142,1.4656250000000002,-1.3440014075672906
267,9.4761,142.142,1.46875,-1.3011063436830859
267,9.4761,142.142,1.471875,-1.2659179543413672
267,9.4761,142.142,1.475,-1.2390454998606688
267,9.4761,142.142,1.4781250000000001,-1.2145366638736608
267,9.4761,142.142,1.4812500000000002,-1.1996603976695643
267,9.4761,142.142,1.484375,-1.1935357466426364
267,9.4761,142.142,1.4875,-1.1990684154490732
267,9.4761,142.142,1.490625,-1.2152540460458858
267,9.4761,142.142,1.4937500000000001,-1.2449463778908028
267,9.4761,142.142,1.4968750000000002,-1.2830686446632853
267,9.4761,142.142,1.5,-1.3294848398286232
267,9.4761,142.142,1.503125,-1.3841780724879866
267,9.4761,142.142,1.50625,-1.4412351411387059
267,9.4761,142.142,1.5093750000000001,-1.4991840146777937
267,9.4761,142.142,1.5125000000000002,-1.5562608804167446
267,9.4761,142.142,1.515625,-1.6054266689352787
267,9.4761,142.142,1.51875,-1.6517644417482664
267,9.4761,142.142,1.521875,-1.6824062062782668
267,9.4761,142.142,1.5250000000000001,-1.699662049772594
267,9.4761,142.142,1.5281250000000002,-1.6993765839977932
267,9.4761,142.142,1.53125,-1.6855733122647938
267,9.4761,142.142,1.534375,-1.658657656412649
267,9.4761,142.142,1.5375,-1.6181248107973298
267,9.4761,142.142,1.5406250000000001,-1.5625599395908687
267,9.4761,142.142,1.5437500000000002,-1.4984471509447175
267,9.4761,142.142,1.546875,-1.4281324591048108
267,9.4761,142.142,1.55,-1.3560843697108838
267,9.4761,142.142,1.553125,-1.2796607745040502
267,9.4761,142.142,1.5562500000000001,-1.206911254504345
267,9.4761,142.142,1.5593750000000002,-1.142279252162583
267,9.4761,142.142,1.5625,-1.0861569651531706
267,9.4761,142.142,1.565625,-1.0427529600754335
267,9.4761,142.142,1.56875,-1.0137108309234057
267,9.4761,142.142,1.5718750000000001,-1.002197783261318
267,9.4761,142.142,1.5750000000000002,-1.0032082040932546
267,9.4761,142.142,1.578125,-1.0231078240876061
267,9.4761,142.142,1.58125,-1.055700948916654
267,9.4761,142.142,1.584375,-1.103588867779444
267,9.4761,142.142,1.5875000000000001,-1.1640458719447142
267,9.4761,142.142,1.5906250000000002,-1.2341428913043473
267,9.4761,142.142,1.59375,-1.3062820952315988
267,9.4761,142.142,1.596875,-1.3826835804503088
267,9.4761,142.142,1.6,-1.4593835644780486
267,9.4761,142.142,1.6031250000000001,-1.531184641765968
267,9.4761,142.142,1.6062500000000002,-1.5961885467301185
267,9.4761,142.142,1.609375,-1.6554594593512406
267,9.4761,142.142,1.6125,-1.7033404656934914
267,9.4761,142.142,1.615625,-1.7445286220831462
267,9.4761,142.142,1.6187500000000001,-1.7677447372104265
267,9.4761,142.142,1.6218750000000002,-1.7797735202047487
267,9.4761,142.142,1.625,-1.7766675798218312
267,9.4761,142.142,1.628125,-1.7606308222457163
267,9.4761,142.142,1.63125,-1.7339824879649126
267,9.4761,142.142,1.6343750000000001,-1.693690903798032
267,9.4761,142.142,1.6375000000000002,-1.6454190869599359
267,9.4761,142.142,1.640625,-1.5894654247972309
267,9.4761,142.142,1.64375,-1.5312842722605717
267,9.4761,142.142,1.646875,-1.469116880168675
267,9.4761,142.142,1.6500000000000001,-1.4096635111213311
267,9.4761,142.142,1.6531250000000002,-1.3507031156293317
267,9.4761,142.142,1.65625,-1.2978015242147434
267,9.4761,142.142,1.659375,-1.2576515191762923
267,9.4761,142.142,1.6625,-1.2324825974006686
267,9.4761,142.142,1.6656250000000001,-1.2245753614202746
267,9.4761,142.142,1.6687500000000002,-1.233192648388366
267,9.4761,142.142,1.671875,-1.2566270530868238
267,9.4761,142.142,1.675,-1.2949970034325329
267,9.4761,142.142,1.678125,-1.3486089925989184
267,9.4761,142.142,1.6812500000000001,-1.4149689330461455
267,9.4761,142.142,1.6843750000000002,-1.4820470359604907
267,9.4761,142.142,1.6875,-1.5567560379857448
267,9.4761,142.142,1.690625,-1.6309275829098338
267,9.4761,142.142,1.69375,-1.7010351910943002
267,9.4761,142.142,1.6968750000000001,-1.761090698392076
267,9.4761,142.142,1.7000000000000002,-1.8124459013527339
267,9.4761,142.142,1.703125,-1.8477738053820287
267,9.4761,142.142,1.70625,-1.8704371208444004
267,9.4761,142.142,1.709375,-1.8824794592162988
267,9.4761,142.142,1.7125000000000001,-1.8779073097974184
267,9.4761,142.142,1.7156250000000002,-1.8630654067918009
267,9.4761,142.142,1.71875,-1.833941513048663
267,9.4761,142.142,1.721875,-1.7954306969587712
267,9.4761,142.142,1.725,-1.7461081407435604
267,9.4761,142.142,1.7281250000000001,-1.6867368803829574
267,9.4761,142.142,1.7312500000000002,-1.623754503261992
267,9.4761,142.142,1.734375,-1.553194132921728
267,9.4761,142.142,1.7375,-1.484163337031924
267,9.4761,142.142,1.740625,-1.4133119724554335
267,9.4761,142.142,1.7437500000000001,-1.3441285794632432
267,9.4761,142.142,1.7468750000000002,-1.279479474226973
267,9.4761,142.142,1.75,-1.2212002731239193
267,9.4761,142.142,1.753125,-1.177320045694044
267,9.4761,142.142,1.75625,-1.1432529718319884
267,9.4761,142.142,1.7593750000000001,-1.1245406079267515
267,9.4761,142.142,1.7625000000000002,-1.1226014353168108
267,9.4761,142.142,1.765625,-1.1427354462694903
267,9.4761,142.142,1.76875,-1.1778585414147038
267,9.4761,142.142,1.771875,-1.228343709679629
267,9.4761,142.142,1.7750000000000001,-1.2937172367783145
267,9.4761,142.142,1.7781250000000002,-1.3720920427329473
267,9.4761,142.142,1.78125,-1.459004570614696
267,9.4761,142.142,1.784375,-1.5408415024929147
267,9.4761,142.142,1.7875,-1.6277171697657473
267,9.4761,142.142,1.7906250000000001,-1.708787766404161
267,9.4761,142.142,1.7937500000000002,-1.7797149135056378
267,9.4761,142.142,1.7968750000000002,-1.8354377391176162
267,9.4761,142.142,1.8,-1.8753448879259373
267,9.4761,142.142,1.803125,-1.896928310487702
267,9.4761,142.142,1.8062500000000001,-1.9032060607252574
267,9.4761,142.142,1.8093750000000002,-1.8938730197274194
267,9.4761,142.142,1.8125000000000002,-1.8665861899326126
267,9.4761,142.142,1.815625,-1.8279724929365113
267,9.4761,142.142,1.81875,-1.776269218068095
267,9.4761,142.142,1.8218750000000001,-1.7196791481990037
267,9.4761,142.142,1.8250000000000002,-1.6579866168972315
267,9.4761,142.142,1.8281250000000002,-1.5942892501004793
267,9.4761,142.142,1.83125,-1.5309144582229006
267,9.4761,142.142,1.834375,-1.475255579346927
267,9.4761,142.142,1.8375000000000001,-1.4220047583419597
267,9.4761,142.142,1.8406250000000002,-1.3805080567840988
267,9.4761,142.142,1.8437500000000002,-1.3482503759806572
267,9.4761,142.142,1.846875,-1.3255025007951429
267,9.4761,142.142,1.85,-1.318077034620633
267,9.4761,142.142,1.8531250000000001,-1.325786526633609
267,9.4761,142.142,1.8562500000000002,-1.3471381995476657
267,9.4761,142.142,1.8593750000000002,-1.3840426388707094
267,9.4761,142.142,1.8625,-1.4346966936115617
267,9.4761,142.142,1.865625,-1.4976880453110908
267,9.4761,142.142,1.8687500000000001,-1.5693234973942836
267,9.4761,142.142,1.8718750000000002,-1.646751265628189
267,9.4761,142.142,1.8750000000000002,-1.725810595877003
267,9.4761,142.142,1.878125,-1.8048036145215556
267,9.4761,142.142,1.88125,-1.879390269271387
267,9.4761,142.142,1.8843750000000001,-1.948564196638671
267,9.4761,142.142,1.8875000000000002,-2.000874688260362
267,9.4761,142.142,1.8906250000000002,-2.044373924413966
267,9.4761,142.142,1.89375,-2.068476752954889
267,9.4761,142.142,1.896875,-2.075551405834459
267,9.4761,142.142,1.9000000000000001,-2.0671821544182274
267,9.4761,142.142,1.9031250000000002,-2.035005320262363
267,9.4761,142.142,1.9062500000000002,-1.986711972611968
267,9.4761,142.142,1.909375,-1.930573721697772
267,9.4761,142.142,1.9125,-1.8606075358891208
267,9.4761,142.142,1.9156250000000001,-1.7831054943680202
267,9.4761,142.142,1.9187500000000002,-1.7002260535523366
267,9.4761,142.142,1.9218750000000002,-1.6158585602152753
267,9.4761,142.142,1.925,-1.5315691823422173
267,9.4761,142.142,1.928125,-1.4502020857266151
267,9.4761,142.142,1.9312500000000001,-1.3758931830136274
267,9.4761,142.142,1.9343750000000002,-1.3142106305875725
267,9.4761,142.142,1.9375000000000002,-1.2679483194865577
267,9.4761,142.142,1.940625,-1.2347670919331595
267,9.4761,142.142,1.94375,-1.2187879773973695
267,9.4761,142.142,1.9468750000000001,-1.220007442681118
267,9.4761,142.142,1.9500000000000002,-1.2377358527901496
267,9.4761,142.142,1.9531250000000002,-1.2751366474127968
267,9.4761,142.142,1.95625,-1.3283769576405362
267,9.4761,142.142,1.959375,-1.3980214098040462
267,9.4761,142.142,1.9625000000000001,-1.4780033297365551
267,9.4761,142.142,1.9656250000000002,-1.5677707464198278
267,9.4761,142.142,1.9687500000000002,-1.6575355790808086
267,9.4761,142.142,1.971875,-1.7466914299750442
267,9.4761,142.142,1.975,-1.8297336808833786
267,9.4761,142.142,1.9781250000000001,-1.8971537573836197
267,9.4761,142.142,1.9812500000000002,-1.954591826443929
267,9.4761,142.142,1.9843750000000002,-1.9940149213535228
267,9.4761,142.142,1.9875,-2.01880449421615
267,9.4761,142.142,1.990625,-2.0222110384019873
267,9.4761,142.142,1.9937500000000001,-2.0093437628836472
267,9.4761,142.142,1.9968750000000002,-1.9765704079669617
267,9.4761,142.142,2.0,-1.9325954205793805
267,9.4761,142.142,2.0031250000000003,-1.8727225049884624
267,9.4761,142.142,2.00625,-1.8043174842789387
267,9.4761,142.142,2.009375,-1.7313554989516309
267,9.4761,142.142,2.0125,-1.6564395219375994
267,9.4761,142.142,2.015625,-1.5812230950928907
267,9.4761,142.142,2.0187500000000003,-1.5088284493687376
267,9.4761,142.142,2.021875,-1.4413304701944192
267,9.4761,142.142,2.025,-1.382748967102643
267,9.4761,142.142,2.028125,-1.3384606252528284
267,9.4761,142.142,2.03125,-1.3087209799752688
267,9.4761,142.142,2.0343750000000003,-1.298173391657094
267,9.4761,142.142,2.0375,-1.3044068681462606
267,9.4761,142.142,2.040625,-1.3291715563572517
267,9.4761,142.142,2.04375,-1.373617624572208
267,9.4761,142.142,2.046875,-1.4336352507625811
267,9.4761,142.142,2.0500000000000003,-1.5062723277024157
267,9.4761,142.142,2.053125,-1.5922968966501045
267,9.4761,142.142,2.05625,-1.6850154028569422
267,9.4761,142.142,2.059375,-1.783752450059355
267,9.4761,142.142,2.0625,-1.8781268417893828
267,9.4761,142.142,2.0656250000000003,-1.9673648525225673
267,9.4761,142.142,2.06875,-2.043145990719573
267,9.4761,142.142,2.071875,-2.104447277633337
267,9.4761,142.142,2.075,-2.1467393787426765
267,9.4761,142.142,2.078125,-2.175839374330063
267,9.4761,142.142,2.0812500000000003,-2.187004648093593
267,9.4761,142.142,2.084375,-2.17783433143813
267,9.4761,142.142,2.0875,-2.1503800229286147
267,9.4761,142.142,2.090625,-2.110062206567454
267,9.4761,142.142,2.09375,-2.053296193477039
267,9.4761,142.142,2.0968750000000003,-1.9850402402503184
267,9.4761,142.142,2.1,-1.909861838017062
267,9.4761,142.142,2.103125,-1.8312564454972406
267,9.4761,142.142,2.10625,-1.745064010662708
267,9.4761,142.142,2.109375,-1.6574520707745157
267,9.4761,142.142,2.1125000000000003,-1.57441598921634
267,9.4761,142.142,2.115625,-1.495886477003028
267,9.4761,142.142,2.11875,-1.4251785003340425
267,9.4761,142.142,2.121875,-1.3677413254270843
267,9.4761,142.142,2.125,-1.317397068815073
267,9.4761,142.142,2.1281250000000003,-1.290131391312124
267,9.4761,142.142,2.13125,-1.2826101219506252
267,9.4761,142.142,2.134375,-1.2923753756619147
267,9.4761,142.142,2.1375,-1.3280776053072143
267,9.4761,142.142,2.140625,-1.381713596488546
267,9.4761,142.142,2.1437500000000003,-1.4490554457594473
267,9.4761,142.142,2.146875,-1.5328890602437846
267,9.4761,142.142,2.1500000000000004,-1.6261586778551167
267,9.4761,142.142,2.153125,-1.723622512722449
267,9.4761,142.142,2.15625,-1.822967349329252
267,9.4761,142.142,2.1593750000000003,-1.9148484819339837
267,9.4761,142.142,2.1625,-1.9956026270732619
267,9.4761,142.142,2.1656250000000004,-2.057341106479512
267,9.4761,142.142,2.16875,-2.1009297115093166
267,9.4761,142.142,2.171875,-2.1211388654918024
267,9.4761,142.142,2.1750000000000003,-2.123280639707676
267,9.4761,142.142,2.178125,-2.103348098108266
267,9.4761,142.142,2.1812500000000004,-2.062860667023819
267,9.4761,142.142,2.184375,-2.0144598324864464
267,9.4761,142.142,2.1875,-1.9454795509152
267,9.4761,142.142,2.1906250000000003,-1.8687341344444732
267,9.4761,142.142,2.19375,-1.7848222469874717
267,9.4761,142.142,2.1968750000000004,-1.6985771981264162
267,9.4761,142.142,2.2,-1.613321308430353
267,9.4761,142.142,2.203125,-1.5349707331608784
267,9.4761,142.142,2.2062500000000003,-1.4645588954416902
267,9.4761,142.142,2.209375,-1.4019172972235874
267,9.4761,142.142,2.2125000000000004,-1.3500722114696753
267,9.4761,142.142,2.215625,-1.315888979588276
267,9.4761,142.142,2.21875,-1.2958161041584124
267,9.4761,142.142,2.2218750000000003,-1.2969249418708362
267,9.4761,142.142,2.225,-1.3139798874662667
267,9.4761,142.142,2.2281250000000004,-1.3514251780784001
267,9.4761,142.142,2.23125,-1.4077756515229431
267,9.4761,142.142,2.234375,-1.4780854681142075
267,9.4761,142.142,2.2375000000000003,-1.5658348487683351
267,9.4761,142.142,2.240625,-1.656866933315991
267,9.4761,142.142,2.2437500000000004,-1.757830973586131
267,9.4761,142.142,2.246875,-1.8576712340800365
267,9.4761,142.142,2.25,-1.9520101377229797
267,9.4761,142.142,2.2531250000000003,-2.037711843713178
267,9.4761,142.142,2.25625,-2.110948903290307
267,9.4761,142.142,2.2593750000000004,-2.1681590997182245
267,9.4761,142.142,2.2625,-2.2098288182604526
267,9.4761,142.142,2.265625,-2.2319204895072313
267,9.4761,142.142,2.2687500000000003,-2.232214787297261
267,9.4761,142.142,2.271875,-2.2139612597275558
267,9.4761,142.142,2.2750000000000004,-2.1778077456063256
267,9.4761,142.142,2.278125,-2.130436437974068
267,9.4761,142.142,2.28125,-2.064481093143434
267,9.4761,142.142,2.2843750000000003,-1.9925435720811833
267,9.4761,142.142,2.2875,-1.9102797785333614
267,9.4761,142.142,2.2906250000000004,-1.8183961652069263
267,9.4761,142.142,2.29375,-1.720571434865107
267,9.4761,142.142,2.296875,-1.6274571446806994
267,9.4761,142.142,2.3000000000000003,-1.5373883205057117
267,9.4761,142.142,2.303125,-1.4636073598975061
267,9.4761,142.142,2.3062500000000004,-1.3984263528024108
267,9.4761,142.142,2.309375,-1.350779892789204
267,9.4761,142.142,2.3125,-1.3162198780995038
267,9.4761,142.142,2.3156250000000003,-1.3037347076707793
267,9.4761,142.142,2.31875,-1.3066653313714474
267,9.4761,142.142,2.3218750000000004,-1.3315735767314134
267,9.4761,142.142,2.325,-1.375560988649074
267,9.4761,142.142,2.328125,-1.436757501940832
267,9.4761,142.142,2.3312500000000003,-1.5166353032645519
267,9.4761,142.142,2.334375,-1.6068582625480947
267,9.4761,142.142,2.3375000000000004,-1.7081003078406398
267,9.4761,142.142,2.340625,-1.8126733099927437
267,9.4761,142.142,2.34375,-1.9204131443429389
267,9.4761,142.142,2.3468750000000003,-2.024877849823677
267,9.4761,142.142,2.35,-2.12527416856573
267,9.4761,142.142,2.3531250000000004,-2.2231440866805645
267,9.4761,142.142,2.35625,-2.2993466794976616
267,9.4761,142.142,2.359375,-2.3258512245532086
267,9.4761,142.142,2.3625000000000003,-2.315471201034259
267,9.4761,142.142,2.365625,-2.2891226207753155
267,9.4761,142.142,2.3687500000000004,-2.244847460691401
267,9.4761,142.142,2.371875,-2.1848389323876156
267,9.4761,142.142,2.375,-2.1140103044959564
267,9.4761,142.142,2.3781250000000003,-2.04552647480864
267,9.4761,142.142,2.38125,-1.9757714123214563
267,9.4761,142.142,2.3843750000000004,-1.8977109812594999
267,9.4761,142.142,2.3875,-1.7920049247498566
267,9.4761,142.142,2.390625,-1.7114244031967571
267,9.4761,142.142,2.3937500000000003,-1.6329884061645017
267,9.4761,142.142,2.396875,-1.544303746140006
267,9.4761,142.142,2.4000000000000004,-1.4825147700297456
267,9.4761,142.142,2.403125,-1.3698969641677397
267,9.4761,142.142,2.40625,-1.2821382436361484
267,9.4761,142.142,2.4093750000000003,-1.2813296000522614
267,9.4761,142.142,2.4125,-1.3007502689658934
267,9.4761,142.142,2.4156250000000004,-1.3898867619906379
267,9.4761,142.142,2.41875,-1.4479914825311069
267,9.4761,142.142,2.421875,-1.5271753764470242
267,9.4761,142.142,2.4250000000000003,-1.6283087651819719
267,9.4761,142.142,2.428125,-1.743401810499553
267,9.4761,142.142,2.4312500000000004,-1.8645530687992797
267,9.4761,142.142,2.434375,-1.98932459703931
267,9.4761,142.142,2.4375,-2.1057821487468633
267,9.4761,142.142,2.4406250000000003,-2.220037380989603
267,9.4761,142.142,2.44375,-2.3265457330360144
267,9.4761,142.142,2.4468750000000004,-2.471352749674753
267,9.4761,142.142,2.45,-2.808915055229577
267,9.4761,142.142,2.453125,-3.3097943759653594
267,9.4761,142.142,2.4562500000000003,-2.868833516749134
267,9.4761,142.142,2.459375,-2.54696690902309
267,9.4761,142.142,2.4625000000000004,-2.405693915796814
267,9.4761,142.142,2.465625,-2.3098370816322906
267,9.4761,142.142,2.46875,-2.2278912323921465
267,9.4761,142.142,2.4718750000000003,-2.1456206956976644
267,9.4761,142.142,2.475,-2.0699509889790995
267,9.4761,142.142,2.4781250000000004,-1.9993902833174737
267,9.4761,142.142,2.48125,-1.9351221761157293
267,9.4761,142.142,2.484375,-1.8812987640265297
267,9.4761,142.142,2.4875000000000003,-1.8352171487761506
267,9.4761,142.142,2.490625,-1.8049597738298404
267,9.4761,142.142,2.4937500000000004,-1.7785321902383582
267,9.4761,142.142,2.496875,-1.7586453462221476
267,9.4761,142.142,2.5,-1.7498616311159667
267,9.4761,142.142,2.5031250000000003,-1.7487952939657898
267,9.4761,142.142,2.50625,-1.7565820812411532
267,9.4761,142.142,2.5093750000000004,-1.7751676143626174
267,9.4761,142.142,2.5125,-1.806778274249696
267,9.4761,142.142,2.515625,-1.8509178861155604
267,9.4761,142.142,2.5187500000000003,-1.908787099692462
267,9.4761,142.142,2.521875,-1.977111829457391
267,9.4761,142.142,2.5250000000000004,-2.056204620267054
267,9.4761,142.142,2.528125,-2.1358980126418894
267,9.4761,142.142,2.53125,-2.2152293760967003
267,9.4761,142.142,2.5343750000000003,-2.2853522520328085
267,9.4761,142.142,2.5375,-2.343755233069528
267,9.4761,142.142,2.5406250000000004,-2.3832115009074895
267,9.4761,142.142,2.54375,-2.4036470790322935
267,9.4761,142.142,2.546875,-2.4016274315390507
267,9.4761,142.142,2.5500000000000003,-2.374944458305212
267,9.4761,142.142,2.553125,-2.3300488268479365
267,9.4761,142.142,2.5562500000000004,-2.2659479985559265
267,9.4761,142.142,2.559375,-2.1841452631857674
267,9.4761,142.142,2.5625,-2.0889663837766372
267,9.4761,142.142,2.5656250000000003,-1.9791069475523435
267,9.4761,142.142,2.56875,-1.8730688064976422
267,9.4761,142.142,2.5718750000000004,-1.7639029024741917
267,9.4761,142.142,2.575,-1.6596958517449965
267,9.4761,142.142,2.578125,-1.5650674195875192
267,9.4761,142.142,2.5812500000000003,-1.484681047183676
267,9.4761,142.142,2.584375,-1.418948123036898
267,9.4761,142.142,2.5875000000000004,-1.374422934035104
267,9.4761,142.142,2.590625,-1.3520837137100397
267,9.4761,142.142,2.59375,-1.3537058724318736
267,9.4761,142.142,2.5968750000000003,-1.3831830986715807
267,9.4761,142.142,2.6,-1.434614573894358
267,9.4761,142.142,2.6031250000000004,-1.506105419247652
267,9.4761,142.142,2.60625,-1.5982550451383544
267,9.4761,142.142,2.609375,-1.7011889787137142
267,9.4761,142.142,2.6125000000000003,-1.8140836700498078
267,9.4761,142.142,2.615625,-1.9267346477811178
267,9.4761,142.142,2.6187500000000004,-2.0351884252592503
267,9.4761,142.142,2.621875,-2.1340190040195566
267,9.4761,142.142,2.625,-2.219988699594017
267,9.4761,142.142,2.6281250000000003,-2.290960272909138
267,9.4761,142.142,2.63125,-2.3398658954197145
267,9.4761,142.142,2.6343750000000004,-2.3672390432989276
267,9.4761,142.142,2.6375,-2.372818200292631
267,9.4761,142.142,2.640625,-2.3562520698260263
267,9.4761,142.142,2.6437500000000003,-2.324122110139816
267,9.4761,142.142,2.646875,-2.2710661774434957
267,9.4761,142.142,2.6500000000000004,-2.2078237326021517
267,9.4761,142.142,2.653125,-2.131958501725516
267,9.4761,142.142,2.65625,-2.048929956105758
267,9.4761,142.142,2.6593750000000003,-1.9613008852360507
267,9.4761,142.142,2.6625,-1.869020727413822
267,9.4761,142.142,2.6656250000000004,-1.7817709524580936
267,9.4761,142.142,2.66875,-1.6982403776771853
267,9.4761,142.142,2.671875,-1.6227295360996365
267,9.4761,142.142,2.6750000000000003,-1.5624572929974212
267,9.4761,142.142,2.678125,-1.517580868961574
267,9.4761,142.142,2.6812500000000004,-1.4937797841930354
267,9.4761,142.142,2.684375,-1.489476061112873
267,9.4761,142.142,2.6875,-1.5013984775794398
267,9.4761,142.142,2.6906250000000003,-1.5410090521790623
267,9.4761,142.142,2.69375,-1.6002900451100919
267,9.4761,142.142,2.6968750000000004,-1.6817148494566951
267,9.4761,142.142,2.7,-1.7793396082911441
267,9.4761,142.142,2.703125,-1.8913131967042516
267,9.4761,142.142,2.7062500000000003,-2.012403054150928
267,9.4761,142.142,2.709375,-2.133502601190111
267,9.4761,142.142,2.7125000000000004,-2.2485958340722068
267,9.4761,142.142,2.715625,-2.359456710438691
267,9.4761,142.142,2.71875,-2.4500816384046638
267,9.4761,142.142,2.7218750000000003,-2.5273267412318394
267,9.4761,142.142,2.725,-2.5794067222444594
267,9.4761,142.142,2.7281250000000004,-2.609605712978305
267,9.4761,142.142,2.73125,-2.6187972344638104
267,9.4761,142.142,2.734375,-2.605259188622097
267,9.4761,142.142,2.7375000000000003,-2.569677148892486
267,9.4761,142.142,2.740625,-2.521148437138045
267,9.4761,142.142,2.7437500000000004,-2.4605124399852136
267,9.4761,142.142,2.746875,-2.3975529361488794
267,9.4761,142.142,2.75,-2.3526711367160327
267,9.4761,142.142,2.7531250000000003,-2.3697027661173062
267,9.4761,142.142,2.75625,-2.4957124541193707
267,9.4761,142.142,2.7593750000000004,-2.3575513768820127
267,9.4761,142.142,2.7625,-2.144152054866186
267,9.4761,142.142,2.765625,-2.0193642165079515
267,9.4761,142.142,2.7687500000000003,-1.9434126062771517
267,9.4761,142.142,2.771875,-1.896880842050691
267,9.4761,142.142,2.7750000000000004,-1.8797531837135266
267,9.4761,142.142,2.778125,-1.8914374785363992
267,9.4761,142.142,2.78125,-1.9278401911605025
267,9.4761,142.142,2.7843750000000003,-1.9833117961521625
267,9.4761,142.142,2.7875,-2.0595266432574384
267,9.4761,142.142,2.7906250000000004,-2.152455900407945
267,9.4761,142.142,2.79375,-2.257014107930716
267,9.4761,142.142,2.796875,-2.3759502143791362
267,9.4761,142.142,2.8000000000000003,-2.4941973742880656
267,9.4761,142.142,2.803125,-2.612997126813351
267,9.4761,142.142,2.8062500000000004,-2.721104742364133
267,9.4761,142.142,2.809375,-2.8197735531422277
267,9.4761,142.142,2.8125,-2.8978007580930436
267,9.4761,142.142,2.8156250000000003,-2.9557798408882845
267,9.4761,142.142,2.81875,-2.989862936557612
267,9.4761,142.142,2.8218750000000004,-3.004322418599844
267,9.4761,142.142,2.825,-2.995581583604263
267,9.4761,142.142,2.828125,-2.9643652864758794
267,9.4761,142.142,2.8312500000000003,-2.9100303041100566
267,9.4761,142.142,2.834375,-2.8483611225505916
267,9.4761,142.142,2.8375000000000004,-2.771264984656161
267,9.4761,142.142,2.840625,-2.6834506443333845
267,9.4761,142.142,2.84375,-2.5980361304976625
267,9.4761,142.142,2.8468750000000003,-2.5142798898826966
267,9.4761,142.142,2.85,-2.435738354266857
267,9.4761,142.142,2.8531250000000004,-2.3651674643326364
267,9.4761,142.142,2.85625,-2.3047871667470665
267,9.4761,142.142,2.859375,-2.260593071401313
267,9.4761,142.142,2.8625000000000003,-2.2300297894544507
267,9.4761,142.142,2.865625,-2.222422633547122
267,9.4761,142.142,2.8687500000000004,-2.2331782143015837
267,9.4761,142.142,2.871875,-2.2649917317507064
267,9.4761,142.142,2.875,-2.3181103284820375
267,9.4761,142.142,2.8781250000000003,-2.392663572383009
267,9.4761,142.142,2.88125,-2.4732086786235277
267,9.4761,142.142,2.8843750000000004,-2.5721622031778324
267,9.4761,142.142,2.8875,-2.680664905037659
267,9.4761,142.142,2.890625,-2.7941114990459264
267,9.4761,142.142,2.8937500000000003,-2.9035408976476074
267,9.4761,142.142,2.896875,-3.008849543675862
267,9.4761,142.142,2.9000000000000004,-3.1013792393843076
267,9.4761,142.142,2.903125,-3.1811386880800105
267,9.4761,142.142,2.90625,-3.2377613219546704
267,9.4761,142.142,2.9093750000000003,-3.273761594859535
267,9.4761,142.142,2.9125,-3.2869278028180537
267,9.4761,142.142,2.9156250000000004,-3.2840729145121643
267,9.4761,142.142,2.91875,-3.2614364618041245
267,9.4761,142.142,2.921875,-3.2229403398163994
267,9.4761,142.142,2.9250000000000003,-3.1592459209582593
267,9.4761,142.142,2.928125,-3.0774747759238736
267,9.4761,142.142,2.9312500000000004,-2.978398231609733
267,9.4761,142.142,2.934375,-2.878400995162829
267,9.4761,142.142,2.9375,-2.7546031952385004
267,9.4761,142.142,2.9406250000000003,-2.6445583899945535
267,9.4761,142.142,2.94375,-2.5421090514044953
267,9.4761,142.142,2.9468750000000004,-2.4494055344341614
267,9.4761,142.142,2.95,-2.3719669273237285
267,9.4761,142.142,2.953125,-2.3074594091121474
267,9.4761,142.142,2.9562500000000003,-2.2659462479976984
267,9.4761,142.142,2.959375,-2.245037360944007
267,9.4761,142.142,2.9625000000000004,-2.251491528459903
267,9.4761,142.142,2.965625,-2.2880180426922387
267,9.4761,142.142,2.96875,-2.3510244176764656
267,9.4761,142.142,2.9718750000000003,-2.4353378836400523
267,9.4761,142.142,2.975,-2.5454944864413713
267,9.4761,142.142,2.9781250000000004,-2.673169635511084
267,9.4761,142.142,2.98125,-2.801145591957365
267,9.4761,142.142,2.984375,-2.934927709702153
267,9.4761,142.142,2.9875000000000003,-3.0609199266792597
267,9.4761,142.142,2.990625,-3.1685963753387703
267,9.4761,142.142,2.9937500000000004,-3.2598988291909166
267,9.4761,142.142,2.996875,-3.330391946960241
267,9.4761,142.142,3.0,-3.3711435820513227
267,9.4761,142.142,3.0031250000000003,-3.3865612831987773
267,9.4761,142.142,3.00625,-3.369685846194295
267,9.4761,142.142,3.0093750000000004,-3.3282095807964005
267,9.4761,142.142,3.0125,-3.2667739443205623
267,9.4761,142.142,3.015625,-3.186088525636159
267,9.4761,142.142,3.0187500000000003,-3.088331694229583
267,9.4761,142.142,3.021875,-2.9898023006013603
267,9.4761,142.142,3.0250000000000004,-2.8872031231103206
267,9.4761,142.142,3.028125,-2.7802394808866877
267,9.4761,142.142,3.03125,-2.6769956923654354
267,9.4761,142.142,3.0343750000000003,-2.585465249410343
267,9.4761,142.142,3.0375,-2.5056546196643117
267,9.4761,142.142,3.0406250000000004,-2.4445577405381655
267,9.4761,142.142,3.04375,-2.405540755506885
267,9.4761,142.142,3.046875,-2.3827080969857413
267,9.4761,142.142,3.0500000000000003,-2.3868672565533693
267,9.4761,142.142,3.053125,-2.413861094155921
267,9.4761,142.142,3.0562500000000004,-2.457655602707493
267,9.4761,142.142,3.059375,-2.532637123849005
267,9.4761,142.142,3.0625,-2.626104356053551
267,9.4761,142.142,3.0656250000000003,-2.739363219718844
267,9.4761,142.142,3.06875,-2.8667637533889194
267,9.4761,142.142,3.0718750000000004,-3.003536753589194
267,9.4761,142.142,3.075,-3.1368248180733023
267,9.4761,142.142,3.078125,-3.264684452458319
267,9.4761,142.142,3.0812500000000003,-3.3819353676658466
267,9.4761,142.142,3.084375,-3.482822906589871
267,9.4761,142.142,3.0875000000000004,-3.5652837228660488
267,9.4761,142.142,3.090625,-3.6280140058373163
267,9.4761,142.142,3.09375,-3.666607082434043
267,9.4761,142.142,3.0968750000000003,-3.6786276080961864
267,9.4761,142.142,3.1,-3.669918676588988
267,9.4761,142.142,3.1031250000000004,-3.6400574588139762
267,9.4761,142.142,3.10625,-3.5892113304737467
267,9.4761,142.142,3.109375,-3.5147800275907763
267,9.4761,142.142,3.1125000000000003,-3.433641033840482
267,9.4761,142.142,3.115625,-3.3566052207027273
267,9.4761,142.142,3.1187500000000004,-3.279134355653725
267,9.4761,142.142,3.121875,-3.1963340903626314
267,9.4761,142.142,3.125,-3.1269090417055514
267,9.4761,142.142,3.1281250000000003,-3.0735825967458763
267,9.4761,142.142,3.13125,-3.038343830056659
267,9.4761,142.142,3.1343750000000004,-3.023999397037131
267,9.4761,142.142,3.1375,-3.0361378804272543
267,9.4761,142.142,3.140625,-3.076613813295985
267,9.4761,142.142,3.1437500000000003,-3.1499238450471068
267,9.4761,142.142,3.146875,-3.254228064579004
267,9.4761,142.142,3.1500000000000004,-3.396446478154615
267,9.4761,142.142,3.153125,-3.5662781059825956
267,9.4761,142.142,3.15625,-3.761305724424085
267,9.4761,142.142,3.1593750000000003,-3.959993565384903
267,9.4761,142.142,3.1625,-4.158043514555857
267,9.4761,142.142,3.1656250000000004,-4.36275315968527
267,9.4761,142.142,3.16875,-4.557774612413125
267,9.4761,142.142,3.171875,-4.743556672621667
267,9.4761,142.142,3.1750000000000003,-4.895720627927748
267,9.4761,142.142,3.178125,-5.017907158511171
267,9.4761,142.142,3.1812500000000004,-5.1061217706298665
267,9.4761,142.142,3.184375,-5.157681178942161
267,9.4761,142.142,3.1875,-5.1827498142368995
267,9.4761,142.142,3.1906250000000003,-5.182027145027893
267,9.4761,142.142,3.19375,-5.152856554179339
267,9.4761,142.142,3.1968750000000004,-5.110127550501474
267,9.4761,142.142,3.2,-5.0577875228310365
267,9.4761,142.142,3.203125,-5.003163772787117
267,9.4761,142.142,3.2062500000000003,-4.9473365064530475
267,9.4761,142.142,3.209375,-4.90280589832421
267,9.4761,142.142,3.2125000000000004,-4.873648050901744
267,9.4761,142.142,3.215625,-4.8666918811707545
267,9.4761,142.142,3.21875,-4.884649375560206
267,9.4761,142.142,3.2218750000000003,-4.934644516202071
267,9.4761,142.142,3.225,-5.014442259658186
267,9.4761,142.142,3.2281250000000004,-5.125879611943595
267,9.4761,142.142,3.23125,-5.273173577076875
267,9.4761,142.142,3.234375,-5.4528696931536045
267,9.4761,142.142,3.2375000000000003,-5.665272482621279
267,9.4761,142.142,3.240625,-5.905230979916133
267,9.4761,142.142,3.2437500000000004,-6.164847356704383
267,9.4761,142.142,3.246875,-6.4390351076021695
267,9.4761,142.142,3.25,-6.7145930712475765
267,9.4761,142.142,3.2531250000000003,-6.98029816950627
267,9.4761,142.142,3.25625,-7.239856620320857
267,9.4761,142.142,3.2593750000000004,-7.480080521538092
267,9.4761,142.142,3.2625,-7.700491799605463
267,9.4761,142.142,3.265625,-7.888713614726397
267,9.4761,142.142,3.2687500000000003,-8.052426433485724
267,9.4761,142.142,3.271875,-8.179743916910024
267,9.4761,142.142,3.2750000000000004,-8.28702224214442
267,9.4761,142.142,3.278125,-8.367495940551976
267,9.4761,142.142,3.28125,-8.417017413963622
267,9.4761,142.142,3.2843750000000003,-8.449903330563679
267,9.4761,142.142,3.2875,-8.466894272297253
267,9.4761,142.142,3.2906250000000004,-8.474041302754358
267,9.4761,142.142,3.29375,-8.464806695573117
267,9.4761,142.142,3.296875,-8.440690012179207
267,9.4761,142.142,3.3000000000000003,-8.415822627878693
267,9.4761,142.142,3.303125,-8.374766148229897
267,9.4761,142.142,3.3062500000000004,-8.321355471619038
267,9.4761,142.142,3.309375,-8.253088222923878
267,9.4761,142.142,3.3125,-8.175680916960598
267,9.4761,142.142,3.3156250000000003,-8.081979619921722
267,9.4761,142.142,3.31875,-7.973944555183726
267,9.4761,142.142,3.3218750000000004,-7.84682782287307
267,9.4761,142.142,3.325,-7.714116990991222
267,9.4761,142.142,3.328125,-7.565857992483731
267,9.4761,142.142,3.3312500000000003,-7.408160752984742
267,9.4761,142.142,3.334375,-7.239310080163191
267,9.4761,142.142,3.3375000000000004,-7.079674652941593
267,9.4761,142.142,3.340625,-6.9212801643727575
267,9.4761,142.142,3.34375,-6.770094570185911
267,9.4761,142.142,3.3468750000000003,-6.636242679441519
267,9.4761,142.142,3.35,-6.530373997027934
267,9.4761,142.142,3.3531250000000004,-6.432305192973296
267,9.4761,142.142,3.35625,-6.345016784423572
267,9.4761,142.142,3.359375,-6.269591732177206
267,9.4761,142.142,3.3625000000000003,-6.201439807311951
267,9.4761,142.142,3.365625,-6.120824899599887
267,9.4761,142.142,3.3687500000000004,-6.034915644037239
267,9.4761,142.142,3.371875,-5.929565000485083
267,9.4761,142.142,3.375,-5.805810975609599
267,9.4761,142.142,3.3781250000000003,-5.6559101977709325
267,9.4761,142.142,3.38125,-5.480939012447693
267,9.4761,142.142,3.3843750000000004,-5.304000475125706
267,9.4761,142.142,3.3875,-5.103426682916753
267,9.4761,142.142,3.390625,-4.897181532724141
267,9.4761,142.142,3.3937500000000003,-4.690231075478953
267,9.4761,142.142,3.396875,-4.486147221163281
267,9.4761,142.142,3.4000000000000004,-4.291527688155553
267,9.4761,142.142,3.403125,-4.1057821760676925
267,9.4761,142.142,3.40625,-3.9383578258983185
267,9.4761,142.142,3.4093750000000003,-3.792216621218903
267,9.4761,142.142,3.4125,-3.664470866274284
267,9.4761,142.142,3.4156250000000004,-3.568768207410474
267,9.4761,142.142,3.41875,-3.495971169590649
267,9.4761,142.142,3.421875,-3.4556693992143543
267,9.4761,142.142,3.4250000000000003,-3.443474322910624
267,9.4761,142.142,3.428125,-3.4639077666102915
267,9.4761,142.142,3.4312500000000004,-3.5159476152380966
267,9.4761,142.142,3.434375,-3.587503012046669
267,9.4761,142.142,3.4375,-3.6876244761456474
267,9.4761,142.142,3.4406250000000003,-3.7981035651734354
267,9.4761,142.142,3.44375,-3.9177681204315467
267,9.4761,142.142,3.4468750000000004,-4.0366400069854445
267,9.4761,142.142,3.45,-4.156183976732511
267,9.4761,142.142,3.453125,-4.25199488295213
267,9.4761,142.142,3.4562500000000003,-4.336264273283587
267,9.4761,142.142,3.459375,-4.389349248243382
267,9.4761,142.142,3.4625000000000004,-4.420257229674647
267,9.4761,142.142,3.465625,-4.425906530481879
267,9.4761,142.142,3.46875,-4.4027656022031465
267,9.4761,142.142,3.4718750000000003,-4.357726183008438
267,9.4761,142.142,3.475,-4.290059629333626
267,9.4761,142.142,3.4781250000000004,-4.199798431940743
267,9.4761,142.142,3.48125,-4.101853247577861
267,9.4761,142.142,3.484375,-3.9980842420667244
267,9.4761,142.142,3.4875000000000003,-3.8880741201281745
267,9.4761,142.142,3.490625,-3.781452911594445
267,9.4761,142.142,3.4937500000000004,-3.6779474772080203
267,9.4761,142.142,3.496875,-3.5829152753893
267,9.4761,142.142,3.5,-3.503228967591527
267,9.4761,142.142,3.5031250000000003,-3.445314896037745
267,9.4761,142.142,3.50625,-3.410098814405302
267,9.4761,142.142,3.5093750000000004,-3.400504581850623
267,9.4761,142.142,3.5125,-3.430138681941365
267,9.4761,142.142,3.515625,-3.4941733105082067
267,9.4761,142.142,3.5187500000000003,-3.606633973723663
267,9.4761,142.142,3.521875,-3.740033081575027
267,9.4761,142.142,3.5250000000000004,-3.9162833858283763
267,9.4761,142.142,3.528125,-4.122863602017172
267,9.4761,142.142,3.53125,-4.357925544360384
267,9.4761,142.142,3.5343750000000003,-4.608070441289909
267,9.4761,142.142,3.5375,-4.871116570694643
267,9.4761,142.142,3.5406250000000004,-5.137331515014055
267,9.4761,142.142,3.54375,-5.38411860718491
267,9.4761,142.142,3.546875,-5.5822381006550605
267,9.4761,142.142,3.5500000000000003,-5.697964573136191
267,9.4761,142.142,3.553125,-5.755369750945074
267,9.4761,142.142,3.5562500000000004,-5.748846916895603
267,9.4761,142.142,3.559375,-5.68736139789957
267,9.4761,142.142,3.5625,-5.60268081724399
267,9.4761,142.142,3.5656250000000003,-5.470534098051671
267,9.4761,142.142,3.56875,-5.308506077567484
267,9.4761,142.142,3.5718750000000004,-5.124238981433937
267,9.4761,142.142,3.575,-4.932510080368733
267,9.4761,142.142,3.5781250000000004,-4.7354239211553315
267,9.4761,142.142,3.5812500000000003,-4.542784465411753
267,9.4761,142.142,3.584375,-4.353912864893361
267,9.4761,142.142,3.5875000000000004,-4.175930025305315
267,9.4761,142.142,3.590625,-4.014240187771426
267,9.4761,142.142,3.5937500000000004,-3.8706731512270283
267,9.4761,142.142,3.5968750000000003,-3.754130820061391
267,9.4761,142.142,3.6,-3.663078838929147
267,9.4761,142.142,3.6031250000000004,-3.6173515144235973
267,9.4761,142.142,3.60625,-3.608784950286897
267,9.4761,142.142,3.6093750000000004,-3.650997337037898
267,9.4761,142.142,3.6125000000000003,-3.721023562868514
267,9.4761,142.142,3.615625,-3.7888231939810253
267,9.4761,142.142,3.6187500000000004,-3.8491815355390333
267,9.4761,142.142,3.621875,-3.9055536266936377
267,9.4761,142.142,3.6250000000000004,-3.9743093882099227
267,9.4761,142.142,3.6281250000000003,-4.061658234280422
267,9.4761,142.142,3.63125,-4.166860355104596
267,9.4761,142.142,3.6343750000000004,-4.2776896470964
267,9.4761,142.142,3.6375,-4.388067015738174
267,9.4761,142.142,3.6406250000000004,-4.498303313719774
267,9.4761,142.142,3.6437500000000003,-4.619482114515358
267,9.4761,142.142,3.646875,-4.782393530265331
267,9.4761,142.142,3.6500000000000004,-4.95540357846198
267,9.4761,142.142,3.653125,-4.935451477555425
267,9.4761,142.142,3.6562500000000004,-4.782470591817088
267,9.4761,142.142,3.6593750000000003,-4.638246256494528
267,9.4761,142.142,3.6625,-4.505199336179782
267,9.4761,142.142,3.6656250000000004,-4.38056265174427
267,9.4761,142.142,3.66875,-4.259886791756773
267,9.4761,142.142,3.6718750000000004,-4.147922656873232
267,9.4761,142.142,3.6750000000000003,-4.050617844105734
267,9.4761,142.142,3.678125,-3.9693430754849968
267,9.4761,142.142,3.6812500000000004,-3.939661838067719
267,9.4761,142.142,3.684375,-4.036241451068853
267,9.4761,142.142,3.6875000000000004,-4.140260502452506
267,9.4761,142.142,3.6906250000000003,-3.8360541143456874
267,9.4761,142.142,3.69375,-3.661018995924124
267,9.4761,142.142,3.6968750000000004,-3.5895138231605634
267,9.4761,142.142,3.7,-3.5758816263694397
267,9.4761,142.142,3.7031250000000004,-3.594936106084528
267,9.4761,142.142,3.7062500000000003,-3.637562509508822
267,9.4761,142.142,3.709375,-3.7121158509854775
267,9.4761,142.142,3.7125000000000004,-3.8022054622840464
267,9.4761,142.142,3.715625,-3.909231966743172
267,9.4761,142.142,3.7187500000000004,-4.0304704114710574
267,9.4761,142.142,3.7218750000000003,-4.155147134634691
267,9.4761,142.142,3.725,-4.273843636687045
267,9.4761,142.142,3.7281250000000004,-4.386660694205283
267,9.4761,142.142,3.73125,-4.4814498871673365
267,9.4761,142.142,3.7343750000000004,-4.563909685794936
267,9.4761,142.142,3.7375000000000003,-4.626946805559655
267,9.4761,142.142,3.740625,-4.678652467540441
267,9.4761,142.142,3.7437500000000004,-4.704605267932714
267,9.4761,142.142,3.746875,-4.70828455980546
267,9.4761,142.142,3.7500000000000004,-4.667611019466989
267,9.4761,142.142,3.7531250000000003,-4.583889068774036
267,9.4761,142.142,3.75625,-4.472020450658737
267,9.4761,142.142,3.7593750000000004,-4.356268707097508
267,9.4761,142.142,3.7625,-4.236864659965111
267,9.4761,142.142,3.7656250000000004,-4.1122423389733305
267,9.4761,142.142,3.7687500000000003,-3.9920072586950517
267,9.4761,142.142,3.771875,-3.8788642712817833
267,9.4761,142.142,3.7750000000000004,-3.7752198088802844
267,9.4761,142.142,3.778125,-3.6864860170031957
267,9.4761,142.142,3.7812500000000004,-3.6118320375992026
267,9.4761,142.142,3.7843750000000003,-3.5626666608040725
267,9.4761,142.142,3.7875,-3.536399891338238
267,9.4761,142.142,3.7906250000000004,-3.5376724909564334
267,9.4761,142.142,3.79375,-3.558098061122667
267,9.4761,142.142,3.7968750000000004,-3.6086595870468186
267,9.4761,142.142,3.8000000000000003,-3.6803684999341373
267,9.4761,142.142,3.803125,-3.7712228345949073
267,9.4761,142.142,3.8062500000000004,-3.8757544870823883
267,9.4761,142.142,3.809375,-3.9816609105987686
267,9.4761,142.142,3.8125000000000004,-4.093430690425247
267,9.4761,142.142,3.8156250000000003,-4.199325528012718
267,9.4761,142.142,3.81875,-4.2921927471363635
267,9.4761,142.142,3.8218750000000004,-4.370972214078819
267,9.4761,142.142,3.825,-4.42988375736334
267,9.4761,142.142,3.8281250000000004,-4.478793683039452
267,9.4761,142.142,3.8312500000000003,-4.526570748500063
267,9.4761,142.142,3.834375,-4.528349013253979
267,9.4761,142.142,3.8375000000000004,-4.460320995242313
267,9.4761,142.142,3.840625,-4.3788137632074005
267,9.4761,142.142,3.8437500000000004,-4.295246805667646
267,9.4761,142.142,3.8468750000000003,-4.206946957107461
267,9.4761,142.142,3.85,-4.108678346520229
267,9.4761,142.142,3.8531250000000004,-4.008330020575627
267,9.4761,142.142,3.85625,-3.905548545535809
267,9.4761,142.142,3.8593750000000004,-3.8098978095984792
267,9.4761,142.142,3.8625000000000003,-3.723286913397108
267,9.4761,142.142,3.865625,-3.646413630582681
267,9.4761,142.142,3.8687500000000004,-3.5793440203105686
267,9.4761,142.142,3.871875,-3.5279556419176963
267,9.4761,142.142,3.8750000000000004,-3.4953634073121416
267,9.4761,142.142,3.8781250000000003,-3.4885872522076604
267,9.4761,142.142,3.88125,-3.5033248951500595
267,9.4761,142.142,3.8843750000000004,-3.5487497422738157
267,9.4761,142.142,3.8875,-3.6142464247595814
267,9.4761,142.142,3.8906250000000004,-3.7099020207373483
267,9.4761,142.142,3.8937500000000003,-3.8230249629542956
267,9.4761,142.142,3.896875,-3.9483788329382756
267,9.4761,142.142,3.9000000000000004,-4.0906629939450205
267,9.4761,142.142,3.903125,-4.22845909263929
267,9.4761,142.142,3.9062500000000004,-4.365552394949515
267,9.4761,142.142,3.9093750000000003,-4.491313838876165
267,9.4761,142.142,3.9125,-4.590859391170687
267,9.4761,142.142,3.9156250000000004,-4.677206641081267
267,9.4761,142.142,3.91875,-4.7321132275946445
267,9.4761,142.142,3.9218750000000004,-4.757037213307423
267,9.4761,142.142,3.9250000000000003,-4.74359912474122
267,9.4761,142.142,3.928125,-4.716410026582482
267,9.4761,142.142,3.9312500000000004,-4.662157264157595
267,9.4761,142.142,3.934375,-4.589507731897757
267,9.4761,142.142,3.9375000000000004,-4.503848639881956
267,9.4761,142.142,3.9406250000000003,-4.41649330772055
267,9.4761,142.142,3.94375,-4.321695876790886
267,9.4761,142.142,3.9468750000000004,-4.221873238104633
267,9.4761,142.142,3.95,-4.127176240712121
267,9.4761,142.142,3.9531250000000004,-4.049582637683127
267,9.4761,142.142,3.9562500000000003,-3.97673958212511
267,9.4761,142.142,3.959375,-3.9210325709837326
267,9.4761,142.142,3.9625000000000004,-3.8848914374620236
267,9.4761,142.142,3.965625,-3.8653874089373157
267,9.4761,142.142,3.9687500000000004,-3.8724402078520646
267,9.4761,142.142,3.9718750000000003,-3.901218451090889
267,9.4761,142.142,3.975,-3.960807563776043
267,9.4761,142.142,3.9781250000000004,-4.042432222661387
267,9.4761,142.142,3.98125,-4.1423535922283765
267,9.4761,142.142,3.9843750000000004,-4.268273482524584
267,9.4761,142.142,3.9875000000000003,-4.40124441910385
267,9.4761,142.142,3.990625,-4.539566330086343
267,9.4761,142.142,3.9937500000000004,-4.676468443182923
267,9.4761,142.142,3.996875,-4.806383675467664
267,9.4761,142.142,4.0,-4.91475646860688
267,9.4761,142.142,4.003125,-5.005574654421169
267,9.4761,142.142,4.0062500000000005,-5.0686652185653935
267,9.4761,142.142,4.009375,-5.106371383263233
267,9.4761,142.142,4.0125,-5.117818755323019
267,9.4761,142.142,4.015625,-5.10172086999879
267,9.4761,142.142,4.01875,-5.057365498925971
267,9.4761,142.142,4.0218750000000005,-4.997970334696608
267,9.4761,142.142,4.025,-4.915002085025077
267,9.4761,142.142,4.028125,-4.830373753592581
267,9.4761,142.142,4.03125,-4.735472162795039
267,9.4761,142.142,4.034375,-4.645722300199892
267,9.4761,142.142,4.0375000000000005,-4.557895972545468
267,9.4761,142.142,4.040625,-4.47723687750212
267,9.4761,142.142,4.04375,-4.41335012737399
267,9.4761,142.142,4.046875,-4.363188917244918
267,9.4761,142.142,4.05,-4.334618096427877
267,9.4761,142.142,4.0531250000000005,-4.331043732917389
267,9.4761,142.142,4.05625,-4.351167828990294
267,9.4761,142.142,4.059375,-4.4042880600335845
267,9.4761,142.142,4.0625,-4.482186074234519
267,9.4761,142.142,4.065625,-4.592460627785734
267,9.4761,142.142,4.0687500000000005,-4.718189647389263
267,9.4761,142.142,4.071875,-4.874488935500579
267,9.4761,142.142,4.075,-5.044124421782646
267,9.4761,142.142,4.078125,-5.228842353748975
267,9.4761,142.142,4.08125,-5.421469546891268
267,9.4761,142.142,4.0843750000000005,-5.606736368988511
267,9.4761,142.142,4.0875,-5.784248036956998
267,9.4761,142.142,4.090625,-5.937226325413285
267,9.4761,142.142,4.09375,-6.056437383751474
267,9.4761,142.142,4.096875,-6.086843226474051
267,9.4761,142.142,4.1000000000000005,-5.976894485941826
267,9.4761,142.142,4.103125,-5.856782148581416
267,9.4761,142.142,4.10625,-5.7948560783354175
267,9.4761,142.142,4.109375,-5.749086909345001
267,9.4761,142.142,4.1125,-5.686043727831841
267,9.4761,142.142,4.1156250000000005,-5.6010587118253135
267,9.4761,142.142,4.11875,-5.494796267143366
267,9.4761,142.142,4.121875,-5.396465590275472
267,9.4761,142.142,4.125,-5.296579218599496
267,9.4761,142.142,4.128125,-5.197803913636708
267,9.4761,142.142,4.1312500000000005,-5.108134589612643
267,9.4761,142.142,4.134375,-5.022903011145124
267,9.4761,142.142,4.1375,-4.955232946518387
267,9.4761,142.142,4.140625,-4.9078933751001355
267,9.4761,142.142,4.14375,-4.879413520069616
267,9.4761,142.142,4.1468750000000005,-4.879406490661235
267,9.4761,142.142,4.15,-4.898822838051658
267,9.4761,142.142,4.153125,-4.957330997195812
267,9.4761,142.142,4.15625,-5.035108596195592
267,9.4761,142.142,4.159375,-5.1305296409821075
267,9.4761,142.142,4.1625000000000005,-5.247983846545909
267,9.4761,142.142,4.165625,-5.382074304101147
267,9.4761,142.142,4.16875,-5.513770680996171
267,9.4761,142.142,4.171875,-5.643909747033642
267,9.4761,142.142,4.175,-5.762943321600133
267,9.4761,142.142,4.1781250000000005,-5.863047707291946
267,9.4761,142.142,4.18125,-5.94687922563844
267,9.4761,142.142,4.184375,-5.995557575202803
267,9.4761,142.142,4.1875,-6.011851376340984
267,9.4761,142.142,4.190625,-6.007443003066183
267,9.4761,142.142,4.1937500000000005,-5.96939597469348
267,9.4761,142.142,4.196875,-5.910514574751281
267,9.4761,142.142,4.2,-5.8374525165676685
267,9.4761,142.142,4.203125,-5.75367111428036
267,9.4761,142.142,4.20625,-5.658864530098842
267,9.4761,142.142,4.2093750000000005,-5.557916121229857
267,9.4761,142.142,4.2125,-5.458114972597058
267,9.4761,142.142,4.215625,-5.366539671421286
267,9.4761,142.142,4.21875,-5.278300113574849
267,9.4761,142.142,4.221875,-5.207475993399083
267,9.4761,142.142,4.2250000000000005,-5.148401999340399
267,9.4761,142.142,4.228125,-5.110884626877468
267,9.4761,142.142,4.23125,-5.0948783827865345
267,9.4761,142.142,4.234375,-5.092505593130912
267,9.4761,142.142,4.2375,-5.122301388313543
267,9.4761,142.142,4.2406250000000005,-5.172486186591314
267,9.4761,142.142,4.24375,-5.247397944213281
267,9.4761,142.142,4.246875,-5.347419752250383
267,9.4761,142.142,4.25,-5.468200918016497
267,9.4761,142.142,4.253125,-5.611310494491284
267,9.4761,142.142,4.2562500000000005,-5.760091963810177
267,9.4761,142.142,4.259375,-5.91972790580214
267,9.4761,142.142,4.2625,-6.080524506694147
267,9.4761,142.142,4.265625,-6.224013798118464
267,9.4761,142.142,4.26875,-6.359674976055479
267,9.4761,142.142,4.2718750000000005,-6.471510055996095
267,9.4761,142.142,4.275,-6.55597453959048
267,9.4761,142.142,4.278125,-6.6141912177046756
267,9.4761,142.142,4.28125,-6.63452182890096
267,9.4761,142.142,4.284375000000001,-6.6193323560457475
267,9.4761,142.142,4.2875000000000005,-6.573950949973763
267,9.4761,142.142,4.290625,-6.503163736630148
267,9.4761,142.142,4.29375,-6.402274929695091
267,9.4761,142.142,4.296875,-6.29054844975209
267,9.4761,142.142,4.300000000000001,-6.165710794601872
267,9.4761,142.142,4.3031250000000005,-6.042184563901575
267,9.4761,142.142,4.30625,-5.913948592362438
267,9.4761,142.142,4.309375,-5.792400946612063
267,9.4761,142.142,4.3125,-5.687165828377452
267,9.4761,142.142,4.315625000000001,-5.5890433035975935
267,9.4761,142.142,4.3187500000000005,-5.517813912930862
267,9.4761,142.142,4.321875,-5.464302044640369
267,9.4761,142.142,4.325,-5.436787580419134
267,9.4761,142.142,4.328125,-5.433493529027106
267,9.4761,142.142,4.331250000000001,-5.449214467819916
267,9.4761,142.142,4.3343750000000005,-5.497816572960922
267,9.4761,142.142,4.3375,-5.5570715401093596
267,9.4761,142.142,4.340625,-5.627595563920137
267,9.4761,142.142,4.34375,-5.705238035689436
267,9.4761,142.142,4.346875000000001,-5.770790869719895
267,9.4761,142.142,4.3500000000000005,-5.82098146816258
267,9.4761,142.142,4.353125,-5.834300780196532
267,9.4761,142.142,4.35625,-5.83927580112526
267,9.4761,142.142,4.359375,-5.847850728623307
267,9.4761,142.142,4.362500000000001,-5.8774373865043295
267,9.4761,142.142,4.3656250000000005,-5.896028097627008
267,9.4761,142.142,4.36875,-5.899259283592659
267,9.4761,142.142,4.371875,-5.887976524239199
267,9.4761,142.142,4.375,-5.849383141039537
267,9.4761,142.142,4.378125000000001,-5.7925817086980915
267,9.4761,142.142,4.3812500000000005,-5.714402583792432
267,9.4761,142.142,4.384375,-5.625652590520223
267,9.4761,142.142,4.3875,-5.526221699864986
267,9.4761,142.142,4.390625,-5.42394206378888
267,9.4761,142.142,4.393750000000001,-5.316647906739346
267,9.4761,142.142,4.3968750000000005,-5.214599866866891
267,9.4761,142.142,4.4,-5.122608382333389
267,9.4761,142.142,4.403125,-4.882966193987817
267,9.4761,142.142,4.40625,-4.786765606925734
267,9.4761,142.142,4.409375000000001,-4.72004968706076
267,9.4761,142.142,4.4125000000000005,-4.668109163176892
267,9.4761,142.142,4.415625,-4.643188226543899
267,9.4761,142.142,4.41875,-4.645479481896665
267,9.4761,142.142,4.421875,-4.668410316081088
267,9.4761,142.142,4.425000000000001,-4.722312935133949
267,9.4761,142.142,4.4281250000000005,-4.806094855418404
267,9.4761,142.142,4.43125,-4.917355483342859
267,9.4761,142.142,4.434375,-5.054510782575736
267,9.4761,142.142,4.4375,-5.2273677726020455
267,9.4761,142.142,4.440625000000001,-5.417110838491657
267,9.4761,142.142,4.4437500000000005,-5.535854514188819
267,9.4761,142.142,4.446875,-5.6231161590741054
267,9.4761,142.142,4.45,-5.7089096424896315
267,9.4761,142.142,4.453125,-5.788924845751166
267,9.4761,142.142,4.456250000000001,-5.848399451628216
267,9.4761,142.142,4.4593750000000005,-5.88357824709788
267,9.4761,142.142,4.4625,-5.894064652897002
267,9.4761,142.142,4.465625,-5.8710230651859705
267,9.4761,142.142,4.46875,-5.821958193995956
267,9.4761,142.142,4.471875000000001,-5.746228318641059
267,9.4761,142.142,4.4750000000000005,-5.649658477269593
267,9.4761,142.142,4.478125,-5.537128470795476
267,9.4761,142.142,4.48125,-5.419188672572232
267,9.4761,142.142,4.484375,-5.2904980971925575
267,9.4761,142.142,4.487500000000001,-5.154692285686929
267,9.4761,142.142,4.4906250000000005,-5.023861419581887
267,9.4761,142.142,4.49375,-4.892065398766132
267,9.4761,142.142,4.496875,-4.776927295219147
267,9.4761,142.142,4.5,-4.667852585927447
267,9.4761,142.142,4.503125000000001,-4.574526367644318
267,9.4761,142.142,4.5062500000000005,-4.489957180855696
267,9.4761,142.142,4.509375,-4.420022669550426
267,9.4761,142.142,4.5125,-4.392022525941754
267,9.4761,142.142,4.515625,-4.409791807982682
267,9.4761,142.142,4.518750000000001,-4.460322556252978
267,9.4761,142.142,4.5218750000000005,-4.530472317569893
267,9.4761,142.142,4.525,-4.610606401503827
267,9.4761,142.142,4.528125,-4.729600250533936
267,9.4761,142.142,4.53125,-4.778490473994477
267,9.4761,142.142,4.534375000000001,-4.8262866508719355
267,9.4761,142.142,4.5375000000000005,-4.88356860429425
267,9.4761,142.142,4.540625,-4.93100385258937
267,9.4761,142.142,4.54375,-4.9742949937523235
267,9.4761,142.142,4.546875,-5.003809877156108
267,9.4761,142.142,4.550000000000001,-5.022971278701194
267,9.4761,142.142,4.5531250000000005,-5.010206642039982
267,9.4761,142.142,4.55625,-4.972447013232873
267,9.4761,142.142,4.559375,-4.901405141323029
267,9.4761,142.142,4.5625,-4.808406886718374
267,9.4761,142.142,4.565625000000001,-4.704162147985873
267,9.4761,142.142,4.5687500000000005,-4.585937518003762
267,9.4761,142.142,4.571875,-4.462340653144078
267,9.4761,142.142,4.575,-4.33639075730885
267,9.4761,142.142,4.578125,-4.2047627540171275
267,9.4761,142.142,4.581250000000001,-4.077184405468431
267,9.4761,142.142,4.5843750000000005,-3.945713354852609
267,9.4761,142.142,4.5875,-3.8275991975722548
267,9.4761,142.142,4.590625,-3.7129376036019215
267,9.4761,142.142,4.59375,-3.6117356908681035
267,9.4761,142.142,4.596875000000001,-3.5221056611805475
267,9.4761,142.142,4.6000000000000005,-3.454132927588263
267,9.4761,142.142,4.603125,-3.3991344836156188
267,9.4761,142.142,4.60625,-3.369780815850092
267,9.4761,142.142,4.609375,-3.3520347962818313
267,9.4761,142.142,4.612500000000001,-3.3693308057356552
267,9.4761,142.142,4.6156250000000005,-3.396844503231604
267,9.4761,142.142,4.61875,-3.451779390721831
267,9.4761,142.142,4.621875,-3.5267075737010103
267,9.4761,142.142,4.625,-3.609691883013768
267,9.4761,142.142,4.628125000000001,-3.69761663198923
267,9.4761,142.142,4.6312500000000005,-3.7851932732373976
267,9.4761,142.142,4.634375,-3.862059249278434
267,9.4761,142.142,4.6375,-3.9369675882603787
267,9.4761,142.142,4.640625,-4.013198612107148
267,9.4761,142.142,4.643750000000001,-4.081603703233135
267,9.4761,142.142,4.6468750000000005,-4.128597225977654
267,9.4761,142.142,4.65,-4.15271811181826
267,9.4761,142.142,4.653125,-4.15070286642702
267,9.4761,142.142,4.65625,-4.121724628309397
267,9.4761,142.142,4.659375000000001,-4.0723853606488545
267,9.4761,142.142,4.6625000000000005,-4.008184226823805
267,9.4761,142.142,4.665625,-3.9256101846043014
267,9.4761,142.142,4.66875,-3.8263711453825273
267,9.4761,142.142,4.671875,-3.7182737792631038
267,9.4761,142.142,4.675000000000001,-3.6039547197928674
267,9.4761,142.142,4.6781250000000005,-3.4806120096995157
267,9.4761,142.142,4.68125,-3.3501031726712025
267,9.4761,142.142,4.684375,-3.2200829914352997
267,9.4761,142.142,4.6875,-3.1031142226131254
267,9.4761,142.142,4.690625000000001,-3.02162119329126
267,9.4761,142.142,4.6937500000000005,-2.940399720325466
267,9.4761,142.142,4.696875,-2.874556227943268
267,9.4761,142.142,4.7,-2.8209585465013935
267,9.4761,142.142,4.703125,-2.797520658147963
267,9.4761,142.142,4.706250000000001,-2.7938946176987347
267,9.4761,142.142,4.7093750000000005,-2.80815179979387
267,9.4761,142.142,4.7125,-2.8433142197271577
267,9.4761,142.142,4.715625,-2.895540432969529
267,9.4761,142.142,4.71875,-2.9582002664328746
267,9.4761,142.142,4.721875000000001,-3.0307953069282147
267,9.4761,142.142,4.7250000000000005,-3.0904688342582936
267,9.4761,142.142,4.728125,-3.152722908648239
267,9.4761,142.142,4.73125,-3.1987449846832683
267,9.4761,142.142,4.734375,-3.2317472172598336
267,9.4761,142.142,4.737500000000001,-3.246667769216922
267,9.4761,142.142,4.7406250000000005,-3.2438927850397983
267,9.4761,142.142,4.74375,-3.222760726818886
267,9.4761,142.142,4.746875,-3.184534122915502
267,9.4761,142.142,4.75,-3.1286851031087846
267,9.4761,142.142,4.753125000000001,-3.0576536387278064
267,9.4761,142.142,4.7562500000000005,-2.9738956705189077
267,9.4761,142.142,4.759375,-2.8770406979417014
267,9.4761,142.142,4.7625,-2.7759202885647065
267,9.4761,142.142,4.765625,-2.6623555676944295
267,9.4761,142.142,4.768750000000001,-2.551041628491783
267,9.4761,142.142,4.7718750000000005,-2.442917404516499
267,9.4761,142.142,4.775,-2.332835172776797
267,9.4761,142.142,4.778125,-2.23300736351217
267,9.4761,142.142,4.78125,-2.1395567507925355
267,9.4761,142.142,4.784375000000001,-2.059435288106749
267,9.4761,142.142,4.7875000000000005,-1.9982880775619964
267,9.4761,142.142,4.790625,-1.9606758913580637
267,9.4761,142.142,4.79375,-1.9452293364551063
267,9.4761,142.142,4.796875,-1.9545393100431396
267,9.4761,142.142,4.800000000000001,-1.9892597174123448
267,9.4761,142.142,4.8031250000000005,-2.053867082229863
267,9.4761,142.142,4.80625,-2.1370103063470287
267,9.4761,142.142,4.809375,-2.2379593702096114
267,9.4761,142.142,4.8125,-2.3531424586564498
267,9.4761,142.142,4.815625000000001,-2.4762268348740144
267,9.4761,142.142,4.8187500000000005,-2.599417154343433
267,9.4761,142.142,4.821875,-2.7214443548601603
267,9.4761,142.142,4.825,-2.8353425774503456
267,9.4761,142.142,4.828125,-2.930335214934205
267,9.4761,142.142,4.831250000000001,-3.010422456474707
267,9.4761,142.142,4.8343750000000005,-3.067790043750491
267,9.4761,142.142,4.8375,-3.10187612890048
267,9.4761,142.142,4.840625,-3.119800252110592
267,9.4761,142.142,4.84375,-3.115703947423183
267,9.4761,142.142,4.846875000000001,-3.095733499674101
267,9.4761,142.142,4.8500000000000005,-3.0565046815048884
267,9.4761,142.142,4.853125,-3.006044003163311
267,9.4761,142.142,4.85625,-2.941756054748543
267,9.4761,142.142,4.859375,-2.8712387209434915
267,9.4761,142.142,4.862500000000001,-2.8052838179311723
267,9.4761,142.142,4.8656250000000005,-2.7322660863608856
267,9.4761,142.142,4.86875,-2.67048159665027
267,9.4761,142.142,4.871875,-2.6143586567471475
267,9.4761,142.142,4.875,-2.5776574195174646
267,9.4761,142.142,4.878125000000001,-2.5578392088918678
267,9.4761,142.142,4.8812500000000005,-2.5538869099455788
267,9.4761,142.142,4.884375,-2.5768101601326663
267,9.4761,142.142,4.8875,-2.6225943049382257
267,9.4761,142.142,4.890625,-2.689692346208963
267,9.4761,142.142,4.893750000000001,-2.783326987660481
267,9.4761,142.142,4.8968750000000005,-2.8933298949552047
267,9.4761,142.142,4.9,-3.014291182297024
267,9.4761,142.142,4.903125,-3.138891469855069
267,9.4761,142.142,4.90625,-3.2627007625964493
267,9.4761,142.142,4.909375000000001,-3.3797633360376
267,9.4761,142.142,4.9125000000000005,-3.487503386895721
267,9.4761,142.142,4.915625,-3.573316859786137
267,9.4761,142.142,4.91875,-3.6475800053018097
267,9.4761,142.142,4.921875,-3.7016919236366346
267,9.4761,142.142,4.925000000000001,-3.7335726084132856
267,9.4761,142.142,4.9281250000000005,-3.7481497081623774
267,9.4761,142.142,4.93125,-3.7415577303989824
267,9.4761,142.142,4.934375,-3.7179429046039574
267,9.4761,142.142,4.9375,-3.6776541611544116
267,9.4761,142.142,4.940625000000001,-3.6277646904457317
267,9.4761,142.142,4.9437500000000005,-3.566394631291626
267,9.4761,142.142,4.946875,-3.5055423792381735
267,9.4761,142.142,4.95,-3.433752232982546
267,9.4761,142.142,4.953125,-3.3670614544541606
267,9.4761,142.142,4.956250000000001,-3.3006365592765254
267,9.4761,142.142,4.9593750000000005,-3.2466174173490736
267,9.4761,142.142,4.9625,-3.1994361586888447
267,9.4761,142.142,4.965625,-3.17192326994204
267,9.4761,142.142,4.96875,-3.1654953877090666
267,9.4761,142.142,4.971875000000001,-3.178344966928779
267,9.4761,142.142,4.9750000000000005,-3.215714931374823
267,9.4761,142.142,4.978125,-3.2741019350264304
267,9.4761,142.142,4.98125,-3.356571811963252
267,9.4761,142.142,4.984375,-3.48244139730551
267,9.4761,142.142,4.987500000000001,-3.648387931722859
267,9.4761,142.142,4.9906250000000005,-3.786430701539773
267,9.4761,142.142,4.99375,-3.926315922057105
267,9.4761,142.142,4.996875,-4.0718218277720775
267,9.4761,142.142,5.0,-4.226255317992097
267,9.4761,142.142,5.003125000000001,-4.3530342919886165
267,9.4761,142.142,5.0062500000000005,-4.485401694079484
267,9.4761,142.142,5.009375,-4.603170040100551
267,9.4761,142.142,5.0125,-4.696239157573203
267,9.4761,142.142,5.015625,-4.778243182806081
267,9.4761,142.142,5.018750000000001,-4.841702749883382
267,9.4761,142.142,5.0218750000000005,-4.894926331181106
267,9.4761,142.142,5.025,-4.925141726926933
267,9.4761,142.142,5.028125,-4.939116998925156
267,9.4761,142.142,5.03125,-4.940634999855281
267,9.4761,142.142,5.034375000000001,-4.932816647469071
267,9.4761,142.142,5.0375000000000005,-4.92169259164004
267,9.4761,142.142,5.040625,-4.91495910257444
267,9.4761,142.142,5.04375,-4.899054327744741
267,9.4761,142.142,5.046875,-4.891040029341244
267,9.4761,142.142,5.050000000000001,-4.887839576846905
267,9.4761,142.142,5.0531250000000005,-4.892000825025621
267,9.4761,142.142,5.05625,-4.90677802305548
267,9.4761,142.142,5.059375,-4.931230755340204
267,9.4761,142.142,5.0625,-4.965394520576274
267,9.4761,142.142,5.065625000000001,-5.021848952551673
267,9.4761,142.142,5.0687500000000005,-5.084425264978717
267,9.4761,142.142,5.071875,-5.1637080273037315
267,9.4761,142.142,5.075,-5.264667644337926
267,9.4761,142.142,5.078125,-5.377037427279982
267,9.4761,142.142,5.081250000000001,-5.51286585687132
267,9.4761,142.142,5.0843750000000005,-5.665515254201511
267,9.4761,142.142,5.0875,-5.819173152704301
267,9.4761,142.142,5.090625,-5.925552580377477
267,9.4761,142.142,5.09375,-5.999661699706193
267,9.4761,142.142,5.096875000000001,-6.062302232540185
267,9.4761,142.142,5.1000000000000005,-6.1155054253777035
267,9.4761,142.142,5.103125,-6.1575210576419535
267,9.4761,142.142,5.10625,-6.181413037636551
267,9.4761,142.142,5.109375,-6.18468952325503
267,9.4761,142.142,5.112500000000001,-6.158135469474313
267,9.4761,142.142,5.1156250000000005,-6.109860977310662
267,9.4761,142.142,5.11875,-6.057141388488692
267,9.4761,142.142,5.121875,-5.98739112255417
267,9.4761,142.142,5.125,-5.911409708589219
267,9.4761,142.142,5.128125000000001,-5.82766773815949
267,9.4761,142.142,5.1312500000000005,-5.740186896354778
267,9.4761,142.142,5.134375,-5.655850535449734
267,9.4761,142.142,5.1375,-5.578698209156743
267,9.4761,142.142,5.140625,-5.508748093308049
267,9.4761,142.142,5.143750000000001,-5.442532717122626
267,9.4761,142.142,5.1468750000000005,-5.3904416940874444
267,9.4761,142.142,5.15,-5.353509048836255
267,9.4761,142.142,5.153125,-5.324058133354139
267,9.4761,142.142,5.15625,-5.322514488796549
267,9.4761,142.142,5.159375000000001,-5.3243580408937525
267,9.4761,142.142,5.1625000000000005,-5.348060549198036
267,9.4761,142.142,5.165625,-5.386261345707686
267,9.4761,142.142,5.16875,-5.4399558044249385
267,9.4761,142.142,5.171875,-5.510695535579409
267,9.4761,142.142,5.175000000000001,-5.576728096935687
267,9.4761,142.142,5.1781250000000005,-5.653447465545462
267,9.4761,142.142,5.18125,-5.728366414908668
267,9.4761,142.142,5.184375,-5.817765886139471
267,9.4761,142.142,5.1875,-5.908501440694417
267,9.4761,142.142,5.190625000000001,-5.956466110374469
267,9.4761,142.142,5.1937500000000005,-6.017810315863564
267,9.4761,142.142,5.196875,-6.083643538217544
267,9.4761,142.142,5.2,-6.138215441874553
267,9.4761,142.142,5.203125,-6.191431716437194
267,9.4761,142.142,5.206250000000001,-6.2543703466997815
267,9.4761,142.142,5.2093750000000005,-6.3130103698984055
267,9.4761,142.142,5.2125,-6.3791091776039766
267,9.4761,142.142,5.215625,-6.431930274204244
267,9.4761,142.142,5.21875,-6.413958515170322
267,9.4761,142.142,5.221875000000001,-6.366569564953509
267,9.4761,142.142,5.2250000000000005,-6.323041710932179
267,9.4761,142.142,5.228125,-6.296620533721172
267,9.4761,142.142,5.23125,-6.298427062078602
267,9.4761,142.142,5.234375,-6.326925965024158
267,9.4761,142.142,5.237500000000001,-6.374864016472714
267,9.4761,142.142,5.2406250000000005,-6.4586537041701995
267,9.4761,142.142,5.24375,-6.584587828143112
267,9.4761,142.142,5.246875,-6.7604242886113886
267,9.4761,142.142,5.25,-7.031410627142597
267,9.4761,142.142,5.253125000000001,-7.430135369287967
267,9.4761,142.142,5.2562500000000005,-8.036129805010532
267,9.4761,142.142,5.259375,-9.00189457809896
267,9.4761,142.142,5.2625,-10.460420646748616
267,9.4761,142.142,5.265625,-11.579504723558339
267,9.4761,142.142,5.268750000000001,-10.404138080802333
267,9.4761,142.142,5.2718750000000005,-8.770114151362948
267,9.4761,142.142,5.275,-7.906806376367155
267,9.4761,142.142,5.278125,-7.554791150874846
267,9.4761,142.142,5.28125,-7.41372770607672
267,9.4761,142.142,5.284375000000001,-7.37019571070654
267,9.4761,142.142,5.2875000000000005,-7.35498360607032
267,9.4761,142.142,5.290625,-7.34294804627117
267,9.4761,142.142,5.29375,-7.315689837406582
267,9.4761,142.142,5.296875,-7.2738420768024215
267,9.4761,142.142,5.300000000000001,-7.218808406719094
267,9.4761,142.142,5.3031250000000005,-7.163663478305527
267,9.4761,142.142,5.30625,-7.092111127030202
267,9.4761,142.142,5.309375,-7.019689744586183
267,9.4761,142.142,5.3125,-6.933560856658193
267,9.4761,142.142,5.315625000000001,-6.847485855463214
267,9.4761,142.142,5.3187500000000005,-6.759655233580623
267,9.4761,142.142,5.321875,-6.673637068890854
267,9.4761,142.142,5.325,-6.5860191980814236
267,9.4761,142.142,5.328125,-6.506063687290653
267,9.4761,142.142,5.331250000000001,-6.426979054288146
267,9.4761,142.142,5.3343750000000005,-6.355491641101817
267,9.4761,142.142,5.3375,-6.284390521183242
267,9.4761,142.142,5.340625,-6.230265487803942
267,9.4761,142.142,5.34375,-6.183579740746471
267,9.4761,142.142,5.346875000000001,-6.138571069780778
267,9.4761,142.142,5.3500000000000005,-6.096582280188761
267,9.4761,142.142,5.353125,-6.062084211932264
267,9.4761,142.142,5.35625,-6.038289490306373
267,9.4761,142.142,5.359375,-6.03637792550494
267,9.4761,142.142,5.362500000000001,-6.051294249903693
267,9.4761,142.142,5.3656250000000005,-6.068534419836721
267,9.4761,142.142,5.36875,-6.106546914406097
267,9.4761,142.142,5.371875,-6.136678210240594
267,9.4761,142.142,5.375,-6.151424152664552
267,9.4761,142.142,5.378125000000001,-6.168998168185023
267,9.4761,142.142,5.3812500000000005,-6.180579751048318
267,9.4761,142.142,5.384375,-6.17611242016488
267,9.4761,142.142,5.3875,-6.170294777842887
267,9.4761,142.142,5.390625,-6.1472453103261815
267,9.4761,142.142,5.393750000000001,-6.109882191803485
267,9.4761,142.142,5.3968750000000005,-6.080735499554871
267,9.4761,142.142,5.4,-6.042276765863558
267,9.4761,142.142,5.403125,-6.005398858258893
267,9.4761,142.142,5.40625,-5.966939641482117
267,9.4761,142.142,5.409375000000001,-5.931583857418313
267,9.4761,142.142,5.4125000000000005,-5.892863812411649
267,9.4761,142.142,5.415625,-5.862288483017579
267,9.4761,142.142,5.41875,-5.832470290559191
267,9.4761,142.142,5.421875,-5.8151010517558195
267,9.4761,142.142,5.425000000000001,-5.805780737529199
267,9.4761,142.142,5.4281250000000005,-5.812641174592739
267,9.4761,142.142,5.43125,-5.828884310313192
267,9.4761,142.142,5.434375,-5.855025489065159
267,9.4761,142.142,5.4375,-5.892248398330326
267,9.4761,142.142,5.440625000000001,-5.954629551604231
267,9.4761,142.142,5.4437500000000005,-6.015786951412138
267,9.4761,142.142,5.446875,-6.097205242720493
267,9.4761,142.142,5.45,-6.184496317110284
267,9.4761,142.142,5.453125,-6.279293907718218
267,9.4761,142.142,5.456250000000001,-6.373151775541984
267,9.4761,142.142,5.4593750000000005,-6.467332529821696
267,9.4761,142.142,5.4625,-6.556466041933612
267,9.4761,142.142,5.465625,-6.63710794157611
267,9.4761,142.142,5.46875,-6.70089047345583
267,9.4761,142.142,5.471875000000001,-6.755246535263857
267,9.4761,142.142,5.4750000000000005,-6.789691303207769
267,9.4761,142.142,5.478125,-6.811218927610691
267,9.4761,142.142,5.48125,-6.813643364809705
267,9.4761,142.142,5.484375,-6.792378259748734
267,9.4761,142.142,5.487500000000001,-6.756196410365771
267,9.4761,142.142,5.4906250000000005,-6.704535593405231
267,9.4761,142.142,5.49375,-6.648093985774403
267,9.4761,142.142,5.496875,-6.586793165901704
267,9.4761,142.142,5.5,-6.52614348607457
267,9.4761,142.142,5.503125000000001,-6.4397116489294595
267,9.4761,142.142,5.5062500000000005,-6.34252061201104
267,9.4761,142.142,5.509375,-6.227841654171553
267,9.4761,142.142,5.5125,-6.123422124340548
267,9.4761,142.142,5.515625,-6.0263636693450415
267,9.4761,142.142,5.518750000000001,-5.939022993833922
267,9.4761,142.142,5.5218750000000005,-5.860064882382319
267,9.4761,142.142,5.525,-5.7992222563177895
267,9.4761,142.142,5.528125,-5.750375656817548
267,9.4761,142.142,5.53125,-5.6999289921271155
267,9.4761,142.142,5.534375000000001,-5.63958197393103
267,9.4761,142.142,5.5375000000000005,-5.590825816225996
267,9.4761,142.142,5.540625,-5.560556574312367
267,9.4761,142.142,5.54375,-5.528835224476038
267,9.4761,142.142,5.546875,-5.5043006238099785
267,9.4761,142.142,5.550000000000001,-5.485461992249993
267,9.4761,142.142,5.5531250000000005,-5.472945293620894
267,9.4761,142.142,5.55625,-5.4487358948627325
267,9.4761,142.142,5.559375,-5.430120735832005
267,9.4761,142.142,5.5625,-5.41029619282654
267,9.4761,142.142,5.565625000000001,-5.3828383780107885
267,9.4761,142.142,5.5687500000000005,-5.3535765231187415
267,9.4761,142.142,5.571875,-5.324379078627118
267,9.4761,142.142,5.575,-5.288428029900633
267,9.4761,142.142,5.578125,-5.249385324671675
267,9.4761,142.142,5.581250000000001,-5.207792875796958
267,9.4761,142.142,5.5843750000000005,-5.162014664642064
267,9.4761,142.142,5.5875,-5.109580506168111
267,9.4761,142.142,5.590625,-5.0527620499974635
267,9.4761,142.142,5.59375,-4.998002652675285
267,9.4761,142.142,5.596875000000001,-4.945835508152891
267,9.4761,142.142,5.6000000000000005,-4.887031371764224
267,9.4761,142.142,5.603125,-4.835327182541175
267,9.4761,142.142,5.60625,-4.782098885597442
267,9.4761,142.142,5.609375,-4.730464997299687
267,9.4761,142.142,5.612500000000001,-4.68392277038576
267,9.4761,142.142,5.6156250000000005,-4.65372250470591
267,9.4761,142.142,5.61875,-4.622176312754346
267,9.4761,142.142,5.621875,-4.610287340603186
267,9.4761,142.142,5.625,-4.609560631210604
267,9.4761,142.142,5.628125000000001,-4.616870908488741
267,9.4761,142.142,5.6312500000000005,-4.634980528837522
267,9.4761,142.142,5.634375,-4.677448881426088
267,9.4761,142.142,5.6375,-4.727026284436818
267,9.4761,142.142,5.640625,-4.785337678598082
267,9.4761,142.142,5.643750000000001,-4.85497357307279
267,9.4761,142.142,5.6468750000000005,-4.922673889281008
267,9.4761,142.142,5.65,-4.9873395415831965
267,9.4761,142.142,5.653125,-5.052264891604964
267,9.4761,142.142,5.65625,-5.104197079543021
267,9.4761,142.142,5.659375000000001,-5.143400004690567
267,9.4761,142.142,5.6625000000000005,-5.17125399587932
267,9.4761,142.142,5.665625,-5.184049182865067
267,9.4761,142.142,5.66875,-5.188163035828093
267,9.4761,142.142,5.671875,-5.180348900310766
267,9.4761,142.142,5.675000000000001,-5.1579993904091905
267,9.4761,142.142,5.6781250000000005,-5.123596266506022
267,9.4761,142.142,5.68125,-5.081984184641407
267,9.4761,142.142,5.684375,-5.025121480122641
267,9.4761,142.142,5.6875,-4.963036423145447
267,9.4761,142.142,5.690625000000001,-4.886820839897098
267,9.4761,142.142,5.6937500000000005,-4.808131223161798
267,9.4761,142.142,5.696875,-4.726924931724461
267,9.4761,142.142,5.7,-4.633100769193123
267,9.4761,142.142,5.703125,-4.5439365408211625
267,9.4761,142.142,5.706250000000001,-4.448616794857617
267,9.4761,142.142,5.7093750000000005,-4.363237838848673
267,9.4761,142.142,5.7125,-4.2733068645329855
267,9.4761,142.142,5.715625,-4.194843074138182
267,9.4761,142.142,5.71875,-4.120407902017115
267,9.4761,142.142,5.721875000000001,-4.060785365378818
267,9.4761,142.142,5.7250000000000005,-4.017221045384928
267,9.4761,142.142,5.728125,-3.9852476383047852
267,9.4761,142.142,5.73125,-3.967353711516703
267,9.4761,142.142,5.734375,-3.9530908497355037
267,9.4761,142.142,5.737500000000001,-3.9525299923145996
267,9.4761,142.142,5.7406250000000005,-3.952162987044029
267,9.4761,142.142,5.74375,-3.962203012765277
267,9.4761,142.142,5.746875,-3.970180044429805
267,9.4761,142.142,5.75,-3.972901484591164
267,9.4761,142.142,5.753125000000001,-3.976444267816472
267,9.4761,142.142,5.7562500000000005,-3.962146364545489
267,9.4761,142.142,5.759375,-3.941809696678763
267,9.4761,142.142,5.7625,-3.918909019649906
267,9.4761,142.142,5.765625,-3.884588470317738
267,9.4761,142.142,5.768750000000001,-3.8434658870626914
267,9.4761,142.142,5.7718750000000005,-3.7982320434880688
267,9.4761,142.142,5.775,-3.7392618959598694
267,9.4761,142.142,5.778125,-3.675694090189456
267,9.4761,142.142,5.78125,-3.61069398589662
267,9.4761,142.142,5.784375000000001,-3.541656128266959
267,9.4761,142.142,5.7875000000000005,-3.462705173426979
267,9.4761,142.142,5.790625,-3.3875995546371813
267,9.4761,142.142,5.79375,-3.315207363315884
267,9.4761,142.142,5.796875,-3.2451655789723626
267,9.4761,142.142,5.800000000000001,-3.182129843138641
267,9.4761,142.142,5.8031250000000005,-3.13093398294221
267,9.4761,142.142,5.80625,-3.083376765637205
267,9.4761,142.142,5.809375,-3.0591131858427896
267,9.4761,142.142,5.8125,-3.0450108261873425
267,9.4761,142.142,5.815625000000001,-3.049930728814403
267,9.4761,142.142,5.8187500000000005,-3.0634233642295023
267,9.4761,142.142,5.821875,-3.0927036516453903
267,9.4761,142.142,5.825,-3.137401499403294
267,9.4761,142.142,5.828125,-3.194478926853006
267,9.4761,142.142,5.831250000000001,-3.2578014805602145
267,9.4761,142.142,5.8343750000000005,-3.308119106613975
267,9.4761,142.142,5.8375,-3.373241488085083
267,9.4761,142.142,5.840625,-3.4281131897019392
267,9.4761,142.142,5.84375,-3.4815471294192895
267,9.4761,142.142,5.846875000000001,-3.525567066449999
267,9.4761,142.142,5.8500000000000005,-3.562050739666422
267,9.4761,142.142,5.853125,-3.582988049881001
267,9.4761,142.142,5.85625,-3.5887537764540642
267,9.4761,142.142,5.859375,-3.5975896873181368
267,9.4761,142.142,5.862500000000001,-3.581615464944764
267,9.4761,142.142,5.8656250000000005,-3.5623853001427475
267,9.4761,142.142,5.86875,-3.52917874970136
267,9.4761,142.142,5.871875,-3.4775515292908215
267,9.4761,142.142,5.875,-3.424664034077512
267,9.4761,142.142,5.878125000000001,-3.358145896194515
267,9.4761,142.142,5.8812500000000005,-3.290214187571898
267,9.4761,142.142,5.884375,-3.208512878445398
267,9.4761,142.142,5.8875,-3.1286554259571533
267,9.4761,142.142,5.890625,-3.047915705870026
267,9.4761,142.142,5.893750000000001,-2.971439080896575
267,9.4761,142.142,5.8968750000000005,-2.9067885857032487
267,9.4761,142.142,5.9,-2.854695546820836
267,9.4761,142.142,5.903125,-2.8220162387631316
267,9.4761,142.142,5.90625,-2.8043952683792375
267,9.4761,142.142,5.909375000000001,-2.805431685993093
267,9.4761,142.142,5.9125000000000005,-2.8162782019995554
267,9.4761,142.142,5.915625,-2.829876047080397
267,9.4761,142.142,5.91875,-2.8604501092398986
267,9.4761,142.142,5.921875,-2.894735711177349
267,9.4761,142.142,5.925000000000001,-2.9255120667383405
267,9.4761,142.142,5.9281250000000005,-2.949406531622252
267,9.4761,142.142,5.93125,-2.9731083847154864
267,9.4761,142.142,5.934375,-2.9838767650477935
267,9.4761,142.142,5.9375,-2.9893116675724523
267,9.4761,142.142,5.940625000000001,-2.987800917910948
267,9.4761,142.142,5.9437500000000005,-2.977562303885149
267,9.4761,142.142,5.946875,-2.9624331430451267
267,9.4761,142.142,5.95,-2.9376003617150372
267,9.4761,142.142,5.953125,-2.8999535821424693
267,9.4761,142.142,5.956250000000001,-2.85908708221406
267,9.4761,142.142,5.9593750000000005,-2.8119480683638893
267,9.4761,142.142,5.9625,-2.7572805726818155
267,9.4761,142.142,5.965625,-2.6938988779724244
267,9.4761,142.142,5.96875,-2.6302702937022797
267,9.4761,142.142,5.971875000000001,-2.5579192666457358
267,9.4761,142.142,5.9750000000000005,-2.4838673168224212
267,9.4761,142.142,5.978125,-2.4163833346853174
267,9.4761,142.142,5.98125,-2.3426079006408957
267,9.4761,142.142,5.984375,-2.280131635603736
267,9.4761,142.142,5.987500000000001,-2.225602989997327
267,9.4761,142.142,5.9906250000000005,-2.18956984521764
267,9.4761,142.142,5.99375,-2.172722472955358
267,9.4761,142.142,5.996875,-2.1697002101979264
267,9.4761,142.142,6.0,-2.1931317630175777
