ScanID,Current,Field,Frequency,Spectra
49,11.2064,168.096,1.0,-0.9381255371462012
49,11.2064,168.096,1.003125,-0.902831666540306
49,11.2064,168.096,1.00625,-0.8740566758928132
49,11.2064,168.096,1.0093750000000001,-0.850314753987858
49,11.2064,168.096,1.0125,-0.8330452460913319
49,11.2064,168.096,1.015625,-0.8235259080821399
49,11.2064,168.096,1.01875,-0.8245487100073977
49,11.2064,168.096,1.021875,-0.8335814079817936
49,11.2064,168.096,1.0250000000000001,-0.8523559902470118
49,11.2064,168.096,1.028125,-0.8814490844507155
49,11.2064,168.096,1.03125,-0.9198129862287878
49,11.2064,168.096,1.034375,-0.9629256261528361
49,11.2064,168.096,1.0375,-1.0104738931357955
49,11.2064,168.096,1.0406250000000001,-1.0611734680899225
49,11.2064,168.096,1.04375,-1.1146836604316153
49,11.2064,168.096,1.046875,-1.1686923498102506
49,11.2064,168.096,1.05,-1.2208907699861018
49,11.2064,168.096,1.053125,-1.2696916557898978
49,11.2064,168.096,1.0562500000000001,-1.3171579845813943
49,11.2064,168.096,1.059375,-1.3565200854198691
49,11.2064,168.096,1.0625,-1.3882232818124671
49,11.2064,168.096,1.065625,-1.4143688558172143
49,11.2064,168.096,1.06875,-1.4281975969142473
49,11.2064,168.096,1.0718750000000001,-1.437157306858663
49,11.2064,168.096,1.0750000000000002,-1.431449170191823
49,11.2064,168.096,1.078125,-1.4151654466712347
49,11.2064,168.096,1.08125,-1.3863505908676275
49,11.2064,168.096,1.084375,-1.3417697512876368
49,11.2064,168.096,1.0875000000000001,-1.2915895461913376
49,11.2064,168.096,1.0906250000000002,-1.2392875053014085
49,11.2064,168.096,1.09375,-1.176095565624303
49,11.2064,168.096,1.096875,-1.1137606909202091
49,11.2064,168.096,1.1,-1.0551398067178204
49,11.2064,168.096,1.1031250000000001,-0.9964263402918695
49,11.2064,168.096,1.1062500000000002,-0.9457635427357204
49,11.2064,168.096,1.109375,-0.906846879404708
49,11.2064,168.096,1.1125,-0.878336235915598
49,11.2064,168.096,1.115625,-0.8639097951950829
49,11.2064,168.096,1.1187500000000001,-0.8619610997023147
49,11.2064,168.096,1.1218750000000002,-0.8738583658321836
49,11.2064,168.096,1.125,-0.8969556334193085
49,11.2064,168.096,1.128125,-0.92586921031354
49,11.2064,168.096,1.13125,-0.964400159983767
49,11.2064,168.096,1.1343750000000001,-1.0070130991369957
49,11.2064,168.096,1.1375000000000002,-1.0492725881294378
49,11.2064,168.096,1.140625,-1.0911589047640204
49,11.2064,168.096,1.14375,-1.1285093012713578
49,11.2064,168.096,1.146875,-1.1613919132508446
49,11.2064,168.096,1.1500000000000001,-1.1853842210841603
49,11.2064,168.096,1.1531250000000002,-1.2014341864912774
49,11.2064,168.096,1.15625,-1.20602167029026
49,11.2064,168.096,1.159375,-1.2057323116971477
49,11.2064,168.096,1.1625,-1.1950097151220571
49,11.2064,168.096,1.1656250000000001,-1.1762683103954679
49,11.2064,168.096,1.1687500000000002,-1.1545822139886543
49,11.2064,168.096,1.171875,-1.1272076550831545
49,11.2064,168.096,1.175,-1.0951696462224882
49,11.2064,168.096,1.178125,-1.061114409518732
49,11.2064,168.096,1.1812500000000001,-1.021450974273683
49,11.2064,168.096,1.1843750000000002,-0.9820017999359626
49,11.2064,168.096,1.1875,-0.9457405284536425
49,11.2064,168.096,1.190625,-0.9095831431864241
49,11.2064,168.096,1.19375,-0.8773125728559433
49,11.2064,168.096,1.1968750000000001,-0.8519083823536412
49,11.2064,168.096,1.2000000000000002,-0.8283165016279137
49,11.2064,168.096,1.203125,-0.8200750378223142
49,11.2064,168.096,1.20625,-0.8180889365879354
49,11.2064,168.096,1.209375,-0.824678744283524
49,11.2064,168.096,1.2125000000000001,-0.8487926527792711
49,11.2064,168.096,1.2156250000000002,-0.8801948249687483
49,11.2064,168.096,1.21875,-0.9237610961274446
49,11.2064,168.096,1.221875,-0.9792506133687027
49,11.2064,168.096,1.225,-1.0400438125335114
49,11.2064,168.096,1.2281250000000001,-1.107204759756752
49,11.2064,168.096,1.2312500000000002,-1.1768263680816793
49,11.2064,168.096,1.234375,-1.250657920964258
49,11.2064,168.096,1.2375,-1.3184533926778954
49,11.2064,168.096,1.240625,-1.385842974064733
49,11.2064,168.096,1.2437500000000001,-1.4448347403156183
49,11.2064,168.096,1.2468750000000002,-1.4886404887757063
49,11.2064,168.096,1.25,-1.5145995743223097
49,11.2064,168.096,1.253125,-1.538510727222571
49,11.2064,168.096,1.25625,-1.5418249734766443
49,11.2064,168.096,1.2593750000000001,-1.5300429890608935
49,11.2064,168.096,1.2625000000000002,-1.5091424723007023
49,11.2064,168.096,1.265625,-1.4712228235618585
49,11.2064,168.096,1.26875,-1.425728507816026
49,11.2064,168.096,1.271875,-1.3733023239714857
49,11.2064,168.096,1.2750000000000001,-1.3137823204921957
49,11.2064,168.096,1.2781250000000002,-1.2545469738578183
49,11.2064,168.096,1.28125,-1.197267826578103
49,11.2064,168.096,1.284375,-1.141921476859721
49,11.2064,168.096,1.2875,-1.0965994653208464
49,11.2064,168.096,1.2906250000000001,-1.0555719163710806
49,11.2064,168.096,1.2937500000000002,-1.0279361350881704
49,11.2064,168.096,1.296875,-1.013874498029619
49,11.2064,168.096,1.3,-1.0110655135210402
49,11.2064,168.096,1.303125,-1.02157989704351
49,11.2064,168.096,1.3062500000000001,-1.0428445920234601
49,11.2064,168.096,1.3093750000000002,-1.076874914109141
49,11.2064,168.096,1.3125,-1.1160959587550514
49,11.2064,168.096,1.315625,-1.167965890136637
49,11.2064,168.096,1.31875,-1.2154387481520572
49,11.2064,168.096,1.3218750000000001,-1.26537899768514
49,11.2064,168.096,1.3250000000000002,-1.3123518946161663
49,11.2064,168.096,1.328125,-1.3480970644589818
49,11.2064,168.096,1.33125,-1.3794000667456814
49,11.2064,168.096,1.334375,-1.3996741647929298
49,11.2064,168.096,1.3375000000000001,-1.4121167332074291
49,11.2064,168.096,1.3406250000000002,-1.4130843647079505
49,11.2064,168.096,1.34375,-1.4072313957478242
49,11.2064,168.096,1.346875,-1.3934062189676075
49,11.2064,168.096,1.35,-1.369720388206307
49,11.2064,168.096,1.3531250000000001,-1.3385764984491602
49,11.2064,168.096,1.3562500000000002,-1.3048849125953912
49,11.2064,168.096,1.359375,-1.2629182525864433
49,11.2064,168.096,1.3625,-1.2169295301595864
49,11.2064,168.096,1.365625,-1.1705123208024988
49,11.2064,168.096,1.3687500000000001,-1.1239242284981181
49,11.2064,168.096,1.3718750000000002,-1.0768342200226904
49,11.2064,168.096,1.375,-1.0297623193922254
49,11.2064,168.096,1.378125,-0.9879098206890322
49,11.2064,168.096,1.38125,-0.9496947192280702
49,11.2064,168.096,1.3843750000000001,-0.9195135865060144
49,11.2064,168.096,1.3875000000000002,-0.8986932146731972
49,11.2064,168.096,1.390625,-0.8896774073878602
49,11.2064,168.096,1.39375,-0.898473055520156
49,11.2064,168.096,1.396875,-0.9253995431026778
49,11.2064,168.096,1.4000000000000001,-0.9629626862581122
49,11.2064,168.096,1.4031250000000002,-1.021010058799692
49,11.2064,168.096,1.40625,-1.090772603136184
49,11.2064,168.096,1.409375,-1.168495509725477
49,11.2064,168.096,1.4125,-1.2542891623727648
49,11.2064,168.096,1.4156250000000001,-1.3425827964103931
49,11.2064,168.096,1.4187500000000002,-1.4245040669010738
49,11.2064,168.096,1.421875,-1.4989038917468533
49,11.2064,168.096,1.425,-1.564436572809621
49,11.2064,168.096,1.428125,-1.6109982716359885
49,11.2064,168.096,1.4312500000000001,-1.6460051412693826
49,11.2064,168.096,1.4343750000000002,-1.6632972254480602
49,11.2064,168.096,1.4375,-1.6663347532685
49,11.2064,168.096,1.440625,-1.6569305828001664
49,11.2064,168.096,1.44375,-1.6373163879344244
49,11.2064,168.096,1.4468750000000001,-1.606560180757734
49,11.2064,168.096,1.4500000000000002,-1.569885322034178
49,11.2064,168.096,1.453125,-1.527641744800092
49,11.2064,168.096,1.45625,-1.4807915646852543
49,11.2064,168.096,1.459375,-1.4329496987009618
49,11.2064,168.096,1.4625000000000001,-1.3847489694038526
49,11.2064,168.096,1.4656250000000002,-1.3428283413699678
49,11.2064,168.096,1.46875,-1.297662465776242
49,11.2064,168.096,1.471875,-1.2630203995443312
49,11.2064,168.096,1.475,-1.23293052375341
49,11.2064,168.096,1.4781250000000001,-1.2100508588898422
49,11.2064,168.096,1.4812500000000002,-1.1942058465417495
49,11.2064,168.096,1.484375,-1.1854927324990536
49,11.2064,168.096,1.4875,-1.1924447217381484
49,11.2064,168.096,1.490625,-1.2103322993748318
49,11.2064,168.096,1.4937500000000001,-1.2385945286983508
49,11.2064,168.096,1.4968750000000002,-1.2775063241937579
49,11.2064,168.096,1.5,-1.3267089197751187
49,11.2064,168.096,1.503125,-1.3795961176914076
49,11.2064,168.096,1.50625,-1.438842211083692
49,11.2064,168.096,1.5093750000000001,-1.4986119976794678
49,11.2064,168.096,1.5125000000000002,-1.5531660524851771
49,11.2064,168.096,1.515625,-1.604703993387272
49,11.2064,168.096,1.51875,-1.6467694554409893
49,11.2064,168.096,1.521875,-1.6763012370289334
49,11.2064,168.096,1.5250000000000001,-1.6920004091690244
49,11.2064,168.096,1.5281250000000002,-1.6948632315674912
49,11.2064,168.096,1.53125,-1.6793234034335032
49,11.2064,168.096,1.534375,-1.6514070440948847
49,11.2064,168.096,1.5375,-1.6127973306194308
49,11.2064,168.096,1.5406250000000001,-1.5572251955929797
49,11.2064,168.096,1.5437500000000002,-1.493121631896115
49,11.2064,168.096,1.546875,-1.423861561966432
49,11.2064,168.096,1.55,-1.3513548585992692
49,11.2064,168.096,1.553125,-1.27662363939663
49,11.2064,168.096,1.5562500000000001,-1.20377498597086
49,11.2064,168.096,1.5593750000000002,-1.1376616960831947
49,11.2064,168.096,1.5625,-1.0832481749818692
49,11.2064,168.096,1.565625,-1.0423511936106418
49,11.2064,168.096,1.56875,-1.01379073081849
49,11.2064,168.096,1.5718750000000001,-0.995594305304019
49,11.2064,168.096,1.5750000000000002,-0.9983815439414789
49,11.2064,168.096,1.578125,-1.0163169032911425
49,11.2064,168.096,1.58125,-1.0466037259079828
49,11.2064,168.096,1.584375,-1.0924181490292943
49,11.2064,168.096,1.5875000000000001,-1.153088352828486
49,11.2064,168.096,1.5906250000000002,-1.2217252994072525
49,11.2064,168.096,1.59375,-1.2941678008157351
49,11.2064,168.096,1.596875,-1.3717464073317025
49,11.2064,168.096,1.6,-1.4488588920940237
49,11.2064,168.096,1.6031250000000001,-1.521256231926567
49,11.2064,168.096,1.6062500000000002,-1.5880547425106897
49,11.2064,168.096,1.609375,-1.6479102396334842
49,11.2064,168.096,1.6125,-1.6980794504938364
49,11.2064,168.096,1.615625,-1.7373795480707976
49,11.2064,168.096,1.6187500000000001,-1.7631950626730757
49,11.2064,168.096,1.6218750000000002,-1.7742975707015662
49,11.2064,168.096,1.625,-1.7724008676755099
49,11.2064,168.096,1.628125,-1.755781248834469
49,11.2064,168.096,1.63125,-1.7255779750195501
49,11.2064,168.096,1.6343750000000001,-1.6868297148718325
49,11.2064,168.096,1.6375000000000002,-1.6376784864186757
49,11.2064,168.096,1.640625,-1.5832070989384461
49,11.2064,168.096,1.64375,-1.523567887814297
49,11.2064,168.096,1.646875,-1.4609470775831535
49,11.2064,168.096,1.6500000000000001,-1.4019920668385533
49,11.2064,168.096,1.6531250000000002,-1.344241682085106
49,11.2064,168.096,1.65625,-1.2928358245370764
49,11.2064,168.096,1.659375,-1.251620095133058
49,11.2064,168.096,1.6625,-1.2265443483303804
49,11.2064,168.096,1.6656250000000001,-1.220197324222687
49,11.2064,168.096,1.6687500000000002,-1.2283556441555084
49,11.2064,168.096,1.671875,-1.2532273271114227
49,11.2064,168.096,1.675,-1.2916576130639967
49,11.2064,168.096,1.678125,-1.3426584849609557
49,11.2064,168.096,1.6812500000000001,-1.4049818356971755
49,11.2064,168.096,1.6843750000000002,-1.4739885485632218
49,11.2064,168.096,1.6875,-1.5479247081360117
49,11.2064,168.096,1.690625,-1.6239869210818951
49,11.2064,168.096,1.69375,-1.6891234575437355
49,11.2064,168.096,1.6968750000000001,-1.7503851873816827
49,11.2064,168.096,1.7000000000000002,-1.797511966179092
49,11.2064,168.096,1.703125,-1.835944313981088
49,11.2064,168.096,1.70625,-1.8594343537025224
49,11.2064,168.096,1.709375,-1.8717033386950999
49,11.2064,168.096,1.7125000000000001,-1.8711868555659312
49,11.2064,168.096,1.7156250000000002,-1.8554551358300286
49,11.2064,168.096,1.71875,-1.828626613205725
49,11.2064,168.096,1.721875,-1.792528968970305
49,11.2064,168.096,1.725,-1.7422454545644155
49,11.2064,168.096,1.7281250000000001,-1.6876461128620612
49,11.2064,168.096,1.7312500000000002,-1.6227295425777932
49,11.2064,168.096,1.734375,-1.553803669960765
49,11.2064,168.096,1.7375,-1.4847958675041775
49,11.2064,168.096,1.740625,-1.4133586807124257
49,11.2064,168.096,1.7437500000000001,-1.3415749117465063
49,11.2064,168.096,1.7468750000000002,-1.2741298434680106
49,11.2064,168.096,1.75,-1.214235566092394
49,11.2064,168.096,1.753125,-1.1617308352075013
49,11.2064,168.096,1.75625,-1.1267213100519526
49,11.2064,168.096,1.7593750000000001,-1.1046920912923057
49,11.2064,168.096,1.7625000000000002,-1.1016102636718799
49,11.2064,168.096,1.765625,-1.117554905505869
49,11.2064,168.096,1.76875,-1.1504647295918595
49,11.2064,168.096,1.771875,-1.2009573563630824
49,11.2064,168.096,1.7750000000000001,-1.2689860308790792
49,11.2064,168.096,1.7781250000000002,-1.3446010081878925
49,11.2064,168.096,1.78125,-1.4301821774854127
49,11.2064,168.096,1.784375,-1.5213946287870832
49,11.2064,168.096,1.7875,-1.612173500646163
49,11.2064,168.096,1.7906250000000001,-1.6941044502888296
49,11.2064,168.096,1.7937500000000002,-1.7656396955087275
49,11.2064,168.096,1.7968750000000002,-1.8196606720055886
49,11.2064,168.096,1.8,-1.8630438497016024
49,11.2064,168.096,1.803125,-1.8866531248207232
49,11.2064,168.096,1.8062500000000001,-1.8910449650453405
49,11.2064,168.096,1.8093750000000002,-1.8790612976897358
49,11.2064,168.096,1.8125000000000002,-1.8555203076338247
49,11.2064,168.096,1.815625,-1.8159402970692142
49,11.2064,168.096,1.81875,-1.7648177860025258
49,11.2064,168.096,1.8218750000000001,-1.7085580813564294
49,11.2064,168.096,1.8250000000000002,-1.6473326073588375
49,11.2064,168.096,1.8281250000000002,-1.5817803466138172
49,11.2064,168.096,1.83125,-1.5194321702755809
49,11.2064,168.096,1.834375,-1.4613601231066253
49,11.2064,168.096,1.8375000000000001,-1.411409243762516
49,11.2064,168.096,1.8406250000000002,-1.3669170263505415
49,11.2064,168.096,1.8437500000000002,-1.3332030650512707
49,11.2064,168.096,1.846875,-1.3112610650003462
49,11.2064,168.096,1.85,-1.3018390471183499
49,11.2064,168.096,1.8531250000000001,-1.3068945759602324
49,11.2064,168.096,1.8562500000000002,-1.3269069072372193
49,11.2064,168.096,1.8593750000000002,-1.3613923531277627
49,11.2064,168.096,1.8625,-1.4101966552897502
49,11.2064,168.096,1.865625,-1.471587266503037
49,11.2064,168.096,1.8687500000000001,-1.5411150388584764
49,11.2064,168.096,1.8718750000000002,-1.6174300451159058
49,11.2064,168.096,1.8750000000000002,-1.6962490079594919
49,11.2064,168.096,1.878125,-1.775301759580882
49,11.2064,168.096,1.88125,-1.8493718892464563
49,11.2064,168.096,1.8843750000000001,-1.9156673107757807
49,11.2064,168.096,1.8875000000000002,-1.9727755331612333
49,11.2064,168.096,1.8906250000000002,-2.010654208742891
49,11.2064,168.096,1.89375,-2.0374850069058694
49,11.2064,168.096,1.896875,-2.044495705331269
49,11.2064,168.096,1.9000000000000001,-2.0360127851419403
49,11.2064,168.096,1.9031250000000002,-2.000899202640408
49,11.2064,168.096,1.9062500000000002,-1.9555146044994989
49,11.2064,168.096,1.909375,-1.8981123540796672
49,11.2064,168.096,1.9125,-1.8293693977798309
49,11.2064,168.096,1.9156250000000001,-1.7500884646810966
49,11.2064,168.096,1.9187500000000002,-1.6660688482506525
49,11.2064,168.096,1.9218750000000002,-1.5789635311488182
49,11.2064,168.096,1.925,-1.494047806339402
49,11.2064,168.096,1.928125,-1.4111994710346134
49,11.2064,168.096,1.9312500000000001,-1.3373934032620272
49,11.2064,168.096,1.9343750000000002,-1.272497764345715
49,11.2064,168.096,1.9375000000000002,-1.2209135922723398
49,11.2064,168.096,1.940625,-1.185542460593656
49,11.2064,168.096,1.94375,-1.1657069918137766
49,11.2064,168.096,1.9468750000000001,-1.1615722746090094
49,11.2064,168.096,1.9500000000000002,-1.1762383674415864
49,11.2064,168.096,1.9531250000000002,-1.212079602564362
49,11.2064,168.096,1.95625,-1.2628021961577538
49,11.2064,168.096,1.959375,-1.3268499133771539
49,11.2064,168.096,1.9625000000000001,-1.408046740987544
49,11.2064,168.096,1.9656250000000002,-1.4915375031441034
49,11.2064,168.096,1.9687500000000002,-1.5840649149822137
49,11.2064,168.096,1.971875,-1.6692593337178132
49,11.2064,168.096,1.975,-1.7528444771745781
49,11.2064,168.096,1.9781250000000001,-1.8197335733167055
49,11.2064,168.096,1.9812500000000002,-1.875934075245746
49,11.2064,168.096,1.9843750000000002,-1.9181806040488785
49,11.2064,168.096,1.9875,-1.9426079707982247
49,11.2064,168.096,1.990625,-1.9491418069695163
49,11.2064,168.096,1.9937500000000001,-1.9346081390452672
49,11.2064,168.096,1.9968750000000002,-1.9050531450813146
49,11.2064,168.096,2.0,-1.8582910135483997
49,11.2064,168.096,2.0031250000000003,-1.8006847880231993
49,11.2064,168.096,2.00625,-1.7326376832521695
49,11.2064,168.096,2.009375,-1.6610125283848034
49,11.2064,168.096,2.0125,-1.5851596998491568
49,11.2064,168.096,2.015625,-1.5058511436935538
49,11.2064,168.096,2.0187500000000003,-1.4325513662829974
49,11.2064,168.096,2.021875,-1.3634391985316263
49,11.2064,168.096,2.025,-1.3040178769353616
49,11.2064,168.096,2.028125,-1.2563368192154272
49,11.2064,168.096,2.03125,-1.22548485061552
49,11.2064,168.096,2.0343750000000003,-1.212344328190937
49,11.2064,168.096,2.0375,-1.215381832562089
49,11.2064,168.096,2.040625,-1.2379032587423346
49,11.2064,168.096,2.04375,-1.2792152830701617
49,11.2064,168.096,2.046875,-1.3377283374799422
49,11.2064,168.096,2.0500000000000003,-1.4096761348272915
49,11.2064,168.096,2.053125,-1.494093923096602
49,11.2064,168.096,2.05625,-1.5840137421595302
49,11.2064,168.096,2.059375,-1.6823357846961784
49,11.2064,168.096,2.0625,-1.7768486980413751
49,11.2064,168.096,2.0656250000000003,-1.8636708260317976
49,11.2064,168.096,2.06875,-1.9395092875593023
49,11.2064,168.096,2.071875,-2.0030062070070933
49,11.2064,168.096,2.075,-2.048278709569478
49,11.2064,168.096,2.078125,-2.0758295347372973
49,11.2064,168.096,2.0812500000000003,-2.088949608485289
49,11.2064,168.096,2.084375,-2.0817715392336327
49,11.2064,168.096,2.0875,-2.0559897638808007
49,11.2064,168.096,2.090625,-2.0162240831349756
49,11.2064,168.096,2.09375,-1.9589170855628477
49,11.2064,168.096,2.0968750000000003,-1.8888109424231145
49,11.2064,168.096,2.1,-1.8129002468377742
49,11.2064,168.096,2.103125,-1.7299522230710949
49,11.2064,168.096,2.10625,-1.6438663807752876
49,11.2064,168.096,2.109375,-1.559980742654353
49,11.2064,168.096,2.1125000000000003,-1.474040148369631
49,11.2064,168.096,2.115625,-1.3921387862707175
49,11.2064,168.096,2.11875,-1.3180233594231812
49,11.2064,168.096,2.121875,-1.2554124763881833
49,11.2064,168.096,2.125,-1.206092001663496
49,11.2064,168.096,2.1281250000000003,-1.1732354063690726
49,11.2064,168.096,2.13125,-1.1588343746226188
49,11.2064,168.096,2.134375,-1.1679176321750726
49,11.2064,168.096,2.1375,-1.1985127172706753
49,11.2064,168.096,2.140625,-1.2479453175325772
49,11.2064,168.096,2.1437500000000003,-1.3134586016146006
49,11.2064,168.096,2.146875,-1.388889146952004
49,11.2064,168.096,2.1500000000000004,-1.4808866784393064
49,11.2064,168.096,2.153125,-1.5776516275947845
49,11.2064,168.096,2.15625,-1.6743685590913382
49,11.2064,168.096,2.1593750000000003,-1.7669069360072336
49,11.2064,168.096,2.1625,-1.845528512892329
49,11.2064,168.096,2.1656250000000004,-1.909890509785184
49,11.2064,168.096,2.16875,-1.95209528213792
49,11.2064,168.096,2.171875,-1.9750669834438372
49,11.2064,168.096,2.1750000000000003,-1.9779571186613492
49,11.2064,168.096,2.178125,-1.9602514913388478
49,11.2064,168.096,2.1812500000000004,-1.9241580129264877
49,11.2064,168.096,2.184375,-1.8703944954608036
49,11.2064,168.096,2.1875,-1.8043733377595916
49,11.2064,168.096,2.1906250000000003,-1.7298645544788818
49,11.2064,168.096,2.19375,-1.6469891252352566
49,11.2064,168.096,2.1968750000000004,-1.5582756857771598
49,11.2064,168.096,2.2,-1.4744341766365276
49,11.2064,168.096,2.203125,-1.3947623777488767
49,11.2064,168.096,2.2062500000000003,-1.3216899022063227
49,11.2064,168.096,2.209375,-1.260893471259338
49,11.2064,168.096,2.2125000000000004,-1.2079291413669466
49,11.2064,168.096,2.215625,-1.1688599066718923
49,11.2064,168.096,2.21875,-1.1480965387172897
49,11.2064,168.096,2.2218750000000003,-1.1459207167349077
49,11.2064,168.096,2.225,-1.163007399928345
49,11.2064,168.096,2.2281250000000004,-1.1990535985366408
49,11.2064,168.096,2.23125,-1.2517913810616388
49,11.2064,168.096,2.234375,-1.3232309144867864
49,11.2064,168.096,2.2375000000000003,-1.4049180586710368
49,11.2064,168.096,2.240625,-1.4973271778232986
49,11.2064,168.096,2.2437500000000004,-1.597712674748177
49,11.2064,168.096,2.246875,-1.6950239428613614
49,11.2064,168.096,2.25,-1.7915115228398304
49,11.2064,168.096,2.2531250000000003,-1.8792333895624902
49,11.2064,168.096,2.25625,-1.9548838006621871
49,11.2064,168.096,2.2593750000000004,-2.013159690497894
49,11.2064,168.096,2.2625,-2.0567318686416867
49,11.2064,168.096,2.265625,-2.0805332638168883
49,11.2064,168.096,2.2687500000000003,-2.0838882842094413
49,11.2064,168.096,2.271875,-2.066499198160504
49,11.2064,168.096,2.2750000000000004,-2.0348891973683902
49,11.2064,168.096,2.278125,-1.9875266115274166
49,11.2064,168.096,2.28125,-1.924261382033736
49,11.2064,168.096,2.2843750000000003,-1.8535322411431188
49,11.2064,168.096,2.2875,-1.7667721893120192
49,11.2064,168.096,2.2906250000000004,-1.6776909238746236
49,11.2064,168.096,2.29375,-1.5776535365112383
49,11.2064,168.096,2.296875,-1.4832770548979055
49,11.2064,168.096,2.3000000000000003,-1.3942535544366228
49,11.2064,168.096,2.303125,-1.3145983404867954
49,11.2064,168.096,2.3062500000000004,-1.2464302327314691
49,11.2064,168.096,2.309375,-1.1951686492018103
49,11.2064,168.096,2.3125,-1.157892940933336
49,11.2064,168.096,2.3156250000000003,-1.1398643657767937
49,11.2064,168.096,2.31875,-1.1394106610518766
49,11.2064,168.096,2.3218750000000004,-1.1614486536825208
49,11.2064,168.096,2.325,-1.1988935902425735
49,11.2064,168.096,2.328125,-1.2590831676449077
49,11.2064,168.096,2.3312500000000003,-1.3334977402271397
49,11.2064,168.096,2.334375,-1.4205579330960763
49,11.2064,168.096,2.3375000000000004,-1.5192041378813808
49,11.2064,168.096,2.340625,-1.6184705261483534
49,11.2064,168.096,2.34375,-1.7234049083924594
49,11.2064,168.096,2.3468750000000003,-1.8278876002390767
49,11.2064,168.096,2.35,-1.9372475211953863
49,11.2064,168.096,2.3531250000000004,-2.037516238071028
49,11.2064,168.096,2.35625,-2.086150107241186
49,11.2064,168.096,2.359375,-2.085699244961577
49,11.2064,168.096,2.3625000000000003,-2.0675339266468016
49,11.2064,168.096,2.365625,-2.03829118676615
49,11.2064,168.096,2.3687500000000004,-1.9984659237451043
49,11.2064,168.096,2.371875,-1.9470493182738329
49,11.2064,168.096,2.375,-1.8864970630297995
49,11.2064,168.096,2.3781250000000003,-1.8197606383279203
49,11.2064,168.096,2.38125,-1.7470894342850931
49,11.2064,168.096,2.3843750000000004,-1.6582512757127474
49,11.2064,168.096,2.3875,-1.5451701472693613
49,11.2064,168.096,2.390625,-1.4329936194691308
49,11.2064,168.096,2.3937500000000003,-1.3378187039907388
49,11.2064,168.096,2.396875,-1.2535939175300448
49,11.2064,168.096,2.4000000000000004,-1.1902191952481775
49,11.2064,168.096,2.403125,-1.1426790676987821
49,11.2064,168.096,2.40625,-1.1143725432783667
49,11.2064,168.096,2.4093750000000003,-1.1163112698521496
49,11.2064,168.096,2.4125,-1.1377314429885719
49,11.2064,168.096,2.4156250000000004,-1.183295980984858
49,11.2064,168.096,2.41875,-1.2497935979392558
49,11.2064,168.096,2.421875,-1.3397244865574687
49,11.2064,168.096,2.4250000000000003,-1.4451143107020172
49,11.2064,168.096,2.428125,-1.562053270307101
49,11.2064,168.096,2.4312500000000004,-1.6876169317817336
49,11.2064,168.096,2.434375,-1.8142874588037337
49,11.2064,168.096,2.4375,-1.9371357957221567
49,11.2064,168.096,2.4406250000000003,-2.0610422913188406
49,11.2064,168.096,2.44375,-2.19077623962657
49,11.2064,168.096,2.4468750000000004,-2.38731928626336
49,11.2064,168.096,2.45,-2.832609381602506
49,11.2064,168.096,2.453125,-3.1927407669493526
49,11.2064,168.096,2.4562500000000003,-2.5864920513860508
49,11.2064,168.096,2.459375,-2.296851626623843
49,11.2064,168.096,2.4625000000000004,-2.163316579590072
49,11.2064,168.096,2.465625,-2.0631603899153887
49,11.2064,168.096,2.46875,-1.9713700049282226
49,11.2064,168.096,2.4718750000000003,-1.8745938687199846
49,11.2064,168.096,2.475,-1.7791812240866967
49,11.2064,168.096,2.4781250000000004,-1.6820513473471599
49,11.2064,168.096,2.48125,-1.5930683560522827
49,11.2064,168.096,2.484375,-1.5085785524950268
49,11.2064,168.096,2.4875000000000003,-1.4295219767241303
49,11.2064,168.096,2.490625,-1.3617663256725667
49,11.2064,168.096,2.4937500000000004,-1.30991907320996
49,11.2064,168.096,2.496875,-1.269465802357265
49,11.2064,168.096,2.5,-1.2508160805899826
49,11.2064,168.096,2.5031250000000003,-1.2572835724034093
49,11.2064,168.096,2.50625,-1.2781934013308107
49,11.2064,168.096,2.5093750000000004,-1.3198973723704985
49,11.2064,168.096,2.5125,-1.3790052114244902
49,11.2064,168.096,2.515625,-1.4543501461247885
49,11.2064,168.096,2.5187500000000003,-1.5435353302752879
49,11.2064,168.096,2.521875,-1.6430070592343156
49,11.2064,168.096,2.5250000000000004,-1.7456972116551197
49,11.2064,168.096,2.528125,-1.8505532553246848
49,11.2064,168.096,2.53125,-1.9535410778836535
49,11.2064,168.096,2.5343750000000003,-2.0412933197192853
49,11.2064,168.096,2.5375,-2.1151156176296677
49,11.2064,168.096,2.5406250000000004,-2.1665087756900108
49,11.2064,168.096,2.54375,-2.201296650323779
49,11.2064,168.096,2.546875,-2.2125321002515363
49,11.2064,168.096,2.5500000000000003,-2.199193114369083
49,11.2064,168.096,2.553125,-2.167352341670213
49,11.2064,168.096,2.5562500000000004,-2.1124447004252223
49,11.2064,168.096,2.559375,-2.0396318406397276
49,11.2064,168.096,2.5625,-1.9534912072713817
49,11.2064,168.096,2.5656250000000003,-1.8548747701108557
49,11.2064,168.096,2.56875,-1.7531918607044115
49,11.2064,168.096,2.5718750000000004,-1.6515412413190136
49,11.2064,168.096,2.575,-1.5543106340334343
49,11.2064,168.096,2.578125,-1.4673195638392773
49,11.2064,168.096,2.5812500000000003,-1.3932508595651694
49,11.2064,168.096,2.584375,-1.3344307910121782
49,11.2064,168.096,2.5875000000000004,-1.2948119697340088
49,11.2064,168.096,2.590625,-1.276796347488169
49,11.2064,168.096,2.59375,-1.2856327652339514
49,11.2064,168.096,2.5968750000000003,-1.314971490972484
49,11.2064,168.096,2.6,-1.3725842288756238
49,11.2064,168.096,2.6031250000000004,-1.4492251189057794
49,11.2064,168.096,2.60625,-1.54359820883332
49,11.2064,168.096,2.609375,-1.6492588342871517
49,11.2064,168.096,2.6125000000000003,-1.7650637155270332
49,11.2064,168.096,2.615625,-1.8804099209464589
49,11.2064,168.096,2.6187500000000004,-1.9901557314631018
49,11.2064,168.096,2.621875,-2.0949136594479962
49,11.2064,168.096,2.625,-2.1822487199652367
49,11.2064,168.096,2.6281250000000003,-2.2569442715180883
49,11.2064,168.096,2.63125,-2.3075494754624497
49,11.2064,168.096,2.6343750000000004,-2.3373388092062326
49,11.2064,168.096,2.6375,-2.342263013560832
49,11.2064,168.096,2.640625,-2.3294380065466984
49,11.2064,168.096,2.6437500000000003,-2.2973014920349306
49,11.2064,168.096,2.646875,-2.2467658152865773
49,11.2064,168.096,2.6500000000000004,-2.1847066279903142
49,11.2064,168.096,2.653125,-2.107818183703584
49,11.2064,168.096,2.65625,-2.025331339636373
49,11.2064,168.096,2.6593750000000003,-1.9387548260889673
49,11.2064,168.096,2.6625,-1.8485941530520553
49,11.2064,168.096,2.6656250000000004,-1.7575942640451694
49,11.2064,168.096,2.66875,-1.6755694362257643
49,11.2064,168.096,2.671875,-1.6010493050395058
49,11.2064,168.096,2.6750000000000003,-1.5392742662764354
49,11.2064,168.096,2.678125,-1.4927987676296754
49,11.2064,168.096,2.6812500000000004,-1.465679180234276
49,11.2064,168.096,2.684375,-1.454964095186685
49,11.2064,168.096,2.6875,-1.4653948297353667
49,11.2064,168.096,2.6906250000000003,-1.497831467248686
49,11.2064,168.096,2.69375,-1.5532450817865284
49,11.2064,168.096,2.6968750000000004,-1.6296180931773199
49,11.2064,168.096,2.7,-1.7245750246406581
49,11.2064,168.096,2.703125,-1.8270206259958433
49,11.2064,168.096,2.7062500000000003,-1.9436826389828143
49,11.2064,168.096,2.709375,-2.060418375547463
49,11.2064,168.096,2.7125000000000004,-2.1728042085748593
49,11.2064,168.096,2.715625,-2.276038948212057
49,11.2064,168.096,2.71875,-2.3649686470341296
49,11.2064,168.096,2.7218750000000003,-2.439353598462209
49,11.2064,168.096,2.725,-2.48796610608141
49,11.2064,168.096,2.7281250000000004,-2.516809964985933
49,11.2064,168.096,2.73125,-2.523158756023957
49,11.2064,168.096,2.734375,-2.5074525105852348
49,11.2064,168.096,2.7375000000000003,-2.4801685417501957
49,11.2064,168.096,2.740625,-2.4428652443196666
49,11.2064,168.096,2.7437500000000004,-2.4225644492966008
49,11.2064,168.096,2.746875,-2.366959907660751
49,11.2064,168.096,2.75,-2.3556731871465577
49,11.2064,168.096,2.7531250000000003,-2.3220200644593127
49,11.2064,168.096,2.75625,-2.180075578093679
49,11.2064,168.096,2.7593750000000004,-2.013041442544689
49,11.2064,168.096,2.7625,-1.8884571391099916
49,11.2064,168.096,2.765625,-1.7913664025274856
49,11.2064,168.096,2.7687500000000003,-1.7182571932789759
49,11.2064,168.096,2.771875,-1.666026879261033
49,11.2064,168.096,2.7750000000000004,-1.6388817581455428
49,11.2064,168.096,2.778125,-1.6322381145500038
49,11.2064,168.096,2.78125,-1.6563844532967273
49,11.2064,168.096,2.7843750000000003,-1.6995907089812399
49,11.2064,168.096,2.7875,-1.7699995561156776
49,11.2064,168.096,2.7906250000000004,-1.8431463328568152
49,11.2064,168.096,2.79375,-1.9487592503383064
49,11.2064,168.096,2.796875,-2.063831465567054
49,11.2064,168.096,2.8000000000000003,-2.1866965506247764
49,11.2064,168.096,2.803125,-2.307481394245274
49,11.2064,168.096,2.8062500000000004,-2.4162197500279277
49,11.2064,168.096,2.809375,-2.5207283409594545
49,11.2064,168.096,2.8125,-2.6012943315526544
49,11.2064,168.096,2.8156250000000003,-2.6622192593622005
49,11.2064,168.096,2.81875,-2.701882868207707
49,11.2064,168.096,2.8218750000000004,-2.7144645417265316
49,11.2064,168.096,2.825,-2.708574805304936
49,11.2064,168.096,2.828125,-2.6750945330000366
49,11.2064,168.096,2.8312500000000003,-2.624167593372984
49,11.2064,168.096,2.834375,-2.5596617671423965
49,11.2064,168.096,2.8375000000000004,-2.4744909187002455
49,11.2064,168.096,2.840625,-2.3867915597293465
49,11.2064,168.096,2.84375,-2.2909547620713027
49,11.2064,168.096,2.8468750000000003,-2.1979412579306974
49,11.2064,168.096,2.85,-2.1108388105852964
49,11.2064,168.096,2.8531250000000004,-2.0266203502027267
49,11.2064,168.096,2.85625,-1.952686068373949
49,11.2064,168.096,2.859375,-1.8957857155326332
49,11.2064,168.096,2.8625000000000003,-1.852892072771679
49,11.2064,168.096,2.865625,-1.824892638701972
49,11.2064,168.096,2.8687500000000004,-1.819054005107357
49,11.2064,168.096,2.871875,-1.8379528086038892
49,11.2064,168.096,2.875,-1.8810147843232725
49,11.2064,168.096,2.8781250000000003,-1.9428541762670988
49,11.2064,168.096,2.88125,-2.0209833988195545
49,11.2064,168.096,2.8843750000000004,-2.115980266140604
49,11.2064,168.096,2.8875,-2.21888987883537
49,11.2064,168.096,2.890625,-2.3310547349363726
49,11.2064,168.096,2.8937500000000003,-2.449026391722022
49,11.2064,168.096,2.896875,-2.5576527883073603
49,11.2064,168.096,2.9000000000000004,-2.664329550618138
49,11.2064,168.096,2.903125,-2.752338730112829
49,11.2064,168.096,2.90625,-2.8273820413873474
49,11.2064,168.096,2.9093750000000003,-2.8831342517268315
49,11.2064,168.096,2.9125,-2.916000153228795
49,11.2064,168.096,2.9156250000000004,-2.931954647632443
49,11.2064,168.096,2.91875,-2.931292827543774
49,11.2064,168.096,2.921875,-2.9130063689062817
49,11.2064,168.096,2.9250000000000003,-2.870519966180361
49,11.2064,168.096,2.928125,-2.8037098079111553
49,11.2064,168.096,2.9312500000000004,-2.7238779437315275
49,11.2064,168.096,2.934375,-2.633105081643727
49,11.2064,168.096,2.9375,-2.5375392289548735
49,11.2064,168.096,2.9406250000000003,-2.4410708095171483
49,11.2064,168.096,2.94375,-2.3480949178411494
49,11.2064,168.096,2.9468750000000004,-2.2645868079271265
49,11.2064,168.096,2.95,-2.19105904152192
49,11.2064,168.096,2.953125,-2.130406759332485
49,11.2064,168.096,2.9562500000000003,-2.0884784394092137
49,11.2064,168.096,2.959375,-2.0595745706117286
49,11.2064,168.096,2.9625000000000004,-2.0662850532158585
49,11.2064,168.096,2.965625,-2.1024762817986447
49,11.2064,168.096,2.96875,-2.1592230317434833
49,11.2064,168.096,2.9718750000000003,-2.2440838412486537
49,11.2064,168.096,2.975,-2.3457697331631895
49,11.2064,168.096,2.9781250000000004,-2.462689599120716
49,11.2064,168.096,2.98125,-2.589453141797265
49,11.2064,168.096,2.984375,-2.7151852392013724
49,11.2064,168.096,2.9875000000000003,-2.844978752594311
49,11.2064,168.096,2.990625,-2.9562196940637193
49,11.2064,168.096,2.9937500000000004,-3.061644095300154
49,11.2064,168.096,2.996875,-3.1487704907022507
49,11.2064,168.096,3.0,-3.205694072087724
49,11.2064,168.096,3.0031250000000003,-3.2470355598499303
49,11.2064,168.096,3.00625,-3.267157745281656
49,11.2064,168.096,3.0093750000000004,-3.2577245292427714
49,11.2064,168.096,3.0125,-3.2255616258572184
49,11.2064,168.096,3.015625,-3.169437630762718
49,11.2064,168.096,3.0187500000000003,-3.0893071283239983
49,11.2064,168.096,3.021875,-2.9969387398507936
49,11.2064,168.096,3.0250000000000004,-2.889088699880263
49,11.2064,168.096,3.028125,-2.7685474862035893
49,11.2064,168.096,3.03125,-2.642993623004135
49,11.2064,168.096,3.0343750000000003,-2.5193059224825136
49,11.2064,168.096,3.0375,-2.408568150374646
49,11.2064,168.096,3.0406250000000004,-2.30898466811351
49,11.2064,168.096,3.04375,-2.2274241151282563
49,11.2064,168.096,3.046875,-2.1672831872214178
49,11.2064,168.096,3.0500000000000003,-2.1303312300108597
49,11.2064,168.096,3.053125,-2.1237127841944963
49,11.2064,168.096,3.0562500000000004,-2.1364878203132394
49,11.2064,168.096,3.059375,-2.1784383576472797
49,11.2064,168.096,3.0625,-2.2460979270038126
49,11.2064,168.096,3.0656250000000003,-2.332029772283648
49,11.2064,168.096,3.06875,-2.4350306682771237
49,11.2064,168.096,3.0718750000000004,-2.5497237779287403
49,11.2064,168.096,3.075,-2.6706022026891256
49,11.2064,168.096,3.078125,-2.7883027592626446
49,11.2064,168.096,3.0812500000000003,-2.9010528986015216
49,11.2064,168.096,3.084375,-3.001509483897289
49,11.2064,168.096,3.0875000000000004,-3.08444073429162
49,11.2064,168.096,3.090625,-3.1444701058037303
49,11.2064,168.096,3.09375,-3.1887057026676957
49,11.2064,168.096,3.0968750000000003,-3.2080998223172914
49,11.2064,168.096,3.1,-3.2062421313828593
49,11.2064,168.096,3.1031250000000004,-3.1802435059771588
49,11.2064,168.096,3.10625,-3.140525724842366
49,11.2064,168.096,3.109375,-3.0859624606124747
49,11.2064,168.096,3.1125000000000003,-3.0215129711480775
49,11.2064,168.096,3.115625,-2.9489528392432134
49,11.2064,168.096,3.1187500000000004,-2.8811068884826674
49,11.2064,168.096,3.121875,-2.816402355584875
49,11.2064,168.096,3.125,-2.7623094397249845
49,11.2064,168.096,3.1281250000000003,-2.721486504058388
49,11.2064,168.096,3.13125,-2.7037135153038756
49,11.2064,168.096,3.1343750000000004,-2.7059015958205554
49,11.2064,168.096,3.1375,-2.7432084847166
49,11.2064,168.096,3.140625,-2.805002481821239
49,11.2064,168.096,3.1437500000000003,-2.9020418603035925
49,11.2064,168.096,3.146875,-3.023307313058545
49,11.2064,168.096,3.1500000000000004,-3.1561083641406333
49,11.2064,168.096,3.153125,-3.2818389476723264
49,11.2064,168.096,3.15625,-3.3810081295895023
49,11.2064,168.096,3.1593750000000003,-3.458156958351029
49,11.2064,168.096,3.1625,-3.515435967825632
49,11.2064,168.096,3.1656250000000004,-3.5668146860127274
49,11.2064,168.096,3.16875,-3.611752786112135
49,11.2064,168.096,3.171875,-3.643620705850537
49,11.2064,168.096,3.1750000000000003,-3.6728401969244278
49,11.2064,168.096,3.178125,-3.6788829413257313
49,11.2064,168.096,3.1812500000000004,-3.6723792649833227
49,11.2064,168.096,3.184375,-3.6462715671615973
49,11.2064,168.096,3.1875,-3.6108294123016655
49,11.2064,168.096,3.1906250000000003,-3.560091460968507
49,11.2064,168.096,3.19375,-3.4916219505502584
49,11.2064,168.096,3.1968750000000004,-3.4062675635257778
49,11.2064,168.096,3.2,-3.3058646228398176
49,11.2064,168.096,3.203125,-3.195121596536455
49,11.2064,168.096,3.2062500000000003,-3.0702586809500083
49,11.2064,168.096,3.209375,-2.9428136533129843
49,11.2064,168.096,3.2125000000000004,-2.814940084977027
49,11.2064,168.096,3.215625,-2.6916981754505405
49,11.2064,168.096,3.21875,-2.577180370621577
49,11.2064,168.096,3.2218750000000003,-2.4732741295787943
49,11.2064,168.096,3.225,-2.3826598456196173
49,11.2064,168.096,3.2281250000000004,-2.310753968050901
49,11.2064,168.096,3.23125,-2.2569272981685873
49,11.2064,168.096,3.234375,-2.2323521346492243
49,11.2064,168.096,3.2375000000000003,-2.228244758576906
49,11.2064,168.096,3.240625,-2.254336636017356
49,11.2064,168.096,3.2437500000000004,-2.302650091829893
49,11.2064,168.096,3.246875,-2.357169109603431
49,11.2064,168.096,3.25,-2.433372603066831
49,11.2064,168.096,3.2531250000000003,-2.5208264476202604
49,11.2064,168.096,3.25625,-2.6194469482748235
49,11.2064,168.096,3.2593750000000004,-2.7218059330118
49,11.2064,168.096,3.2625,-2.8251188442117456
49,11.2064,168.096,3.265625,-2.9178625882224
49,11.2064,168.096,3.2687500000000003,-2.9980351902958677
49,11.2064,168.096,3.271875,-3.064581204985179
49,11.2064,168.096,3.2750000000000004,-3.1067887948162602
49,11.2064,168.096,3.278125,-3.127389162971916
49,11.2064,168.096,3.28125,-3.1268800969505426
49,11.2064,168.096,3.2843750000000003,-3.100724654113604
49,11.2064,168.096,3.2875,-3.0596525617460535
49,11.2064,168.096,3.2906250000000004,-3.0001507913655736
49,11.2064,168.096,3.29375,-2.9261818563400297
49,11.2064,168.096,3.296875,-2.839360691570722
49,11.2064,168.096,3.3000000000000003,-2.7461122075174993
49,11.2064,168.096,3.303125,-2.651247133442523
49,11.2064,168.096,3.3062500000000004,-2.5471282409062814
49,11.2064,168.096,3.309375,-2.44935566062703
49,11.2064,168.096,3.3125,-2.3573478905069063
49,11.2064,168.096,3.3156250000000003,-2.274035064078353
49,11.2064,168.096,3.31875,-2.2026260052903632
49,11.2064,168.096,3.3218750000000004,-2.148631055064278
49,11.2064,168.096,3.325,-2.11357316606077
49,11.2064,168.096,3.328125,-2.0974899495214103
49,11.2064,168.096,3.3312500000000003,-2.1076384047102388
49,11.2064,168.096,3.334375,-2.143794151591085
49,11.2064,168.096,3.3375000000000004,-2.2026058968905806
49,11.2064,168.096,3.340625,-2.2847371265187695
49,11.2064,168.096,3.34375,-2.3894743593638643
49,11.2064,168.096,3.3468750000000003,-2.5059761353033156
49,11.2064,168.096,3.35,-2.6344071219457934
49,11.2064,168.096,3.3531250000000004,-2.762381951423089
49,11.2064,168.096,3.35625,-2.884422005948174
49,11.2064,168.096,3.359375,-2.99582853024076
49,11.2064,168.096,3.3625000000000003,-3.0905218447115947
49,11.2064,168.096,3.365625,-3.161932090530316
49,11.2064,168.096,3.3687500000000004,-3.208457177477777
49,11.2064,168.096,3.371875,-3.2255374408814492
49,11.2064,168.096,3.375,-3.2192102672062988
49,11.2064,168.096,3.3781250000000003,-3.186104264384128
49,11.2064,168.096,3.38125,-3.129537642416404
49,11.2064,168.096,3.3843750000000004,-3.057634457512175
49,11.2064,168.096,3.3875,-2.9674245287568217
49,11.2064,168.096,3.390625,-2.8729282623865444
49,11.2064,168.096,3.3937500000000003,-2.770427474682525
49,11.2064,168.096,3.396875,-2.668922853085986
49,11.2064,168.096,3.4000000000000004,-2.5767507153429783
49,11.2064,168.096,3.403125,-2.48565060020245
49,11.2064,168.096,3.40625,-2.414602372661102
49,11.2064,168.096,3.4093750000000003,-2.3577298433677796
49,11.2064,168.096,3.4125,-2.3236041148380786
49,11.2064,168.096,3.4156250000000004,-2.3131465156679667
49,11.2064,168.096,3.41875,-2.325162993599566
49,11.2064,168.096,3.421875,-2.3670634781090696
49,11.2064,168.096,3.4250000000000003,-2.433534154840574
49,11.2064,168.096,3.428125,-2.5256021721308435
49,11.2064,168.096,3.4312500000000004,-2.6353863377460467
49,11.2064,168.096,3.434375,-2.76443310807902
49,11.2064,168.096,3.4375,-2.8985547978254784
49,11.2064,168.096,3.4406250000000003,-3.036726181790997
49,11.2064,168.096,3.44375,-3.17212044342752
49,11.2064,168.096,3.4468750000000004,-3.2995952276803515
49,11.2064,168.096,3.45,-3.4079049308250724
49,11.2064,168.096,3.453125,-3.4970634246251993
49,11.2064,168.096,3.4562500000000003,-3.56159527026438
49,11.2064,168.096,3.459375,-3.5978697537734847
49,11.2064,168.096,3.4625000000000004,-3.6160056249631563
49,11.2064,168.096,3.465625,-3.597030238735646
49,11.2064,168.096,3.46875,-3.56366284350943
49,11.2064,168.096,3.4718750000000003,-3.5091324157257997
49,11.2064,168.096,3.475,-3.4359439720091745
49,11.2064,168.096,3.4781250000000004,-3.3507564538798285
49,11.2064,168.096,3.48125,-3.258599601278785
49,11.2064,168.096,3.484375,-3.1649051523675364
49,11.2064,168.096,3.4875000000000003,-3.066393233402012
49,11.2064,168.096,3.490625,-2.9773899560262795
49,11.2064,168.096,3.4937500000000004,-2.8968015769866504
49,11.2064,168.096,3.496875,-2.8265728468607723
49,11.2064,168.096,3.5,-2.768601567863474
49,11.2064,168.096,3.5031250000000003,-2.7306279815328525
49,11.2064,168.096,3.50625,-2.7172664374913884
49,11.2064,168.096,3.5093750000000004,-2.728066493541083
49,11.2064,168.096,3.5125,-2.7638986345585925
49,11.2064,168.096,3.515625,-2.832359502801724
49,11.2064,168.096,3.5187500000000003,-2.9236509426657706
49,11.2064,168.096,3.521875,-3.0383100427074146
49,11.2064,168.096,3.5250000000000004,-3.1757327299594924
49,11.2064,168.096,3.528125,-3.3256363022759174
49,11.2064,168.096,3.53125,-3.4845160499871906
49,11.2064,168.096,3.5343750000000003,-3.651460209776353
49,11.2064,168.096,3.5375,-3.812197277627951
49,11.2064,168.096,3.5406250000000004,-3.9648098239533978
49,11.2064,168.096,3.54375,-4.110779238702065
49,11.2064,168.096,3.546875,-4.2140652688464035
49,11.2064,168.096,3.5500000000000003,-4.262531276468346
49,11.2064,168.096,3.553125,-4.2792963821232695
49,11.2064,168.096,3.5562500000000004,-4.264173499714072
49,11.2064,168.096,3.559375,-4.220828423155218
49,11.2064,168.096,3.5625,-4.155099700049295
49,11.2064,168.096,3.5656250000000003,-4.0702380281763375
49,11.2064,168.096,3.56875,-3.9600496986623956
49,11.2064,168.096,3.5718750000000004,-3.8398844061550417
49,11.2064,168.096,3.575,-3.7088433850924076
49,11.2064,168.096,3.5781250000000004,-3.571037709925519
49,11.2064,168.096,3.5812500000000003,-3.435187147626971
49,11.2064,168.096,3.584375,-3.300234323336184
49,11.2064,168.096,3.5875000000000004,-3.1746360440291124
49,11.2064,168.096,3.590625,-3.0602609294598326
49,11.2064,168.096,3.5937500000000004,-2.95962339160667
49,11.2064,168.096,3.5968750000000003,-2.879183808455415
49,11.2064,168.096,3.6,-2.818295384176439
49,11.2064,168.096,3.6031250000000004,-2.7880488159716323
49,11.2064,168.096,3.60625,-2.7843395076301434
49,11.2064,168.096,3.6093750000000004,-2.815659769425843
49,11.2064,168.096,3.6125000000000003,-2.8725659896805666
49,11.2064,168.096,3.615625,-2.940797068722412
49,11.2064,168.096,3.6187500000000004,-3.014554978540463
49,11.2064,168.096,3.621875,-3.0900018441901116
49,11.2064,168.096,3.6250000000000004,-3.1718281888067494
49,11.2064,168.096,3.6281250000000003,-3.2522875653257515
49,11.2064,168.096,3.63125,-3.339693789022245
49,11.2064,168.096,3.6343750000000004,-3.4159460142934868
49,11.2064,168.096,3.6375,-3.478865889847413
49,11.2064,168.096,3.6406250000000004,-3.533970354150808
49,11.2064,168.096,3.6437500000000003,-3.5633932014472984
49,11.2064,168.096,3.646875,-3.5882556376904513
49,11.2064,168.096,3.6500000000000004,-3.602513283370676
49,11.2064,168.096,3.653125,-3.560366758322453
49,11.2064,168.096,3.6562500000000004,-3.486301259489408
49,11.2064,168.096,3.6593750000000003,-3.4041346291013115
49,11.2064,168.096,3.6625,-3.320949457738746
49,11.2064,168.096,3.6656250000000004,-3.234100217287011
49,11.2064,168.096,3.66875,-3.1490193630070786
49,11.2064,168.096,3.6718750000000004,-3.069378287489476
49,11.2064,168.096,3.6750000000000003,-3.0028743397551887
49,11.2064,168.096,3.678125,-2.9601831218719843
49,11.2064,168.096,3.6812500000000004,-2.9569105923659618
49,11.2064,168.096,3.684375,-3.0617266357401935
49,11.2064,168.096,3.6875000000000004,-3.083252906642505
49,11.2064,168.096,3.6906250000000003,-2.945044227585876
49,11.2064,168.096,3.69375,-2.9073081325788284
49,11.2064,168.096,3.6968750000000004,-2.9294511867115776
49,11.2064,168.096,3.7,-2.9887961540460264
49,11.2064,168.096,3.7031250000000004,-3.0736785367379085
49,11.2064,168.096,3.7062500000000003,-3.182576183751836
49,11.2064,168.096,3.709375,-3.3093554110138426
49,11.2064,168.096,3.7125000000000004,-3.4514860518383217
49,11.2064,168.096,3.715625,-3.594871664509135
49,11.2064,168.096,3.7187500000000004,-3.739575211036418
49,11.2064,168.096,3.7218750000000003,-3.876307726033968
49,11.2064,168.096,3.725,-3.992652901342856
49,11.2064,168.096,3.7281250000000004,-4.0964887405655
49,11.2064,168.096,3.73125,-4.179859053155458
49,11.2064,168.096,3.7343750000000004,-4.236739917076527
49,11.2064,168.096,3.7375000000000003,-4.269326556917384
49,11.2064,168.096,3.740625,-4.287488270129651
49,11.2064,168.096,3.7437500000000004,-4.270211789275004
49,11.2064,168.096,3.746875,-4.240288747120109
49,11.2064,168.096,3.7500000000000004,-4.20113760799571
49,11.2064,168.096,3.7531250000000003,-4.150563409007505
49,11.2064,168.096,3.75625,-4.094017564360914
49,11.2064,168.096,3.7593750000000004,-4.035533902623359
49,11.2064,168.096,3.7625,-3.983214040463414
49,11.2064,168.096,3.7656250000000004,-3.9351184915776614
49,11.2064,168.096,3.7687500000000003,-3.9098998114888066
49,11.2064,168.096,3.771875,-3.9047289790315327
49,11.2064,168.096,3.7750000000000004,-3.9235064077217534
49,11.2064,168.096,3.778125,-3.9705803901915955
49,11.2064,168.096,3.7812500000000004,-4.052276446083636
49,11.2064,168.096,3.7843750000000003,-4.158737413962342
49,11.2064,168.096,3.7875,-4.297694760612403
49,11.2064,168.096,3.7906250000000004,-4.462561539662006
49,11.2064,168.096,3.79375,-4.642181061290399
49,11.2064,168.096,3.7968750000000004,-4.83843728056786
49,11.2064,168.096,3.8000000000000003,-5.0300492265856445
49,11.2064,168.096,3.803125,-5.222903570162895
49,11.2064,168.096,3.8062500000000004,-5.40362784687891
49,11.2064,168.096,3.809375,-5.563312626561361
49,11.2064,168.096,3.8125000000000004,-5.702546480201573
49,11.2064,168.096,3.8156250000000003,-5.817919513285348
49,11.2064,168.096,3.81875,-5.902694232007965
49,11.2064,168.096,3.8218750000000004,-5.96916405274861
49,11.2064,168.096,3.825,-6.017302045591429
49,11.2064,168.096,3.8281250000000004,-6.048264099540731
49,11.2064,168.096,3.8312500000000003,-6.07257796021865
49,11.2064,168.096,3.834375,-6.0948927052112625
49,11.2064,168.096,3.8375000000000004,-6.126175111245037
49,11.2064,168.096,3.840625,-6.175051876896781
49,11.2064,168.096,3.8437500000000004,-6.238074214010993
49,11.2064,168.096,3.8468750000000003,-6.309861677502319
49,11.2064,168.096,3.85,-6.4077836752601485
49,11.2064,168.096,3.8531250000000004,-6.531121986796146
49,11.2064,168.096,3.85625,-6.685998037741756
49,11.2064,168.096,3.8593750000000004,-6.867891377121007
49,11.2064,168.096,3.8625000000000003,-7.086829393731381
49,11.2064,168.096,3.865625,-7.329847267257174
49,11.2064,168.096,3.8687500000000004,-7.6086657774393975
49,11.2064,168.096,3.871875,-7.9080252351373606
49,11.2064,168.096,3.8750000000000004,-8.236962788258435
49,11.2064,168.096,3.8781250000000003,-8.587804848607716
49,11.2064,168.096,3.88125,-8.955183848038512
49,11.2064,168.096,3.8843750000000004,-9.333785102974934
49,11.2064,168.096,3.8875,-9.710789621238906
49,11.2064,168.096,3.8906250000000004,-10.096606925471242
49,11.2064,168.096,3.8937500000000003,-10.460055047054626
49,11.2064,168.096,3.896875,-10.82551815531608
49,11.2064,168.096,3.9000000000000004,-11.157755657821394
49,11.2064,168.096,3.903125,-11.46154954897578
49,11.2064,168.096,3.9062500000000004,-11.733680489969235
49,11.2064,168.096,3.9093750000000003,-11.963554823384676
49,11.2064,168.096,3.9125,-12.18034319559176
49,11.2064,168.096,3.9156250000000004,-12.388931625571374
49,11.2064,168.096,3.91875,-12.614566415865456
49,11.2064,168.096,3.9218750000000004,-12.849009415498072
49,11.2064,168.096,3.9250000000000003,-13.13084162786585
49,11.2064,168.096,3.928125,-13.449159258817687
49,11.2064,168.096,3.9312500000000004,-13.823365497629753
49,11.2064,168.096,3.934375,-14.235723315823858
49,11.2064,168.096,3.9375000000000004,-14.687152799769922
49,11.2064,168.096,3.9406250000000003,-15.159666287681423
49,11.2064,168.096,3.94375,-15.639687560788193
49,11.2064,168.096,3.9468750000000004,-16.101616650634483
49,11.2064,168.096,3.95,-16.54369947104795
49,11.2064,168.096,3.9531250000000004,-16.943379083355246
49,11.2064,168.096,3.9562500000000003,-17.29847240718936
49,11.2064,168.096,3.959375,-17.60776643455538
49,11.2064,168.096,3.9625000000000004,-17.858838379041913
49,11.2064,168.096,3.965625,-18.06766611104792
49,11.2064,168.096,3.9687500000000004,-18.253198321265344
49,11.2064,168.096,3.9718750000000003,-18.39806595444547
49,11.2064,168.096,3.975,-18.526061490105047
49,11.2064,168.096,3.9781250000000004,-18.639653559231704
49,11.2064,168.096,3.98125,-18.691156903157896
49,11.2064,168.096,3.9843750000000004,-18.71464826238568
49,11.2064,168.096,3.9875000000000003,-18.67304742322753
49,11.2064,168.096,3.990625,-18.558117053570108
49,11.2064,168.096,3.9937500000000004,-18.353563461890197
49,11.2064,168.096,3.996875,-18.060734275925455
49,11.2064,168.096,4.0,-17.69662604089732
49,11.2064,168.096,4.003125,-17.225875070877116
49,11.2064,168.096,4.0062500000000005,-16.695363019811
49,11.2064,168.096,4.009375,-16.084432089053355
49,11.2064,168.096,4.0125,-15.40316660817407
49,11.2064,168.096,4.015625,-14.695867806593117
49,11.2064,168.096,4.01875,-13.960840522456841
49,11.2064,168.096,4.0218750000000005,-13.20997134988383
49,11.2064,168.096,4.025,-12.475820566959046
49,11.2064,168.096,4.028125,-11.767819432723211
49,11.2064,168.096,4.03125,-11.090205043033043
49,11.2064,168.096,4.034375,-10.461996104619779
49,11.2064,168.096,4.0375000000000005,-9.880095022233315
49,11.2064,168.096,4.040625,-9.346777424329124
49,11.2064,168.096,4.04375,-8.874856695638236
49,11.2064,168.096,4.046875,-8.465236487764397
49,11.2064,168.096,4.05,-8.109534416705854
49,11.2064,168.096,4.0531250000000005,-7.819769236006238
49,11.2064,168.096,4.05625,-7.589220260944681
49,11.2064,168.096,4.059375,-7.4147891313199965
49,11.2064,168.096,4.0625,-7.297925447514962
49,11.2064,168.096,4.065625,-7.243039028420903
49,11.2064,168.096,4.0687500000000005,-7.234173394002733
49,11.2064,168.096,4.071875,-7.261997321578844
49,11.2064,168.096,4.075,-7.344623562454007
49,11.2064,168.096,4.078125,-7.454092286992838
49,11.2064,168.096,4.08125,-7.581615356170829
49,11.2064,168.096,4.0843750000000005,-7.711907375397295
49,11.2064,168.096,4.0875,-7.843979796942987
49,11.2064,168.096,4.090625,-7.9626640810552995
49,11.2064,168.096,4.09375,-8.06047371689546
49,11.2064,168.096,4.096875,-8.118622441551857
49,11.2064,168.096,4.1000000000000005,-8.02082992224431
49,11.2064,168.096,4.103125,-7.7181720955207265
49,11.2064,168.096,4.10625,-7.584121138811204
49,11.2064,168.096,4.109375,-7.483503279958947
49,11.2064,168.096,4.1125,-7.376501430119793
49,11.2064,168.096,4.1156250000000005,-7.265464350374322
49,11.2064,168.096,4.11875,-7.141982500852414
49,11.2064,168.096,4.121875,-6.987037910034564
49,11.2064,168.096,4.125,-6.8761089560387525
49,11.2064,168.096,4.128125,-6.7783252921406065
49,11.2064,168.096,4.1312500000000005,-6.702156996380662
49,11.2064,168.096,4.134375,-6.656331670176656
49,11.2064,168.096,4.1375,-6.633062545953196
49,11.2064,168.096,4.140625,-6.645404618605389
49,11.2064,168.096,4.14375,-6.6940049667093815
49,11.2064,168.096,4.1468750000000005,-6.780578639247174
49,11.2064,168.096,4.15,-6.904486721026444
49,11.2064,168.096,4.153125,-7.066017285189719
49,11.2064,168.096,4.15625,-7.2563814072427935
49,11.2064,168.096,4.159375,-7.461160223738292
49,11.2064,168.096,4.1625000000000005,-7.672514784099631
49,11.2064,168.096,4.165625,-7.873893240470029
49,11.2064,168.096,4.16875,-8.06233596880311
49,11.2064,168.096,4.171875,-8.217601413993595
49,11.2064,168.096,4.175,-8.337156135146383
49,11.2064,168.096,4.1781250000000005,-8.411574307065802
49,11.2064,168.096,4.18125,-8.441240962983715
49,11.2064,168.096,4.184375,-8.43129136214663
49,11.2064,168.096,4.1875,-8.377614975672364
49,11.2064,168.096,4.190625,-8.296864871835972
49,11.2064,168.096,4.1937500000000005,-8.193142218975725
49,11.2064,168.096,4.196875,-8.080457813268117
49,11.2064,168.096,4.2,-7.9580883934673246
49,11.2064,168.096,4.203125,-7.84079157068251
49,11.2064,168.096,4.20625,-7.7292322706548875
49,11.2064,168.096,4.2093750000000005,-7.630379208509716
49,11.2064,168.096,4.2125,-7.558078139226133
49,11.2064,168.096,4.215625,-7.509408195890086
49,11.2064,168.096,4.21875,-7.505109062164124
49,11.2064,168.096,4.221875,-7.538760575902624
49,11.2064,168.096,4.2250000000000005,-7.627581151770695
49,11.2064,168.096,4.228125,-7.765143066838789
49,11.2064,168.096,4.23125,-7.9609208564970055
49,11.2064,168.096,4.234375,-8.20991801142332
49,11.2064,168.096,4.2375,-8.512828317963425
49,11.2064,168.096,4.2406250000000005,-8.861556966060405
49,11.2064,168.096,4.24375,-9.249691108783724
49,11.2064,168.096,4.246875,-9.636461742978607
49,11.2064,168.096,4.25,-10.019484560737988
49,11.2064,168.096,4.253125,-10.362026498281045
49,11.2064,168.096,4.2562500000000005,-10.639973628426437
49,11.2064,168.096,4.259375,-10.838064266584055
49,11.2064,168.096,4.2625,-10.944026850600263
49,11.2064,168.096,4.265625,-10.940848452081713
49,11.2064,168.096,4.26875,-10.869173553710267
49,11.2064,168.096,4.2718750000000005,-10.723715827123165
49,11.2064,168.096,4.275,-10.521018305334305
49,11.2064,168.096,4.278125,-10.29722450748446
49,11.2064,168.096,4.28125,-10.032300261920344
49,11.2064,168.096,4.284375000000001,-9.761855539226527
49,11.2064,168.096,4.2875000000000005,-9.482032460727197
49,11.2064,168.096,4.290625,-9.193077634763842
49,11.2064,168.096,4.29375,-8.907768636719366
49,11.2064,168.096,4.296875,-8.637081442702263
49,11.2064,168.096,4.300000000000001,-8.36846212670059
49,11.2064,168.096,4.3031250000000005,-8.116671760543873
49,11.2064,168.096,4.30625,-7.8919361180408
49,11.2064,168.096,4.309375,-7.683731989256371
49,11.2064,168.096,4.3125,-7.502744545169552
49,11.2064,168.096,4.315625000000001,-7.3533282639036255
49,11.2064,168.096,4.3187500000000005,-7.240702550947314
49,11.2064,168.096,4.321875,-7.166788049970161
49,11.2064,168.096,4.325,-7.137179352191204
49,11.2064,168.096,4.328125,-7.140429111198543
49,11.2064,168.096,4.331250000000001,-7.168547396330713
49,11.2064,168.096,4.3343750000000005,-7.231402603904609
49,11.2064,168.096,4.3375,-7.316012220891039
49,11.2064,168.096,4.340625,-7.417820016013233
49,11.2064,168.096,4.34375,-7.538389692739948
49,11.2064,168.096,4.346875000000001,-7.658112661531068
49,11.2064,168.096,4.3500000000000005,-7.779709649350829
49,11.2064,168.096,4.353125,-7.880646807380929
49,11.2064,168.096,4.35625,-7.965224059519189
49,11.2064,168.096,4.359375,-8.018884757132726
49,11.2064,168.096,4.362500000000001,-8.018911617981912
49,11.2064,168.096,4.3656250000000005,-7.989369299369546
49,11.2064,168.096,4.36875,-7.920534150285111
49,11.2064,168.096,4.371875,-7.808614349629396
49,11.2064,168.096,4.375,-7.678209743933236
49,11.2064,168.096,4.378125000000001,-7.534863106129026
49,11.2064,168.096,4.3812500000000005,-7.371651983761819
49,11.2064,168.096,4.384375,-7.199462138231469
49,11.2064,168.096,4.3875,-7.029927949034123
49,11.2064,168.096,4.390625,-6.988032468950273
49,11.2064,168.096,4.393750000000001,-6.843280314413156
49,11.2064,168.096,4.3968750000000005,-6.711916303446247
49,11.2064,168.096,4.4,-6.599496592266785
49,11.2064,168.096,4.403125,-6.499479043404203
49,11.2064,168.096,4.40625,-6.423365303015066
49,11.2064,168.096,4.409375000000001,-6.358015242532734
49,11.2064,168.096,4.4125000000000005,-6.215454391896999
49,11.2064,168.096,4.415625,-6.09929298729842
49,11.2064,168.096,4.41875,-6.101560283833286
49,11.2064,168.096,4.421875,-6.13188478750311
49,11.2064,168.096,4.425000000000001,-6.201450484395447
49,11.2064,168.096,4.4281250000000005,-6.286393378464748
49,11.2064,168.096,4.43125,-6.40713812513953
49,11.2064,168.096,4.434375,-6.55426714544161
49,11.2064,168.096,4.4375,-6.7379515221278785
49,11.2064,168.096,4.440625000000001,-6.936442152785405
49,11.2064,168.096,4.4437500000000005,-7.090510642762895
49,11.2064,168.096,4.446875,-7.218708985061174
49,11.2064,168.096,4.45,-7.322895554961385
49,11.2064,168.096,4.453125,-7.392276950233212
49,11.2064,168.096,4.456250000000001,-7.414463715615999
49,11.2064,168.096,4.4593750000000005,-7.410071110870485
49,11.2064,168.096,4.4625,-7.375880664852157
49,11.2064,168.096,4.465625,-7.309556354646397
49,11.2064,168.096,4.46875,-7.22454228251039
49,11.2064,168.096,4.471875000000001,-7.113926128522468
49,11.2064,168.096,4.4750000000000005,-6.989317192507219
49,11.2064,168.096,4.478125,-6.851434276545657
49,11.2064,168.096,4.48125,-6.706044010734055
49,11.2064,168.096,4.484375,-6.552614738825865
49,11.2064,168.096,4.487500000000001,-6.403526818279136
49,11.2064,168.096,4.4906250000000005,-6.251519410816088
49,11.2064,168.096,4.49375,-6.105314174935165
49,11.2064,168.096,4.496875,-5.979896175925607
49,11.2064,168.096,4.5,-5.862962431844126
49,11.2064,168.096,4.503125000000001,-5.758391503167256
49,11.2064,168.096,4.5062500000000005,-5.671302152064321
49,11.2064,168.096,4.509375,-5.614925612960118
49,11.2064,168.096,4.5125,-5.58895953657691
49,11.2064,168.096,4.515625,-5.613001603141781
49,11.2064,168.096,4.518750000000001,-5.677971420504139
49,11.2064,168.096,4.5218750000000005,-5.75101318208011
49,11.2064,168.096,4.525,-5.81958062499629
49,11.2064,168.096,4.528125,-5.877109671645631
49,11.2064,168.096,4.53125,-5.928697375548852
49,11.2064,168.096,4.534375000000001,-5.98010345862172
49,11.2064,168.096,4.5375000000000005,-6.0253258451025715
49,11.2064,168.096,4.540625,-6.079245290384813
49,11.2064,168.096,4.54375,-6.1316910452775995
49,11.2064,168.096,4.546875,-6.142350738801978
49,11.2064,168.096,4.550000000000001,-6.140035111615183
49,11.2064,168.096,4.5531250000000005,-6.109393302212961
49,11.2064,168.096,4.55625,-6.046526598548041
49,11.2064,168.096,4.559375,-5.95571908322209
49,11.2064,168.096,4.5625,-5.8365608722067375
49,11.2064,168.096,4.565625000000001,-5.709899164583165
49,11.2064,168.096,4.5687500000000005,-5.568644783798277
49,11.2064,168.096,4.571875,-5.427151510365318
49,11.2064,168.096,4.575,-5.28604153807657
49,11.2064,168.096,4.578125,-5.146653703906261
49,11.2064,168.096,4.581250000000001,-5.022379375178129
49,11.2064,168.096,4.5843750000000005,-4.886862380490874
49,11.2064,168.096,4.5875,-4.753804189938835
49,11.2064,168.096,4.590625,-4.639540344308374
49,11.2064,168.096,4.59375,-4.542639152450966
49,11.2064,168.096,4.596875000000001,-4.45982296384459
49,11.2064,168.096,4.6000000000000005,-4.394328393648018
49,11.2064,168.096,4.603125,-4.349428245961758
49,11.2064,168.096,4.60625,-4.321561328241107
49,11.2064,168.096,4.609375,-4.321873501800356
49,11.2064,168.096,4.612500000000001,-4.334006331549406
49,11.2064,168.096,4.6156250000000005,-4.377255939475633
49,11.2064,168.096,4.61875,-4.433334841122957
49,11.2064,168.096,4.621875,-4.505353310705324
49,11.2064,168.096,4.625,-4.590645480196001
49,11.2064,168.096,4.628125000000001,-4.685946306483174
49,11.2064,168.096,4.6312500000000005,-4.777075424244078
49,11.2064,168.096,4.634375,-4.864537215980937
49,11.2064,168.096,4.6375,-4.947242044891016
49,11.2064,168.096,4.640625,-5.022663410883665
49,11.2064,168.096,4.643750000000001,-5.089201966900393
49,11.2064,168.096,4.6468750000000005,-5.137077886019359
49,11.2064,168.096,4.65,-5.160406757273837
49,11.2064,168.096,4.653125,-5.150145476312062
49,11.2064,168.096,4.65625,-5.122680330600589
49,11.2064,168.096,4.659375000000001,-5.069248724748325
49,11.2064,168.096,4.6625000000000005,-5.0038461109923595
49,11.2064,168.096,4.665625,-4.923798506828096
49,11.2064,168.096,4.66875,-4.827476512051907
49,11.2064,168.096,4.671875,-4.724787832748833
49,11.2064,168.096,4.675000000000001,-4.613283581766748
49,11.2064,168.096,4.6781250000000005,-4.4944675913976475
49,11.2064,168.096,4.68125,-4.3632688013377745
49,11.2064,168.096,4.684375,-4.226117407152025
49,11.2064,168.096,4.6875,-4.112253015846788
49,11.2064,168.096,4.690625000000001,-4.049504076656548
49,11.2064,168.096,4.6937500000000005,-3.991233502744893
49,11.2064,168.096,4.696875,-3.9393069150941633
49,11.2064,168.096,4.7,-3.901055041202137
49,11.2064,168.096,4.703125,-3.887799301688373
49,11.2064,168.096,4.706250000000001,-3.884032256924963
49,11.2064,168.096,4.7093750000000005,-3.904603188091851
49,11.2064,168.096,4.7125,-3.9417412768548536
49,11.2064,168.096,4.715625,-3.9849612953428903
49,11.2064,168.096,4.71875,-4.040278024936318
49,11.2064,168.096,4.721875000000001,-4.092035244828355
49,11.2064,168.096,4.7250000000000005,-4.142161284032306
49,11.2064,168.096,4.728125,-4.183151180207566
49,11.2064,168.096,4.73125,-4.208780952626751
49,11.2064,168.096,4.734375,-4.214756993273115
49,11.2064,168.096,4.737500000000001,-4.210912907722793
49,11.2064,168.096,4.7406250000000005,-4.186792966353461
49,11.2064,168.096,4.74375,-4.145891959579183
49,11.2064,168.096,4.746875,-4.085981716263118
49,11.2064,168.096,4.75,-4.016519206299657
49,11.2064,168.096,4.753125000000001,-3.9291796656486633
49,11.2064,168.096,4.7562500000000005,-3.8333328876828405
49,11.2064,168.096,4.759375,-3.7242022902977086
49,11.2064,168.096,4.7625,-3.6134900001080332
49,11.2064,168.096,4.765625,-3.500599341185746
49,11.2064,168.096,4.768750000000001,-3.3891605544174035
49,11.2064,168.096,4.7718750000000005,-3.276679678060172
49,11.2064,168.096,4.775,-3.1677978292379656
49,11.2064,168.096,4.778125,-3.0692272692750073
49,11.2064,168.096,4.78125,-2.978308191055701
49,11.2064,168.096,4.784375000000001,-2.9029471435012533
49,11.2064,168.096,4.7875000000000005,-2.8458143660631303
49,11.2064,168.096,4.790625,-2.810609330352084
49,11.2064,168.096,4.79375,-2.794157058623343
49,11.2064,168.096,4.796875,-2.802254803961598
49,11.2064,168.096,4.800000000000001,-2.8343329346141894
49,11.2064,168.096,4.8031250000000005,-2.892801261659012
49,11.2064,168.096,4.80625,-2.9669097318182946
49,11.2064,168.096,4.809375,-3.06266852648032
49,11.2064,168.096,4.8125,-3.164041163307138
49,11.2064,168.096,4.815625000000001,-3.2738205375659515
49,11.2064,168.096,4.8187500000000005,-3.392383610613636
49,11.2064,168.096,4.821875,-3.499384407626216
49,11.2064,168.096,4.825,-3.5985252050930114
49,11.2064,168.096,4.828125,-3.6851366564545995
49,11.2064,168.096,4.831250000000001,-3.7533647729063446
49,11.2064,168.096,4.8343750000000005,-3.802549950738179
49,11.2064,168.096,4.8375,-3.831114791052079
49,11.2064,168.096,4.840625,-3.8432987021858045
49,11.2064,168.096,4.84375,-3.8362244897030466
49,11.2064,168.096,4.846875000000001,-3.810530083068626
49,11.2064,168.096,4.8500000000000005,-3.7685696983461288
49,11.2064,168.096,4.853125,-3.719036285140686
49,11.2064,168.096,4.85625,-3.6539130336793475
49,11.2064,168.096,4.859375,-3.585009734066747
49,11.2064,168.096,4.862500000000001,-3.5209864398818773
49,11.2064,168.096,4.8656250000000005,-3.451547138381796
49,11.2064,168.096,4.86875,-3.390714870402582
49,11.2064,168.096,4.871875,-3.3389935619943714
49,11.2064,168.096,4.875,-3.3094507593856948
49,11.2064,168.096,4.878125000000001,-3.2876144798330897
49,11.2064,168.096,4.8812500000000005,-3.288008617380054
49,11.2064,168.096,4.884375,-3.304772048359921
49,11.2064,168.096,4.8875,-3.343897634223691
49,11.2064,168.096,4.890625,-3.4075433784731124
49,11.2064,168.096,4.893750000000001,-3.4925145153049764
49,11.2064,168.096,4.8968750000000005,-3.589109513005078
49,11.2064,168.096,4.9,-3.6957764001946547
49,11.2064,168.096,4.903125,-3.80422680020783
49,11.2064,168.096,4.90625,-3.9084925318385055
49,11.2064,168.096,4.909375000000001,-4.011115595925895
49,11.2064,168.096,4.9125000000000005,-4.105544059169347
49,11.2064,168.096,4.915625,-4.178111625610373
49,11.2064,168.096,4.91875,-4.2368006811083845
49,11.2064,168.096,4.921875,-4.276835223737372
49,11.2064,168.096,4.925000000000001,-4.293556184772371
49,11.2064,168.096,4.9281250000000005,-4.292516461697457
49,11.2064,168.096,4.93125,-4.270777576158836
49,11.2064,168.096,4.934375,-4.233212474533477
49,11.2064,168.096,4.9375,-4.186376599707743
49,11.2064,168.096,4.940625000000001,-4.122709337295587
49,11.2064,168.096,4.9437500000000005,-4.057743686181982
49,11.2064,168.096,4.946875,-3.9842751499762414
49,11.2064,168.096,4.95,-3.9086549860306796
49,11.2064,168.096,4.953125,-3.8319946916975898
49,11.2064,168.096,4.956250000000001,-3.757628395380626
49,11.2064,168.096,4.9593750000000005,-3.676727982995262
49,11.2064,168.096,4.9625,-3.6248910218167953
49,11.2064,168.096,4.965625,-3.6001897346540885
49,11.2064,168.096,4.96875,-3.6075158692233678
49,11.2064,168.096,4.971875000000001,-3.641917997166279
49,11.2064,168.096,4.9750000000000005,-3.690141075922935
49,11.2064,168.096,4.978125,-3.7445074960266043
49,11.2064,168.096,4.98125,-3.8102656981223806
49,11.2064,168.096,4.984375,-3.8925905611237868
49,11.2064,168.096,4.987500000000001,-3.997401970992333
49,11.2064,168.096,4.9906250000000005,-4.110532680592662
49,11.2064,168.096,4.99375,-4.245388112439766
49,11.2064,168.096,4.996875,-4.380449265747915
49,11.2064,168.096,5.0,-4.5211192711397175
49,11.2064,168.096,5.003125000000001,-4.644203881048517
49,11.2064,168.096,5.0062500000000005,-4.768823206771497
49,11.2064,168.096,5.009375,-4.877526136361819
49,11.2064,168.096,5.0125,-4.9730970444425955
49,11.2064,168.096,5.015625,-5.050612324731086
49,11.2064,168.096,5.018750000000001,-5.112999481774918
49,11.2064,168.096,5.0218750000000005,-5.156758051740866
49,11.2064,168.096,5.025,-5.1865482464264065
49,11.2064,168.096,5.028125,-5.200530144487368
49,11.2064,168.096,5.03125,-5.20089633210306
49,11.2064,168.096,5.034375000000001,-5.191586917749692
49,11.2064,168.096,5.0375000000000005,-5.178361951795277
49,11.2064,168.096,5.040625,-5.165559278631024
49,11.2064,168.096,5.04375,-5.153407553818167
49,11.2064,168.096,5.046875,-5.142612018078129
49,11.2064,168.096,5.050000000000001,-5.13623466702528
49,11.2064,168.096,5.0531250000000005,-5.136672164649126
49,11.2064,168.096,5.05625,-5.147652162202525
49,11.2064,168.096,5.059375,-5.16684294871776
49,11.2064,168.096,5.0625,-5.197340867471408
49,11.2064,168.096,5.065625000000001,-5.249647675304496
49,11.2064,168.096,5.0687500000000005,-5.3093119109869065
49,11.2064,168.096,5.071875,-5.387716191735827
49,11.2064,168.096,5.075,-5.477010100315136
49,11.2064,168.096,5.078125,-5.589304267449707
49,11.2064,168.096,5.081250000000001,-5.717417362918953
49,11.2064,168.096,5.0843750000000005,-5.871477734495409
49,11.2064,168.096,5.0875,-6.0181820524677025
49,11.2064,168.096,5.090625,-6.124347596188013
49,11.2064,168.096,5.09375,-6.194584384192929
49,11.2064,168.096,5.096875000000001,-6.261991983596418
49,11.2064,168.096,5.1000000000000005,-6.313869467133268
49,11.2064,168.096,5.103125,-6.356326530536681
49,11.2064,168.096,5.10625,-6.3786684739971635
49,11.2064,168.096,5.109375,-6.373974630158594
49,11.2064,168.096,5.112500000000001,-6.351948390180925
49,11.2064,168.096,5.1156250000000005,-6.307455103556712
49,11.2064,168.096,5.11875,-6.248457888302857
49,11.2064,168.096,5.121875,-6.175767647285802
49,11.2064,168.096,5.125,-6.094558755233384
49,11.2064,168.096,5.128125000000001,-6.008809794654022
49,11.2064,168.096,5.1312500000000005,-5.922003639195747
49,11.2064,168.096,5.134375,-5.838110277154856
49,11.2064,168.096,5.1375,-5.752774456656239
49,11.2064,168.096,5.140625,-5.669323832540792
49,11.2064,168.096,5.143750000000001,-5.60758055292861
49,11.2064,168.096,5.1468750000000005,-5.548920788042628
49,11.2064,168.096,5.15,-5.507817622437374
49,11.2064,168.096,5.153125,-5.478630390397802
49,11.2064,168.096,5.15625,-5.461103447654255
49,11.2064,168.096,5.159375000000001,-5.459111674951891
49,11.2064,168.096,5.1625000000000005,-5.477672169919173
49,11.2064,168.096,5.165625,-5.508063036911243
49,11.2064,168.096,5.16875,-5.554692766186953
49,11.2064,168.096,5.171875,-5.611551393017388
49,11.2064,168.096,5.175000000000001,-5.677428362213144
49,11.2064,168.096,5.1781250000000005,-5.747063774005657
49,11.2064,168.096,5.18125,-5.8236796499938235
49,11.2064,168.096,5.184375,-5.8941084659938
49,11.2064,168.096,5.1875,-5.966683456334413
49,11.2064,168.096,5.190625000000001,-6.034869725320683
49,11.2064,168.096,5.1937500000000005,-6.096295703415077
49,11.2064,168.096,5.196875,-6.155216457886498
49,11.2064,168.096,5.2,-6.2075787255291806
49,11.2064,168.096,5.203125,-6.255716286978881
49,11.2064,168.096,5.206250000000001,-6.303943609984715
49,11.2064,168.096,5.2093750000000005,-6.358811864766462
49,11.2064,168.096,5.2125,-6.424092054272292
49,11.2064,168.096,5.215625,-6.488982742521834
49,11.2064,168.096,5.21875,-6.502699714657667
49,11.2064,168.096,5.221875000000001,-6.454513096042687
49,11.2064,168.096,5.2250000000000005,-6.400267101693613
49,11.2064,168.096,5.228125,-6.361969189975114
49,11.2064,168.096,5.23125,-6.351053031475912
49,11.2064,168.096,5.234375,-6.373758922129525
49,11.2064,168.096,5.237500000000001,-6.418198822105894
49,11.2064,168.096,5.2406250000000005,-6.495788629525425
49,11.2064,168.096,5.24375,-6.611361746708479
49,11.2064,168.096,5.246875,-6.783162620054909
49,11.2064,168.096,5.25,-7.035465259799544
49,11.2064,168.096,5.253125000000001,-7.424533732104354
49,11.2064,168.096,5.2562500000000005,-8.002086729713364
49,11.2064,168.096,5.259375,-8.917333230099745
49,11.2064,168.096,5.2625,-10.314400183201702
49,11.2064,168.096,5.265625,-11.359565419337814
49,11.2064,168.096,5.268750000000001,-10.241837207548743
49,11.2064,168.096,5.2718750000000005,-8.666228151871856
49,11.2064,168.096,5.275,-7.844688637460243
49,11.2064,168.096,5.278125,-7.510772885427089
49,11.2064,168.096,5.28125,-7.389554331506112
49,11.2064,168.096,5.284375000000001,-7.360008797295084
49,11.2064,168.096,5.2875000000000005,-7.354629959359274
49,11.2064,168.096,5.290625,-7.354433633538825
49,11.2064,168.096,5.29375,-7.338280463644838
49,11.2064,168.096,5.296875,-7.30797801732757
49,11.2064,168.096,5.300000000000001,-7.25892665796386
49,11.2064,168.096,5.3031250000000005,-7.207000465482666
49,11.2064,168.096,5.30625,-7.137144877347717
49,11.2064,168.096,5.309375,-7.06731153079363
49,11.2064,168.096,5.3125,-6.985968136159838
49,11.2064,168.096,5.315625000000001,-6.9010340802461965
49,11.2064,168.096,5.3187500000000005,-6.8125665895918175
49,11.2064,168.096,5.321875,-6.724761651238368
49,11.2064,168.096,5.325,-6.638298887857999
49,11.2064,168.096,5.328125,-6.55764988845124
49,11.2064,168.096,5.331250000000001,-6.481663833382328
49,11.2064,168.096,5.3343750000000005,-6.413676693174855
49,11.2064,168.096,5.3375,-6.343207683802588
49,11.2064,168.096,5.340625,-6.28664058409501
49,11.2064,168.096,5.34375,-6.240083809293319
49,11.2064,168.096,5.346875000000001,-6.193561612803061
49,11.2064,168.096,5.3500000000000005,-6.151252684504903
49,11.2064,168.096,5.353125,-6.105072156132558
49,11.2064,168.096,5.35625,-6.07255358332032
49,11.2064,168.096,5.359375,-6.0732056697978205
49,11.2064,168.096,5.362500000000001,-6.074338566857661
49,11.2064,168.096,5.3656250000000005,-6.093072044328912
49,11.2064,168.096,5.36875,-6.121081196179759
49,11.2064,168.096,5.371875,-6.161272718377804
49,11.2064,168.096,5.375,-6.178997544547702
49,11.2064,168.096,5.378125000000001,-6.191459848133985
49,11.2064,168.096,5.3812500000000005,-6.203589992845185
49,11.2064,168.096,5.384375,-6.197698464597988
49,11.2064,168.096,5.3875,-6.19203701391233
49,11.2064,168.096,5.390625,-6.164313507742161
49,11.2064,168.096,5.393750000000001,-6.133484200321701
49,11.2064,168.096,5.3968750000000005,-6.098048439376319
49,11.2064,168.096,5.4,-6.062722053367418
49,11.2064,168.096,5.403125,-6.012883069114525
49,11.2064,168.096,5.40625,-5.980936567232591
49,11.2064,168.096,5.409375000000001,-5.940047036798921
49,11.2064,168.096,5.4125000000000005,-5.906082970442786
49,11.2064,168.096,5.415625,-5.8765331251851896
49,11.2064,168.096,5.41875,-5.846096350810919
49,11.2064,168.096,5.421875,-5.827162429340405
49,11.2064,168.096,5.425000000000001,-5.8166251874753545
49,11.2064,168.096,5.4281250000000005,-5.821840043969008
49,11.2064,168.096,5.43125,-5.836897982898983
49,11.2064,168.096,5.434375,-5.864522681420992
49,11.2064,168.096,5.4375,-5.899877740325854
49,11.2064,168.096,5.440625000000001,-5.9568034161818675
49,11.2064,168.096,5.4437500000000005,-6.022554901531661
49,11.2064,168.096,5.446875,-6.1024416816535565
49,11.2064,168.096,5.45,-6.182098485815452
49,11.2064,168.096,5.453125,-6.280142961338183
49,11.2064,168.096,5.456250000000001,-6.376074779146181
49,11.2064,168.096,5.4593750000000005,-6.473783331343635
49,11.2064,168.096,5.4625,-6.564698172714572
49,11.2064,168.096,5.465625,-6.648066317006759
49,11.2064,168.096,5.46875,-6.712986382377174
49,11.2064,168.096,5.471875000000001,-6.770449690784495
49,11.2064,168.096,5.4750000000000005,-6.808621637713124
49,11.2064,168.096,5.478125,-6.8361564567103255
49,11.2064,168.096,5.48125,-6.837395257390026
49,11.2064,168.096,5.484375,-6.827515620793324
49,11.2064,168.096,5.487500000000001,-6.795358636780709
49,11.2064,168.096,5.4906250000000005,-6.748529558645641
49,11.2064,168.096,5.49375,-6.691857748285237
49,11.2064,168.096,5.496875,-6.6310016363107565
49,11.2064,168.096,5.5,-6.570056769793223
49,11.2064,168.096,5.503125000000001,-6.490735812477745
49,11.2064,168.096,5.5062500000000005,-6.383570935837138
49,11.2064,168.096,5.509375,-6.278856771007396
49,11.2064,168.096,5.5125,-6.170888792387766
49,11.2064,168.096,5.515625,-6.078626336176388
49,11.2064,168.096,5.518750000000001,-5.987543935776689
49,11.2064,168.096,5.5218750000000005,-5.908870064088685
49,11.2064,168.096,5.525,-5.846013603873539
49,11.2064,168.096,5.528125,-5.793286742642056
49,11.2064,168.096,5.53125,-5.735266310080391
49,11.2064,168.096,5.534375000000001,-5.68770818942294
49,11.2064,168.096,5.5375000000000005,-5.647935200089692
49,11.2064,168.096,5.540625,-5.608716852936241
49,11.2064,168.096,5.54375,-5.582608880410359
49,11.2064,168.096,5.546875,-5.56217608885195
49,11.2064,168.096,5.550000000000001,-5.537819534354064
49,11.2064,168.096,5.5531250000000005,-5.525980951234963
49,11.2064,168.096,5.55625,-5.5036826627729765
49,11.2064,168.096,5.559375,-5.4769333925397365
49,11.2064,168.096,5.5625,-5.449426790124646
49,11.2064,168.096,5.565625000000001,-5.424005166340011
49,11.2064,168.096,5.5687500000000005,-5.396287387157466
49,11.2064,168.096,5.571875,-5.369844229785978
49,11.2064,168.096,5.575,-5.33284755465994
49,11.2064,168.096,5.578125,-5.283625573164278
49,11.2064,168.096,5.581250000000001,-5.24284094653518
49,11.2064,168.096,5.5843750000000005,-5.195700825898171
49,11.2064,168.096,5.5875,-5.151346609021937
49,11.2064,168.096,5.590625,-5.095397593645128
49,11.2064,168.096,5.59375,-5.039384470754063
49,11.2064,168.096,5.596875000000001,-4.988579720943925
49,11.2064,168.096,5.6000000000000005,-4.9280023193541735
49,11.2064,168.096,5.603125,-4.871910482536918
49,11.2064,168.096,5.60625,-4.817550899958442
49,11.2064,168.096,5.609375,-4.769931313833451
49,11.2064,168.096,5.612500000000001,-4.7236494237059965
49,11.2064,168.096,5.6156250000000005,-4.689547117805238
49,11.2064,168.096,5.61875,-4.661689111085587
49,11.2064,168.096,5.621875,-4.644527132524232
49,11.2064,168.096,5.625,-4.636863645181576
49,11.2064,168.096,5.628125000000001,-4.642931326782369
49,11.2064,168.096,5.6312500000000005,-4.661421640880739
49,11.2064,168.096,5.634375,-4.701107318959504
49,11.2064,168.096,5.6375,-4.751712044632643
49,11.2064,168.096,5.640625,-4.809930481015138
49,11.2064,168.096,5.643750000000001,-4.873199076512257
49,11.2064,168.096,5.6468750000000005,-4.944220005937187
49,11.2064,168.096,5.65,-5.013366707847994
49,11.2064,168.096,5.653125,-5.073175729719238
49,11.2064,168.096,5.65625,-5.12494545669412
49,11.2064,168.096,5.659375000000001,-5.168081692611784
49,11.2064,168.096,5.6625000000000005,-5.200701071932546
49,11.2064,168.096,5.665625,-5.214022546433723
49,11.2064,168.096,5.66875,-5.21536224803911
49,11.2064,168.096,5.671875,-5.210907181905997
49,11.2064,168.096,5.675000000000001,-5.191914462882851
49,11.2064,168.096,5.6781250000000005,-5.165291278596204
49,11.2064,168.096,5.68125,-5.119973075680554
49,11.2064,168.096,5.684375,-5.06731632263357
49,11.2064,168.096,5.6875,-5.00698524789842
49,11.2064,168.096,5.690625000000001,-4.934741641140649
49,11.2064,168.096,5.6937500000000005,-4.857429330421722
49,11.2064,168.096,5.696875,-4.773388142035699
49,11.2064,168.096,5.7,-4.689627495744063
49,11.2064,168.096,5.703125,-4.594048172764792
49,11.2064,168.096,5.706250000000001,-4.5081873755523105
49,11.2064,168.096,5.7093750000000005,-4.409141345925859
49,11.2064,168.096,5.7125,-4.324564302728728
49,11.2064,168.096,5.715625,-4.236957794751095
49,11.2064,168.096,5.71875,-4.165125218283664
49,11.2064,168.096,5.721875000000001,-4.103592079096014
49,11.2064,168.096,5.7250000000000005,-4.052508159489671
49,11.2064,168.096,5.728125,-4.020949468480306
49,11.2064,168.096,5.73125,-3.9976019707391974
49,11.2064,168.096,5.734375,-3.992507840700191
49,11.2064,168.096,5.737500000000001,-3.9922059931891773
49,11.2064,168.096,5.7406250000000005,-3.9843433574114466
49,11.2064,168.096,5.74375,-3.988149784129831
49,11.2064,168.096,5.746875,-4.002563929158523
49,11.2064,168.096,5.75,-4.001302408899207
49,11.2064,168.096,5.753125000000001,-4.00075182920701
49,11.2064,168.096,5.7562500000000005,-3.990833989537329
49,11.2064,168.096,5.759375,-3.97409411490163
49,11.2064,168.096,5.7625,-3.9434901785642182
49,11.2064,168.096,5.765625,-3.9087297890723605
49,11.2064,168.096,5.768750000000001,-3.8697311579689373
49,11.2064,168.096,5.7718750000000005,-3.8262607580344
49,11.2064,168.096,5.775,-3.7702949855306973
49,11.2064,168.096,5.778125,-3.702258617609405
49,11.2064,168.096,5.78125,-3.638088716971896
49,11.2064,168.096,5.784375000000001,-3.5637085304280713
49,11.2064,168.096,5.7875000000000005,-3.495742065307307
49,11.2064,168.096,5.790625,-3.419062944429023
49,11.2064,168.096,5.79375,-3.3455930660629303
49,11.2064,168.096,5.796875,-3.278031568500142
49,11.2064,168.096,5.800000000000001,-3.2066768955133518
49,11.2064,168.096,5.8031250000000005,-3.1598940714207426
49,11.2064,168.096,5.80625,-3.109724386158956
49,11.2064,168.096,5.809375,-3.0819012704328
49,11.2064,168.096,5.8125,-3.059757104091461
49,11.2064,168.096,5.815625000000001,-3.0646554899930734
49,11.2064,168.096,5.8187500000000005,-3.079703788271531
49,11.2064,168.096,5.821875,-3.104650789170582
49,11.2064,168.096,5.825,-3.149912234341017
49,11.2064,168.096,5.828125,-3.205277127335004
49,11.2064,168.096,5.831250000000001,-3.260767627455548
49,11.2064,168.096,5.8343750000000005,-3.321849260325249
49,11.2064,168.096,5.8375,-3.38327458377907
49,11.2064,168.096,5.840625,-3.439615177972569
49,11.2064,168.096,5.84375,-3.497329046732026
49,11.2064,168.096,5.846875000000001,-3.542331518946735
49,11.2064,168.096,5.8500000000000005,-3.579424403104126
49,11.2064,168.096,5.853125,-3.6015360623435244
49,11.2064,168.096,5.85625,-3.609219516264841
49,11.2064,168.096,5.859375,-3.6132435601175357
49,11.2064,168.096,5.862500000000001,-3.6029808907576055
49,11.2064,168.096,5.8656250000000005,-3.581977248411689
49,11.2064,168.096,5.86875,-3.5491497989721346
49,11.2064,168.096,5.871875,-3.5047828799868435
49,11.2064,168.096,5.875,-3.450637562729741
49,11.2064,168.096,5.878125000000001,-3.384884184077933
49,11.2064,168.096,5.8812500000000005,-3.3147139761833646
49,11.2064,168.096,5.884375,-3.2380890402709928
49,11.2064,168.096,5.8875,-3.1550556880984826
49,11.2064,168.096,5.890625,-3.0750536739251983
49,11.2064,168.096,5.893750000000001,-2.9988077145010354
49,11.2064,168.096,5.8968750000000005,-2.9355366083706436
49,11.2064,168.096,5.9,-2.8777622379864773
49,11.2064,168.096,5.903125,-2.8437732653875045
49,11.2064,168.096,5.90625,-2.8258473620987283
49,11.2064,168.096,5.909375000000001,-2.8186889056940063
49,11.2064,168.096,5.9125000000000005,-2.825639022862804
49,11.2064,168.096,5.915625,-2.8473512672764234
49,11.2064,168.096,5.91875,-2.8745908440210877
49,11.2064,168.096,5.921875,-2.9057950664689574
49,11.2064,168.096,5.925000000000001,-2.9366274182416836
49,11.2064,168.096,5.9281250000000005,-2.9574687746863577
49,11.2064,168.096,5.93125,-2.9781851351432302
49,11.2064,168.096,5.934375,-2.996958193541903
49,11.2064,168.096,5.9375,-2.997142806496103
49,11.2064,168.096,5.940625000000001,-2.9974124572914134
49,11.2064,168.096,5.9437500000000005,-2.98883907168288
49,11.2064,168.096,5.946875,-2.9730316758622015
49,11.2064,168.096,5.95,-2.9496007486478537
49,11.2064,168.096,5.953125,-2.9144480288873327
49,11.2064,168.096,5.956250000000001,-2.872983012448516
49,11.2064,168.096,5.9593750000000005,-2.8249612080180637
49,11.2064,168.096,5.9625,-2.768259380014303
49,11.2064,168.096,5.965625,-2.707288271276897
49,11.2064,168.096,5.96875,-2.641319297720499
49,11.2064,168.096,5.971875000000001,-2.568129206729765
49,11.2064,168.096,5.9750000000000005,-2.4993182295546665
49,11.2064,168.096,5.978125,-2.424697715571837
49,11.2064,168.096,5.98125,-2.353819529078046
49,11.2064,168.096,5.984375,-2.2961096623386554
49,11.2064,168.096,5.987500000000001,-2.2367058394881147
49,11.2064,168.096,5.9906250000000005,-2.196913575688984
49,11.2064,168.096,5.99375,-2.183472044775005
49,11.2064,168.096,5.996875,-2.179207655989562
49,11.2064,168.096,6.0,-2.1998883297798506
