ScanID,Current,Field,Frequency,Spectra
106,9.9517,149.276,1.0,-0.933669962519553
106,9.9517,149.276,1.003125,-0.900319336377286
106,9.9517,149.276,1.00625,-0.8709038624077591
106,9.9517,149.276,1.0093750000000001,-0.8469307898830838
106,9.9517,149.276,1.0125,-0.8286747771375202
106,9.9517,149.276,1.015625,-0.819041599134499
106,9.9517,149.276,1.01875,-0.8230931525079526
106,9.9517,149.276,1.021875,-0.8309727591354794
106,9.9517,149.276,1.0250000000000001,-0.852270008471579
106,9.9517,149.276,1.028125,-0.8814053067687849
106,9.9517,149.276,1.03125,-0.9184934231755947
106,9.9517,149.276,1.034375,-0.9598963141796986
106,9.9517,149.276,1.0375,-1.008687524323639
106,9.9517,149.276,1.0406250000000001,-1.059693026650498
106,9.9517,149.276,1.04375,-1.111335952387615
106,9.9517,149.276,1.046875,-1.1652037869505807
106,9.9517,149.276,1.05,-1.2178419495313233
106,9.9517,149.276,1.053125,-1.2674591844688519
106,9.9517,149.276,1.0562500000000001,-1.313081834630353
106,9.9517,149.276,1.059375,-1.352957202585342
106,9.9517,149.276,1.0625,-1.3877778650742247
106,9.9517,149.276,1.065625,-1.4133610091841442
106,9.9517,149.276,1.06875,-1.4284790077182354
106,9.9517,149.276,1.0718750000000001,-1.432800070539182
106,9.9517,149.276,1.0750000000000002,-1.4274251404437894
106,9.9517,149.276,1.078125,-1.410766887582342
106,9.9517,149.276,1.08125,-1.3821836777642715
106,9.9517,149.276,1.084375,-1.340865611999147
106,9.9517,149.276,1.0875000000000001,-1.290305222903555
106,9.9517,149.276,1.0906250000000002,-1.2322917209583926
106,9.9517,149.276,1.09375,-1.173617651051657
106,9.9517,149.276,1.096875,-1.1101352700001916
106,9.9517,149.276,1.1,-1.0520556324070924
106,9.9517,149.276,1.1031250000000001,-0.9932901191651071
106,9.9517,149.276,1.1062500000000002,-0.9439581297838966
106,9.9517,149.276,1.109375,-0.9041839927865902
106,9.9517,149.276,1.1125,-0.8748201490724936
106,9.9517,149.276,1.115625,-0.8607210069611586
106,9.9517,149.276,1.1187500000000001,-0.8576554418252884
106,9.9517,149.276,1.1218750000000002,-0.8704498504382558
106,9.9517,149.276,1.125,-0.8916620880012207
106,9.9517,149.276,1.128125,-0.9238756125120104
106,9.9517,149.276,1.13125,-0.9633656348620107
106,9.9517,149.276,1.1343750000000001,-1.0047473684098656
106,9.9517,149.276,1.1375000000000002,-1.048159159899333
106,9.9517,149.276,1.140625,-1.0891419003196392
106,9.9517,149.276,1.14375,-1.128018829217982
106,9.9517,149.276,1.146875,-1.1574139790655515
106,9.9517,149.276,1.1500000000000001,-1.1814039191070258
106,9.9517,149.276,1.1531250000000002,-1.1964171576607256
106,9.9517,149.276,1.15625,-1.2028561148147525
106,9.9517,149.276,1.159375,-1.2026716454127153
106,9.9517,149.276,1.1625,-1.1905474423380211
106,9.9517,149.276,1.1656250000000001,-1.1742031057735565
106,9.9517,149.276,1.1687500000000002,-1.1526746451650003
106,9.9517,149.276,1.171875,-1.1245760588646796
106,9.9517,149.276,1.175,-1.090972619622983
106,9.9517,149.276,1.178125,-1.0569462936889202
106,9.9517,149.276,1.1812500000000001,-1.0184507452110927
106,9.9517,149.276,1.1843750000000002,-0.9781687409382672
106,9.9517,149.276,1.1875,-0.9428865544038879
106,9.9517,149.276,1.190625,-0.9062033043548665
106,9.9517,149.276,1.19375,-0.8739709778936311
106,9.9517,149.276,1.1968750000000001,-0.8471257169002467
106,9.9517,149.276,1.2000000000000002,-0.8270027355248601
106,9.9517,149.276,1.203125,-0.8148535734136476
106,9.9517,149.276,1.20625,-0.8160553784094365
106,9.9517,149.276,1.209375,-0.8233047668117424
106,9.9517,149.276,1.2125000000000001,-0.8440234546899847
106,9.9517,149.276,1.2156250000000002,-0.8776591230244444
106,9.9517,149.276,1.21875,-0.9231136593059902
106,9.9517,149.276,1.221875,-0.9805659656513255
106,9.9517,149.276,1.225,-1.036372367800678
106,9.9517,149.276,1.2281250000000001,-1.1059537779542419
106,9.9517,149.276,1.2312500000000002,-1.1760882122766942
106,9.9517,149.276,1.234375,-1.2478430050719216
106,9.9517,149.276,1.2375,-1.3158236821591025
106,9.9517,149.276,1.240625,-1.3838115122524683
106,9.9517,149.276,1.2437500000000001,-1.4419552161643523
106,9.9517,149.276,1.2468750000000002,-1.4874577107838722
106,9.9517,149.276,1.25,-1.5126717732816795
106,9.9517,149.276,1.253125,-1.5353323174441962
106,9.9517,149.276,1.25625,-1.5412176036779288
106,9.9517,149.276,1.2593750000000001,-1.5247914243315925
106,9.9517,149.276,1.2625000000000002,-1.5012210518776365
106,9.9517,149.276,1.265625,-1.4678506359702874
106,9.9517,149.276,1.26875,-1.423867888986559
106,9.9517,149.276,1.271875,-1.3718868180617148
106,9.9517,149.276,1.2750000000000001,-1.310935271862535
106,9.9517,149.276,1.2781250000000002,-1.2529640651624983
106,9.9517,149.276,1.28125,-1.1936561535218755
106,9.9517,149.276,1.284375,-1.140689520272761
106,9.9517,149.276,1.2875,-1.0910086527475205
106,9.9517,149.276,1.2906250000000001,-1.052876358763313
106,9.9517,149.276,1.2937500000000002,-1.0257126281213695
106,9.9517,149.276,1.296875,-1.011294932342111
106,9.9517,149.276,1.3,-1.0088537528898351
106,9.9517,149.276,1.303125,-1.018504868132703
106,9.9517,149.276,1.3062500000000001,-1.040432473733121
106,9.9517,149.276,1.3093750000000002,-1.0744517953523534
106,9.9517,149.276,1.3125,-1.1161794152488576
106,9.9517,149.276,1.315625,-1.1650335787199992
106,9.9517,149.276,1.31875,-1.2134890864300387
106,9.9517,149.276,1.3218750000000001,-1.263238876394476
106,9.9517,149.276,1.3250000000000002,-1.309414039425136
106,9.9517,149.276,1.328125,-1.3472166536554362
106,9.9517,149.276,1.33125,-1.3789353469356211
106,9.9517,149.276,1.334375,-1.4004296571620278
106,9.9517,149.276,1.3375000000000001,-1.4112635051270719
106,9.9517,149.276,1.3406250000000002,-1.4106599247441112
106,9.9517,149.276,1.34375,-1.406773617683013
106,9.9517,149.276,1.346875,-1.3899429826882916
106,9.9517,149.276,1.35,-1.3669157215264895
106,9.9517,149.276,1.3531250000000001,-1.33777640534489
106,9.9517,149.276,1.3562500000000002,-1.303973823989589
106,9.9517,149.276,1.359375,-1.2636154215551267
106,9.9517,149.276,1.3625,-1.217061094417813
106,9.9517,149.276,1.365625,-1.1688823880518502
106,9.9517,149.276,1.3687500000000001,-1.1239014195254677
106,9.9517,149.276,1.3718750000000002,-1.075043680671456
106,9.9517,149.276,1.375,-1.0297289858777237
106,9.9517,149.276,1.378125,-0.986154235894945
106,9.9517,149.276,1.38125,-0.9479145850254442
106,9.9517,149.276,1.3843750000000001,-0.9199789449394667
106,9.9517,149.276,1.3875000000000002,-0.896323589559998
106,9.9517,149.276,1.390625,-0.8886678252301057
106,9.9517,149.276,1.39375,-0.8989985081209185
106,9.9517,149.276,1.396875,-0.9239287766405171
106,9.9517,149.276,1.4000000000000001,-0.9649186704108057
106,9.9517,149.276,1.4031250000000002,-1.0232050185289316
106,9.9517,149.276,1.40625,-1.0927067544757043
106,9.9517,149.276,1.409375,-1.1693000367170514
106,9.9517,149.276,1.4125,-1.257268044432713
106,9.9517,149.276,1.4156250000000001,-1.3408069854118292
106,9.9517,149.276,1.4187500000000002,-1.4261382213987268
106,9.9517,149.276,1.421875,-1.5023289628648282
106,9.9517,149.276,1.425,-1.5652977690368552
106,9.9517,149.276,1.428125,-1.6138262962624936
106,9.9517,149.276,1.4312500000000001,-1.6468778177131294
106,9.9517,149.276,1.4343750000000002,-1.6644089706342187
106,9.9517,149.276,1.4375,-1.6668091086027954
106,9.9517,149.276,1.440625,-1.6562260717876267
106,9.9517,149.276,1.44375,-1.6371993677867045
106,9.9517,149.276,1.4468750000000001,-1.6069915858471702
106,9.9517,149.276,1.4500000000000002,-1.5692307626888904
106,9.9517,149.276,1.453125,-1.5270272356548686
106,9.9517,149.276,1.45625,-1.4788423111036322
106,9.9517,149.276,1.459375,-1.431985614932609
106,9.9517,149.276,1.4625000000000001,-1.3863437065033062
106,9.9517,149.276,1.4656250000000002,-1.3412561445385602
106,9.9517,149.276,1.46875,-1.300794567167122
106,9.9517,149.276,1.471875,-1.2635932847147424
106,9.9517,149.276,1.475,-1.2348112351223621
106,9.9517,149.276,1.4781250000000001,-1.209033145282691
106,9.9517,149.276,1.4812500000000002,-1.1928629200102636
106,9.9517,149.276,1.484375,-1.1892963398743104
106,9.9517,149.276,1.4875,-1.1954127521805578
106,9.9517,149.276,1.490625,-1.2127792788877483
106,9.9517,149.276,1.4937500000000001,-1.241427081979969
106,9.9517,149.276,1.4968750000000002,-1.2794872531813852
106,9.9517,149.276,1.5,-1.3256256983786252
106,9.9517,149.276,1.503125,-1.3806981665838243
106,9.9517,149.276,1.50625,-1.437236521989835
106,9.9517,149.276,1.5093750000000001,-1.4967825671229076
106,9.9517,149.276,1.5125000000000002,-1.5528757473050545
106,9.9517,149.276,1.515625,-1.6047913412962025
106,9.9517,149.276,1.51875,-1.6473162218403639
106,9.9517,149.276,1.521875,-1.6755617163856609
106,9.9517,149.276,1.5250000000000001,-1.6935201437158252
106,9.9517,149.276,1.5281250000000002,-1.695424900077282
106,9.9517,149.276,1.53125,-1.680104675691746
106,9.9517,149.276,1.534375,-1.6525597278929727
106,9.9517,149.276,1.5375,-1.6106361480213662
106,9.9517,149.276,1.5406250000000001,-1.5582613416613322
106,9.9517,149.276,1.5437500000000002,-1.4938889190494642
106,9.9517,149.276,1.546875,-1.4243720476081345
106,9.9517,149.276,1.55,-1.3526992181573494
106,9.9517,149.276,1.553125,-1.2770835314898417
106,9.9517,149.276,1.5562500000000001,-1.205348903901423
106,9.9517,149.276,1.5593750000000002,-1.1389752758318465
106,9.9517,149.276,1.5625,-1.0828042137351148
106,9.9517,149.276,1.565625,-1.0382465175693283
106,9.9517,149.276,1.56875,-1.0122533451014986
106,9.9517,149.276,1.5718750000000001,-0.9987402643964994
106,9.9517,149.276,1.5750000000000002,-0.9990567789080671
106,9.9517,149.276,1.578125,-1.0149537197142027
106,9.9517,149.276,1.58125,-1.0507165121391713
106,9.9517,149.276,1.584375,-1.0972871821507941
106,9.9517,149.276,1.5875000000000001,-1.157296602806511
106,9.9517,149.276,1.5906250000000002,-1.2261164440913732
106,9.9517,149.276,1.59375,-1.2992337627428423
106,9.9517,149.276,1.596875,-1.377066615306276
106,9.9517,149.276,1.6,-1.4537724566800057
106,9.9517,149.276,1.6031250000000001,-1.5262228034072662
106,9.9517,149.276,1.6062500000000002,-1.591593766663174
106,9.9517,149.276,1.609375,-1.649269290269566
106,9.9517,149.276,1.6125,-1.7014776749097724
106,9.9517,149.276,1.615625,-1.7372468636532548
106,9.9517,149.276,1.6187500000000001,-1.7640580176379315
106,9.9517,149.276,1.6218750000000002,-1.7757355707301936
106,9.9517,149.276,1.625,-1.772611263048074
106,9.9517,149.276,1.628125,-1.7569818657124234
106,9.9517,149.276,1.63125,-1.7282523744319025
106,9.9517,149.276,1.6343750000000001,-1.6909693069599905
106,9.9517,149.276,1.6375000000000002,-1.6414116677907402
106,9.9517,149.276,1.640625,-1.5847344226563167
106,9.9517,149.276,1.64375,-1.526326534349158
106,9.9517,149.276,1.646875,-1.4647489599175898
106,9.9517,149.276,1.6500000000000001,-1.402858347145132
106,9.9517,149.276,1.6531250000000002,-1.344008688998318
106,9.9517,149.276,1.65625,-1.2937593700643117
106,9.9517,149.276,1.659375,-1.2549373562313288
106,9.9517,149.276,1.6625,-1.228586804678901
106,9.9517,149.276,1.6656250000000001,-1.2219711905060073
106,9.9517,149.276,1.6687500000000002,-1.2286301329055762
106,9.9517,149.276,1.671875,-1.2526417634430969
106,9.9517,149.276,1.675,-1.2933986548739442
106,9.9517,149.276,1.678125,-1.3452282558720086
106,9.9517,149.276,1.6812500000000001,-1.4068787702402257
106,9.9517,149.276,1.6843750000000002,-1.476489615817411
106,9.9517,149.276,1.6875,-1.5521464340137834
106,9.9517,149.276,1.690625,-1.6235673006716442
106,9.9517,149.276,1.69375,-1.6933309687997036
106,9.9517,149.276,1.6968750000000001,-1.7536249954979901
106,9.9517,149.276,1.7000000000000002,-1.8042721334037573
106,9.9517,149.276,1.703125,-1.8390965154914918
106,9.9517,149.276,1.70625,-1.8658525164903335
106,9.9517,149.276,1.709375,-1.8749866955673598
106,9.9517,149.276,1.7125000000000001,-1.8726694046869017
106,9.9517,149.276,1.7156250000000002,-1.8587894961820572
106,9.9517,149.276,1.71875,-1.8309856765720525
106,9.9517,149.276,1.721875,-1.7909459395540892
106,9.9517,149.276,1.725,-1.7443313248052466
106,9.9517,149.276,1.7281250000000001,-1.6837338492194465
106,9.9517,149.276,1.7312500000000002,-1.6210715383647611
106,9.9517,149.276,1.734375,-1.5522602675257264
106,9.9517,149.276,1.7375,-1.4810612409493853
106,9.9517,149.276,1.740625,-1.411179334409204
106,9.9517,149.276,1.7437500000000001,-1.3427289746355129
106,9.9517,149.276,1.7468750000000002,-1.2758276799918287
106,9.9517,149.276,1.75,-1.2185070531296536
106,9.9517,149.276,1.753125,-1.1734205003688065
106,9.9517,149.276,1.75625,-1.1380771537781524
106,9.9517,149.276,1.7593750000000001,-1.1176943932834604
106,9.9517,149.276,1.7625000000000002,-1.1111402854396857
106,9.9517,149.276,1.765625,-1.1297419749124131
106,9.9517,149.276,1.76875,-1.1610157800016188
106,9.9517,149.276,1.771875,-1.2112686348565034
106,9.9517,149.276,1.7750000000000001,-1.2775920769306381
106,9.9517,149.276,1.7781250000000002,-1.3519404007624574
106,9.9517,149.276,1.78125,-1.4398140353009832
106,9.9517,149.276,1.784375,-1.5315982818621452
106,9.9517,149.276,1.7875,-1.6177506947242049
106,9.9517,149.276,1.7906250000000001,-1.6984600416839577
106,9.9517,149.276,1.7937500000000002,-1.7685007085559454
106,9.9517,149.276,1.7968750000000002,-1.8247521180508963
106,9.9517,149.276,1.8,-1.8679214916444602
106,9.9517,149.276,1.803125,-1.8915211614975944
106,9.9517,149.276,1.8062500000000001,-1.8968847185565185
106,9.9517,149.276,1.8093750000000002,-1.886429679982735
106,9.9517,149.276,1.8125000000000002,-1.8596497735567503
106,9.9517,149.276,1.815625,-1.820306821349965
106,9.9517,149.276,1.81875,-1.7709414964436296
106,9.9517,149.276,1.8218750000000001,-1.7122564402865366
106,9.9517,149.276,1.8250000000000002,-1.6519637246417518
106,9.9517,149.276,1.8281250000000002,-1.5879080458046824
106,9.9517,149.276,1.83125,-1.524693744662842
106,9.9517,149.276,1.834375,-1.4668214418977281
106,9.9517,149.276,1.8375000000000001,-1.4149681509477756
106,9.9517,149.276,1.8406250000000002,-1.3706651265021481
106,9.9517,149.276,1.8437500000000002,-1.3399460809218589
106,9.9517,149.276,1.846875,-1.3189493613218821
106,9.9517,149.276,1.85,-1.306654173972144
106,9.9517,149.276,1.8531250000000001,-1.3123654175732014
106,9.9517,149.276,1.8562500000000002,-1.3324355570645445
106,9.9517,149.276,1.8593750000000002,-1.3688120422109606
106,9.9517,149.276,1.8625,-1.4190592441875884
106,9.9517,149.276,1.865625,-1.480486205644601
106,9.9517,149.276,1.8687500000000001,-1.5520025458777096
106,9.9517,149.276,1.8718750000000002,-1.6301479512756
106,9.9517,149.276,1.8750000000000002,-1.7102397657085298
106,9.9517,149.276,1.878125,-1.7880353434246627
106,9.9517,149.276,1.88125,-1.8613391151663925
106,9.9517,149.276,1.8843750000000001,-1.9295281846367927
106,9.9517,149.276,1.8875000000000002,-1.98476727609631
106,9.9517,149.276,1.8906250000000002,-2.0230917473268537
106,9.9517,149.276,1.89375,-2.0483469904407636
106,9.9517,149.276,1.896875,-2.0556591298153086
106,9.9517,149.276,1.9000000000000001,-2.046119358852104
106,9.9517,149.276,1.9031250000000002,-2.010902043876526
106,9.9517,149.276,1.9062500000000002,-1.966614023552139
106,9.9517,149.276,1.909375,-1.909634354929447
106,9.9517,149.276,1.9125,-1.8407027791760087
106,9.9517,149.276,1.9156250000000001,-1.7630584692116689
106,9.9517,149.276,1.9187500000000002,-1.6794555418888755
106,9.9517,149.276,1.9218750000000002,-1.593765532539719
106,9.9517,149.276,1.925,-1.5085384372093436
106,9.9517,149.276,1.928125,-1.4284759346429399
106,9.9517,149.276,1.9312500000000001,-1.354562958184117
106,9.9517,149.276,1.9343750000000002,-1.2902747099128669
106,9.9517,149.276,1.9375000000000002,-1.2398648063383957
106,9.9517,149.276,1.940625,-1.2082757931111476
106,9.9517,149.276,1.94375,-1.1889247709923008
106,9.9517,149.276,1.9468750000000001,-1.1885329999748024
106,9.9517,149.276,1.9500000000000002,-1.2040976956138287
106,9.9517,149.276,1.9531250000000002,-1.2399617618513679
106,9.9517,149.276,1.95625,-1.2922000817567447
106,9.9517,149.276,1.959375,-1.361759206336085
106,9.9517,149.276,1.9625000000000001,-1.4418386689144262
106,9.9517,149.276,1.9656250000000002,-1.5273229073518042
106,9.9517,149.276,1.9687500000000002,-1.6183998565854365
106,9.9517,149.276,1.971875,-1.7063685762245995
106,9.9517,149.276,1.975,-1.7889226813205288
106,9.9517,149.276,1.9781250000000001,-1.858581439676389
106,9.9517,149.276,1.9812500000000002,-1.9149986424234489
106,9.9517,149.276,1.9843750000000002,-1.9566398828455644
106,9.9517,149.276,1.9875,-1.980403017875978
106,9.9517,149.276,1.990625,-1.9839038406064993
106,9.9517,149.276,1.9937500000000001,-1.9685972167594412
106,9.9517,149.276,1.9968750000000002,-1.9403934269917578
106,9.9517,149.276,2.0,-1.8937238957978688
106,9.9517,149.276,2.0031250000000003,-1.8369558767405814
106,9.9517,149.276,2.00625,-1.7672737031642574
106,9.9517,149.276,2.009375,-1.6964833447903644
106,9.9517,149.276,2.0125,-1.619299361795441
106,9.9517,149.276,2.015625,-1.5445225801740978
106,9.9517,149.276,2.0187500000000003,-1.4714596546363767
106,9.9517,149.276,2.021875,-1.4016477264295428
106,9.9517,149.276,2.025,-1.3429633373752095
106,9.9517,149.276,2.028125,-1.2983850869401627
106,9.9517,149.276,2.03125,-1.2678647158257348
106,9.9517,149.276,2.0343750000000003,-1.2555033185057143
106,9.9517,149.276,2.0375,-1.2629209469240033
106,9.9517,149.276,2.040625,-1.2876746792024458
106,9.9517,149.276,2.04375,-1.3306169847201863
106,9.9517,149.276,2.046875,-1.3891738077285367
106,9.9517,149.276,2.0500000000000003,-1.462291537731211
106,9.9517,149.276,2.053125,-1.5469572079478235
106,9.9517,149.276,2.05625,-1.642578832662398
106,9.9517,149.276,2.059375,-1.7376749395646407
106,9.9517,149.276,2.0625,-1.833474356762594
106,9.9517,149.276,2.0656250000000003,-1.9188384782950607
106,9.9517,149.276,2.06875,-1.9981119344912743
106,9.9517,149.276,2.071875,-2.062726227723716
106,9.9517,149.276,2.075,-2.1075926833299867
106,9.9517,149.276,2.078125,-2.1378591625463566
106,9.9517,149.276,2.0812500000000003,-2.146466069122002
106,9.9517,149.276,2.084375,-2.136767286275427
106,9.9517,149.276,2.0875,-2.1120163276560913
106,9.9517,149.276,2.090625,-2.070496465599179
106,9.9517,149.276,2.09375,-2.014846151196905
106,9.9517,149.276,2.0968750000000003,-1.9440928111392566
106,9.9517,149.276,2.1,-1.867627098157749
106,9.9517,149.276,2.103125,-1.7840363245596924
106,9.9517,149.276,2.10625,-1.699027003126157
106,9.9517,149.276,2.109375,-1.6139623066718731
106,9.9517,149.276,2.1125000000000003,-1.5311510152437624
106,9.9517,149.276,2.115625,-1.4542524759056827
106,9.9517,149.276,2.11875,-1.3812147104296548
106,9.9517,149.276,2.121875,-1.3216099954673175
106,9.9517,149.276,2.125,-1.2717952926465133
106,9.9517,149.276,2.1281250000000003,-1.2446038678694806
106,9.9517,149.276,2.13125,-1.2349280067343262
106,9.9517,149.276,2.134375,-1.2435874753677685
106,9.9517,149.276,2.1375,-1.2786884168198114
106,9.9517,149.276,2.140625,-1.3313079824133878
106,9.9517,149.276,2.1437500000000003,-1.3984337406025764
106,9.9517,149.276,2.146875,-1.4785089624051642
106,9.9517,149.276,2.1500000000000004,-1.5711574057136715
106,9.9517,149.276,2.153125,-1.6704956084945342
106,9.9517,149.276,2.15625,-1.7680266651637189
106,9.9517,149.276,2.1593750000000003,-1.8596403100859369
106,9.9517,149.276,2.1625,-1.9407877161787959
106,9.9517,149.276,2.1656250000000004,-2.001151436121837
106,9.9517,149.276,2.16875,-2.0461671648761093
106,9.9517,149.276,2.171875,-2.0691853047890967
106,9.9517,149.276,2.1750000000000003,-2.0741872641499364
106,9.9517,149.276,2.178125,-2.0551833565758155
106,9.9517,149.276,2.1812500000000004,-2.017327735819311
106,9.9517,149.276,2.184375,-1.9666990829046618
106,9.9517,149.276,2.1875,-1.9000901872582687
106,9.9517,149.276,2.1906250000000003,-1.8224006166495486
106,9.9517,149.276,2.19375,-1.741331427349762
106,9.9517,149.276,2.1968750000000004,-1.6546050055409962
106,9.9517,149.276,2.2,-1.5713853104588893
106,9.9517,149.276,2.203125,-1.489226762175789
106,9.9517,149.276,2.2062500000000003,-1.4192241126198817
106,9.9517,149.276,2.209375,-1.3575144790423606
106,9.9517,149.276,2.2125000000000004,-1.3092153824771147
106,9.9517,149.276,2.215625,-1.271250668203936
106,9.9517,149.276,2.21875,-1.2543055362305897
106,9.9517,149.276,2.2218750000000003,-1.2546609270313793
106,9.9517,149.276,2.225,-1.2737906188470038
106,9.9517,149.276,2.2281250000000004,-1.3121251440928017
106,9.9517,149.276,2.23125,-1.3679895540924796
106,9.9517,149.276,2.234375,-1.4384017441483818
106,9.9517,149.276,2.2375000000000003,-1.5241764857873832
106,9.9517,149.276,2.240625,-1.6124105627140164
106,9.9517,149.276,2.2437500000000004,-1.711710024410606
106,9.9517,149.276,2.246875,-1.8083936833119512
106,9.9517,149.276,2.25,-1.9030525098245747
106,9.9517,149.276,2.2531250000000003,-1.9877024295831176
106,9.9517,149.276,2.25625,-2.0634891612043487
106,9.9517,149.276,2.2593750000000004,-2.122891939258972
106,9.9517,149.276,2.2625,-2.165115015801035
106,9.9517,149.276,2.265625,-2.186846578858284
106,9.9517,149.276,2.2687500000000003,-2.1874369426780964
106,9.9517,149.276,2.271875,-2.169519990519357
106,9.9517,149.276,2.2750000000000004,-2.1339179970644566
106,9.9517,149.276,2.278125,-2.0867675842640745
106,9.9517,149.276,2.28125,-2.025603048149394
106,9.9517,149.276,2.2843750000000003,-1.95023665255238
106,9.9517,149.276,2.2875,-1.8662615118057924
106,9.9517,149.276,2.2906250000000004,-1.7759174435114948
106,9.9517,149.276,2.29375,-1.6779768935740647
106,9.9517,149.276,2.296875,-1.585020957171924
106,9.9517,149.276,2.3000000000000003,-1.4999516245538371
106,9.9517,149.276,2.303125,-1.4216250043283638
106,9.9517,149.276,2.3062500000000004,-1.3584912449578392
106,9.9517,149.276,2.309375,-1.3078975770108703
106,9.9517,149.276,2.3125,-1.2754394385343724
106,9.9517,149.276,2.3156250000000003,-1.2609414443202378
106,9.9517,149.276,2.31875,-1.26437348359631
106,9.9517,149.276,2.3218750000000004,-1.289966673308765
106,9.9517,149.276,2.325,-1.3323510533473673
106,9.9517,149.276,2.328125,-1.3946080292104028
106,9.9517,149.276,2.3312500000000003,-1.471408376395288
106,9.9517,149.276,2.334375,-1.5636055451045818
106,9.9517,149.276,2.3375000000000004,-1.6624214909653223
106,9.9517,149.276,2.340625,-1.7631215480454077
106,9.9517,149.276,2.34375,-1.8706655263591634
106,9.9517,149.276,2.3468750000000003,-1.9727850471170174
106,9.9517,149.276,2.35,-2.0787095757704135
106,9.9517,149.276,2.3531250000000004,-2.1816143382513555
106,9.9517,149.276,2.35625,-2.233957764285748
106,9.9517,149.276,2.359375,-2.235670686796569
106,9.9517,149.276,2.3625000000000003,-2.217173068643434
106,9.9517,149.276,2.365625,-2.188597265032909
106,9.9517,149.276,2.3687500000000004,-2.146620454282809
106,9.9517,149.276,2.371875,-2.094775454407747
106,9.9517,149.276,2.375,-2.0335022773658467
106,9.9517,149.276,2.3781250000000003,-1.9666361189766643
106,9.9517,149.276,2.38125,-1.9010166697297592
106,9.9517,149.276,2.3843750000000004,-1.8184826329645574
106,9.9517,149.276,2.3875,-1.7104092773732569
106,9.9517,149.276,2.390625,-1.592673729204512
106,9.9517,149.276,2.3937500000000003,-1.493700007295418
106,9.9517,149.276,2.396875,-1.4113400440337256
106,9.9517,149.276,2.4000000000000004,-1.3476308860588702
106,9.9517,149.276,2.403125,-1.298811940043815
106,9.9517,149.276,2.40625,-1.275436572980214
106,9.9517,149.276,2.4093750000000003,-1.276839905219394
106,9.9517,149.276,2.4125,-1.3023247089604753
106,9.9517,149.276,2.4156250000000004,-1.349106069779349
106,9.9517,149.276,2.41875,-1.4176066774149847
106,9.9517,149.276,2.421875,-1.5052739485814568
106,9.9517,149.276,2.4250000000000003,-1.6112396242603544
106,9.9517,149.276,2.428125,-1.7277514841157835
106,9.9517,149.276,2.4312500000000004,-1.8513274850494301
106,9.9517,149.276,2.434375,-1.9753527586626793
106,9.9517,149.276,2.4375,-2.0962543227172055
106,9.9517,149.276,2.4406250000000003,-2.2135061068263777
106,9.9517,149.276,2.44375,-2.3315347646173463
106,9.9517,149.276,2.4468750000000004,-2.4889959345961503
106,9.9517,149.276,2.45,-2.824775918282527
106,9.9517,149.276,2.453125,-3.3634803830839455
106,9.9517,149.276,2.4562500000000003,-2.839521617501071
106,9.9517,149.276,2.459375,-2.4916547272684295
106,9.9517,149.276,2.4625000000000004,-2.334232636499923
106,9.9517,149.276,2.465625,-2.224730304833762
106,9.9517,149.276,2.46875,-2.1234318331238535
106,9.9517,149.276,2.4718750000000003,-2.0265425751243407
106,9.9517,149.276,2.475,-1.9288658885925551
106,9.9517,149.276,2.4781250000000004,-1.8305731867299024
106,9.9517,149.276,2.48125,-1.7381975182588008
106,9.9517,149.276,2.484375,-1.652474046068948
106,9.9517,149.276,2.4875000000000003,-1.5773106623805113
106,9.9517,149.276,2.490625,-1.5105100355373615
106,9.9517,149.276,2.4937500000000004,-1.457065623246655
106,9.9517,149.276,2.496875,-1.4230621053797803
106,9.9517,149.276,2.5,-1.4035602159769809
106,9.9517,149.276,2.5031250000000003,-1.4062708428792956
106,9.9517,149.276,2.50625,-1.4290992280902297
106,9.9517,149.276,2.5093750000000004,-1.472421019558735
106,9.9517,149.276,2.5125,-1.5306569826874155
106,9.9517,149.276,2.515625,-1.6117470725465388
106,9.9517,149.276,2.5187500000000003,-1.7043922224111325
106,9.9517,149.276,2.521875,-1.8105067494805185
106,9.9517,149.276,2.5250000000000004,-1.9221591921027317
106,9.9517,149.276,2.528125,-2.038046818702204
106,9.9517,149.276,2.53125,-2.148066630059798
106,9.9517,149.276,2.5343750000000003,-2.250739984271906
106,9.9517,149.276,2.5375,-2.3376503603091274
106,9.9517,149.276,2.5406250000000004,-2.3994947373404236
106,9.9517,149.276,2.54375,-2.440630555050754
106,9.9517,149.276,2.546875,-2.452269234271936
106,9.9517,149.276,2.5500000000000003,-2.4378671926847857
106,9.9517,149.276,2.553125,-2.3993383863139277
106,9.9517,149.276,2.5562500000000004,-2.333982500616362
106,9.9517,149.276,2.559375,-2.248354375121781
106,9.9517,149.276,2.5625,-2.144436805518318
106,9.9517,149.276,2.5656250000000003,-2.029203035617456
106,9.9517,149.276,2.56875,-1.914580794808943
106,9.9517,149.276,2.5718750000000004,-1.7993566500120943
106,9.9517,149.276,2.575,-1.6911791726316743
106,9.9517,149.276,2.578125,-1.5939143599337566
106,9.9517,149.276,2.5812500000000003,-1.511784164368914
106,9.9517,149.276,2.584375,-1.4475745826905175
106,9.9517,149.276,2.5875000000000004,-1.4007674682025038
106,9.9517,149.276,2.590625,-1.3823885998070593
106,9.9517,149.276,2.59375,-1.3857297051181814
106,9.9517,149.276,2.5968750000000003,-1.418451878355934
106,9.9517,149.276,2.6,-1.47573364171868
106,9.9517,149.276,2.6031250000000004,-1.553520083116227
106,9.9517,149.276,2.60625,-1.6524309602241116
106,9.9517,149.276,2.609375,-1.761685098421134
106,9.9517,149.276,2.6125000000000003,-1.8803861467642982
106,9.9517,149.276,2.615625,-2.0003057945748908
106,9.9517,149.276,2.6187500000000004,-2.1158181511975855
106,9.9517,149.276,2.621875,-2.22375803604106
106,9.9517,149.276,2.625,-2.318176631977668
106,9.9517,149.276,2.6281250000000003,-2.3981596062751067
106,9.9517,149.276,2.63125,-2.458155017720854
106,9.9517,149.276,2.6343750000000004,-2.4959964586617818
106,9.9517,149.276,2.6375,-2.5111651705602283
106,9.9517,149.276,2.640625,-2.5062155791244134
106,9.9517,149.276,2.6437500000000003,-2.48548831098865
106,9.9517,149.276,2.646875,-2.4505302515417853
106,9.9517,149.276,2.6500000000000004,-2.4050370301808446
106,9.9517,149.276,2.653125,-2.352260534749336
106,9.9517,149.276,2.65625,-2.29270835014016
106,9.9517,149.276,2.6593750000000003,-2.234254506964725
106,9.9517,149.276,2.6625,-2.179131482362601
106,9.9517,149.276,2.6656250000000004,-2.124828555122681
106,9.9517,149.276,2.66875,-2.0797848812702715
106,9.9517,149.276,2.671875,-2.0435874612045506
106,9.9517,149.276,2.6750000000000003,-2.0110664974808747
106,9.9517,149.276,2.678125,-1.98549315632808
106,9.9517,149.276,2.6812500000000004,-1.9620075513737008
106,9.9517,149.276,2.684375,-1.940619341978288
106,9.9517,149.276,2.6875,-1.9297452429340034
106,9.9517,149.276,2.6906250000000003,-1.9256113703817124
106,9.9517,149.276,2.69375,-1.9405796826950552
106,9.9517,149.276,2.6968750000000004,-1.9735053700681817
106,9.9517,149.276,2.7,-2.0242123730219466
106,9.9517,149.276,2.703125,-2.095786728523022
106,9.9517,149.276,2.7062500000000003,-2.1757376746135395
106,9.9517,149.276,2.709375,-2.2648405719883433
106,9.9517,149.276,2.7125000000000004,-2.351958685435331
106,9.9517,149.276,2.715625,-2.4364302847437393
106,9.9517,149.276,2.71875,-2.5081587102871232
106,9.9517,149.276,2.7218750000000003,-2.5663376236086073
106,9.9517,149.276,2.725,-2.5965448349282996
106,9.9517,149.276,2.7281250000000004,-2.6120471284247593
106,9.9517,149.276,2.73125,-2.604884861552455
106,9.9517,149.276,2.734375,-2.5807659852248115
106,9.9517,149.276,2.7375000000000003,-2.5355348646852134
106,9.9517,149.276,2.740625,-2.4712825130517864
106,9.9517,149.276,2.7437500000000004,-2.3989839722160338
106,9.9517,149.276,2.746875,-2.321584960715095
106,9.9517,149.276,2.75,-2.255467960722498
106,9.9517,149.276,2.7531250000000003,-2.244381814021904
106,9.9517,149.276,2.75625,-2.375367661107539
106,9.9517,149.276,2.7593750000000004,-2.2107716702445117
106,9.9517,149.276,2.7625,-1.9514158171574296
106,9.9517,149.276,2.765625,-1.8201383777091276
106,9.9517,149.276,2.7687500000000003,-1.7212688383402135
106,9.9517,149.276,2.771875,-1.6540832624763482
106,9.9517,149.276,2.7750000000000004,-1.6141186448987999
106,9.9517,149.276,2.778125,-1.6003113674081533
106,9.9517,149.276,2.78125,-1.6122193060635273
106,9.9517,149.276,2.7843750000000003,-1.6478653099450953
106,9.9517,149.276,2.7875,-1.7099298157746325
106,9.9517,149.276,2.7906250000000004,-1.7912598600552088
106,9.9517,149.276,2.79375,-1.8928093131824133
106,9.9517,149.276,2.796875,-2.004772945289138
106,9.9517,149.276,2.8000000000000003,-2.1235277012916147
106,9.9517,149.276,2.803125,-2.245011679532877
106,9.9517,149.276,2.8062500000000004,-2.357389721014876
106,9.9517,149.276,2.809375,-2.459450022433786
106,9.9517,149.276,2.8125,-2.5400341610198502
106,9.9517,149.276,2.8156250000000003,-2.599590938590225
106,9.9517,149.276,2.81875,-2.639102983932409
106,9.9517,149.276,2.8218750000000004,-2.65222639871249
106,9.9517,149.276,2.825,-2.6429938146555454
106,9.9517,149.276,2.828125,-2.6092656835764902
106,9.9517,149.276,2.8312500000000003,-2.556066893845985
106,9.9517,149.276,2.834375,-2.488078672335364
106,9.9517,149.276,2.8375000000000004,-2.4067799789110342
106,9.9517,149.276,2.840625,-2.314316241824789
106,9.9517,149.276,2.84375,-2.2218926740485947
106,9.9517,149.276,2.8468750000000003,-2.1272662054976315
106,9.9517,149.276,2.85,-2.041155667912543
106,9.9517,149.276,2.8531250000000004,-1.9566323173512425
106,9.9517,149.276,2.85625,-1.8853772509061828
106,9.9517,149.276,2.859375,-1.8281643564827919
106,9.9517,149.276,2.8625000000000003,-1.7865423313634055
106,9.9517,149.276,2.865625,-1.7662829226499621
106,9.9517,149.276,2.8687500000000004,-1.766762537967491
106,9.9517,149.276,2.871875,-1.7878256811017355
106,9.9517,149.276,2.875,-1.8334965425518095
106,9.9517,149.276,2.8781250000000003,-1.89966814562568
106,9.9517,149.276,2.88125,-1.9847094697810226
106,9.9517,149.276,2.8843750000000004,-2.0814102321966974
106,9.9517,149.276,2.8875,-2.1939012836221163
106,9.9517,149.276,2.890625,-2.3129636985055155
106,9.9517,149.276,2.8937500000000003,-2.43064151071279
106,9.9517,149.276,2.896875,-2.547742690933679
106,9.9517,149.276,2.9000000000000004,-2.653134380741076
106,9.9517,149.276,2.903125,-2.7491150992854307
106,9.9517,149.276,2.90625,-2.826346373007512
106,9.9517,149.276,2.9093750000000003,-2.8843010169755194
106,9.9517,149.276,2.9125,-2.919688229954347
106,9.9517,149.276,2.9156250000000004,-2.9381635606821845
106,9.9517,149.276,2.91875,-2.9400244851867936
106,9.9517,149.276,2.921875,-2.9230315892158854
106,9.9517,149.276,2.9250000000000003,-2.8863600345064517
106,9.9517,149.276,2.928125,-2.825468739722276
106,9.9517,149.276,2.9312500000000004,-2.754303419898613
106,9.9517,149.276,2.934375,-2.6747505574387627
106,9.9517,149.276,2.9375,-2.593674061283215
106,9.9517,149.276,2.9406250000000003,-2.510587531603435
106,9.9517,149.276,2.94375,-2.4336374440807433
106,9.9517,149.276,2.9468750000000004,-2.3654616766892076
106,9.9517,149.276,2.95,-2.3147236223096406
106,9.9517,149.276,2.953125,-2.276316724726289
106,9.9517,149.276,2.9562500000000003,-2.2618145270051553
106,9.9517,149.276,2.959375,-2.2663511351972225
106,9.9517,149.276,2.9625000000000004,-2.296373439730351
106,9.9517,149.276,2.965625,-2.3529364508985458
106,9.9517,149.276,2.96875,-2.4307641739857058
106,9.9517,149.276,2.9718750000000003,-2.5274437875590032
106,9.9517,149.276,2.975,-2.645423081193792
106,9.9517,149.276,2.9781250000000004,-2.7741160738569985
106,9.9517,149.276,2.98125,-2.9047173011585734
106,9.9517,149.276,2.984375,-3.0346268017882787
106,9.9517,149.276,2.9875000000000003,-3.1546762880254757
106,9.9517,149.276,2.990625,-3.2640807952731326
106,9.9517,149.276,2.9937500000000004,-3.3519442066568943
106,9.9517,149.276,2.996875,-3.418432333840919
106,9.9517,149.276,3.0,-3.4552798588544404
106,9.9517,149.276,3.0031250000000003,-3.4724103290827335
106,9.9517,149.276,3.00625,-3.460397875288155
106,9.9517,149.276,3.0093750000000004,-3.42487887837629
106,9.9517,149.276,3.0125,-3.3731251075048747
106,9.9517,149.276,3.015625,-3.305409290788587
106,9.9517,149.276,3.0187500000000003,-3.2238842508317127
106,9.9517,149.276,3.021875,-3.135905826362393
106,9.9517,149.276,3.0250000000000004,-3.0468158363634306
106,9.9517,149.276,3.028125,-2.953598234402432
106,9.9517,149.276,3.03125,-2.8671668538737984
106,9.9517,149.276,3.0343750000000003,-2.7886407140109357
106,9.9517,149.276,3.0375,-2.719906906789004
106,9.9517,149.276,3.0406250000000004,-2.6665110208221634
106,9.9517,149.276,3.04375,-2.6300020587505872
106,9.9517,149.276,3.046875,-2.6135446649199374
106,9.9517,149.276,3.0500000000000003,-2.617051960198819
106,9.9517,149.276,3.053125,-2.642339463767842
106,9.9517,149.276,3.0562500000000004,-2.6902299192196395
106,9.9517,149.276,3.059375,-2.758386410872762
106,9.9517,149.276,3.0625,-2.842183735090795
106,9.9517,149.276,3.0656250000000003,-2.9418419392740986
106,9.9517,149.276,3.06875,-3.0469978420247545
106,9.9517,149.276,3.0718750000000004,-3.167737072818562
106,9.9517,149.276,3.075,-3.2846020653272086
106,9.9517,149.276,3.078125,-3.398828199773387
106,9.9517,149.276,3.0812500000000003,-3.4966627547564686
106,9.9517,149.276,3.084375,-3.578162932996741
106,9.9517,149.276,3.0875000000000004,-3.6413258532574986
106,9.9517,149.276,3.090625,-3.6830752704516296
106,9.9517,149.276,3.09375,-3.6984405829874003
106,9.9517,149.276,3.0968750000000003,-3.6916874657201415
106,9.9517,149.276,3.1,-3.654152835320001
106,9.9517,149.276,3.1031250000000004,-3.5948250814365594
106,9.9517,149.276,3.10625,-3.519200156809198
106,9.9517,149.276,3.109375,-3.4307247859324743
106,9.9517,149.276,3.1125000000000003,-3.326856182293507
106,9.9517,149.276,3.115625,-3.2109575255150298
106,9.9517,149.276,3.1187500000000004,-3.0932037762244042
106,9.9517,149.276,3.121875,-2.9771684395189126
106,9.9517,149.276,3.125,-2.863988252262672
106,9.9517,149.276,3.1281250000000003,-2.763650401675047
106,9.9517,149.276,3.13125,-2.669229621650322
106,9.9517,149.276,3.1343750000000004,-2.597313340126753
106,9.9517,149.276,3.1375,-2.542230629829088
106,9.9517,149.276,3.140625,-2.5109937740255726
106,9.9517,149.276,3.1437500000000003,-2.5023967079155
106,9.9517,149.276,3.146875,-2.5211854158716376
106,9.9517,149.276,3.1500000000000004,-2.5664984867386256
106,9.9517,149.276,3.153125,-2.632143507607388
106,9.9517,149.276,3.15625,-2.718912814533901
106,9.9517,149.276,3.1593750000000003,-2.8224648358675863
106,9.9517,149.276,3.1625,-2.9348956514574303
106,9.9517,149.276,3.1656250000000004,-3.0554916530253973
106,9.9517,149.276,3.16875,-3.1791885762152097
106,9.9517,149.276,3.171875,-3.2938366356169038
106,9.9517,149.276,3.1750000000000003,-3.397519931916536
106,9.9517,149.276,3.178125,-3.480197476866056
106,9.9517,149.276,3.1812500000000004,-3.5451920162484916
106,9.9517,149.276,3.184375,-3.583733073564495
106,9.9517,149.276,3.1875,-3.6052313947603865
106,9.9517,149.276,3.1906250000000003,-3.595706184579268
106,9.9517,149.276,3.19375,-3.5536944773081904
106,9.9517,149.276,3.1968750000000004,-3.496102677360116
106,9.9517,149.276,3.2,-3.411301736539509
106,9.9517,149.276,3.203125,-3.3078008235816476
106,9.9517,149.276,3.2062500000000003,-3.2003983778953247
106,9.9517,149.276,3.209375,-3.089943673857544
106,9.9517,149.276,3.2125000000000004,-2.979936946759913
106,9.9517,149.276,3.215625,-2.8716050639170794
106,9.9517,149.276,3.21875,-2.7764214404632312
106,9.9517,149.276,3.2218750000000003,-2.690521761302775
106,9.9517,149.276,3.225,-2.6244697775179437
106,9.9517,149.276,3.2281250000000004,-2.57873322670135
106,9.9517,149.276,3.23125,-2.5572600930140195
106,9.9517,149.276,3.234375,-2.563641702537697
106,9.9517,149.276,3.2375000000000003,-2.5990796042540296
106,9.9517,149.276,3.240625,-2.666367725361758
106,9.9517,149.276,3.2437500000000004,-2.753388829433558
106,9.9517,149.276,3.246875,-2.851679069715228
106,9.9517,149.276,3.25,-2.965220270646351
106,9.9517,149.276,3.2531250000000003,-3.0865152931800273
106,9.9517,149.276,3.25625,-3.219313069277954
106,9.9517,149.276,3.2593750000000004,-3.345524365277317
106,9.9517,149.276,3.2625,-3.4667053877276137
106,9.9517,149.276,3.265625,-3.5747582510273106
106,9.9517,149.276,3.2687500000000003,-3.661945239643613
106,9.9517,149.276,3.271875,-3.724772579350617
106,9.9517,149.276,3.2750000000000004,-3.7671512701901237
106,9.9517,149.276,3.278125,-3.7864462763400213
106,9.9517,149.276,3.28125,-3.780217947099036
106,9.9517,149.276,3.2843750000000003,-3.7579660695167956
106,9.9517,149.276,3.2875,-3.7167565630488597
106,9.9517,149.276,3.2906250000000004,-3.661692749915688
106,9.9517,149.276,3.29375,-3.5916652381209695
106,9.9517,149.276,3.296875,-3.5200370865695114
106,9.9517,149.276,3.3000000000000003,-3.444789713959677
106,9.9517,149.276,3.303125,-3.371391542033346
106,9.9517,149.276,3.3062500000000004,-3.2984437306379366
106,9.9517,149.276,3.309375,-3.2411033803631666
106,9.9517,149.276,3.3125,-3.1903929647012577
106,9.9517,149.276,3.3156250000000003,-3.164670366122086
106,9.9517,149.276,3.31875,-3.157954010339182
106,9.9517,149.276,3.3218750000000004,-3.1766457657210285
106,9.9517,149.276,3.325,-3.218329243771696
106,9.9517,149.276,3.328125,-3.2931889283874707
106,9.9517,149.276,3.3312500000000003,-3.400164858117008
106,9.9517,149.276,3.334375,-3.5358419317216097
106,9.9517,149.276,3.3375000000000004,-3.7003459251872655
106,9.9517,149.276,3.340625,-3.8903739351403983
106,9.9517,149.276,3.34375,-4.090944036656615
106,9.9517,149.276,3.3468750000000003,-4.309498707016794
106,9.9517,149.276,3.35,-4.525851746066065
106,9.9517,149.276,3.3531250000000004,-4.735304557962368
106,9.9517,149.276,3.35625,-4.929131791847471
106,9.9517,149.276,3.359375,-5.10430389979336
106,9.9517,149.276,3.3625000000000003,-5.246789080581548
106,9.9517,149.276,3.365625,-5.354952485406008
106,9.9517,149.276,3.3687500000000004,-5.434766392603871
106,9.9517,149.276,3.371875,-5.474852676276495
106,9.9517,149.276,3.375,-5.487418070268463
106,9.9517,149.276,3.3781250000000003,-5.472995878795066
106,9.9517,149.276,3.38125,-5.439279963626453
106,9.9517,149.276,3.3843750000000004,-5.394133814446058
106,9.9517,149.276,3.3875,-5.342199435829333
106,9.9517,149.276,3.390625,-5.296693519254097
106,9.9517,149.276,3.3937500000000003,-5.25967922417352
106,9.9517,149.276,3.396875,-5.243015315417734
106,9.9517,149.276,3.4000000000000004,-5.252773118553028
106,9.9517,149.276,3.403125,-5.294673453154299
106,9.9517,149.276,3.40625,-5.374406030975018
106,9.9517,149.276,3.4093750000000003,-5.491593740909536
106,9.9517,149.276,3.4125,-5.649155628695738
106,9.9517,149.276,3.4156250000000004,-5.852711805937684
106,9.9517,149.276,3.41875,-6.101381126961783
106,9.9517,149.276,3.421875,-6.380324329421143
106,9.9517,149.276,3.4250000000000003,-6.689242003136031
106,9.9517,149.276,3.428125,-7.024528321958191
106,9.9517,149.276,3.4312500000000004,-7.3696468692590935
106,9.9517,149.276,3.434375,-7.715980145190486
106,9.9517,149.276,3.4375,-8.049055544812603
106,9.9517,149.276,3.4406250000000003,-8.365232164052893
106,9.9517,149.276,3.44375,-8.646086822517304
106,9.9517,149.276,3.4468750000000004,-8.897265671018479
106,9.9517,149.276,3.45,-9.105201508474801
106,9.9517,149.276,3.453125,-9.27085140570411
106,9.9517,149.276,3.4562500000000003,-9.390937074542048
106,9.9517,149.276,3.459375,-9.478546089372596
106,9.9517,149.276,3.4625000000000004,-9.523152707904314
106,9.9517,149.276,3.465625,-9.551796267623283
106,9.9517,149.276,3.46875,-9.543063711919814
106,9.9517,149.276,3.4718750000000003,-9.530642921285247
106,9.9517,149.276,3.475,-9.495692386067773
106,9.9517,149.276,3.4781250000000004,-9.441427124056078
106,9.9517,149.276,3.48125,-9.375714303155837
106,9.9517,149.276,3.484375,-9.30770358155694
106,9.9517,149.276,3.4875000000000003,-9.220121527199801
106,9.9517,149.276,3.490625,-9.120968065299861
106,9.9517,149.276,3.4937500000000004,-9.011330428551211
106,9.9517,149.276,3.496875,-8.884164760070227
106,9.9517,149.276,3.5,-8.739860380386697
106,9.9517,149.276,3.5031250000000003,-8.593431435315772
106,9.9517,149.276,3.50625,-8.435880357123366
106,9.9517,149.276,3.5093750000000004,-8.280479362962652
106,9.9517,149.276,3.5125,-8.121731126780764
106,9.9517,149.276,3.515625,-7.951863980519391
106,9.9517,149.276,3.5187500000000003,-7.794828478935679
106,9.9517,149.276,3.521875,-7.647782018773417
106,9.9517,149.276,3.5250000000000004,-7.50181745261548
106,9.9517,149.276,3.528125,-7.357843060399116
106,9.9517,149.276,3.53125,-7.237712300348935
106,9.9517,149.276,3.5343750000000003,-7.137662139391498
106,9.9517,149.276,3.5375,-7.065410696617037
106,9.9517,149.276,3.5406250000000004,-7.0347354937171485
106,9.9517,149.276,3.54375,-6.988917462731984
106,9.9517,149.276,3.546875,-6.85713449760597
106,9.9517,149.276,3.5500000000000003,-6.702626262778665
106,9.9517,149.276,3.553125,-6.537454117347753
106,9.9517,149.276,3.5562500000000004,-6.369400419473851
106,9.9517,149.276,3.559375,-6.1897728703764265
106,9.9517,149.276,3.5625,-5.998639740030384
106,9.9517,149.276,3.5656250000000003,-5.798355218078697
106,9.9517,149.276,3.56875,-5.5885232488127725
106,9.9517,149.276,3.5718750000000004,-5.374304441108377
106,9.9517,149.276,3.575,-5.163194110974595
106,9.9517,149.276,3.5781250000000004,-4.9463856736414975
106,9.9517,149.276,3.5812500000000003,-4.732852500144514
106,9.9517,149.276,3.584375,-4.522558972529171
106,9.9517,149.276,3.5875000000000004,-4.3267820297810955
106,9.9517,149.276,3.590625,-4.141972608920482
106,9.9517,149.276,3.5937500000000004,-3.9875875882008938
106,9.9517,149.276,3.5968750000000003,-3.8534323069464
106,9.9517,149.276,3.6,-3.7535393005949906
106,9.9517,149.276,3.6031250000000004,-3.7050338803479734
106,9.9517,149.276,3.60625,-3.698456616387616
106,9.9517,149.276,3.6093750000000004,-3.738288913613445
106,9.9517,149.276,3.6125000000000003,-3.7934468544531126
106,9.9517,149.276,3.615625,-3.83399710229815
106,9.9517,149.276,3.6187500000000004,-3.861890746994057
106,9.9517,149.276,3.621875,-3.8977905078418784
106,9.9517,149.276,3.6250000000000004,-3.95701599945094
106,9.9517,149.276,3.6281250000000003,-4.047754758310317
106,9.9517,149.276,3.63125,-4.150990753260606
106,9.9517,149.276,3.6343750000000004,-4.276475849318645
106,9.9517,149.276,3.6375,-4.401304800851968
106,9.9517,149.276,3.6406250000000004,-4.529323568727995
106,9.9517,149.276,3.6437500000000003,-4.673810594750283
106,9.9517,149.276,3.646875,-4.86134531464539
106,9.9517,149.276,3.6500000000000004,-5.044329971304558
106,9.9517,149.276,3.653125,-5.029816396895797
106,9.9517,149.276,3.6562500000000004,-4.880330957333579
106,9.9517,149.276,3.6593750000000003,-4.749266721139975
106,9.9517,149.276,3.6625,-4.62587117470877
106,9.9517,149.276,3.6656250000000004,-4.512025846588029
106,9.9517,149.276,3.66875,-4.3975511206521265
106,9.9517,149.276,3.6718750000000004,-4.2893519927025325
106,9.9517,149.276,3.6750000000000003,-4.189912661047684
106,9.9517,149.276,3.678125,-4.108944522596325
106,9.9517,149.276,3.6812500000000004,-4.066921278388004
106,9.9517,149.276,3.684375,-4.103536521316614
106,9.9517,149.276,3.6875000000000004,-4.2177288060202685
106,9.9517,149.276,3.6906250000000003,-3.9982239560676387
106,9.9517,149.276,3.69375,-3.824418737881472
106,9.9517,149.276,3.6968750000000004,-3.8018939428368976
106,9.9517,149.276,3.7,-3.8409241166023316
106,9.9517,149.276,3.7031250000000004,-3.921676907686806
106,9.9517,149.276,3.7062500000000003,-4.045757269167469
106,9.9517,149.276,3.709375,-4.208025001206929
106,9.9517,149.276,3.7125000000000004,-4.406277141974212
106,9.9517,149.276,3.715625,-4.630680877570989
106,9.9517,149.276,3.7187500000000004,-4.8850502371340205
106,9.9517,149.276,3.7218750000000003,-5.15239625638813
106,9.9517,149.276,3.725,-5.424536506068608
106,9.9517,149.276,3.7281250000000004,-5.69295122097766
106,9.9517,149.276,3.73125,-5.953325695523304
106,9.9517,149.276,3.7343750000000004,-6.189808704940316
106,9.9517,149.276,3.7375000000000003,-6.402342011874063
106,9.9517,149.276,3.740625,-6.582827078337972
106,9.9517,149.276,3.7437500000000004,-6.721173928757233
106,9.9517,149.276,3.746875,-6.828394410607046
106,9.9517,149.276,3.7500000000000004,-6.866754125260588
106,9.9517,149.276,3.7531250000000003,-6.804802684650198
106,9.9517,149.276,3.75625,-6.663165380518306
106,9.9517,149.276,3.7593750000000004,-6.46467421637405
106,9.9517,149.276,3.7625,-6.223791951261486
106,9.9517,149.276,3.7656250000000004,-5.955371586772254
106,9.9517,149.276,3.7687500000000003,-5.679095497545853
106,9.9517,149.276,3.771875,-5.405151874709685
106,9.9517,149.276,3.7750000000000004,-5.141593647565021
106,9.9517,149.276,3.778125,-4.912571968272964
106,9.9517,149.276,3.7812500000000004,-4.709065420928688
106,9.9517,149.276,3.7843750000000003,-4.5418175967512555
106,9.9517,149.276,3.7875,-4.4116906444997825
106,9.9517,149.276,3.7906250000000004,-4.32493595853552
106,9.9517,149.276,3.79375,-4.270755328678427
106,9.9517,149.276,3.7968750000000004,-4.255860510288507
106,9.9517,149.276,3.8000000000000003,-4.276504606988812
106,9.9517,149.276,3.803125,-4.324151030844146
106,9.9517,149.276,3.8062500000000004,-4.399978777938346
106,9.9517,149.276,3.809375,-4.494892548288699
106,9.9517,149.276,3.8125000000000004,-4.599694761258844
106,9.9517,149.276,3.8156250000000003,-4.7110669658068325
106,9.9517,149.276,3.81875,-4.813360809021152
106,9.9517,149.276,3.8218750000000004,-4.903129503702608
106,9.9517,149.276,3.825,-4.983780250133844
106,9.9517,149.276,3.8281250000000004,-5.054382679979228
106,9.9517,149.276,3.8312500000000003,-5.119065548576303
106,9.9517,149.276,3.834375,-5.139870776938553
106,9.9517,149.276,3.8375000000000004,-5.129975474961111
106,9.9517,149.276,3.840625,-5.085397600601019
106,9.9517,149.276,3.8437500000000004,-5.017819283262278
106,9.9517,149.276,3.8468750000000003,-4.95426994578701
106,9.9517,149.276,3.85,-4.874289610457186
106,9.9517,149.276,3.8531250000000004,-4.7848474481085415
106,9.9517,149.276,3.85625,-4.69000524317985
106,9.9517,149.276,3.8593750000000004,-4.599537571530066
106,9.9517,149.276,3.8625000000000003,-4.509939700297038
106,9.9517,149.276,3.865625,-4.431646663127656
106,9.9517,149.276,3.8687500000000004,-4.362724357853839
106,9.9517,149.276,3.871875,-4.3110032863679
106,9.9517,149.276,3.8750000000000004,-4.280710943579055
106,9.9517,149.276,3.8781250000000003,-4.275427141223166
106,9.9517,149.276,3.88125,-4.3020358424236145
106,9.9517,149.276,3.8843750000000004,-4.35067140258111
106,9.9517,149.276,3.8875,-4.422715468804441
106,9.9517,149.276,3.8906250000000004,-4.522821259185575
106,9.9517,149.276,3.8937500000000003,-4.638698904077945
106,9.9517,149.276,3.896875,-4.765316345945281
106,9.9517,149.276,3.9000000000000004,-4.911774008948534
106,9.9517,149.276,3.903125,-5.051198950247776
106,9.9517,149.276,3.9062500000000004,-5.184982370338242
106,9.9517,149.276,3.9093750000000003,-5.312817670221419
106,9.9517,149.276,3.9125,-5.412634650796883
106,9.9517,149.276,3.9156250000000004,-5.491975493307763
106,9.9517,149.276,3.91875,-5.542724181284177
106,9.9517,149.276,3.9218750000000004,-5.553451825858976
106,9.9517,149.276,3.9250000000000003,-5.534897570991158
106,9.9517,149.276,3.928125,-5.494350528253529
106,9.9517,149.276,3.9312500000000004,-5.430457311001349
106,9.9517,149.276,3.934375,-5.348087001357575
106,9.9517,149.276,3.9375000000000004,-5.252573319951768
106,9.9517,149.276,3.9406250000000003,-5.153879983921295
106,9.9517,149.276,3.94375,-5.047321037418736
106,9.9517,149.276,3.9468750000000004,-4.945045795868606
106,9.9517,149.276,3.95,-4.846565869872207
106,9.9517,149.276,3.9531250000000004,-4.761331276429886
106,9.9517,149.276,3.9562500000000003,-4.690465768391226
106,9.9517,149.276,3.959375,-4.633780373265758
106,9.9517,149.276,3.9625000000000004,-4.599241534622244
106,9.9517,149.276,3.965625,-4.582229926894891
106,9.9517,149.276,3.9687500000000004,-4.592401234286097
106,9.9517,149.276,3.9718750000000003,-4.6251559127259245
106,9.9517,149.276,3.975,-4.6827083904240085
106,9.9517,149.276,3.9781250000000004,-4.760393447379684
106,9.9517,149.276,3.98125,-4.865759823510874
106,9.9517,149.276,3.9843750000000004,-4.985704509781436
106,9.9517,149.276,3.9875000000000003,-5.117518911056153
106,9.9517,149.276,3.990625,-5.2539127115765645
106,9.9517,149.276,3.9937500000000004,-5.384558317771284
106,9.9517,149.276,3.996875,-5.505800543202495
106,9.9517,149.276,4.0,-5.608977343808908
106,9.9517,149.276,4.003125,-5.688225871629501
106,9.9517,149.276,4.0062500000000005,-5.737758647077127
106,9.9517,149.276,4.009375,-5.766263380420879
106,9.9517,149.276,4.0125,-5.765698800386029
106,9.9517,149.276,4.015625,-5.736204725349178
106,9.9517,149.276,4.01875,-5.673804941703885
106,9.9517,149.276,4.0218750000000005,-5.599335621600234
106,9.9517,149.276,4.025,-5.508655332234058
106,9.9517,149.276,4.028125,-5.40977057822531
106,9.9517,149.276,4.03125,-5.3051906201220085
106,9.9517,149.276,4.034375,-5.204210056550991
106,9.9517,149.276,4.0375000000000005,-5.107316042427383
106,9.9517,149.276,4.040625,-5.019111176424071
106,9.9517,149.276,4.04375,-4.947302620763306
106,9.9517,149.276,4.046875,-4.888522083169666
106,9.9517,149.276,4.05,-4.857909849349558
106,9.9517,149.276,4.0531250000000005,-4.853478965761547
106,9.9517,149.276,4.05625,-4.871005082330458
106,9.9517,149.276,4.059375,-4.925018667147627
106,9.9517,149.276,4.0625,-5.0040314035493605
106,9.9517,149.276,4.065625,-5.111381557293486
106,9.9517,149.276,4.0687500000000005,-5.248706254271926
106,9.9517,149.276,4.071875,-5.39908204609695
106,9.9517,149.276,4.075,-5.578306879996372
106,9.9517,149.276,4.078125,-5.7640022393902495
106,9.9517,149.276,4.08125,-5.957553938495779
106,9.9517,149.276,4.0843750000000005,-6.1491413273284214
106,9.9517,149.276,4.0875,-6.325796471161436
106,9.9517,149.276,4.090625,-6.483913423376969
106,9.9517,149.276,4.09375,-6.61638433974865
106,9.9517,149.276,4.096875,-6.697097668345696
106,9.9517,149.276,4.1000000000000005,-6.635931473288478
106,9.9517,149.276,4.103125,-6.4094688312270565
106,9.9517,149.276,4.10625,-6.272946988350406
106,9.9517,149.276,4.109375,-6.214382523679874
106,9.9517,149.276,4.1125,-6.152628768564204
106,9.9517,149.276,4.1156250000000005,-6.0724334423089665
106,9.9517,149.276,4.11875,-5.978355603519035
106,9.9517,149.276,4.121875,-5.8715067763075455
106,9.9517,149.276,4.125,-5.769770391893646
106,9.9517,149.276,4.128125,-5.658507746375321
106,9.9517,149.276,4.1312500000000005,-5.565433887720794
106,9.9517,149.276,4.134375,-5.4776509165217755
106,9.9517,149.276,4.1375,-5.406917832974734
106,9.9517,149.276,4.140625,-5.3576147088323145
106,9.9517,149.276,4.14375,-5.325645505769252
106,9.9517,149.276,4.1468750000000005,-5.319183210644367
106,9.9517,149.276,4.15,-5.349511068381023
106,9.9517,149.276,4.153125,-5.399361503278898
106,9.9517,149.276,4.15625,-5.478573388305094
106,9.9517,149.276,4.159375,-5.5768588665363765
106,9.9517,149.276,4.1625000000000005,-5.693177663487541
106,9.9517,149.276,4.165625,-5.821126639593876
106,9.9517,149.276,4.16875,-5.949310021239887
106,9.9517,149.276,4.171875,-6.081553346252915
106,9.9517,149.276,4.175,-6.201781215611119
106,9.9517,149.276,4.1781250000000005,-6.29977680787921
106,9.9517,149.276,4.18125,-6.377306289310113
106,9.9517,149.276,4.184375,-6.423180617684703
106,9.9517,149.276,4.1875,-6.434582832136631
106,9.9517,149.276,4.190625,-6.420647000581069
106,9.9517,149.276,4.1937500000000005,-6.382377918127662
106,9.9517,149.276,4.196875,-6.3165863194659275
106,9.9517,149.276,4.2,-6.238315120098292
106,9.9517,149.276,4.203125,-6.141163017411099
106,9.9517,149.276,4.20625,-6.036471963908045
106,9.9517,149.276,4.2093750000000005,-5.933484339574079
106,9.9517,149.276,4.2125,-5.829585792813675
106,9.9517,149.276,4.215625,-5.727294058348276
106,9.9517,149.276,4.21875,-5.640225299969204
106,9.9517,149.276,4.221875,-5.56079989298257
106,9.9517,149.276,4.2250000000000005,-5.5086012909250055
106,9.9517,149.276,4.228125,-5.464019440040398
106,9.9517,149.276,4.23125,-5.447161013441272
106,9.9517,149.276,4.234375,-5.458185793667414
106,9.9517,149.276,4.2375,-5.4813046630643525
106,9.9517,149.276,4.2406250000000005,-5.537929706546273
106,9.9517,149.276,4.24375,-5.615304871410527
106,9.9517,149.276,4.246875,-5.713043827683567
106,9.9517,149.276,4.25,-5.844896897848218
106,9.9517,149.276,4.253125,-5.987319588021709
106,9.9517,149.276,4.2562500000000005,-6.149483262572683
106,9.9517,149.276,4.259375,-6.311520674104191
106,9.9517,149.276,4.2625,-6.470960096374046
106,9.9517,149.276,4.265625,-6.626820478147918
106,9.9517,149.276,4.26875,-6.761704718186414
106,9.9517,149.276,4.2718750000000005,-6.865961719374186
106,9.9517,149.276,4.275,-6.9514714519654675
106,9.9517,149.276,4.278125,-6.9997403412244354
106,9.9517,149.276,4.28125,-7.013643123030309
106,9.9517,149.276,4.284375000000001,-6.9951660208779405
106,9.9517,149.276,4.2875000000000005,-6.94155974741078
106,9.9517,149.276,4.290625,-6.863998281927807
106,9.9517,149.276,4.29375,-6.763644820540447
106,9.9517,149.276,4.296875,-6.645176413915549
106,9.9517,149.276,4.300000000000001,-6.515261799893187
106,9.9517,149.276,4.3031250000000005,-6.38809139922172
106,9.9517,149.276,4.30625,-6.256729302877432
106,9.9517,149.276,4.309375,-6.130300135726294
106,9.9517,149.276,4.3125,-6.024858515626973
106,9.9517,149.276,4.315625000000001,-5.9232265250194
106,9.9517,149.276,4.3187500000000005,-5.852782376516519
106,9.9517,149.276,4.321875,-5.79993661430707
106,9.9517,149.276,4.325,-5.775160951053381
106,9.9517,149.276,4.328125,-5.769467656857693
106,9.9517,149.276,4.331250000000001,-5.79319333480587
106,9.9517,149.276,4.3343750000000005,-5.838840273206997
106,9.9517,149.276,4.3375,-5.894880832909873
106,9.9517,149.276,4.340625,-5.970592307246493
106,9.9517,149.276,4.34375,-6.046840187509965
106,9.9517,149.276,4.346875000000001,-6.1074119983545225
106,9.9517,149.276,4.3500000000000005,-6.146642254714964
106,9.9517,149.276,4.353125,-6.148864059331062
106,9.9517,149.276,4.35625,-6.157003822479719
106,9.9517,149.276,4.359375,-6.178937496437903
106,9.9517,149.276,4.362500000000001,-6.213552963724412
106,9.9517,149.276,4.3656250000000005,-6.232526327361903
106,9.9517,149.276,4.36875,-6.237022212011918
106,9.9517,149.276,4.371875,-6.214602418402561
106,9.9517,149.276,4.375,-6.163790622900542
106,9.9517,149.276,4.378125000000001,-6.097310447604101
106,9.9517,149.276,4.3812500000000005,-6.010325067254307
106,9.9517,149.276,4.384375,-5.911634748909167
106,9.9517,149.276,4.3875,-5.805702050843353
106,9.9517,149.276,4.390625,-5.6907309128256625
106,9.9517,149.276,4.393750000000001,-5.57459702451313
106,9.9517,149.276,4.3968750000000005,-5.4686946201563655
106,9.9517,149.276,4.4,-5.36414592653311
106,9.9517,149.276,4.403125,-5.272309562054524
106,9.9517,149.276,4.40625,-5.191475944469769
106,9.9517,149.276,4.409375000000001,-5.13326351056395
106,9.9517,149.276,4.4125000000000005,-5.086211631956471
106,9.9517,149.276,4.415625,-5.05794535669549
106,9.9517,149.276,4.41875,-5.0436343324934025
106,9.9517,149.276,4.421875,-5.020622102383262
106,9.9517,149.276,4.425000000000001,-5.002981070660976
106,9.9517,149.276,4.4281250000000005,-5.033881075139223
106,9.9517,149.276,4.43125,-5.138500276977473
106,9.9517,149.276,4.434375,-5.294808930621022
106,9.9517,149.276,4.4375,-5.483065978487485
106,9.9517,149.276,4.440625000000001,-5.678818234260162
106,9.9517,149.276,4.4437500000000005,-5.818877239535313
106,9.9517,149.276,4.446875,-5.914642172024483
106,9.9517,149.276,4.45,-5.960352158801622
106,9.9517,149.276,4.453125,-6.036063697301292
106,9.9517,149.276,4.456250000000001,-6.092781286913401
106,9.9517,149.276,4.4593750000000005,-6.126738609265479
106,9.9517,149.276,4.4625,-6.128723191682935
106,9.9517,149.276,4.465625,-6.099153273637734
106,9.9517,149.276,4.46875,-6.042365773260375
106,9.9517,149.276,4.471875000000001,-5.9679219531218575
106,9.9517,149.276,4.4750000000000005,-5.868593351705281
106,9.9517,149.276,4.478125,-5.756843776073003
106,9.9517,149.276,4.48125,-5.629318849665345
106,9.9517,149.276,4.484375,-5.49741597028456
106,9.9517,149.276,4.487500000000001,-5.359364784500853
106,9.9517,149.276,4.4906250000000005,-5.2201646278339595
106,9.9517,149.276,4.49375,-5.088063382708606
106,9.9517,149.276,4.496875,-4.964598083299859
106,9.9517,149.276,4.5,-4.856900779209728
106,9.9517,149.276,4.503125000000001,-4.759088020487912
106,9.9517,149.276,4.5062500000000005,-4.682603090802145
106,9.9517,149.276,4.509375,-4.6380654224134625
106,9.9517,149.276,4.5125,-4.642106898203197
106,9.9517,149.276,4.515625,-4.703824336932913
106,9.9517,149.276,4.518750000000001,-4.778358966127254
106,9.9517,149.276,4.5218750000000005,-4.824757799712811
106,9.9517,149.276,4.525,-4.8654708833684275
106,9.9517,149.276,4.528125,-4.914583060362888
106,9.9517,149.276,4.53125,-4.958944439258188
106,9.9517,149.276,4.534375000000001,-5.018817535267937
106,9.9517,149.276,4.5375000000000005,-5.0751364001524335
106,9.9517,149.276,4.540625,-5.120401846800302
106,9.9517,149.276,4.54375,-5.156600623726174
106,9.9517,149.276,4.546875,-5.184330209211698
106,9.9517,149.276,4.550000000000001,-5.184872783692941
106,9.9517,149.276,4.5531250000000005,-5.147099810506734
106,9.9517,149.276,4.55625,-5.116405152079272
106,9.9517,149.276,4.559375,-5.066971694211658
106,9.9517,149.276,4.5625,-5.004260239071724
106,9.9517,149.276,4.565625000000001,-4.919800367481114
106,9.9517,149.276,4.5687500000000005,-4.829076860925661
106,9.9517,149.276,4.571875,-4.7137785870361295
106,9.9517,149.276,4.575,-4.5918449717948535
106,9.9517,149.276,4.578125,-4.445760685141029
106,9.9517,149.276,4.581250000000001,-4.294653241374997
106,9.9517,149.276,4.5843750000000005,-4.150416047823837
106,9.9517,149.276,4.5875,-4.020298693966957
106,9.9517,149.276,4.590625,-3.8958598340153596
106,9.9517,149.276,4.59375,-3.7929682244438268
106,9.9517,149.276,4.596875000000001,-3.7061263085875575
106,9.9517,149.276,4.6000000000000005,-3.637614516104975
106,9.9517,149.276,4.603125,-3.58925094239337
106,9.9517,149.276,4.60625,-3.555727407807735
106,9.9517,149.276,4.609375,-3.547110740921675
106,9.9517,149.276,4.612500000000001,-3.562650599794881
106,9.9517,149.276,4.6156250000000005,-3.5959256005683398
106,9.9517,149.276,4.61875,-3.650345798922208
106,9.9517,149.276,4.621875,-3.7212010756352836
106,9.9517,149.276,4.625,-3.8086259583925526
106,9.9517,149.276,4.628125000000001,-3.8989881288413515
106,9.9517,149.276,4.6312500000000005,-3.9930693184539527
106,9.9517,149.276,4.634375,-4.087089377905901
106,9.9517,149.276,4.6375,-4.174143377186669
106,9.9517,149.276,4.640625,-4.253874061579345
106,9.9517,149.276,4.643750000000001,-4.319904091885939
106,9.9517,149.276,4.6468750000000005,-4.371815456364788
106,9.9517,149.276,4.65,-4.405607272795043
106,9.9517,149.276,4.653125,-4.406529377679951
106,9.9517,149.276,4.65625,-4.381631412129849
106,9.9517,149.276,4.659375000000001,-4.340322883207978
106,9.9517,149.276,4.6625000000000005,-4.271808501389407
106,9.9517,149.276,4.665625,-4.19491946994102
106,9.9517,149.276,4.66875,-4.101813046357369
106,9.9517,149.276,4.671875,-3.9953399386049018
106,9.9517,149.276,4.675000000000001,-3.882922168261764
106,9.9517,149.276,4.6781250000000005,-3.7613492930399524
106,9.9517,149.276,4.68125,-3.6291059939248727
106,9.9517,149.276,4.684375,-3.491799303262089
106,9.9517,149.276,4.6875,-3.37618137309535
106,9.9517,149.276,4.690625000000001,-3.299271055133733
106,9.9517,149.276,4.6937500000000005,-3.2270189325395604
106,9.9517,149.276,4.696875,-3.168129420793041
106,9.9517,149.276,4.7,-3.1227426048406666
106,9.9517,149.276,4.703125,-3.096754857544524
106,9.9517,149.276,4.706250000000001,-3.0942239513160663
106,9.9517,149.276,4.7093750000000005,-3.1087122297596945
106,9.9517,149.276,4.7125,-3.1416628259176447
106,9.9517,149.276,4.715625,-3.1918237808980114
106,9.9517,149.276,4.71875,-3.2508225170247016
106,9.9517,149.276,4.721875000000001,-3.3134446609816663
106,9.9517,149.276,4.7250000000000005,-3.3741122224096713
106,9.9517,149.276,4.728125,-3.430751104263075
106,9.9517,149.276,4.73125,-3.467840005181082
106,9.9517,149.276,4.734375,-3.4951921493700495
106,9.9517,149.276,4.737500000000001,-3.504605888859537
106,9.9517,149.276,4.7406250000000005,-3.4929746784167843
106,9.9517,149.276,4.74375,-3.466356236505566
106,9.9517,149.276,4.746875,-3.4240142927226764
106,9.9517,149.276,4.75,-3.36011137502164
106,9.9517,149.276,4.753125000000001,-3.2875232505754006
106,9.9517,149.276,4.7562500000000005,-3.19683365127157
106,9.9517,149.276,4.759375,-3.09828389667202
106,9.9517,149.276,4.7625,-2.991995661237568
106,9.9517,149.276,4.765625,-2.8826821275848964
106,9.9517,149.276,4.768750000000001,-2.7683771554792127
106,9.9517,149.276,4.7718750000000005,-2.6535142493454167
106,9.9517,149.276,4.775,-2.540669962929354
106,9.9517,149.276,4.778125,-2.442217997178081
106,9.9517,149.276,4.78125,-2.346583938233204
106,9.9517,149.276,4.784375000000001,-2.2631073466278204
106,9.9517,149.276,4.7875000000000005,-2.1976098678453777
106,9.9517,149.276,4.790625,-2.155473748934959
106,9.9517,149.276,4.79375,-2.140246279984133
106,9.9517,149.276,4.796875,-2.143043911094653
106,9.9517,149.276,4.800000000000001,-2.177280707771398
106,9.9517,149.276,4.8031250000000005,-2.2338641062276614
106,9.9517,149.276,4.80625,-2.3152898483742828
106,9.9517,149.276,4.809375,-2.4066966469912474
106,9.9517,149.276,4.8125,-2.517968217737713
106,9.9517,149.276,4.815625000000001,-2.6357152177552017
106,9.9517,149.276,4.8187500000000005,-2.7537765880061293
106,9.9517,149.276,4.821875,-2.870769872979773
106,9.9517,149.276,4.825,-2.9756133395520163
106,9.9517,149.276,4.828125,-3.072838755112104
106,9.9517,149.276,4.831250000000001,-3.144646745843109
106,9.9517,149.276,4.8343750000000005,-3.198893787086694
106,9.9517,149.276,4.8375,-3.235693880120852
106,9.9517,149.276,4.840625,-3.2491919203608783
106,9.9517,149.276,4.84375,-3.2465350740092624
106,9.9517,149.276,4.846875000000001,-3.221715691822001
106,9.9517,149.276,4.8500000000000005,-3.1825629937331263
106,9.9517,149.276,4.853125,-3.133316007222434
106,9.9517,149.276,4.85625,-3.0689046052389517
106,9.9517,149.276,4.859375,-2.9963047758028534
106,9.9517,149.276,4.862500000000001,-2.9266650677053536
106,9.9517,149.276,4.8656250000000005,-2.854673054284873
106,9.9517,149.276,4.86875,-2.7935294719094497
106,9.9517,149.276,4.871875,-2.7391597094319637
106,9.9517,149.276,4.875,-2.6971720448353236
106,9.9517,149.276,4.878125000000001,-2.6750882087046217
106,9.9517,149.276,4.8812500000000005,-2.6733047152685603
106,9.9517,149.276,4.884375,-2.694756464563093
106,9.9517,149.276,4.8875,-2.7389478578710373
106,9.9517,149.276,4.890625,-2.80726998960247
106,9.9517,149.276,4.893750000000001,-2.895794169809172
106,9.9517,149.276,4.8968750000000005,-3.0056569938432602
106,9.9517,149.276,4.9,-3.1267284033265836
106,9.9517,149.276,4.903125,-3.245872623988999
106,9.9517,149.276,4.90625,-3.370528666667438
106,9.9517,149.276,4.909375000000001,-3.4815427429323993
106,9.9517,149.276,4.9125000000000005,-3.5884393524717435
106,9.9517,149.276,4.915625,-3.6790657620868212
106,9.9517,149.276,4.91875,-3.7473547938774887
106,9.9517,149.276,4.921875,-3.8000991662622887
106,9.9517,149.276,4.925000000000001,-3.83019919847059
106,9.9517,149.276,4.9281250000000005,-3.837652585395042
106,9.9517,149.276,4.93125,-3.829287587532405
106,9.9517,149.276,4.934375,-3.8054497757785573
106,9.9517,149.276,4.9375,-3.7608744842811905
106,9.9517,149.276,4.940625000000001,-3.709822276007624
106,9.9517,149.276,4.9437500000000005,-3.649383419562862
106,9.9517,149.276,4.946875,-3.5794242637773537
106,9.9517,149.276,4.95,-3.510437393259345
106,9.9517,149.276,4.953125,-3.437204379374487
106,9.9517,149.276,4.956250000000001,-3.3673881698351056
106,9.9517,149.276,4.9593750000000005,-3.304520378773661
106,9.9517,149.276,4.9625,-3.253280624944637
106,9.9517,149.276,4.965625,-3.2222676195204647
106,9.9517,149.276,4.96875,-3.2138975847010816
106,9.9517,149.276,4.971875000000001,-3.249613892420569
106,9.9517,149.276,4.9750000000000005,-3.337129660431425
106,9.9517,149.276,4.978125,-3.4575333974764675
106,9.9517,149.276,4.98125,-3.5603311769243247
106,9.9517,149.276,4.984375,-3.6505352669583715
106,9.9517,149.276,4.987500000000001,-3.7508681318921626
106,9.9517,149.276,4.9906250000000005,-3.8661620456244417
106,9.9517,149.276,4.99375,-3.9906555003120445
106,9.9517,149.276,4.996875,-4.134441526532691
106,9.9517,149.276,5.0,-4.279082278290996
106,9.9517,149.276,5.003125000000001,-4.402328178270167
106,9.9517,149.276,5.0062500000000005,-4.5296600230258255
106,9.9517,149.276,5.009375,-4.6446278938450565
106,9.9517,149.276,5.0125,-4.742389787415865
106,9.9517,149.276,5.015625,-4.821693879250407
106,9.9517,149.276,5.018750000000001,-4.8822741922817166
106,9.9517,149.276,5.0218750000000005,-4.925530924225992
106,9.9517,149.276,5.025,-4.955186244587987
106,9.9517,149.276,5.028125,-4.975620514346532
106,9.9517,149.276,5.03125,-4.981630196487029
106,9.9517,149.276,5.034375000000001,-4.97820988726397
106,9.9517,149.276,5.0375000000000005,-4.966494647919398
106,9.9517,149.276,5.040625,-4.953568623393878
106,9.9517,149.276,5.04375,-4.9386927978562865
106,9.9517,149.276,5.046875,-4.926190543409625
106,9.9517,149.276,5.050000000000001,-4.920108777397383
106,9.9517,149.276,5.0531250000000005,-4.921278672490093
106,9.9517,149.276,5.05625,-4.935910380971441
106,9.9517,149.276,5.059375,-4.95977783893821
106,9.9517,149.276,5.0625,-4.99126964481426
106,9.9517,149.276,5.065625000000001,-5.040479332640398
106,9.9517,149.276,5.0687500000000005,-5.10090050504528
106,9.9517,149.276,5.071875,-5.182199848853083
106,9.9517,149.276,5.075,-5.279163607107662
106,9.9517,149.276,5.078125,-5.38773637621242
106,9.9517,149.276,5.081250000000001,-5.5078488149400116
106,9.9517,149.276,5.0843750000000005,-5.651629721961211
106,9.9517,149.276,5.0875,-5.806649329386961
106,9.9517,149.276,5.090625,-5.916535395790526
106,9.9517,149.276,5.09375,-5.999651482504229
106,9.9517,149.276,5.096875000000001,-6.065786572846691
106,9.9517,149.276,5.1000000000000005,-6.124067613222063
106,9.9517,149.276,5.103125,-6.162059084156851
106,9.9517,149.276,5.10625,-6.180880269411498
106,9.9517,149.276,5.109375,-6.185831557265949
106,9.9517,149.276,5.112500000000001,-6.157084308738009
106,9.9517,149.276,5.1156250000000005,-6.11410736212691
106,9.9517,149.276,5.11875,-6.0635938620002054
106,9.9517,149.276,5.121875,-5.987557681958195
106,9.9517,149.276,5.125,-5.911944243222809
106,9.9517,149.276,5.128125000000001,-5.828731940525266
106,9.9517,149.276,5.1312500000000005,-5.7460784099341495
106,9.9517,149.276,5.134375,-5.658387210345275
106,9.9517,149.276,5.1375,-5.579510123094279
106,9.9517,149.276,5.140625,-5.504869699208389
106,9.9517,149.276,5.143750000000001,-5.434367721845852
106,9.9517,149.276,5.1468750000000005,-5.382407661324525
106,9.9517,149.276,5.15,-5.342796441397445
106,9.9517,149.276,5.153125,-5.315217246113414
106,9.9517,149.276,5.15625,-5.302749210468944
106,9.9517,149.276,5.159375000000001,-5.310206774238448
106,9.9517,149.276,5.1625000000000005,-5.330134001560633
106,9.9517,149.276,5.165625,-5.36532518551264
106,9.9517,149.276,5.16875,-5.415067470377623
106,9.9517,149.276,5.171875,-5.47739373495523
106,9.9517,149.276,5.175000000000001,-5.548693107850329
106,9.9517,149.276,5.1781250000000005,-5.623723274754275
106,9.9517,149.276,5.18125,-5.703316128172416
106,9.9517,149.276,5.184375,-5.7769289711015865
106,9.9517,149.276,5.1875,-5.852810353613796
106,9.9517,149.276,5.190625000000001,-5.9213689646806476
106,9.9517,149.276,5.1937500000000005,-5.9955644760342794
106,9.9517,149.276,5.196875,-6.054252841214721
106,9.9517,149.276,5.2,-6.110722164120053
106,9.9517,149.276,5.203125,-6.16243643820955
106,9.9517,149.276,5.206250000000001,-6.209607720588583
106,9.9517,149.276,5.2093750000000005,-6.270831139741847
106,9.9517,149.276,5.2125,-6.34499342240363
106,9.9517,149.276,5.215625,-6.390308300086064
106,9.9517,149.276,5.21875,-6.39155046774415
106,9.9517,149.276,5.221875000000001,-6.335071975898537
106,9.9517,149.276,5.2250000000000005,-6.291631119267889
106,9.9517,149.276,5.228125,-6.261369003299929
106,9.9517,149.276,5.23125,-6.260617288324944
106,9.9517,149.276,5.234375,-6.286465327232249
106,9.9517,149.276,5.237500000000001,-6.329901448333889
106,9.9517,149.276,5.2406250000000005,-6.411111968516589
106,9.9517,149.276,5.24375,-6.5361602073953655
106,9.9517,149.276,5.246875,-6.711527402323144
106,9.9517,149.276,5.25,-6.9699601768819655
106,9.9517,149.276,5.253125000000001,-7.367456054885507
106,9.9517,149.276,5.2562500000000005,-7.980637839166573
106,9.9517,149.276,5.259375,-8.938839400357207
106,9.9517,149.276,5.2625,-10.414007426119248
106,9.9517,149.276,5.265625,-11.493366192163517
106,9.9517,149.276,5.268750000000001,-10.29493517641356
106,9.9517,149.276,5.2718750000000005,-8.663610388951415
106,9.9517,149.276,5.275,-7.841001860110547
106,9.9517,149.276,5.278125,-7.500559900761504
106,9.9517,149.276,5.28125,-7.373241705264811
106,9.9517,149.276,5.284375000000001,-7.328997932716864
106,9.9517,149.276,5.2875000000000005,-7.301697450103543
106,9.9517,149.276,5.290625,-7.2821493975171645
106,9.9517,149.276,5.29375,-7.2564956312943085
106,9.9517,149.276,5.296875,-7.225520357708363
106,9.9517,149.276,5.300000000000001,-7.1735877922269715
106,9.9517,149.276,5.3031250000000005,-7.120007149466715
106,9.9517,149.276,5.30625,-7.052015435920317
106,9.9517,149.276,5.309375,-6.978220512757779
106,9.9517,149.276,5.3125,-6.9015826146947585
106,9.9517,149.276,5.315625000000001,-6.822640389259947
106,9.9517,149.276,5.3187500000000005,-6.731526841842341
106,9.9517,149.276,5.321875,-6.6454827081227394
106,9.9517,149.276,5.325,-6.558106355880692
106,9.9517,149.276,5.328125,-6.4763656273600265
106,9.9517,149.276,5.331250000000001,-6.400705554991073
106,9.9517,149.276,5.3343750000000005,-6.3174282818485405
106,9.9517,149.276,5.3375,-6.231821598224808
106,9.9517,149.276,5.340625,-6.173376259900286
106,9.9517,149.276,5.34375,-6.106117114571726
106,9.9517,149.276,5.346875000000001,-6.081163737153449
106,9.9517,149.276,5.3500000000000005,-6.058261704450919
106,9.9517,149.276,5.353125,-6.021851630723112
106,9.9517,149.276,5.35625,-6.00134681505301
106,9.9517,149.276,5.359375,-6.002848616909753
106,9.9517,149.276,5.362500000000001,-6.0158960640004935
106,9.9517,149.276,5.3656250000000005,-6.03672111490182
106,9.9517,149.276,5.36875,-6.0751767952912115
106,9.9517,149.276,5.371875,-6.104353764623554
106,9.9517,149.276,5.375,-6.128553319366383
106,9.9517,149.276,5.378125000000001,-6.147497278610126
106,9.9517,149.276,5.3812500000000005,-6.147741761156256
106,9.9517,149.276,5.384375,-6.157473891337978
106,9.9517,149.276,5.3875,-6.138833475697316
106,9.9517,149.276,5.390625,-6.121369192371384
106,9.9517,149.276,5.393750000000001,-6.093400347507716
106,9.9517,149.276,5.3968750000000005,-6.056495158529554
106,9.9517,149.276,5.4,-6.018718852365725
106,9.9517,149.276,5.403125,-5.972803657189592
106,9.9517,149.276,5.40625,-5.937279625280548
106,9.9517,149.276,5.409375000000001,-5.9055102238867265
106,9.9517,149.276,5.4125000000000005,-5.867451500059385
106,9.9517,149.276,5.415625,-5.837181279835914
106,9.9517,149.276,5.41875,-5.808212453376244
106,9.9517,149.276,5.421875,-5.790556413344593
106,9.9517,149.276,5.425000000000001,-5.7779678420451654
106,9.9517,149.276,5.4281250000000005,-5.785795630131917
106,9.9517,149.276,5.43125,-5.798715571943331
106,9.9517,149.276,5.434375,-5.826706319914958
106,9.9517,149.276,5.4375,-5.867468620346033
106,9.9517,149.276,5.440625000000001,-5.922748000408399
106,9.9517,149.276,5.4437500000000005,-5.9913958524393705
106,9.9517,149.276,5.446875,-6.065402612906928
106,9.9517,149.276,5.45,-6.156260173317122
106,9.9517,149.276,5.453125,-6.246599040618582
106,9.9517,149.276,5.456250000000001,-6.34088245220846
106,9.9517,149.276,5.4593750000000005,-6.4337061221631
106,9.9517,149.276,5.4625,-6.530709174875797
106,9.9517,149.276,5.465625,-6.6042317428927895
106,9.9517,149.276,5.46875,-6.670971954654739
106,9.9517,149.276,5.471875000000001,-6.7241743889079615
106,9.9517,149.276,5.4750000000000005,-6.756473674115291
106,9.9517,149.276,5.478125,-6.778003722656154
106,9.9517,149.276,5.48125,-6.779741381529947
106,9.9517,149.276,5.484375,-6.769673028878033
106,9.9517,149.276,5.487500000000001,-6.7254226342190835
106,9.9517,149.276,5.4906250000000005,-6.679891088907769
106,9.9517,149.276,5.49375,-6.6158485811190895
106,9.9517,149.276,5.496875,-6.55562100113365
106,9.9517,149.276,5.5,-6.500560035038745
106,9.9517,149.276,5.503125000000001,-6.425522785095574
106,9.9517,149.276,5.5062500000000005,-6.321737146592488
106,9.9517,149.276,5.509375,-6.21442827816718
106,9.9517,149.276,5.5125,-6.111594725633629
106,9.9517,149.276,5.515625,-6.0191510993977175
106,9.9517,149.276,5.518750000000001,-5.927763800090766
106,9.9517,149.276,5.5218750000000005,-5.849443169396831
106,9.9517,149.276,5.525,-5.785541473963443
106,9.9517,149.276,5.528125,-5.746061793509554
106,9.9517,149.276,5.53125,-5.6915281244756795
106,9.9517,149.276,5.534375000000001,-5.629270340024078
106,9.9517,149.276,5.5375000000000005,-5.591518791080415
106,9.9517,149.276,5.540625,-5.563074561157628
106,9.9517,149.276,5.54375,-5.539929580470671
106,9.9517,149.276,5.546875,-5.514062489090766
106,9.9517,149.276,5.550000000000001,-5.493384206683468
106,9.9517,149.276,5.5531250000000005,-5.475085877068272
106,9.9517,149.276,5.55625,-5.45826470592451
106,9.9517,149.276,5.559375,-5.4307897303180175
106,9.9517,149.276,5.5625,-5.411633540185634
106,9.9517,149.276,5.565625000000001,-5.384355249960646
106,9.9517,149.276,5.5687500000000005,-5.350907422055039
106,9.9517,149.276,5.571875,-5.3237640779352375
106,9.9517,149.276,5.575,-5.279517209381646
106,9.9517,149.276,5.578125,-5.237993958452032
106,9.9517,149.276,5.581250000000001,-5.193732429771519
106,9.9517,149.276,5.5843750000000005,-5.14607264554301
106,9.9517,149.276,5.5875,-5.096626201355377
106,9.9517,149.276,5.590625,-5.0489696887382465
106,9.9517,149.276,5.59375,-4.994687448031875
106,9.9517,149.276,5.596875000000001,-4.941216223912445
106,9.9517,149.276,5.6000000000000005,-4.886831701271833
106,9.9517,149.276,5.603125,-4.8275198136288635
106,9.9517,149.276,5.60625,-4.774817486003346
106,9.9517,149.276,5.609375,-4.727018288435031
106,9.9517,149.276,5.612500000000001,-4.683575194453274
106,9.9517,149.276,5.6156250000000005,-4.645012063367064
106,9.9517,149.276,5.61875,-4.614081097897973
106,9.9517,149.276,5.621875,-4.5934081009121295
106,9.9517,149.276,5.625,-4.600296174296728
106,9.9517,149.276,5.628125000000001,-4.600972675139204
106,9.9517,149.276,5.6312500000000005,-4.6282283180606925
106,9.9517,149.276,5.634375,-4.661304438588163
106,9.9517,149.276,5.6375,-4.720275998273602
106,9.9517,149.276,5.640625,-4.773649869176827
106,9.9517,149.276,5.643750000000001,-4.838925794724276
106,9.9517,149.276,5.6468750000000005,-4.9106118473552405
106,9.9517,149.276,5.65,-4.97360663583609
106,9.9517,149.276,5.653125,-5.039267887111288
106,9.9517,149.276,5.65625,-5.089047027508354
106,9.9517,149.276,5.659375000000001,-5.134077285355749
106,9.9517,149.276,5.6625000000000005,-5.159405675494588
106,9.9517,149.276,5.665625,-5.176908182871472
106,9.9517,149.276,5.66875,-5.184788940101226
106,9.9517,149.276,5.671875,-5.167655477379517
106,9.9517,149.276,5.675000000000001,-5.1570744169522085
106,9.9517,149.276,5.6781250000000005,-5.114903220927168
106,9.9517,149.276,5.68125,-5.076879272216619
106,9.9517,149.276,5.684375,-5.024139594914513
106,9.9517,149.276,5.6875,-4.959285468304776
106,9.9517,149.276,5.690625000000001,-4.88746195638652
106,9.9517,149.276,5.6937500000000005,-4.810670373616441
106,9.9517,149.276,5.696875,-4.725586045494744
106,9.9517,149.276,5.7,-4.63768965184607
106,9.9517,149.276,5.703125,-4.542752285463138
106,9.9517,149.276,5.706250000000001,-4.449553248010255
106,9.9517,149.276,5.7093750000000005,-4.358146524198043
106,9.9517,149.276,5.7125,-4.266670212935674
106,9.9517,149.276,5.715625,-4.189857028732405
106,9.9517,149.276,5.71875,-4.116131909173539
106,9.9517,149.276,5.721875000000001,-4.05551283136757
106,9.9517,149.276,5.7250000000000005,-4.006745676021249
106,9.9517,149.276,5.728125,-3.97686662597871
106,9.9517,149.276,5.73125,-3.9578730680606067
106,9.9517,149.276,5.734375,-3.9531819894742886
106,9.9517,149.276,5.737500000000001,-3.9460991582067044
106,9.9517,149.276,5.7406250000000005,-3.9520138166693726
106,9.9517,149.276,5.74375,-3.959632866346274
106,9.9517,149.276,5.746875,-3.970740759572944
106,9.9517,149.276,5.75,-3.9704071344024676
106,9.9517,149.276,5.753125000000001,-3.965195740186012
106,9.9517,149.276,5.7562500000000005,-3.961483358671647
106,9.9517,149.276,5.759375,-3.9433486135067253
106,9.9517,149.276,5.7625,-3.9175648925010433
106,9.9517,149.276,5.765625,-3.8792506217504763
106,9.9517,149.276,5.768750000000001,-3.8419545831902853
106,9.9517,149.276,5.7718750000000005,-3.795314030447406
106,9.9517,149.276,5.775,-3.739171448924204
106,9.9517,149.276,5.778125,-3.6748254737398223
106,9.9517,149.276,5.78125,-3.6095660069400726
106,9.9517,149.276,5.784375000000001,-3.534274807490096
106,9.9517,149.276,5.7875000000000005,-3.466776765881799
106,9.9517,149.276,5.790625,-3.3882728531958533
106,9.9517,149.276,5.79375,-3.315197938183827
106,9.9517,149.276,5.796875,-3.242813891838645
106,9.9517,149.276,5.800000000000001,-3.1803825984261893
106,9.9517,149.276,5.8031250000000005,-3.1319033521800317
106,9.9517,149.276,5.80625,-3.0845083423777826
106,9.9517,149.276,5.809375,-3.0583232727747642
106,9.9517,149.276,5.8125,-3.0372044200568915
106,9.9517,149.276,5.815625000000001,-3.041502704607181
106,9.9517,149.276,5.8187500000000005,-3.0553991792842567
106,9.9517,149.276,5.821875,-3.088307972366392
106,9.9517,149.276,5.825,-3.135125526243627
106,9.9517,149.276,5.828125,-3.1884901698111228
106,9.9517,149.276,5.831250000000001,-3.24698176974386
106,9.9517,149.276,5.8343750000000005,-3.3078981162070926
106,9.9517,149.276,5.8375,-3.364617166612506
106,9.9517,149.276,5.840625,-3.425497977040151
106,9.9517,149.276,5.84375,-3.4776958653974614
106,9.9517,149.276,5.846875000000001,-3.5252248723829
106,9.9517,149.276,5.8500000000000005,-3.558616155003868
106,9.9517,149.276,5.853125,-3.57680594847773
106,9.9517,149.276,5.85625,-3.585195252980956
106,9.9517,149.276,5.859375,-3.588372807651105
106,9.9517,149.276,5.862500000000001,-3.57920196982586
106,9.9517,149.276,5.8656250000000005,-3.561967686391304
106,9.9517,149.276,5.86875,-3.524996744973801
106,9.9517,149.276,5.871875,-3.4825410271842605
106,9.9517,149.276,5.875,-3.4272506558089697
106,9.9517,149.276,5.878125000000001,-3.3624560803455577
106,9.9517,149.276,5.8812500000000005,-3.2884879497897197
106,9.9517,149.276,5.884375,-3.213399014016083
106,9.9517,149.276,5.8875,-3.1326963210289085
106,9.9517,149.276,5.890625,-3.05027770311525
106,9.9517,149.276,5.893750000000001,-2.9722922074957676
106,9.9517,149.276,5.8968750000000005,-2.910328649349867
106,9.9517,149.276,5.9,-2.851759571524251
106,9.9517,149.276,5.903125,-2.820932584030164
106,9.9517,149.276,5.90625,-2.8017176223657185
106,9.9517,149.276,5.909375000000001,-2.798427391419227
106,9.9517,149.276,5.9125000000000005,-2.807658710079684
106,9.9517,149.276,5.915625,-2.8295400205292647
106,9.9517,149.276,5.91875,-2.858970590081202
106,9.9517,149.276,5.921875,-2.890896341660596
106,9.9517,149.276,5.925000000000001,-2.9229994682392
106,9.9517,149.276,5.9281250000000005,-2.943572594849794
106,9.9517,149.276,5.93125,-2.9691698917633538
106,9.9517,149.276,5.934375,-2.9849711789384283
106,9.9517,149.276,5.9375,-2.990063466939887
106,9.9517,149.276,5.940625000000001,-2.9863311052596075
106,9.9517,149.276,5.9437500000000005,-2.982098812703249
106,9.9517,149.276,5.946875,-2.960684273080736
106,9.9517,149.276,5.95,-2.936069522488585
106,9.9517,149.276,5.953125,-2.899778079458258
106,9.9517,149.276,5.956250000000001,-2.8608528271830664
106,9.9517,149.276,5.9593750000000005,-2.8085172526259634
106,9.9517,149.276,5.9625,-2.757718588800043
106,9.9517,149.276,5.965625,-2.6910122170833937
106,9.9517,149.276,5.96875,-2.62901581348691
106,9.9517,149.276,5.971875000000001,-2.559260818483031
106,9.9517,149.276,5.9750000000000005,-2.4806226369957023
106,9.9517,149.276,5.978125,-2.4119017390290205
106,9.9517,149.276,5.98125,-2.3421908489891727
106,9.9517,149.276,5.984375,-2.27797828923801
106,9.9517,149.276,5.987500000000001,-2.223124191942462
106,9.9517,149.276,5.9906250000000005,-2.1837114599687677
106,9.9517,149.276,5.99375,-2.1685848975366357
106,9.9517,149.276,5.996875,-2.1701732608065427
106,9.9517,149.276,6.0,-2.1923438267443927
