ScanID,Current,Field,Frequency,Spectra
476,10.8333,162.499,1.0,-0.9329563783050869
476,10.8333,162.499,1.003125,-0.8985275047442919
476,10.8333,162.499,1.00625,-0.8684222703662317
476,10.8333,162.499,1.0093750000000001,-0.8459551428693339
476,10.8333,162.499,1.0125,-0.829757587526533
476,10.8333,162.499,1.015625,-0.8208446682942705
476,10.8333,162.499,1.01875,-0.8218530439575726
476,10.8333,162.499,1.021875,-0.8334561029306325
476,10.8333,162.499,1.0250000000000001,-0.8516340115535064
476,10.8333,162.499,1.028125,-0.8822834262829464
476,10.8333,162.499,1.03125,-0.9192119132266007
476,10.8333,162.499,1.034375,-0.962143213899769
476,10.8333,162.499,1.0375,-1.0083272595778319
476,10.8333,162.499,1.0406250000000001,-1.0585192130686634
476,10.8333,162.499,1.04375,-1.1117258279521331
476,10.8333,162.499,1.046875,-1.1661726112910642
476,10.8333,162.499,1.05,-1.2194744512117985
476,10.8333,162.499,1.053125,-1.2670990203644437
476,10.8333,162.499,1.0562500000000001,-1.3132299089234194
476,10.8333,162.499,1.059375,-1.3536479391650396
476,10.8333,162.499,1.0625,-1.3875606012383292
476,10.8333,162.499,1.065625,-1.4140925437570784
476,10.8333,162.499,1.06875,-1.427155810663585
476,10.8333,162.499,1.0718750000000001,-1.4315303277259965
476,10.8333,162.499,1.0750000000000002,-1.4272992288805118
476,10.8333,162.499,1.078125,-1.4089954852375133
476,10.8333,162.499,1.08125,-1.3799005896901686
476,10.8333,162.499,1.084375,-1.3399611019749282
476,10.8333,162.499,1.0875000000000001,-1.290460347395099
476,10.8333,162.499,1.0906250000000002,-1.231006672113951
476,10.8333,162.499,1.09375,-1.1730584754615814
476,10.8333,162.499,1.096875,-1.1095931861705353
476,10.8333,162.499,1.1,-1.0499327522247874
476,10.8333,162.499,1.1031250000000001,-0.9947313112034427
476,10.8333,162.499,1.1062500000000002,-0.9445145607254056
476,10.8333,162.499,1.109375,-0.9030993932269642
476,10.8333,162.499,1.1125,-0.8720436435387788
476,10.8333,162.499,1.115625,-0.8569470504627953
476,10.8333,162.499,1.1187500000000001,-0.8576032539383633
476,10.8333,162.499,1.1218750000000002,-0.8689105268397647
476,10.8333,162.499,1.125,-0.8945820147461321
476,10.8333,162.499,1.128125,-0.9240332264092119
476,10.8333,162.499,1.13125,-0.9629483527409617
476,10.8333,162.499,1.1343750000000001,-1.0058681668836609
476,10.8333,162.499,1.1375000000000002,-1.048541890746201
476,10.8333,162.499,1.140625,-1.0898565382606158
476,10.8333,162.499,1.14375,-1.1271249093296405
476,10.8333,162.499,1.146875,-1.160186417408651
476,10.8333,162.499,1.1500000000000001,-1.182299967107253
476,10.8333,162.499,1.1531250000000002,-1.1968975803035666
476,10.8333,162.499,1.15625,-1.2040687115991817
476,10.8333,162.499,1.159375,-1.2020811406300664
476,10.8333,162.499,1.1625,-1.1890905492970885
476,10.8333,162.499,1.1656250000000001,-1.172501914663022
476,10.8333,162.499,1.1687500000000002,-1.1496587824154927
476,10.8333,162.499,1.171875,-1.1218574553276592
476,10.8333,162.499,1.175,-1.0912084079088422
476,10.8333,162.499,1.178125,-1.0559655742124139
476,10.8333,162.499,1.1812500000000001,-1.0170044583537161
476,10.8333,162.499,1.1843750000000002,-0.9768269380014926
476,10.8333,162.499,1.1875,-0.9432640068742004
476,10.8333,162.499,1.190625,-0.9077798805822954
476,10.8333,162.499,1.19375,-0.8729201901389176
476,10.8333,162.499,1.1968750000000001,-0.8472223270520186
476,10.8333,162.499,1.2000000000000002,-0.826536086342033
476,10.8333,162.499,1.203125,-0.8171213781398172
476,10.8333,162.499,1.20625,-0.8155185511989794
476,10.8333,162.499,1.209375,-0.820776057867626
476,10.8333,162.499,1.2125000000000001,-0.8441800915174276
476,10.8333,162.499,1.2156250000000002,-0.8780762022173019
476,10.8333,162.499,1.21875,-0.9204930649947164
476,10.8333,162.499,1.221875,-0.974573003522931
476,10.8333,162.499,1.225,-1.0378072105662475
476,10.8333,162.499,1.2281250000000001,-1.104817227885785
476,10.8333,162.499,1.2312500000000002,-1.1761335193212394
476,10.8333,162.499,1.234375,-1.2449293777268862
476,10.8333,162.499,1.2375,-1.3162314837433842
476,10.8333,162.499,1.240625,-1.3822405691282216
476,10.8333,162.499,1.2437500000000001,-1.4417988115123401
476,10.8333,162.499,1.2468750000000002,-1.4849924702782167
476,10.8333,162.499,1.25,-1.5132991822143844
476,10.8333,162.499,1.253125,-1.5366186350346742
476,10.8333,162.499,1.25625,-1.5368637687729227
476,10.8333,162.499,1.2593750000000001,-1.5254471859147904
476,10.8333,162.499,1.2625000000000002,-1.5035265108893836
476,10.8333,162.499,1.265625,-1.46796399764576
476,10.8333,162.499,1.26875,-1.4261284471121098
476,10.8333,162.499,1.271875,-1.3693213310934274
476,10.8333,162.499,1.2750000000000001,-1.311526099491711
476,10.8333,162.499,1.2781250000000002,-1.2505008248142033
476,10.8333,162.499,1.28125,-1.193882675515402
476,10.8333,162.499,1.284375,-1.140031773546644
476,10.8333,162.499,1.2875,-1.0900612366260316
476,10.8333,162.499,1.2906250000000001,-1.0504346694121565
476,10.8333,162.499,1.2937500000000002,-1.0259434171336697
476,10.8333,162.499,1.296875,-1.0105490653562996
476,10.8333,162.499,1.3,-1.007117082882855
476,10.8333,162.499,1.303125,-1.0165691426867538
476,10.8333,162.499,1.3062500000000001,-1.0407595140424317
476,10.8333,162.499,1.3093750000000002,-1.0730312563482747
476,10.8333,162.499,1.3125,-1.117647202437074
476,10.8333,162.499,1.315625,-1.1649464401982865
476,10.8333,162.499,1.31875,-1.2137450359087556
476,10.8333,162.499,1.3218750000000001,-1.2634922577571952
476,10.8333,162.499,1.3250000000000002,-1.3093931829681507
476,10.8333,162.499,1.328125,-1.3476035774970982
476,10.8333,162.499,1.33125,-1.3757903328866625
476,10.8333,162.499,1.334375,-1.3982011267537855
476,10.8333,162.499,1.3375000000000001,-1.409065583212818
476,10.8333,162.499,1.3406250000000002,-1.412070307076331
476,10.8333,162.499,1.34375,-1.402841846460968
476,10.8333,162.499,1.346875,-1.3900051256953219
476,10.8333,162.499,1.35,-1.3653106217133768
476,10.8333,162.499,1.3531250000000001,-1.336432999408511
476,10.8333,162.499,1.3562500000000002,-1.3004621487108508
476,10.8333,162.499,1.359375,-1.2593544992807653
476,10.8333,162.499,1.3625,-1.2153608217183431
476,10.8333,162.499,1.365625,-1.1688040718652213
476,10.8333,162.499,1.3687500000000001,-1.1206256935091043
476,10.8333,162.499,1.3718750000000002,-1.0755932610179941
476,10.8333,162.499,1.375,-1.03116773339649
476,10.8333,162.499,1.378125,-0.9857855680889528
476,10.8333,162.499,1.38125,-0.948686656283184
476,10.8333,162.499,1.3843750000000001,-0.9160518447468496
476,10.8333,162.499,1.3875000000000002,-0.8972006817782858
476,10.8333,162.499,1.390625,-0.8881834910491725
476,10.8333,162.499,1.39375,-0.8982855926119697
476,10.8333,162.499,1.396875,-0.9221823799686063
476,10.8333,162.499,1.4000000000000001,-0.9634720756279214
476,10.8333,162.499,1.4031250000000002,-1.021666920085645
476,10.8333,162.499,1.40625,-1.090805621334026
476,10.8333,162.499,1.409375,-1.1699107090528325
476,10.8333,162.499,1.4125,-1.2558538027049853
476,10.8333,162.499,1.4156250000000001,-1.3413879273036033
476,10.8333,162.499,1.4187500000000002,-1.4247975388701493
476,10.8333,162.499,1.421875,-1.503087083925182
476,10.8333,162.499,1.425,-1.5645165140467836
476,10.8333,162.499,1.428125,-1.6138360953665634
476,10.8333,162.499,1.4312500000000001,-1.647646589453681
476,10.8333,162.499,1.4343750000000002,-1.6621086291421117
476,10.8333,162.499,1.4375,-1.6681229071688226
476,10.8333,162.499,1.440625,-1.657469173637102
476,10.8333,162.499,1.44375,-1.6356786387908868
476,10.8333,162.499,1.4468750000000001,-1.6050924717111172
476,10.8333,162.499,1.4500000000000002,-1.5685563612737328
476,10.8333,162.499,1.453125,-1.5264831825896614
476,10.8333,162.499,1.45625,-1.4797552140347225
476,10.8333,162.499,1.459375,-1.4296115392869466
476,10.8333,162.499,1.4625000000000001,-1.3819058776948543
476,10.8333,162.499,1.4656250000000002,-1.3402454711213139
476,10.8333,162.499,1.46875,-1.297671012861338
476,10.8333,162.499,1.471875,-1.260812228172046
476,10.8333,162.499,1.475,-1.2338184324303283
476,10.8333,162.499,1.4781250000000001,-1.2092113149057755
476,10.8333,162.499,1.4812500000000002,-1.1950695789309977
476,10.8333,162.499,1.484375,-1.1882693820737842
476,10.8333,162.499,1.4875,-1.192360838545628
476,10.8333,162.499,1.490625,-1.2112986262812555
476,10.8333,162.499,1.4937500000000001,-1.2416924295422824
476,10.8333,162.499,1.4968750000000002,-1.2765625597552652
476,10.8333,162.499,1.5,-1.3251681015546324
476,10.8333,162.499,1.503125,-1.3804171958936347
476,10.8333,162.499,1.50625,-1.4364849728648685
476,10.8333,162.499,1.5093750000000001,-1.4963464171186152
476,10.8333,162.499,1.5125000000000002,-1.5526661520878127
476,10.8333,162.499,1.515625,-1.6017255367551688
476,10.8333,162.499,1.51875,-1.6470694995064687
476,10.8333,162.499,1.521875,-1.6763644698196898
476,10.8333,162.499,1.5250000000000001,-1.6901766023070075
476,10.8333,162.499,1.5281250000000002,-1.6946161800903163
476,10.8333,162.499,1.53125,-1.6798510753792473
476,10.8333,162.499,1.534375,-1.649648158317781
476,10.8333,162.499,1.5375,-1.6101986503791754
476,10.8333,162.499,1.5406250000000001,-1.5580547270179326
476,10.8333,162.499,1.5437500000000002,-1.49407994177505
476,10.8333,162.499,1.546875,-1.4234496135009809
476,10.8333,162.499,1.55,-1.349281744687164
476,10.8333,162.499,1.553125,-1.2746993510450855
476,10.8333,162.499,1.5562500000000001,-1.2038855286884833
476,10.8333,162.499,1.5593750000000002,-1.137063080671705
476,10.8333,162.499,1.5625,-1.080537839391986
476,10.8333,162.499,1.565625,-1.0349207831001825
476,10.8333,162.499,1.56875,-1.0065241567361334
476,10.8333,162.499,1.5718750000000001,-0.996347705060495
476,10.8333,162.499,1.5750000000000002,-0.997589919964424
476,10.8333,162.499,1.578125,-1.013761986986874
476,10.8333,162.499,1.58125,-1.045458855605318
476,10.8333,162.499,1.584375,-1.0952160439385925
476,10.8333,162.499,1.5875000000000001,-1.1544543890521088
476,10.8333,162.499,1.5906250000000002,-1.2208034863761565
476,10.8333,162.499,1.59375,-1.2990164026655016
476,10.8333,162.499,1.596875,-1.3758741536675032
476,10.8333,162.499,1.6,-1.4505774884828238
476,10.8333,162.499,1.6031250000000001,-1.5233458155826534
476,10.8333,162.499,1.6062500000000002,-1.5897307226213613
476,10.8333,162.499,1.609375,-1.6494854829390162
476,10.8333,162.499,1.6125,-1.699286649162845
476,10.8333,162.499,1.615625,-1.7385385936488023
476,10.8333,162.499,1.6187500000000001,-1.7611045297396697
476,10.8333,162.499,1.6218750000000002,-1.7729298112915284
476,10.8333,162.499,1.625,-1.7715896189765772
476,10.8333,162.499,1.628125,-1.756692039594496
476,10.8333,162.499,1.63125,-1.7254752793430672
476,10.8333,162.499,1.6343750000000001,-1.6878623078799535
476,10.8333,162.499,1.6375000000000002,-1.6376319186675734
476,10.8333,162.499,1.640625,-1.583094686958673
476,10.8333,162.499,1.64375,-1.5249572694895113
476,10.8333,162.499,1.646875,-1.4639050462772643
476,10.8333,162.499,1.6500000000000001,-1.4015840821011014
476,10.8333,162.499,1.6531250000000002,-1.343335755719732
476,10.8333,162.499,1.65625,-1.2904348555901113
476,10.8333,162.499,1.659375,-1.2513751848665988
476,10.8333,162.499,1.6625,-1.2256870802170308
476,10.8333,162.499,1.6656250000000001,-1.2171137934051908
476,10.8333,162.499,1.6687500000000002,-1.2252428673089673
476,10.8333,162.499,1.671875,-1.2497666043545357
476,10.8333,162.499,1.675,-1.288470488244168
476,10.8333,162.499,1.678125,-1.3418967394942096
476,10.8333,162.499,1.6812500000000001,-1.4064695780157475
476,10.8333,162.499,1.6843750000000002,-1.4747535598345949
476,10.8333,162.499,1.6875,-1.551704187429844
476,10.8333,162.499,1.690625,-1.622753471050105
476,10.8333,162.499,1.69375,-1.6907213983737233
476,10.8333,162.499,1.6968750000000001,-1.751005469975596
476,10.8333,162.499,1.7000000000000002,-1.800003998732371
476,10.8333,162.499,1.703125,-1.837400597638289
476,10.8333,162.499,1.70625,-1.861319443934749
476,10.8333,162.499,1.709375,-1.8738139259780873
476,10.8333,162.499,1.7125000000000001,-1.8726239760218524
476,10.8333,162.499,1.7156250000000002,-1.8556699209598702
476,10.8333,162.499,1.71875,-1.8286385128429616
476,10.8333,162.499,1.721875,-1.7890980648952919
476,10.8333,162.499,1.725,-1.741537773556395
476,10.8333,162.499,1.7281250000000001,-1.6815689431358356
476,10.8333,162.499,1.7312500000000002,-1.6165670859204146
476,10.8333,162.499,1.734375,-1.5470457417396264
476,10.8333,162.499,1.7375,-1.4771993757958726
476,10.8333,162.499,1.740625,-1.4061726688452993
476,10.8333,162.499,1.7437500000000001,-1.3363095516243109
476,10.8333,162.499,1.7468750000000002,-1.2724533158697322
476,10.8333,162.499,1.75,-1.2125513134761445
476,10.8333,162.499,1.753125,-1.168925184180997
476,10.8333,162.499,1.75625,-1.134488503342229
476,10.8333,162.499,1.7593750000000001,-1.118282182407825
476,10.8333,162.499,1.7625000000000002,-1.1165090442357868
476,10.8333,162.499,1.765625,-1.1334822710439396
476,10.8333,162.499,1.76875,-1.165689635151466
476,10.8333,162.499,1.771875,-1.215504470683186
476,10.8333,162.499,1.7750000000000001,-1.2800268489841362
476,10.8333,162.499,1.7781250000000002,-1.35766861211975
476,10.8333,162.499,1.78125,-1.439913652872546
476,10.8333,162.499,1.784375,-1.526227403045902
476,10.8333,162.499,1.7875,-1.6100402193874683
476,10.8333,162.499,1.7906250000000001,-1.6958428576984133
476,10.8333,162.499,1.7937500000000002,-1.7627495327624305
476,10.8333,162.499,1.7968750000000002,-1.820209923866726
476,10.8333,162.499,1.8,-1.863566446821432
476,10.8333,162.499,1.803125,-1.8882676935597922
476,10.8333,162.499,1.8062500000000001,-1.8916531672050425
476,10.8333,162.499,1.8093750000000002,-1.8835235962815287
476,10.8333,162.499,1.8125000000000002,-1.8541526726104565
476,10.8333,162.499,1.815625,-1.8169871500101353
476,10.8333,162.499,1.81875,-1.765460939087563
476,10.8333,162.499,1.8218750000000001,-1.7079810822750054
476,10.8333,162.499,1.8250000000000002,-1.6477905654626093
476,10.8333,162.499,1.8281250000000002,-1.5835094785051107
476,10.8333,162.499,1.83125,-1.518755534277219
476,10.8333,162.499,1.834375,-1.4598387565337925
476,10.8333,162.499,1.8375000000000001,-1.4101877435356625
476,10.8333,162.499,1.8406250000000002,-1.3657897145976639
476,10.8333,162.499,1.8437500000000002,-1.3320301891213704
476,10.8333,162.499,1.846875,-1.3088330469485123
476,10.8333,162.499,1.85,-1.3012334458656367
476,10.8333,162.499,1.8531250000000001,-1.3050002331161248
476,10.8333,162.499,1.8562500000000002,-1.3267539849024814
476,10.8333,162.499,1.8593750000000002,-1.3597504298960845
476,10.8333,162.499,1.8625,-1.4094526292525411
476,10.8333,162.499,1.865625,-1.470621107980591
476,10.8333,162.499,1.8687500000000001,-1.5416856390795461
476,10.8333,162.499,1.8718750000000002,-1.6177136053763395
476,10.8333,162.499,1.8750000000000002,-1.697675311529849
476,10.8333,162.499,1.878125,-1.7755707632243658
476,10.8333,162.499,1.88125,-1.850934760182443
476,10.8333,162.499,1.8843750000000001,-1.917457117963326
476,10.8333,162.499,1.8875000000000002,-1.9719789057357093
476,10.8333,162.499,1.8906250000000002,-2.0101133540354628
476,10.8333,162.499,1.89375,-2.0363377876363504
476,10.8333,162.499,1.896875,-2.0435687016458925
476,10.8333,162.499,1.9000000000000001,-2.0338612125756588
476,10.8333,162.499,1.9031250000000002,-2.0006611636942973
476,10.8333,162.499,1.9062500000000002,-1.9547122850475975
476,10.8333,162.499,1.909375,-1.897672929160768
476,10.8333,162.499,1.9125,-1.828142169026665
476,10.8333,162.499,1.9156250000000001,-1.7492815111235323
476,10.8333,162.499,1.9187500000000002,-1.6637981538081936
476,10.8333,162.499,1.9218750000000002,-1.5770015524592211
476,10.8333,162.499,1.925,-1.491193025050476
476,10.8333,162.499,1.928125,-1.410463146421856
476,10.8333,162.499,1.9312500000000001,-1.334123538084351
476,10.8333,162.499,1.9343750000000002,-1.27111107186777
476,10.8333,162.499,1.9375000000000002,-1.2175230533950623
476,10.8333,162.499,1.940625,-1.1854598781882555
476,10.8333,162.499,1.94375,-1.1656369467219863
476,10.8333,162.499,1.9468750000000001,-1.161624909667919
476,10.8333,162.499,1.9500000000000002,-1.175241821753278
476,10.8333,162.499,1.9531250000000002,-1.2103170290769203
476,10.8333,162.499,1.95625,-1.2608872655598584
476,10.8333,162.499,1.959375,-1.327326134780213
476,10.8333,162.499,1.9625000000000001,-1.406311021551108
476,10.8333,162.499,1.9656250000000002,-1.4954845795413843
476,10.8333,162.499,1.9687500000000002,-1.5833337131549807
476,10.8333,162.499,1.971875,-1.6714105778327228
476,10.8333,162.499,1.975,-1.7520673526842603
476,10.8333,162.499,1.9781250000000001,-1.8242321541602355
476,10.8333,162.499,1.9812500000000002,-1.8785016432283967
476,10.8333,162.499,1.9843750000000002,-1.9196874024902308
476,10.8333,162.499,1.9875,-1.9425287107632654
476,10.8333,162.499,1.990625,-1.9500543113030357
476,10.8333,162.499,1.9937500000000001,-1.9354748924705119
476,10.8333,162.499,1.9968750000000002,-1.9050003170016947
476,10.8333,162.499,2.0,-1.8602112925371812
476,10.8333,162.499,2.0031250000000003,-1.7996720417428067
476,10.8333,162.499,2.00625,-1.7329334596043067
476,10.8333,162.499,2.009375,-1.661551171837259
476,10.8333,162.499,2.0125,-1.581809651504145
476,10.8333,162.499,2.015625,-1.5045405038049218
476,10.8333,162.499,2.0187500000000003,-1.4312525442234822
476,10.8333,162.499,2.021875,-1.3631234813703244
476,10.8333,162.499,2.025,-1.3041453271794559
476,10.8333,162.499,2.028125,-1.2560034849229653
476,10.8333,162.499,2.03125,-1.2252600734607186
476,10.8333,162.499,2.0343750000000003,-1.2122975764122776
476,10.8333,162.499,2.0375,-1.2140602084786396
476,10.8333,162.499,2.040625,-1.238621570848434
476,10.8333,162.499,2.04375,-1.2807736703490658
476,10.8333,162.499,2.046875,-1.338530779622589
476,10.8333,162.499,2.0500000000000003,-1.41095678976114
476,10.8333,162.499,2.053125,-1.494024445758154
476,10.8333,162.499,2.05625,-1.5893138633676596
476,10.8333,162.499,2.059375,-1.6832424261181904
476,10.8333,162.499,2.0625,-1.7775229084067299
476,10.8333,162.499,2.0656250000000003,-1.8657390025822873
476,10.8333,162.499,2.06875,-1.9433954200573673
476,10.8333,162.499,2.071875,-2.0044291418822384
476,10.8333,162.499,2.075,-2.0474061984679404
476,10.8333,162.499,2.078125,-2.0788961048992673
476,10.8333,162.499,2.0812500000000003,-2.0901165790089755
476,10.8333,162.499,2.084375,-2.081193498423475
476,10.8333,162.499,2.0875,-2.0560383977177326
476,10.8333,162.499,2.090625,-2.0170364411825927
476,10.8333,162.499,2.09375,-1.9599747113580313
476,10.8333,162.499,2.0968750000000003,-1.8904308833775119
476,10.8333,162.499,2.1,-1.814050562063175
476,10.8333,162.499,2.103125,-1.7287623065165094
476,10.8333,162.499,2.10625,-1.643593769941597
476,10.8333,162.499,2.109375,-1.5589055025498242
476,10.8333,162.499,2.1125000000000003,-1.4741532086309441
476,10.8333,162.499,2.115625,-1.3926728273982312
476,10.8333,162.499,2.11875,-1.318400928145268
476,10.8333,162.499,2.121875,-1.2564586560412718
476,10.8333,162.499,2.125,-1.2058586914181368
476,10.8333,162.499,2.1281250000000003,-1.1755041545347904
476,10.8333,162.499,2.13125,-1.1629535791293646
476,10.8333,162.499,2.134375,-1.1729234983072099
476,10.8333,162.499,2.1375,-1.2018188033634196
476,10.8333,162.499,2.140625,-1.253187128269956
476,10.8333,162.499,2.1437500000000003,-1.3198681034269188
476,10.8333,162.499,2.146875,-1.3999738827404364
476,10.8333,162.499,2.1500000000000004,-1.4944515268921899
476,10.8333,162.499,2.153125,-1.5906079349082454
476,10.8333,162.499,2.15625,-1.6876778174260658
476,10.8333,162.499,2.1593750000000003,-1.7782715108550586
476,10.8333,162.499,2.1625,-1.8581370309686653
476,10.8333,162.499,2.1656250000000004,-1.9190526395839236
476,10.8333,162.499,2.16875,-1.9642505281595528
476,10.8333,162.499,2.171875,-1.9831209469310163
476,10.8333,162.499,2.1750000000000003,-1.9846756390077092
476,10.8333,162.499,2.178125,-1.966619528895364
476,10.8333,162.499,2.1812500000000004,-1.9302567131882509
476,10.8333,162.499,2.184375,-1.8765056969739091
476,10.8333,162.499,2.1875,-1.8149799664258413
476,10.8333,162.499,2.1906250000000003,-1.7358161719485332
476,10.8333,162.499,2.19375,-1.6552424910919115
476,10.8333,162.499,2.1968750000000004,-1.5688511987964824
476,10.8333,162.499,2.2,-1.485587784991838
476,10.8333,162.499,2.203125,-1.4035349418135181
476,10.8333,162.499,2.2062500000000003,-1.331653720789575
476,10.8333,162.499,2.209375,-1.2690130174777288
476,10.8333,162.499,2.2125000000000004,-1.2184608460823807
476,10.8333,162.499,2.215625,-1.183481836525944
476,10.8333,162.499,2.21875,-1.1638749138359252
476,10.8333,162.499,2.2218750000000003,-1.1646569818337995
476,10.8333,162.499,2.225,-1.1775626261694032
476,10.8333,162.499,2.2281250000000004,-1.2149928350541952
476,10.8333,162.499,2.23125,-1.270681541740564
476,10.8333,162.499,2.234375,-1.341865696022212
476,10.8333,162.499,2.2375000000000003,-1.4266057069570253
476,10.8333,162.499,2.240625,-1.517504005041255
476,10.8333,162.499,2.2437500000000004,-1.619034483945378
476,10.8333,162.499,2.246875,-1.716947801934193
476,10.8333,162.499,2.25,-1.8122774954538752
476,10.8333,162.499,2.2531250000000003,-1.9007030184665483
476,10.8333,162.499,2.25625,-1.9773442812438793
476,10.8333,162.499,2.2593750000000004,-2.035367411335417
476,10.8333,162.499,2.2625,-2.0799548086582296
476,10.8333,162.499,2.265625,-2.1019808464034107
476,10.8333,162.499,2.2687500000000003,-2.105015733509972
476,10.8333,162.499,2.271875,-2.0895588808264347
476,10.8333,162.499,2.2750000000000004,-2.055530594599248
476,10.8333,162.499,2.278125,-2.0043013931973332
476,10.8333,162.499,2.28125,-1.9396397918209192
476,10.8333,162.499,2.2843750000000003,-1.861161948497911
476,10.8333,162.499,2.2875,-1.7747740283436886
476,10.8333,162.499,2.2906250000000004,-1.6830805067581112
476,10.8333,162.499,2.29375,-1.5880239072234272
476,10.8333,162.499,2.296875,-1.4974629198751042
476,10.8333,162.499,2.3000000000000003,-1.4109956128041365
476,10.8333,162.499,2.303125,-1.3348802766581414
476,10.8333,162.499,2.3062500000000004,-1.272089283949986
476,10.8333,162.499,2.309375,-1.2225299408236472
476,10.8333,162.499,2.3125,-1.1883055621014254
476,10.8333,162.499,2.3156250000000003,-1.1752162782707785
476,10.8333,162.499,2.31875,-1.1791915336734957
476,10.8333,162.499,2.3218750000000004,-1.200064472821206
476,10.8333,162.499,2.325,-1.242554532713944
476,10.8333,162.499,2.328125,-1.3032681187387543
476,10.8333,162.499,2.3312500000000003,-1.3801632526385794
476,10.8333,162.499,2.334375,-1.469001028993443
476,10.8333,162.499,2.3375000000000004,-1.567367728983686
476,10.8333,162.499,2.340625,-1.6670810614254485
476,10.8333,162.499,2.34375,-1.7673683327328469
476,10.8333,162.499,2.3468750000000003,-1.8704593659576227
476,10.8333,162.499,2.35,-1.9712895807546083
476,10.8333,162.499,2.3531250000000004,-2.068385623664399
476,10.8333,162.499,2.35625,-2.1290760414616456
476,10.8333,162.499,2.359375,-2.1424424546039456
476,10.8333,162.499,2.3625000000000003,-2.1275946141396855
476,10.8333,162.499,2.365625,-2.09245538928256
476,10.8333,162.499,2.3687500000000004,-2.051529882492605
476,10.8333,162.499,2.371875,-1.9976943219248324
476,10.8333,162.499,2.375,-1.9367865812966518
476,10.8333,162.499,2.3781250000000003,-1.867663559517797
476,10.8333,162.499,2.38125,-1.7978342434389714
476,10.8333,162.499,2.3843750000000004,-1.7319122696979568
476,10.8333,162.499,2.3875,-1.6401460941405928
476,10.8333,162.499,2.390625,-1.5298220947728822
476,10.8333,162.499,2.3937500000000003,-1.436658152471932
476,10.8333,162.499,2.396875,-1.331115366349467
476,10.8333,162.499,2.4000000000000004,-1.2546718763299998
476,10.8333,162.499,2.403125,-1.2077414126982504
476,10.8333,162.499,2.40625,-1.1819355858185985
476,10.8333,162.499,2.4093750000000003,-1.18734845559871
476,10.8333,162.499,2.4125,-1.2584186500998547
476,10.8333,162.499,2.4156250000000004,-1.2955448165233132
476,10.8333,162.499,2.41875,-1.353254708408316
476,10.8333,162.499,2.421875,-1.432559991182619
476,10.8333,162.499,2.4250000000000003,-1.5312873602272294
476,10.8333,162.499,2.428125,-1.643902452666245
476,10.8333,162.499,2.4312500000000004,-1.7658185894674117
476,10.8333,162.499,2.434375,-1.8857796802160818
476,10.8333,162.499,2.4375,-2.002885348217558
476,10.8333,162.499,2.4406250000000003,-2.1112055896785566
476,10.8333,162.499,2.44375,-2.2184960368288555
476,10.8333,162.499,2.4468750000000004,-2.3420798923532757
476,10.8333,162.499,2.45,-2.691848146614311
476,10.8333,162.499,2.453125,-3.149697260366113
476,10.8333,162.499,2.4562500000000003,-2.8243687034267073
476,10.8333,162.499,2.459375,-2.4183480662505015
476,10.8333,162.499,2.4625000000000004,-2.2404640159876044
476,10.8333,162.499,2.465625,-2.128085703369324
476,10.8333,162.499,2.46875,-2.030116819907157
476,10.8333,162.499,2.4718750000000003,-1.933338686263514
476,10.8333,162.499,2.475,-1.8350040268771741
476,10.8333,162.499,2.4781250000000004,-1.7396222312036111
476,10.8333,162.499,2.48125,-1.6475551065555658
476,10.8333,162.499,2.484375,-1.564348093797763
476,10.8333,162.499,2.4875000000000003,-1.4860761712691162
476,10.8333,162.499,2.490625,-1.420943061871249
476,10.8333,162.499,2.4937500000000004,-1.3662665865085852
476,10.8333,162.499,2.496875,-1.3306381831462244
476,10.8333,162.499,2.5,-1.3126134839774781
476,10.8333,162.499,2.5031250000000003,-1.3158332741230148
476,10.8333,162.499,2.50625,-1.3400970864901054
476,10.8333,162.499,2.5093750000000004,-1.3796266839324336
476,10.8333,162.499,2.5125,-1.4399837685318007
476,10.8333,162.499,2.515625,-1.5181582806928986
476,10.8333,162.499,2.5187500000000003,-1.6095786777057663
476,10.8333,162.499,2.521875,-1.7109927621296168
476,10.8333,162.499,2.5250000000000004,-1.8170199631776982
476,10.8333,162.499,2.528125,-1.919530174761136
476,10.8333,162.499,2.53125,-2.0190479100768792
476,10.8333,162.499,2.5343750000000003,-2.108398553017678
476,10.8333,162.499,2.5375,-2.183170219478002
476,10.8333,162.499,2.5406250000000004,-2.2370498970549093
476,10.8333,162.499,2.54375,-2.2709579217448654
476,10.8333,162.499,2.546875,-2.278417319607297
476,10.8333,162.499,2.5500000000000003,-2.265465272424881
476,10.8333,162.499,2.553125,-2.2315560028058647
476,10.8333,162.499,2.5562500000000004,-2.17677343489357
476,10.8333,162.499,2.559375,-2.1029488059090453
476,10.8333,162.499,2.5625,-2.0177193483232148
476,10.8333,162.499,2.5656250000000003,-1.9181199531149575
476,10.8333,162.499,2.56875,-1.8182250651800018
476,10.8333,162.499,2.5718750000000004,-1.7134587879356822
476,10.8333,162.499,2.575,-1.619584704662767
476,10.8333,162.499,2.578125,-1.5343572707055895
476,10.8333,162.499,2.5812500000000003,-1.4585255103855945
476,10.8333,162.499,2.584375,-1.4015299736504836
476,10.8333,162.499,2.5875000000000004,-1.3646539132248185
476,10.8333,162.499,2.590625,-1.3500646099712141
476,10.8333,162.499,2.59375,-1.3579056054860086
476,10.8333,162.499,2.5968750000000003,-1.3907255392866216
476,10.8333,162.499,2.6,-1.4472289483488292
476,10.8333,162.499,2.6031250000000004,-1.522977975404054
476,10.8333,162.499,2.60625,-1.6189001300273973
476,10.8333,162.499,2.609375,-1.7248205412093631
476,10.8333,162.499,2.6125000000000003,-1.839083314988306
476,10.8333,162.499,2.615625,-1.9523645475239193
476,10.8333,162.499,2.6187500000000004,-2.0645418449813677
476,10.8333,162.499,2.621875,-2.1636351923070505
476,10.8333,162.499,2.625,-2.254405374630272
476,10.8333,162.499,2.6281250000000003,-2.3246388746643425
476,10.8333,162.499,2.63125,-2.3734628442905894
476,10.8333,162.499,2.6343750000000004,-2.399669195227843
476,10.8333,162.499,2.6375,-2.405980372036159
476,10.8333,162.499,2.640625,-2.389549864270179
476,10.8333,162.499,2.6437500000000003,-2.3556352675830845
476,10.8333,162.499,2.646875,-2.306002223256524
476,10.8333,162.499,2.6500000000000004,-2.241699362072183
476,10.8333,162.499,2.653125,-2.1646484818121485
476,10.8333,162.499,2.65625,-2.0821645640009128
476,10.8333,162.499,2.6593750000000003,-1.9932316919503477
476,10.8333,162.499,2.6625,-1.9038169605668906
476,10.8333,162.499,2.6656250000000004,-1.813785276967879
476,10.8333,162.499,2.66875,-1.7304133527839058
476,10.8333,162.499,2.671875,-1.6579775157312528
476,10.8333,162.499,2.6750000000000003,-1.5940725694939104
476,10.8333,162.499,2.678125,-1.5530287728344314
476,10.8333,162.499,2.6812500000000004,-1.5213292012938704
476,10.8333,162.499,2.684375,-1.516250615389789
476,10.8333,162.499,2.6875,-1.5272848172553435
476,10.8333,162.499,2.6906250000000003,-1.5607970917662028
476,10.8333,162.499,2.69375,-1.6182545276041138
476,10.8333,162.499,2.6968750000000004,-1.6945945760322412
476,10.8333,162.499,2.7,-1.7903425912383981
476,10.8333,162.499,2.703125,-1.8964366657812795
476,10.8333,162.499,2.7062500000000003,-2.011418504885995
476,10.8333,162.499,2.709375,-2.1289496129601444
476,10.8333,162.499,2.7125000000000004,-2.2413091189016936
476,10.8333,162.499,2.715625,-2.345292864441139
476,10.8333,162.499,2.71875,-2.4365553520195418
476,10.8333,162.499,2.7218750000000003,-2.5040321512913772
476,10.8333,162.499,2.725,-2.5553017181644364
476,10.8333,162.499,2.7281250000000004,-2.5838913325457966
476,10.8333,162.499,2.73125,-2.589208883147393
476,10.8333,162.499,2.734375,-2.571906102096059
476,10.8333,162.499,2.7375000000000003,-2.5363995933795054
476,10.8333,162.499,2.740625,-2.484780930037289
476,10.8333,162.499,2.7437500000000004,-2.4251262360830816
476,10.8333,162.499,2.746875,-2.3628574604774215
476,10.8333,162.499,2.75,-2.3301171950203114
476,10.8333,162.499,2.7531250000000003,-2.3896166119737257
476,10.8333,162.499,2.75625,-2.4891611284357733
476,10.8333,162.499,2.7593750000000004,-2.22500066611188
476,10.8333,162.499,2.7625,-2.0071062774506383
476,10.8333,162.499,2.765625,-1.8790550882760868
476,10.8333,162.499,2.7687500000000003,-1.7951341493323851
476,10.8333,162.499,2.771875,-1.74001789138452
476,10.8333,162.499,2.7750000000000004,-1.708803518668154
476,10.8333,162.499,2.778125,-1.7026702969204424
476,10.8333,162.499,2.78125,-1.725440335322932
476,10.8333,162.499,2.7843750000000003,-1.765426781182754
476,10.8333,162.499,2.7875,-1.8331155246157729
476,10.8333,162.499,2.7906250000000004,-1.9172022301287803
476,10.8333,162.499,2.79375,-2.02161928379427
476,10.8333,162.499,2.796875,-2.136028513072593
476,10.8333,162.499,2.8000000000000003,-2.258149149673035
476,10.8333,162.499,2.803125,-2.376766446980862
476,10.8333,162.499,2.8062500000000004,-2.488657468246272
476,10.8333,162.499,2.809375,-2.585990940121703
476,10.8333,162.499,2.8125,-2.6673707819115036
476,10.8333,162.499,2.8156250000000003,-2.7241717224669486
476,10.8333,162.499,2.81875,-2.7603463008871714
476,10.8333,162.499,2.8218750000000004,-2.7719195392313187
476,10.8333,162.499,2.825,-2.7584020070576925
476,10.8333,162.499,2.828125,-2.724106215161386
476,10.8333,162.499,2.8312500000000003,-2.671913664448038
476,10.8333,162.499,2.834375,-2.607919865399953
476,10.8333,162.499,2.8375000000000004,-2.534560342161036
476,10.8333,162.499,2.840625,-2.453777381839726
476,10.8333,162.499,2.84375,-2.3713303164916137
476,10.8333,162.499,2.8468750000000003,-2.2930738962787816
476,10.8333,162.499,2.85,-2.2226457660678784
476,10.8333,162.499,2.8531250000000004,-2.1533839365109926
476,10.8333,162.499,2.85625,-2.0956986741772057
476,10.8333,162.499,2.859375,-2.048835726489834
476,10.8333,162.499,2.8625000000000003,-2.0090212839961645
476,10.8333,162.499,2.865625,-1.9768361731901858
476,10.8333,162.499,2.8687500000000004,-1.962325632611794
476,10.8333,162.499,2.871875,-1.959810681978974
476,10.8333,162.499,2.875,-1.976359517530357
476,10.8333,162.499,2.8781250000000003,-2.0141093119496762
476,10.8333,162.499,2.88125,-2.070592180559619
476,10.8333,162.499,2.8843750000000004,-2.1434858235134002
476,10.8333,162.499,2.8875,-2.234223454485951
476,10.8333,162.499,2.890625,-2.3334847841580526
476,10.8333,162.499,2.8937500000000003,-2.432964540759751
476,10.8333,162.499,2.896875,-2.5363933770527254
476,10.8333,162.499,2.9000000000000004,-2.6331434001777287
476,10.8333,162.499,2.903125,-2.71762410456531
476,10.8333,162.499,2.90625,-2.7921084507624756
476,10.8333,162.499,2.9093750000000003,-2.848450428167117
476,10.8333,162.499,2.9125,-2.8814936431185
476,10.8333,162.499,2.9156250000000004,-2.8940761010735305
476,10.8333,162.499,2.91875,-2.8895981629995764
476,10.8333,162.499,2.921875,-2.864755542048902
476,10.8333,162.499,2.9250000000000003,-2.818171239620155
476,10.8333,162.499,2.928125,-2.756645247651139
476,10.8333,162.499,2.9312500000000004,-2.6803408919773384
476,10.8333,162.499,2.934375,-2.59773363470099
476,10.8333,162.499,2.9375,-2.5136413008791396
476,10.8333,162.499,2.9406250000000003,-2.4296212968655233
476,10.8333,162.499,2.94375,-2.3499561626880237
476,10.8333,162.499,2.9468750000000004,-2.2823969745440613
476,10.8333,162.499,2.95,-2.2313903340289474
476,10.8333,162.499,2.953125,-2.1987530234040356
476,10.8333,162.499,2.9562500000000003,-2.1862198248912033
476,10.8333,162.499,2.959375,-2.20511346658441
476,10.8333,162.499,2.9625000000000004,-2.251823240452218
476,10.8333,162.499,2.965625,-2.3309470670008468
476,10.8333,162.499,2.96875,-2.4469957280332704
476,10.8333,162.499,2.9718750000000003,-2.588196820619183
476,10.8333,162.499,2.975,-2.762124628145898
476,10.8333,162.499,2.9781250000000004,-2.9529427795658436
476,10.8333,162.499,2.98125,-3.1531973475687005
476,10.8333,162.499,2.984375,-3.3452997481317164
476,10.8333,162.499,2.9875000000000003,-3.525431063928448
476,10.8333,162.499,2.990625,-3.671086650326156
476,10.8333,162.499,2.9937500000000004,-3.7815436446502697
476,10.8333,162.499,2.996875,-3.8346476501470645
476,10.8333,162.499,3.0,-3.8442266777670713
476,10.8333,162.499,3.0031250000000003,-3.808964702355983
476,10.8333,162.499,3.00625,-3.7322495902031845
476,10.8333,162.499,3.0093750000000004,-3.628312046498184
476,10.8333,162.499,3.0125,-3.5031380905077762
476,10.8333,162.499,3.015625,-3.366720871608433
476,10.8333,162.499,3.0187500000000003,-3.222101772221659
476,10.8333,162.499,3.021875,-3.07639362242862
476,10.8333,162.499,3.0250000000000004,-2.934345094673536
476,10.8333,162.499,3.028125,-2.7927860864678182
476,10.8333,162.499,3.03125,-2.660554190214473
476,10.8333,162.499,3.0343750000000003,-2.534371334621188
476,10.8333,162.499,3.0375,-2.42326011237556
476,10.8333,162.499,3.0406250000000004,-2.3245906509133345
476,10.8333,162.499,3.04375,-2.2470421180257367
476,10.8333,162.499,3.046875,-2.190632928883918
476,10.8333,162.499,3.0500000000000003,-2.152480401379125
476,10.8333,162.499,3.053125,-2.1376590664896855
476,10.8333,162.499,3.0562500000000004,-2.1482850434780127
476,10.8333,162.499,3.059375,-2.18531049747871
476,10.8333,162.499,3.0625,-2.2442153042625472
476,10.8333,162.499,3.0656250000000003,-2.323337086890052
476,10.8333,162.499,3.06875,-2.4195742445650765
476,10.8333,162.499,3.0718750000000004,-2.522846312956282
476,10.8333,162.499,3.075,-2.632617200090941
476,10.8333,162.499,3.078125,-2.7423864790302455
476,10.8333,162.499,3.0812500000000003,-2.8407537020249913
476,10.8333,162.499,3.084375,-2.9278192076541227
476,10.8333,162.499,3.0875000000000004,-3.0021627457139632
476,10.8333,162.499,3.090625,-3.057301944811365
476,10.8333,162.499,3.09375,-3.086293717003779
476,10.8333,162.499,3.0968750000000003,-3.093398194800858
476,10.8333,162.499,3.1,-3.0779589816554487
476,10.8333,162.499,3.1031250000000004,-3.0422728827727408
476,10.8333,162.499,3.10625,-2.9863697865206342
476,10.8333,162.499,3.109375,-2.9155779803619737
476,10.8333,162.499,3.1125000000000003,-2.8311144353155533
476,10.8333,162.499,3.115625,-2.740155092486305
476,10.8333,162.499,3.1187500000000004,-2.643010698533881
476,10.8333,162.499,3.121875,-2.5452420736845998
476,10.8333,162.499,3.125,-2.452933364181553
476,10.8333,162.499,3.1281250000000003,-2.3588453910165232
476,10.8333,162.499,3.13125,-2.27596436521294
476,10.8333,162.499,3.1343750000000004,-2.181872279349906
476,10.8333,162.499,3.1375,-2.116327657704099
476,10.8333,162.499,3.140625,-2.098779101018407
476,10.8333,162.499,3.1437500000000003,-2.0869591293929806
476,10.8333,162.499,3.146875,-2.1176828922071262
476,10.8333,162.499,3.1500000000000004,-2.1830647071877385
476,10.8333,162.499,3.153125,-2.273555344230375
476,10.8333,162.499,3.15625,-2.3751305091409898
476,10.8333,162.499,3.1593750000000003,-2.4818750220345747
476,10.8333,162.499,3.1625,-2.5985425415350476
476,10.8333,162.499,3.1656250000000004,-2.7278090632982446
476,10.8333,162.499,3.16875,-2.8578918975508256
476,10.8333,162.499,3.171875,-2.9760157105359126
476,10.8333,162.499,3.1750000000000003,-3.0750150001118715
476,10.8333,162.499,3.178125,-3.1529574675389633
476,10.8333,162.499,3.1812500000000004,-3.208802795491702
476,10.8333,162.499,3.184375,-3.242337188051559
476,10.8333,162.499,3.1875,-3.2325507192888328
476,10.8333,162.499,3.1906250000000003,-3.2257633788030278
476,10.8333,162.499,3.19375,-3.1954411847336712
476,10.8333,162.499,3.1968750000000004,-3.146148267584392
476,10.8333,162.499,3.2,-3.080159251624446
476,10.8333,162.499,3.203125,-2.9945745769614636
476,10.8333,162.499,3.2062500000000003,-2.902450271481723
476,10.8333,162.499,3.209375,-2.802271282050307
476,10.8333,162.499,3.2125000000000004,-2.703542542504327
476,10.8333,162.499,3.215625,-2.6042952735385603
476,10.8333,162.499,3.21875,-2.5163179229036388
476,10.8333,162.499,3.2218750000000003,-2.4369275124433813
476,10.8333,162.499,3.225,-2.3732264419996807
476,10.8333,162.499,3.2281250000000004,-2.3284132083372966
476,10.8333,162.499,3.23125,-2.3073592410325934
476,10.8333,162.499,3.234375,-2.3095344477712123
476,10.8333,162.499,3.2375000000000003,-2.3357832177639835
476,10.8333,162.499,3.240625,-2.3867839991928284
476,10.8333,162.499,3.2437500000000004,-2.4550843486222584
476,10.8333,162.499,3.246875,-2.5414245641040796
476,10.8333,162.499,3.25,-2.645865738732311
476,10.8333,162.499,3.2531250000000003,-2.7587146726793383
476,10.8333,162.499,3.25625,-2.889437620810067
476,10.8333,162.499,3.2593750000000004,-3.012219772221312
476,10.8333,162.499,3.2625,-3.1352361007548994
476,10.8333,162.499,3.265625,-3.24978287854547
476,10.8333,162.499,3.2687500000000003,-3.347300334915096
476,10.8333,162.499,3.271875,-3.421821613883141
476,10.8333,162.499,3.2750000000000004,-3.476560117905339
476,10.8333,162.499,3.278125,-3.508668128286216
476,10.8333,162.499,3.28125,-3.5176137895108592
476,10.8333,162.499,3.2843750000000003,-3.5046634659854945
476,10.8333,162.499,3.2875,-3.4713766025878185
476,10.8333,162.499,3.2906250000000004,-3.41849406737674
476,10.8333,162.499,3.29375,-3.352373697449713
476,10.8333,162.499,3.296875,-3.268536251733922
476,10.8333,162.499,3.3000000000000003,-3.1784263748864383
476,10.8333,162.499,3.303125,-3.081798513529759
476,10.8333,162.499,3.3062500000000004,-2.9832419401582317
476,10.8333,162.499,3.309375,-2.88679164517607
476,10.8333,162.499,3.3125,-2.8029685662015624
476,10.8333,162.499,3.3156250000000003,-2.7288711490168813
476,10.8333,162.499,3.31875,-2.6701904783573145
476,10.8333,162.499,3.3218750000000004,-2.6324211362876397
476,10.8333,162.499,3.325,-2.619143316113393
476,10.8333,162.499,3.328125,-2.6259029555323723
476,10.8333,162.499,3.3312500000000003,-2.6610979906143593
476,10.8333,162.499,3.334375,-2.719326309942381
476,10.8333,162.499,3.3375000000000004,-2.809021879426561
476,10.8333,162.499,3.340625,-2.9189720261190444
476,10.8333,162.499,3.34375,-3.0469578262172385
476,10.8333,162.499,3.3468750000000003,-3.186737298355744
476,10.8333,162.499,3.35,-3.337304183245811
476,10.8333,162.499,3.3531250000000004,-3.481666367142187
476,10.8333,162.499,3.35625,-3.623617466130435
476,10.8333,162.499,3.359375,-3.745495976844984
476,10.8333,162.499,3.3625000000000003,-3.8498573300384136
476,10.8333,162.499,3.365625,-3.9278456245003994
476,10.8333,162.499,3.3687500000000004,-3.98429360724407
476,10.8333,162.499,3.371875,-4.005557988401282
476,10.8333,162.499,3.375,-4.002702956629216
476,10.8333,162.499,3.3781250000000003,-3.9713698446704004
476,10.8333,162.499,3.38125,-3.918617229367927
476,10.8333,162.499,3.3843750000000004,-3.8437166347852343
476,10.8333,162.499,3.3875,-3.7586596174789344
476,10.8333,162.499,3.390625,-3.657235048073698
476,10.8333,162.499,3.3937500000000003,-3.55507301621615
476,10.8333,162.499,3.396875,-3.442279841553579
476,10.8333,162.499,3.4000000000000004,-3.334370012538121
476,10.8333,162.499,3.403125,-3.228998960646429
476,10.8333,162.499,3.40625,-3.13314143937079
476,10.8333,162.499,3.4093750000000003,-3.050448912108519
476,10.8333,162.499,3.4125,-2.9778622231984846
476,10.8333,162.499,3.4156250000000004,-2.9263720639254434
476,10.8333,162.499,3.41875,-2.8947023106399126
476,10.8333,162.499,3.421875,-2.8823105027053564
476,10.8333,162.499,3.4250000000000003,-2.8912339638972293
476,10.8333,162.499,3.428125,-2.921586488883304
476,10.8333,162.499,3.4312500000000004,-2.967067082103925
476,10.8333,162.499,3.434375,-3.0278608324212914
476,10.8333,162.499,3.4375,-3.097725154022095
476,10.8333,162.499,3.4406250000000003,-3.174314555227631
476,10.8333,162.499,3.44375,-3.251882241033368
476,10.8333,162.499,3.4468750000000004,-3.3260225073991725
476,10.8333,162.499,3.45,-3.3899376741083174
476,10.8333,162.499,3.453125,-3.4410738401491763
476,10.8333,162.499,3.4562500000000003,-3.4780503309401176
476,10.8333,162.499,3.459375,-3.495609767199408
476,10.8333,162.499,3.4625000000000004,-3.4949848850381455
476,10.8333,162.499,3.465625,-3.4747419525360184
476,10.8333,162.499,3.46875,-3.432929761663777
476,10.8333,162.499,3.4718750000000003,-3.372853505501565
476,10.8333,162.499,3.475,-3.3035633738299075
476,10.8333,162.499,3.4781250000000004,-3.2097567819819206
476,10.8333,162.499,3.48125,-3.1136449054628947
476,10.8333,162.499,3.484375,-3.0135097032358145
476,10.8333,162.499,3.4875000000000003,-2.9087220777586915
476,10.8333,162.499,3.490625,-2.806901496196961
476,10.8333,162.499,3.4937500000000004,-2.7115712662048956
476,10.8333,162.499,3.496875,-2.625068240295081
476,10.8333,162.499,3.5,-2.554130684699474
476,10.8333,162.499,3.5031250000000003,-2.5001503619877274
476,10.8333,162.499,3.50625,-2.468406125750267
476,10.8333,162.499,3.5093750000000004,-2.4621008070098616
476,10.8333,162.499,3.5125,-2.4814667525552716
476,10.8333,162.499,3.515625,-2.5264308513176514
476,10.8333,162.499,3.5187500000000003,-2.601659941409113
476,10.8333,162.499,3.521875,-2.6903428951243082
476,10.8333,162.499,3.5250000000000004,-2.8026024105874683
476,10.8333,162.499,3.528125,-2.9234834516969705
476,10.8333,162.499,3.53125,-3.0521927271128675
476,10.8333,162.499,3.5343750000000003,-3.1886119868687373
476,10.8333,162.499,3.5375,-3.315451305196025
476,10.8333,162.499,3.5406250000000004,-3.4337416721090235
476,10.8333,162.499,3.54375,-3.5358338692274787
476,10.8333,162.499,3.546875,-3.6043128764915986
476,10.8333,162.499,3.5500000000000003,-3.6407889300146055
476,10.8333,162.499,3.553125,-3.6532264636067087
476,10.8333,162.499,3.5562500000000004,-3.6417582858611803
476,10.8333,162.499,3.559375,-3.608726856189246
476,10.8333,162.499,3.5625,-3.562695748249203
476,10.8333,162.499,3.5656250000000003,-3.50405880809701
476,10.8333,162.499,3.56875,-3.4342007717010463
476,10.8333,162.499,3.5718750000000004,-3.357421822617253
476,10.8333,162.499,3.575,-3.2845295588992522
476,10.8333,162.499,3.5781250000000004,-3.2059827910439087
476,10.8333,162.499,3.5812500000000003,-3.1359813852757257
476,10.8333,162.499,3.584375,-3.080044973502738
476,10.8333,162.499,3.5875000000000004,-3.0341785550608202
476,10.8333,162.499,3.590625,-3.000771867382033
476,10.8333,162.499,3.5937500000000004,-2.990278103885527
476,10.8333,162.499,3.5968750000000003,-2.998380080332103
476,10.8333,162.499,3.6,-3.037042905936493
476,10.8333,162.499,3.6031250000000004,-3.101462848479097
476,10.8333,162.499,3.60625,-3.1921482363806324
476,10.8333,162.499,3.6093750000000004,-3.3094509097986213
476,10.8333,162.499,3.6125000000000003,-3.455915544992691
476,10.8333,162.499,3.615625,-3.613297907737079
476,10.8333,162.499,3.6187500000000004,-3.769963182659323
476,10.8333,162.499,3.621875,-3.929152702411016
476,10.8333,162.499,3.6250000000000004,-4.079027146257511
476,10.8333,162.499,3.6281250000000003,-4.224403299957226
476,10.8333,162.499,3.63125,-4.356399356133606
476,10.8333,162.499,3.6343750000000004,-4.461996296424254
476,10.8333,162.499,3.6375,-4.555666320273859
476,10.8333,162.499,3.6406250000000004,-4.616481579594879
476,10.8333,162.499,3.6437500000000003,-4.655148756382451
476,10.8333,162.499,3.646875,-4.675354125309761
476,10.8333,162.499,3.6500000000000004,-4.683357790823147
476,10.8333,162.499,3.653125,-4.70474202148195
476,10.8333,162.499,3.6562500000000004,-4.705500231872765
476,10.8333,162.499,3.6593750000000003,-4.703500449398424
476,10.8333,162.499,3.6625,-4.699230165161007
476,10.8333,162.499,3.6656250000000004,-4.700045740476087
476,10.8333,162.499,3.66875,-4.721770299493404
476,10.8333,162.499,3.6718750000000004,-4.757830030587947
476,10.8333,162.499,3.6750000000000003,-4.825109179533574
476,10.8333,162.499,3.678125,-4.91898447723022
476,10.8333,162.499,3.6812500000000004,-5.04978675879198
476,10.8333,162.499,3.684375,-5.252273407739442
476,10.8333,162.499,3.6875000000000004,-5.593173796313806
476,10.8333,162.499,3.6906250000000003,-5.905855600960025
476,10.8333,162.499,3.69375,-6.087044910624305
476,10.8333,162.499,3.6968750000000004,-6.3406295990936155
476,10.8333,162.499,3.7,-6.635739997234429
476,10.8333,162.499,3.7031250000000004,-6.960353197376494
476,10.8333,162.499,3.7062500000000003,-7.295862443193688
476,10.8333,162.499,3.709375,-7.625853402266135
476,10.8333,162.499,3.7125000000000004,-7.9566428668384965
476,10.8333,162.499,3.715625,-8.251950182270654
476,10.8333,162.499,3.7187500000000004,-8.538070848098926
476,10.8333,162.499,3.7218750000000003,-8.796833608289973
476,10.8333,162.499,3.725,-9.017243871646793
476,10.8333,162.499,3.7281250000000004,-9.212924103456062
476,10.8333,162.499,3.73125,-9.376929320755686
476,10.8333,162.499,3.7343750000000004,-9.522213149009453
476,10.8333,162.499,3.7375000000000003,-9.647066878146308
476,10.8333,162.499,3.740625,-9.769271238829774
476,10.8333,162.499,3.7437500000000004,-9.858372856786804
476,10.8333,162.499,3.746875,-9.975038759545686
476,10.8333,162.499,3.7500000000000004,-10.148771828289176
476,10.8333,162.499,3.7531250000000003,-10.41499191260285
476,10.8333,162.499,3.75625,-10.719015035848658
476,10.8333,162.499,3.7593750000000004,-11.054693942556232
476,10.8333,162.499,3.7625,-11.432277037253971
476,10.8333,162.499,3.7656250000000004,-11.842781572475928
476,10.8333,162.499,3.7687500000000003,-12.25663820585823
476,10.8333,162.499,3.771875,-12.682891264468008
476,10.8333,162.499,3.7750000000000004,-13.107163931282802
476,10.8333,162.499,3.778125,-13.524192820780176
476,10.8333,162.499,3.7812500000000004,-13.923386949986744
476,10.8333,162.499,3.7843750000000003,-14.284470064272446
476,10.8333,162.499,3.7875,-14.639539363586714
476,10.8333,162.499,3.7906250000000004,-14.95616265397813
476,10.8333,162.499,3.79375,-15.256857716865191
476,10.8333,162.499,3.7968750000000004,-15.525432364892994
476,10.8333,162.499,3.8000000000000003,-15.746808574139553
476,10.8333,162.499,3.803125,-15.977757300902606
476,10.8333,162.499,3.8062500000000004,-16.147099619686273
476,10.8333,162.499,3.809375,-16.241575357508246
476,10.8333,162.499,3.8125000000000004,-16.273619684557527
476,10.8333,162.499,3.8156250000000003,-16.20934831775794
476,10.8333,162.499,3.81875,-16.03456634793733
476,10.8333,162.499,3.8218750000000004,-15.74423112154201
476,10.8333,162.499,3.825,-15.363166015851188
476,10.8333,162.499,3.8281250000000004,-14.948861620548977
476,10.8333,162.499,3.8312500000000003,-14.615737360594984
476,10.8333,162.499,3.834375,-14.324508327934979
476,10.8333,162.499,3.8375000000000004,-13.7303650347737
476,10.8333,162.499,3.840625,-13.030350444099401
476,10.8333,162.499,3.8437500000000004,-12.335918770851995
476,10.8333,162.499,3.8468750000000003,-11.679513085337557
476,10.8333,162.499,3.85,-11.046725621876842
476,10.8333,162.499,3.8531250000000004,-10.442923038280789
476,10.8333,162.499,3.85625,-9.867497868861403
476,10.8333,162.499,3.8593750000000004,-9.335553535556572
476,10.8333,162.499,3.8625000000000003,-8.840417487422753
476,10.8333,162.499,3.865625,-8.37583635615196
476,10.8333,162.499,3.8687500000000004,-7.946859443191877
476,10.8333,162.499,3.871875,-7.559787625831344
476,10.8333,162.499,3.8750000000000004,-7.216615763862758
476,10.8333,162.499,3.8781250000000003,-6.923256337383236
476,10.8333,162.499,3.88125,-6.673271445758015
476,10.8333,162.499,3.8843750000000004,-6.470582323740457
476,10.8333,162.499,3.8875,-6.320887140129362
476,10.8333,162.499,3.8906250000000004,-6.210718965825878
476,10.8333,162.499,3.8937500000000003,-6.151803747726879
476,10.8333,162.499,3.896875,-6.121157771486992
476,10.8333,162.499,3.9000000000000004,-6.130879450448492
476,10.8333,162.499,3.903125,-6.1480951530827905
476,10.8333,162.499,3.9062500000000004,-6.182136177048912
476,10.8333,162.499,3.9093750000000003,-6.218224687769137
476,10.8333,162.499,3.9125,-6.245593724919321
476,10.8333,162.499,3.9156250000000004,-6.2527161807116425
476,10.8333,162.499,3.91875,-6.237678977078774
476,10.8333,162.499,3.9218750000000004,-6.19950751522953
476,10.8333,162.499,3.9250000000000003,-6.118205737798419
476,10.8333,162.499,3.928125,-6.019336502294389
476,10.8333,162.499,3.9312500000000004,-5.906483960438055
476,10.8333,162.499,3.934375,-5.780331895060513
476,10.8333,162.499,3.9375000000000004,-5.650042433491931
476,10.8333,162.499,3.9406250000000003,-5.520020987426499
476,10.8333,162.499,3.94375,-5.396322184995697
476,10.8333,162.499,3.9468750000000004,-5.27865165821793
476,10.8333,162.499,3.95,-5.180865388097795
476,10.8333,162.499,3.9531250000000004,-5.1024503317554455
476,10.8333,162.499,3.9562500000000003,-5.047057329980316
476,10.8333,162.499,3.959375,-5.021477171277303
476,10.8333,162.499,3.9625000000000004,-5.0289534538396365
476,10.8333,162.499,3.965625,-5.072388443443377
476,10.8333,162.499,3.9687500000000004,-5.153507020491961
476,10.8333,162.499,3.9718750000000003,-5.266766027982889
476,10.8333,162.499,3.975,-5.423982683340648
476,10.8333,162.499,3.9781250000000004,-5.601625828654503
476,10.8333,162.499,3.98125,-5.813359244101445
476,10.8333,162.499,3.9843750000000004,-6.0413535743676245
476,10.8333,162.499,3.9875000000000003,-6.274648880112218
476,10.8333,162.499,3.990625,-6.496409736126684
476,10.8333,162.499,3.9937500000000004,-6.693861665479117
476,10.8333,162.499,3.996875,-6.864961990792421
476,10.8333,162.499,4.0,-6.994077526214233
476,10.8333,162.499,4.003125,-7.072147163569523
476,10.8333,162.499,4.0062500000000005,-7.116010901745602
476,10.8333,162.499,4.009375,-7.115490684891334
476,10.8333,162.499,4.0125,-7.072455369199214
476,10.8333,162.499,4.015625,-7.006317280602909
476,10.8333,162.499,4.01875,-6.9121138117967496
476,10.8333,162.499,4.0218750000000005,-6.810914111066523
476,10.8333,162.499,4.025,-6.703938443211797
476,10.8333,162.499,4.028125,-6.602420859921042
476,10.8333,162.499,4.03125,-6.511743974407386
476,10.8333,162.499,4.034375,-6.441124459764113
476,10.8333,162.499,4.0375000000000005,-6.38879185196428
476,10.8333,162.499,4.040625,-6.371729194479739
476,10.8333,162.499,4.04375,-6.389445844447553
476,10.8333,162.499,4.046875,-6.451668898425128
476,10.8333,162.499,4.05,-6.56006051922623
476,10.8333,162.499,4.0531250000000005,-6.730484926524998
476,10.8333,162.499,4.05625,-6.9614755311528365
476,10.8333,162.499,4.059375,-7.254189968190385
476,10.8333,162.499,4.0625,-7.601824609417428
476,10.8333,162.499,4.065625,-8.001518821025465
476,10.8333,162.499,4.0687500000000005,-8.440411362587744
476,10.8333,162.499,4.071875,-8.899967538940903
476,10.8333,162.499,4.075,-9.377875318699324
476,10.8333,162.499,4.078125,-9.840350815934139
476,10.8333,162.499,4.08125,-10.245526346703354
476,10.8333,162.499,4.0843750000000005,-10.560220767831577
476,10.8333,162.499,4.0875,-10.777319536421274
476,10.8333,162.499,4.090625,-10.862729215563775
476,10.8333,162.499,4.09375,-10.840136292061725
476,10.8333,162.499,4.096875,-10.677004099704304
476,10.8333,162.499,4.1000000000000005,-10.270672569869621
476,10.8333,162.499,4.103125,-9.70994891023896
476,10.8333,162.499,4.10625,-9.332328412474919
476,10.8333,162.499,4.109375,-8.982368877702706
476,10.8333,162.499,4.1125,-8.644652998626677
476,10.8333,162.499,4.1156250000000005,-8.311753460255282
476,10.8333,162.499,4.11875,-7.9923787416310645
476,10.8333,162.499,4.121875,-7.701261472441044
476,10.8333,162.499,4.125,-7.431596986952692
476,10.8333,162.499,4.128125,-7.194801087621481
476,10.8333,162.499,4.1312500000000005,-6.987259765573061
476,10.8333,162.499,4.134375,-6.80618833754618
476,10.8333,162.499,4.1375,-6.663180728154612
476,10.8333,162.499,4.140625,-6.548694386218702
476,10.8333,162.499,4.14375,-6.478670432407365
476,10.8333,162.499,4.1468750000000005,-6.4457893808658415
476,10.8333,162.499,4.15,-6.4548353563432475
476,10.8333,162.499,4.153125,-6.512538533841537
476,10.8333,162.499,4.15625,-6.601720195116583
476,10.8333,162.499,4.159375,-6.724696952277865
476,10.8333,162.499,4.1625000000000005,-6.871956650169009
476,10.8333,162.499,4.165625,-7.029558223781754
476,10.8333,162.499,4.16875,-7.199540211324409
476,10.8333,162.499,4.171875,-7.360796646422214
476,10.8333,162.499,4.175,-7.513495031148823
476,10.8333,162.499,4.1781250000000005,-7.651113201379075
476,10.8333,162.499,4.18125,-7.756091563902555
476,10.8333,162.499,4.184375,-7.8255517899251394
476,10.8333,162.499,4.1875,-7.850729046880528
476,10.8333,162.499,4.190625,-7.842048851526107
476,10.8333,162.499,4.1937500000000005,-7.784995853567721
476,10.8333,162.499,4.196875,-7.698400218382217
476,10.8333,162.499,4.2,-7.587235215913139
476,10.8333,162.499,4.203125,-7.45813642759239
476,10.8333,162.499,4.20625,-7.325096229237374
476,10.8333,162.499,4.2093750000000005,-7.183824419192179
476,10.8333,162.499,4.2125,-7.053058893153658
476,10.8333,162.499,4.215625,-6.934629506265354
476,10.8333,162.499,4.21875,-6.823376359147337
476,10.8333,162.499,4.221875,-6.738753345652253
476,10.8333,162.499,4.2250000000000005,-6.668891941699128
476,10.8333,162.499,4.228125,-6.627599328533718
476,10.8333,162.499,4.23125,-6.61133991529633
476,10.8333,162.499,4.234375,-6.614373138723097
476,10.8333,162.499,4.2375,-6.649556634491898
476,10.8333,162.499,4.2406250000000005,-6.711055695347702
476,10.8333,162.499,4.24375,-6.805413757257917
476,10.8333,162.499,4.246875,-6.915731737576794
476,10.8333,162.499,4.25,-7.0524039093801925
476,10.8333,162.499,4.253125,-7.210825464961852
476,10.8333,162.499,4.2562500000000005,-7.374667132511663
476,10.8333,162.499,4.259375,-7.546615780346842
476,10.8333,162.499,4.2625,-7.71389622826935
476,10.8333,162.499,4.265625,-7.866004292653122
476,10.8333,162.499,4.26875,-8.000223509214791
476,10.8333,162.499,4.2718750000000005,-8.106323925952923
476,10.8333,162.499,4.275,-8.180179344222818
476,10.8333,162.499,4.278125,-8.216407857598107
476,10.8333,162.499,4.28125,-8.211043744325986
476,10.8333,162.499,4.284375000000001,-8.163585969204764
476,10.8333,162.499,4.2875000000000005,-8.090888545527559
476,10.8333,162.499,4.290625,-7.982780163363535
476,10.8333,162.499,4.29375,-7.85272755457795
476,10.8333,162.499,4.296875,-7.711435499693692
476,10.8333,162.499,4.300000000000001,-7.562417341684325
476,10.8333,162.499,4.3031250000000005,-7.411370217833943
476,10.8333,162.499,4.30625,-7.264901774054879
476,10.8333,162.499,4.309375,-7.132011781902342
476,10.8333,162.499,4.3125,-7.006799382975354
476,10.8333,162.499,4.315625000000001,-6.9011577144238
476,10.8333,162.499,4.3187500000000005,-6.823832191629091
476,10.8333,162.499,4.321875,-6.767204602155558
476,10.8333,162.499,4.325,-6.742493306135977
476,10.8333,162.499,4.328125,-6.736857731676905
476,10.8333,162.499,4.331250000000001,-6.752281404536929
476,10.8333,162.499,4.3343750000000005,-6.79914254973321
476,10.8333,162.499,4.3375,-6.848568422808853
476,10.8333,162.499,4.340625,-6.922748842270602
476,10.8333,162.499,4.34375,-6.997591392183392
476,10.8333,162.499,4.346875000000001,-7.064598577353552
476,10.8333,162.499,4.3500000000000005,-7.076515844148441
476,10.8333,162.499,4.353125,-7.127638865815803
476,10.8333,162.499,4.35625,-7.155971960039118
476,10.8333,162.499,4.359375,-7.088486621083977
476,10.8333,162.499,4.362500000000001,-7.089874183541811
476,10.8333,162.499,4.3656250000000005,-7.091424497119439
476,10.8333,162.499,4.36875,-7.068049847778376
476,10.8333,162.499,4.371875,-7.028156386207506
476,10.8333,162.499,4.375,-6.958989734138542
476,10.8333,162.499,4.378125000000001,-6.8604553008863896
476,10.8333,162.499,4.3812500000000005,-6.738491849494462
476,10.8333,162.499,4.384375,-6.605438184838636
476,10.8333,162.499,4.3875,-6.452488900023791
476,10.8333,162.499,4.390625,-6.326544784806169
476,10.8333,162.499,4.393750000000001,-6.151283051599304
476,10.8333,162.499,4.3968750000000005,-6.002112762248051
476,10.8333,162.499,4.4,-5.870941069678627
476,10.8333,162.499,4.403125,-5.760793896630645
476,10.8333,162.499,4.40625,-5.670100366392493
476,10.8333,162.499,4.409375000000001,-5.603727888073539
476,10.8333,162.499,4.4125000000000005,-5.551750741218296
476,10.8333,162.499,4.415625,-5.536918425116807
476,10.8333,162.499,4.41875,-5.5375181298232565
476,10.8333,162.499,4.421875,-5.5667180841357675
476,10.8333,162.499,4.425000000000001,-5.6195389689033535
476,10.8333,162.499,4.4281250000000005,-5.703795832891576
476,10.8333,162.499,4.43125,-5.818343736227533
476,10.8333,162.499,4.434375,-5.961944250321785
476,10.8333,162.499,4.4375,-6.140299199216176
476,10.8333,162.499,4.440625000000001,-6.330410456927279
476,10.8333,162.499,4.4437500000000005,-6.460389390866201
476,10.8333,162.499,4.446875,-6.551589343922371
476,10.8333,162.499,4.45,-6.635218497442622
476,10.8333,162.499,4.453125,-6.7091500887559015
476,10.8333,162.499,4.456250000000001,-6.7607132903475495
476,10.8333,162.499,4.4593750000000005,-6.783387960500802
476,10.8333,162.499,4.4625,-6.7772761744614
476,10.8333,162.499,4.465625,-6.738227340321899
476,10.8333,162.499,4.46875,-6.669102708104705
476,10.8333,162.499,4.471875000000001,-6.580533935329244
476,10.8333,162.499,4.4750000000000005,-6.470308601848992
476,10.8333,162.499,4.478125,-6.34615161820876
476,10.8333,162.499,4.48125,-6.208775416288825
476,10.8333,162.499,4.484375,-6.067822547696471
476,10.8333,162.499,4.487500000000001,-5.924357843775555
476,10.8333,162.499,4.4906250000000005,-5.780403243255522
476,10.8333,162.499,4.49375,-5.643189108060941
476,10.8333,162.499,4.496875,-5.521769713826195
476,10.8333,162.499,4.5,-5.409031317973215
476,10.8333,162.499,4.503125000000001,-5.313155671741244
476,10.8333,162.499,4.5062500000000005,-5.2360854181547625
476,10.8333,162.499,4.509375,-5.1911413161835895
476,10.8333,162.499,4.5125,-5.195719960710851
476,10.8333,162.499,4.515625,-5.262327996309698
476,10.8333,162.499,4.518750000000001,-5.353394303459899
476,10.8333,162.499,4.5218750000000005,-5.42739795516408
476,10.8333,162.499,4.525,-5.477599915292984
476,10.8333,162.499,4.528125,-5.519565936638608
476,10.8333,162.499,4.53125,-5.564871598147725
476,10.8333,162.499,4.534375000000001,-5.608800945805381
476,10.8333,162.499,4.5375000000000005,-5.6523509026630245
476,10.8333,162.499,4.540625,-5.695773265374156
476,10.8333,162.499,4.54375,-5.72582866595857
476,10.8333,162.499,4.546875,-5.745667291825205
476,10.8333,162.499,4.550000000000001,-5.7533920850240525
476,10.8333,162.499,4.5531250000000005,-5.726683252927788
476,10.8333,162.499,4.55625,-5.672912082201151
476,10.8333,162.499,4.559375,-5.590481523352937
476,10.8333,162.499,4.5625,-5.4817044302470554
476,10.8333,162.499,4.565625000000001,-5.363135586534986
476,10.8333,162.499,4.5687500000000005,-5.234752597849205
476,10.8333,162.499,4.571875,-5.105049165012576
476,10.8333,162.499,4.575,-4.9651298763846095
476,10.8333,162.499,4.578125,-4.830677754944286
476,10.8333,162.499,4.581250000000001,-4.6970419279668745
476,10.8333,162.499,4.5843750000000005,-4.571957502923534
476,10.8333,162.499,4.5875,-4.448291840188732
476,10.8333,162.499,4.590625,-4.337366827588902
476,10.8333,162.499,4.59375,-4.2383228905649775
476,10.8333,162.499,4.596875000000001,-4.156917343900396
476,10.8333,162.499,4.6000000000000005,-4.095653632647352
476,10.8333,162.499,4.603125,-4.053302164611186
476,10.8333,162.499,4.60625,-4.032615163221153
476,10.8333,162.499,4.609375,-4.02793439192732
476,10.8333,162.499,4.612500000000001,-4.042776473519961
476,10.8333,162.499,4.6156250000000005,-4.090470436797552
476,10.8333,162.499,4.61875,-4.153137183111541
476,10.8333,162.499,4.621875,-4.228044505193734
476,10.8333,162.499,4.625,-4.319663903494854
476,10.8333,162.499,4.628125000000001,-4.40767815348075
476,10.8333,162.499,4.6312500000000005,-4.506350763713439
476,10.8333,162.499,4.634375,-4.587747461234989
476,10.8333,162.499,4.6375,-4.665036331656911
476,10.8333,162.499,4.640625,-4.725635152889356
476,10.8333,162.499,4.643750000000001,-4.772822857930976
476,10.8333,162.499,4.6468750000000005,-4.8096341991771165
476,10.8333,162.499,4.65,-4.821881945580675
476,10.8333,162.499,4.653125,-4.818544530473418
476,10.8333,162.499,4.65625,-4.787635654784552
476,10.8333,162.499,4.659375000000001,-4.746024209252746
476,10.8333,162.499,4.6625000000000005,-4.68053917234261
476,10.8333,162.499,4.665625,-4.602126958187385
476,10.8333,162.499,4.66875,-4.509922994530694
476,10.8333,162.499,4.671875,-4.406086053282746
476,10.8333,162.499,4.675000000000001,-4.295028330463615
476,10.8333,162.499,4.6781250000000005,-4.177040538199308
476,10.8333,162.499,4.68125,-4.047834532581097
476,10.8333,162.499,4.684375,-3.919040058946165
476,10.8333,162.499,4.6875,-3.822472383820008
476,10.8333,162.499,4.690625000000001,-3.7501823803641807
476,10.8333,162.499,4.6937500000000005,-3.6813422426794484
476,10.8333,162.499,4.696875,-3.6195174046108165
476,10.8333,162.499,4.7,-3.5825125351909444
476,10.8333,162.499,4.703125,-3.563203084414366
476,10.8333,162.499,4.706250000000001,-3.561480655807587
476,10.8333,162.499,4.7093750000000005,-3.5771418679375433
476,10.8333,162.499,4.7125,-3.6120495384701234
476,10.8333,162.499,4.715625,-3.656891331634377
476,10.8333,162.499,4.71875,-3.7120564789286674
476,10.8333,162.499,4.721875000000001,-3.7696492241819217
476,10.8333,162.499,4.7250000000000005,-3.8244074355753783
476,10.8333,162.499,4.728125,-3.867866408831996
476,10.8333,162.499,4.73125,-3.9023844947096924
476,10.8333,162.499,4.734375,-3.9188829733495325
476,10.8333,162.499,4.737500000000001,-3.9154904036407507
476,10.8333,162.499,4.7406250000000005,-3.8966877661032067
476,10.8333,162.499,4.74375,-3.862497303081564
476,10.8333,162.499,4.746875,-3.8089846912585736
476,10.8333,162.499,4.75,-3.7431707033231527
476,10.8333,162.499,4.753125000000001,-3.6617377404425544
476,10.8333,162.499,4.7562500000000005,-3.5664599109640167
476,10.8333,162.499,4.759375,-3.4624652772086364
476,10.8333,162.499,4.7625,-3.356334498873105
476,10.8333,162.499,4.765625,-3.2421807753655867
476,10.8333,162.499,4.768750000000001,-3.13047670006344
476,10.8333,162.499,4.7718750000000005,-3.0153100175908465
476,10.8333,162.499,4.775,-2.9073511729889483
476,10.8333,162.499,4.778125,-2.804876676751973
476,10.8333,162.499,4.78125,-2.7172075918200522
476,10.8333,162.499,4.784375000000001,-2.6388463409528202
476,10.8333,162.499,4.7875000000000005,-2.5804027233083264
476,10.8333,162.499,4.790625,-2.542110482399769
476,10.8333,162.499,4.79375,-2.5238806097587063
476,10.8333,162.499,4.796875,-2.5371920909508985
476,10.8333,162.499,4.800000000000001,-2.5699654531419345
476,10.8333,162.499,4.8031250000000005,-2.6300375152595463
476,10.8333,162.499,4.80625,-2.706255626960648
476,10.8333,162.499,4.809375,-2.7978440935219733
476,10.8333,162.499,4.8125,-2.9082187692144847
476,10.8333,162.499,4.815625000000001,-3.02103873477727
476,10.8333,162.499,4.8187500000000005,-3.1380144135732424
476,10.8333,162.499,4.821875,-3.2516177620956004
476,10.8333,162.499,4.825,-3.3556010696609113
476,10.8333,162.499,4.828125,-3.4430652945320683
476,10.8333,162.499,4.831250000000001,-3.512267981288912
476,10.8333,162.499,4.8343750000000005,-3.563680446510449
476,10.8333,162.499,4.8375,-3.599102419431521
476,10.8333,162.499,4.840625,-3.6115985731588123
476,10.8333,162.499,4.84375,-3.6025010282306753
476,10.8333,162.499,4.846875000000001,-3.5800026797963715
476,10.8333,162.499,4.8500000000000005,-3.540316252324363
476,10.8333,162.499,4.853125,-3.4869542197081387
476,10.8333,162.499,4.85625,-3.424710381577853
476,10.8333,162.499,4.859375,-3.3531087920717786
476,10.8333,162.499,4.862500000000001,-3.2857199205198295
476,10.8333,162.499,4.8656250000000005,-3.217635425029261
476,10.8333,162.499,4.86875,-3.156342612712412
476,10.8333,162.499,4.871875,-3.108506711027839
476,10.8333,162.499,4.875,-3.0692841355219143
476,10.8333,162.499,4.878125000000001,-3.0491092056326146
476,10.8333,162.499,4.8812500000000005,-3.047073957166684
476,10.8333,162.499,4.884375,-3.065181466407822
476,10.8333,162.499,4.8875,-3.106944460053398
476,10.8333,162.499,4.890625,-3.1740335794316783
476,10.8333,162.499,4.893750000000001,-3.2620334765722125
476,10.8333,162.499,4.8968750000000005,-3.362954549947403
476,10.8333,162.499,4.9,-3.477118134415183
476,10.8333,162.499,4.903125,-3.589486296413317
476,10.8333,162.499,4.90625,-3.7049686888572686
476,10.8333,162.499,4.909375000000001,-3.810680896965437
476,10.8333,162.499,4.9125000000000005,-3.9039668353746135
476,10.8333,162.499,4.915625,-3.9846787352053092
476,10.8333,162.499,4.91875,-4.047808321092456
476,10.8333,162.499,4.921875,-4.0910460605831656
476,10.8333,162.499,4.925000000000001,-4.115028538182455
476,10.8333,162.499,4.9281250000000005,-4.116471197929909
476,10.8333,162.499,4.93125,-4.098156802275834
476,10.8333,162.499,4.934375,-4.0639821528001985
476,10.8333,162.499,4.9375,-4.016659806266755
476,10.8333,162.499,4.940625000000001,-3.9623336653811467
476,10.8333,162.499,4.9437500000000005,-3.8952617973864894
476,10.8333,162.499,4.946875,-3.8240513326648067
476,10.8333,162.499,4.95,-3.7489272024699165
476,10.8333,162.499,4.953125,-3.6723399946656405
476,10.8333,162.499,4.956250000000001,-3.6031088653293963
476,10.8333,162.499,4.9593750000000005,-3.5400995408291824
476,10.8333,162.499,4.9625,-3.488658138331031
476,10.8333,162.499,4.965625,-3.4590042301832584
476,10.8333,162.499,4.96875,-3.460655419403704
476,10.8333,162.499,4.971875000000001,-3.5032127429040023
476,10.8333,162.499,4.9750000000000005,-3.5738647969510495
476,10.8333,162.499,4.978125,-3.653473955075628
476,10.8333,162.499,4.98125,-3.724999371488651
476,10.8333,162.499,4.984375,-3.816750665731683
476,10.8333,162.499,4.987500000000001,-3.916745793083102
476,10.8333,162.499,4.9906250000000005,-4.033762935075098
476,10.8333,162.499,4.99375,-4.159073942613794
476,10.8333,162.499,4.996875,-4.299541500231745
476,10.8333,162.499,5.0,-4.44053904835104
476,10.8333,162.499,5.003125000000001,-4.564003065392065
476,10.8333,162.499,5.0062500000000005,-4.687657624316787
476,10.8333,162.499,5.009375,-4.800847486881174
476,10.8333,162.499,5.0125,-4.893536866743323
476,10.8333,162.499,5.015625,-4.973363175114118
476,10.8333,162.499,5.018750000000001,-5.029799011884847
476,10.8333,162.499,5.0218750000000005,-5.0744910061959185
476,10.8333,162.499,5.025,-5.104542778220028
476,10.8333,162.499,5.028125,-5.1231818391568895
476,10.8333,162.499,5.03125,-5.121140621475603
476,10.8333,162.499,5.034375000000001,-5.110059671956902
476,10.8333,162.499,5.0375000000000005,-5.099540699798805
476,10.8333,162.499,5.040625,-5.082726988146661
476,10.8333,162.499,5.04375,-5.069866618174734
476,10.8333,162.499,5.046875,-5.059224224338203
476,10.8333,162.499,5.050000000000001,-5.053898810398238
476,10.8333,162.499,5.0531250000000005,-5.053243208895407
476,10.8333,162.499,5.05625,-5.065188102616594
476,10.8333,162.499,5.059375,-5.0892603483689625
476,10.8333,162.499,5.0625,-5.1167715535941936
476,10.8333,162.499,5.065625000000001,-5.169671911586095
476,10.8333,162.499,5.0687500000000005,-5.227792046331071
476,10.8333,162.499,5.071875,-5.302136637859784
476,10.8333,162.499,5.075,-5.399457613437586
476,10.8333,162.499,5.078125,-5.502639934571066
476,10.8333,162.499,5.081250000000001,-5.631614656008671
476,10.8333,162.499,5.0843750000000005,-5.779936345517123
476,10.8333,162.499,5.0875,-5.924020593035801
476,10.8333,162.499,5.090625,-6.022407211127058
476,10.8333,162.499,5.09375,-6.0988831624681055
476,10.8333,162.499,5.096875000000001,-6.159618246735117
476,10.8333,162.499,5.1000000000000005,-6.221110659394396
476,10.8333,162.499,5.103125,-6.260521048956157
476,10.8333,162.499,5.10625,-6.282426476809646
476,10.8333,162.499,5.109375,-6.2825461443279575
476,10.8333,162.499,5.112500000000001,-6.257221640410352
476,10.8333,162.499,5.1156250000000005,-6.2121818117860315
476,10.8333,162.499,5.11875,-6.154708195518715
476,10.8333,162.499,5.121875,-6.0784024892794095
476,10.8333,162.499,5.125,-6.003139088053682
476,10.8333,162.499,5.128125000000001,-5.914823406704629
476,10.8333,162.499,5.1312500000000005,-5.827711728412258
476,10.8333,162.499,5.134375,-5.7421044649411614
476,10.8333,162.499,5.1375,-5.6531008099578495
476,10.8333,162.499,5.140625,-5.580098478577501
476,10.8333,162.499,5.143750000000001,-5.509909848089881
476,10.8333,162.499,5.1468750000000005,-5.453813697349306
476,10.8333,162.499,5.15,-5.408806410813175
476,10.8333,162.499,5.153125,-5.380619742767781
476,10.8333,162.499,5.15625,-5.364810507304643
476,10.8333,162.499,5.159375000000001,-5.367152071542579
476,10.8333,162.499,5.1625000000000005,-5.38178267792358
476,10.8333,162.499,5.165625,-5.417470812702026
476,10.8333,162.499,5.16875,-5.461443583590528
476,10.8333,162.499,5.171875,-5.522721719906648
476,10.8333,162.499,5.175000000000001,-5.5916683098729845
476,10.8333,162.499,5.1781250000000005,-5.670035767366209
476,10.8333,162.499,5.18125,-5.747274388477514
476,10.8333,162.499,5.184375,-5.82457774726373
476,10.8333,162.499,5.1875,-5.88401648567889
476,10.8333,162.499,5.190625000000001,-5.958498183350761
476,10.8333,162.499,5.1937500000000005,-6.024608723372752
476,10.8333,162.499,5.196875,-6.086560085231573
476,10.8333,162.499,5.2,-6.135104566951828
476,10.8333,162.499,5.203125,-6.202738873886144
476,10.8333,162.499,5.206250000000001,-6.257120477712858
476,10.8333,162.499,5.2093750000000005,-6.32810860833793
476,10.8333,162.499,5.2125,-6.39152150282107
476,10.8333,162.499,5.215625,-6.4286731004105135
476,10.8333,162.499,5.21875,-6.401128002502913
476,10.8333,162.499,5.221875000000001,-6.344438621353
476,10.8333,162.499,5.2250000000000005,-6.299408605653567
476,10.8333,162.499,5.228125,-6.276493899176996
476,10.8333,162.499,5.23125,-6.280973982443391
476,10.8333,162.499,5.234375,-6.301209639611018
476,10.8333,162.499,5.237500000000001,-6.3511709537919
476,10.8333,162.499,5.2406250000000005,-6.42691253768473
476,10.8333,162.499,5.24375,-6.543465779657946
476,10.8333,162.499,5.246875,-6.715225437376694
476,10.8333,162.499,5.25,-6.971270091883958
476,10.8333,162.499,5.253125000000001,-7.3643513106825935
476,10.8333,162.499,5.2562500000000005,-7.95728871185664
476,10.8333,162.499,5.259375,-8.894981257908212
476,10.8333,162.499,5.2625,-10.30973720920436
476,10.8333,162.499,5.265625,-11.356604661588726
476,10.8333,162.499,5.268750000000001,-10.215271275062154
476,10.8333,162.499,5.2718750000000005,-8.643587979908972
476,10.8333,162.499,5.275,-7.837264369133604
476,10.8333,162.499,5.278125,-7.509641761020955
476,10.8333,162.499,5.28125,-7.381730367115388
476,10.8333,162.499,5.284375000000001,-7.3461814950654105
476,10.8333,162.499,5.2875000000000005,-7.327751474882431
476,10.8333,162.499,5.290625,-7.30535265121063
476,10.8333,162.499,5.29375,-7.2904382454749905
476,10.8333,162.499,5.296875,-7.253858854668084
476,10.8333,162.499,5.300000000000001,-7.2094926891982425
476,10.8333,162.499,5.3031250000000005,-7.156745229686886
476,10.8333,162.499,5.30625,-7.081540201701564
476,10.8333,162.499,5.309375,-7.015669329034453
476,10.8333,162.499,5.3125,-6.931099442946916
476,10.8333,162.499,5.315625000000001,-6.844767890194985
476,10.8333,162.499,5.3187500000000005,-6.759936234370835
476,10.8333,162.499,5.321875,-6.677986789487997
476,10.8333,162.499,5.325,-6.582640998298645
476,10.8333,162.499,5.328125,-6.4998397712592135
476,10.8333,162.499,5.331250000000001,-6.418548046850352
476,10.8333,162.499,5.3343750000000005,-6.3508614713540705
476,10.8333,162.499,5.3375,-6.279021327672229
476,10.8333,162.499,5.340625,-6.227699278047582
476,10.8333,162.499,5.34375,-6.15760814154529
476,10.8333,162.499,5.346875000000001,-6.088464194572426
476,10.8333,162.499,5.3500000000000005,-6.050355260378591
476,10.8333,162.499,5.353125,-6.021280696076122
476,10.8333,162.499,5.35625,-6.018559731639548
476,10.8333,162.499,5.359375,-6.030492956664747
476,10.8333,162.499,5.362500000000001,-6.045165082517283
476,10.8333,162.499,5.3656250000000005,-6.073907231879666
476,10.8333,162.499,5.36875,-6.105256191311063
476,10.8333,162.499,5.371875,-6.135606636714439
476,10.8333,162.499,5.375,-6.1561308994382635
476,10.8333,162.499,5.378125000000001,-6.174788123643293
476,10.8333,162.499,5.3812500000000005,-6.181686232387755
476,10.8333,162.499,5.384375,-6.180179828594669
476,10.8333,162.499,5.3875,-6.172043628706372
476,10.8333,162.499,5.390625,-6.147236630636685
476,10.8333,162.499,5.393750000000001,-6.118920346070869
476,10.8333,162.499,5.3968750000000005,-6.082291871058817
476,10.8333,162.499,5.4,-6.037817097188135
476,10.8333,162.499,5.403125,-5.999798670797096
476,10.8333,162.499,5.40625,-5.959026811930123
476,10.8333,162.499,5.409375000000001,-5.917487703301853
476,10.8333,162.499,5.4125000000000005,-5.874532724273651
476,10.8333,162.499,5.415625,-5.841465170569101
476,10.8333,162.499,5.41875,-5.81531093278362
476,10.8333,162.499,5.421875,-5.797148034795034
476,10.8333,162.499,5.425000000000001,-5.77906244109724
476,10.8333,162.499,5.4281250000000005,-5.789811057374353
476,10.8333,162.499,5.43125,-5.800909312310729
476,10.8333,162.499,5.434375,-5.825017436084346
476,10.8333,162.499,5.4375,-5.8619977614197305
476,10.8333,162.499,5.440625000000001,-5.91972584063445
476,10.8333,162.499,5.4437500000000005,-5.985620843438742
476,10.8333,162.499,5.446875,-6.066472067839177
476,10.8333,162.499,5.45,-6.15586265519285
476,10.8333,162.499,5.453125,-6.244550001673186
476,10.8333,162.499,5.456250000000001,-6.346338667801375
476,10.8333,162.499,5.4593750000000005,-6.435680205806381
476,10.8333,162.499,5.4625,-6.526977305410952
476,10.8333,162.499,5.465625,-6.608858525598855
476,10.8333,162.499,5.46875,-6.673530794888482
476,10.8333,162.499,5.471875000000001,-6.727324691396465
476,10.8333,162.499,5.4750000000000005,-6.765849596302973
476,10.8333,162.499,5.478125,-6.784658765531341
476,10.8333,162.499,5.48125,-6.787745088555818
476,10.8333,162.499,5.484375,-6.776371604067572
476,10.8333,162.499,5.487500000000001,-6.739475790867004
476,10.8333,162.499,5.4906250000000005,-6.690428596295675
476,10.8333,162.499,5.49375,-6.628644798306313
476,10.8333,162.499,5.496875,-6.565913626512385
476,10.8333,162.499,5.5,-6.512278802319377
476,10.8333,162.499,5.503125000000001,-6.4317980474082574
476,10.8333,162.499,5.5062500000000005,-6.337474451648532
476,10.8333,162.499,5.509375,-6.2283667201625565
476,10.8333,162.499,5.5125,-6.121491495840985
476,10.8333,162.499,5.515625,-6.028716650711804
476,10.8333,162.499,5.518750000000001,-5.93962794786258
476,10.8333,162.499,5.5218750000000005,-5.860917866979138
476,10.8333,162.499,5.525,-5.790671769874672
476,10.8333,162.499,5.528125,-5.742913678623865
476,10.8333,162.499,5.53125,-5.696024400742992
476,10.8333,162.499,5.534375000000001,-5.646576269594067
476,10.8333,162.499,5.5375000000000005,-5.597502606625435
476,10.8333,162.499,5.540625,-5.553676358394811
476,10.8333,162.499,5.54375,-5.526102615045467
476,10.8333,162.499,5.546875,-5.502055362813426
476,10.8333,162.499,5.550000000000001,-5.481533113031975
476,10.8333,162.499,5.5531250000000005,-5.465795388415502
476,10.8333,162.499,5.55625,-5.444945291325514
476,10.8333,162.499,5.559375,-5.421903729712227
476,10.8333,162.499,5.5625,-5.400258277470619
476,10.8333,162.499,5.565625000000001,-5.376438812287922
476,10.8333,162.499,5.5687500000000005,-5.345985995972065
476,10.8333,162.499,5.571875,-5.314600491641375
476,10.8333,162.499,5.575,-5.268405856672907
476,10.8333,162.499,5.578125,-5.235935398709859
476,10.8333,162.499,5.581250000000001,-5.190253434365529
476,10.8333,162.499,5.5843750000000005,-5.153657486804757
476,10.8333,162.499,5.5875,-5.104092229151698
476,10.8333,162.499,5.590625,-5.056072035712158
476,10.8333,162.499,5.59375,-5.009268673739127
476,10.8333,162.499,5.596875000000001,-4.946888385677223
476,10.8333,162.499,5.6000000000000005,-4.891045433037716
476,10.8333,162.499,5.603125,-4.833276076697491
476,10.8333,162.499,5.60625,-4.782489074273614
476,10.8333,162.499,5.609375,-4.7302160756733445
476,10.8333,162.499,5.612500000000001,-4.685023413451428
476,10.8333,162.499,5.6156250000000005,-4.647936083560026
476,10.8333,162.499,5.61875,-4.618438803712178
476,10.8333,162.499,5.621875,-4.597649078847858
476,10.8333,162.499,5.625,-4.5898907649323135
476,10.8333,162.499,5.628125000000001,-4.600056692367163
476,10.8333,162.499,5.6312500000000005,-4.625149977810559
476,10.8333,162.499,5.634375,-4.661119713421328
476,10.8333,162.499,5.6375,-4.706911602324459
476,10.8333,162.499,5.640625,-4.770165267906432
476,10.8333,162.499,5.643750000000001,-4.835098496731862
476,10.8333,162.499,5.6468750000000005,-4.904649403636368
476,10.8333,162.499,5.65,-4.968300771480163
476,10.8333,162.499,5.653125,-5.031358762746931
476,10.8333,162.499,5.65625,-5.08397689456062
476,10.8333,162.499,5.659375000000001,-5.1279242374306495
476,10.8333,162.499,5.6625000000000005,-5.161272862981617
476,10.8333,162.499,5.665625,-5.179634652614027
476,10.8333,162.499,5.66875,-5.183556270019213
476,10.8333,162.499,5.671875,-5.178729864478803
476,10.8333,162.499,5.675000000000001,-5.15640828911116
476,10.8333,162.499,5.6781250000000005,-5.120929790229266
476,10.8333,162.499,5.68125,-5.0777653228155355
476,10.8333,162.499,5.684375,-5.024427549465933
476,10.8333,162.499,5.6875,-4.965776261989935
476,10.8333,162.499,5.690625000000001,-4.891603166668975
476,10.8333,162.499,5.6937500000000005,-4.819186350724412
476,10.8333,162.499,5.696875,-4.73284487031638
476,10.8333,162.499,5.7,-4.638949574503153
476,10.8333,162.499,5.703125,-4.553748020321583
476,10.8333,162.499,5.706250000000001,-4.459540695823582
476,10.8333,162.499,5.7093750000000005,-4.365442172698659
476,10.8333,162.499,5.7125,-4.276732128826782
476,10.8333,162.499,5.715625,-4.199934719100494
476,10.8333,162.499,5.71875,-4.129946308906522
476,10.8333,162.499,5.721875000000001,-4.067837497728205
476,10.8333,162.499,5.7250000000000005,-4.016868383791542
476,10.8333,162.499,5.728125,-3.989397963027887
476,10.8333,162.499,5.73125,-3.9701761640630244
476,10.8333,162.499,5.734375,-3.967075288422757
476,10.8333,162.499,5.737500000000001,-3.9595322899208076
476,10.8333,162.499,5.7406250000000005,-3.96212652943986
476,10.8333,162.499,5.74375,-3.973230302476905
476,10.8333,162.499,5.746875,-3.9755510133368914
476,10.8333,162.499,5.75,-3.980144698433221
476,10.8333,162.499,5.753125000000001,-3.9782671898302584
476,10.8333,162.499,5.7562500000000005,-3.9674961486281015
476,10.8333,162.499,5.759375,-3.9501631904056893
476,10.8333,162.499,5.7625,-3.920481768992045
476,10.8333,162.499,5.765625,-3.8888798149632886
476,10.8333,162.499,5.768750000000001,-3.8481481339245427
476,10.8333,162.499,5.7718750000000005,-3.8027241973863966
476,10.8333,162.499,5.775,-3.7515977679439643
476,10.8333,162.499,5.778125,-3.6871313605414295
476,10.8333,162.499,5.78125,-3.617013023519192
476,10.8333,162.499,5.784375000000001,-3.542710959689975
476,10.8333,162.499,5.7875000000000005,-3.471639878728624
476,10.8333,162.499,5.790625,-3.394232497708756
476,10.8333,162.499,5.79375,-3.324997601163423
476,10.8333,162.499,5.796875,-3.2534228783037795
476,10.8333,162.499,5.800000000000001,-3.1901536142283553
476,10.8333,162.499,5.8031250000000005,-3.1382594616078494
476,10.8333,162.499,5.80625,-3.0883232563092804
476,10.8333,162.499,5.809375,-3.0586772172084937
476,10.8333,162.499,5.8125,-3.0487095571870086
476,10.8333,162.499,5.815625000000001,-3.0546466880746093
476,10.8333,162.499,5.8187500000000005,-3.067577415169735
476,10.8333,162.499,5.821875,-3.0974743889346685
476,10.8333,162.499,5.825,-3.1417226686363344
476,10.8333,162.499,5.828125,-3.1981622850233062
476,10.8333,162.499,5.831250000000001,-3.2513640395994123
476,10.8333,162.499,5.8343750000000005,-3.317149370809806
476,10.8333,162.499,5.8375,-3.379215398486623
476,10.8333,162.499,5.840625,-3.4420543630096745
476,10.8333,162.499,5.84375,-3.4905178121897635
476,10.8333,162.499,5.846875000000001,-3.529864920042807
476,10.8333,162.499,5.8500000000000005,-3.56060838512398
476,10.8333,162.499,5.853125,-3.5829434255152863
476,10.8333,162.499,5.85625,-3.590784988899953
476,10.8333,162.499,5.859375,-3.59709750826972
476,10.8333,162.499,5.862500000000001,-3.5885291226264155
476,10.8333,162.499,5.8656250000000005,-3.5668578996586886
476,10.8333,162.499,5.86875,-3.534277608741647
476,10.8333,162.499,5.871875,-3.492473560656026
476,10.8333,162.499,5.875,-3.434942407078898
476,10.8333,162.499,5.878125000000001,-3.368044464805352
476,10.8333,162.499,5.8812500000000005,-3.298492118276143
476,10.8333,162.499,5.884375,-3.2205720565585776
476,10.8333,162.499,5.8875,-3.1350235093253227
476,10.8333,162.499,5.890625,-3.05922979647982
476,10.8333,162.499,5.893750000000001,-2.9848224431513803
476,10.8333,162.499,5.8968750000000005,-2.918912020336577
476,10.8333,162.499,5.9,-2.8638324009153187
476,10.8333,162.499,5.903125,-2.830788708416982
476,10.8333,162.499,5.90625,-2.810701616323141
476,10.8333,162.499,5.909375000000001,-2.8093443894022627
476,10.8333,162.499,5.9125000000000005,-2.8165030924128813
476,10.8333,162.499,5.915625,-2.8383902200355586
476,10.8333,162.499,5.91875,-2.8693552464160135
476,10.8333,162.499,5.921875,-2.9030542555658774
476,10.8333,162.499,5.925000000000001,-2.9310586569393764
476,10.8333,162.499,5.9281250000000005,-2.9543822669179627
476,10.8333,162.499,5.93125,-2.973958225431113
476,10.8333,162.499,5.934375,-2.990932020765798
476,10.8333,162.499,5.9375,-2.9953281722617127
476,10.8333,162.499,5.940625000000001,-2.994221468026732
476,10.8333,162.499,5.9437500000000005,-2.9841024818725783
476,10.8333,162.499,5.946875,-2.968423927327748
476,10.8333,162.499,5.95,-2.941218187010884
476,10.8333,162.499,5.953125,-2.9039471962588275
476,10.8333,162.499,5.956250000000001,-2.8642761596960185
476,10.8333,162.499,5.9593750000000005,-2.817381861585578
476,10.8333,162.499,5.9625,-2.761494588662854
476,10.8333,162.499,5.965625,-2.702790133636126
476,10.8333,162.499,5.96875,-2.633262575607493
476,10.8333,162.499,5.971875000000001,-2.5605518918232706
476,10.8333,162.499,5.9750000000000005,-2.486027921687345
476,10.8333,162.499,5.978125,-2.415587013260711
476,10.8333,162.499,5.98125,-2.346738197904922
476,10.8333,162.499,5.984375,-2.282328433527419
476,10.8333,162.499,5.987500000000001,-2.228684266075712
476,10.8333,162.499,5.9906250000000005,-2.187065780447538
476,10.8333,162.499,5.99375,-2.1727412713626713
476,10.8333,162.499,5.996875,-2.1690684577045403
476,10.8333,162.499,6.0,-2.1942874959419005
