ScanID,Current,Field,Frequency,Spectra
126,10.8333,162.499,1.0,-0.9339402994673247
126,10.8333,162.499,1.003125,-0.899706929498526
126,10.8333,162.499,1.00625,-0.8710737577509966
126,10.8333,162.499,1.0093750000000001,-0.8463790989222031
126,10.8333,162.499,1.0125,-0.8316765572440253
126,10.8333,162.499,1.015625,-0.8215144901254013
126,10.8333,162.499,1.01875,-0.821441103204438
126,10.8333,162.499,1.021875,-0.8313682869088835
126,10.8333,162.499,1.0250000000000001,-0.8509566399549051
126,10.8333,162.499,1.028125,-0.8819601993555991
126,10.8333,162.499,1.03125,-0.919738845463552
126,10.8333,162.499,1.034375,-0.9611138736353487
126,10.8333,162.499,1.0375,-1.0082599268917751
126,10.8333,162.499,1.0406250000000001,-1.0601906384712416
126,10.8333,162.499,1.04375,-1.1126686658665053
126,10.8333,162.499,1.046875,-1.1649453510405254
126,10.8333,162.499,1.05,-1.2187188787384926
126,10.8333,162.499,1.053125,-1.267688091671043
126,10.8333,162.499,1.0562500000000001,-1.313014404523112
126,10.8333,162.499,1.059375,-1.3529121673838205
126,10.8333,162.499,1.0625,-1.3858804568041319
126,10.8333,162.499,1.065625,-1.4121899402196205
126,10.8333,162.499,1.06875,-1.4278877162427706
126,10.8333,162.499,1.0718750000000001,-1.4327566088674117
126,10.8333,162.499,1.0750000000000002,-1.4282688231257723
126,10.8333,162.499,1.078125,-1.4097424797896934
126,10.8333,162.499,1.08125,-1.3822576878718555
126,10.8333,162.499,1.084375,-1.341151390658799
126,10.8333,162.499,1.0875000000000001,-1.2906187107553078
126,10.8333,162.499,1.0906250000000002,-1.2334025295201263
126,10.8333,162.499,1.09375,-1.1749565653318765
126,10.8333,162.499,1.096875,-1.1105799790259112
126,10.8333,162.499,1.1,-1.0510835309153845
126,10.8333,162.499,1.1031250000000001,-0.9931075769361126
126,10.8333,162.499,1.1062500000000002,-0.9428469107055779
126,10.8333,162.499,1.109375,-0.9023606960204191
126,10.8333,162.499,1.1125,-0.8743778844746474
126,10.8333,162.499,1.115625,-0.8584287148295866
126,10.8333,162.499,1.1187500000000001,-0.8580634572513436
126,10.8333,162.499,1.1218750000000002,-0.8692327189668636
126,10.8333,162.499,1.125,-0.8931860858269047
126,10.8333,162.499,1.128125,-0.924817169768355
126,10.8333,162.499,1.13125,-0.9628890370343643
126,10.8333,162.499,1.1343750000000001,-1.0061692602124666
126,10.8333,162.499,1.1375000000000002,-1.0482211668270394
126,10.8333,162.499,1.140625,-1.0882043849801677
126,10.8333,162.499,1.14375,-1.1283326802979985
126,10.8333,162.499,1.146875,-1.1573146176932083
126,10.8333,162.499,1.1500000000000001,-1.1823373199031262
126,10.8333,162.499,1.1531250000000002,-1.1986488943128306
126,10.8333,162.499,1.15625,-1.2026630124080266
126,10.8333,162.499,1.159375,-1.2019925424649456
126,10.8333,162.499,1.1625,-1.1897332076556428
126,10.8333,162.499,1.1656250000000001,-1.1742740802001097
126,10.8333,162.499,1.1687500000000002,-1.149432577935256
126,10.8333,162.499,1.171875,-1.121612325959326
126,10.8333,162.499,1.175,-1.092521951061787
126,10.8333,162.499,1.178125,-1.0566422977546004
126,10.8333,162.499,1.1812500000000001,-1.0193603407782774
126,10.8333,162.499,1.1843750000000002,-0.9795342884858373
126,10.8333,162.499,1.1875,-0.9406774665951635
126,10.8333,162.499,1.190625,-0.9087039052096404
126,10.8333,162.499,1.19375,-0.8766228652745699
126,10.8333,162.499,1.1968750000000001,-0.8482655014083983
126,10.8333,162.499,1.2000000000000002,-0.8260354309437811
126,10.8333,162.499,1.203125,-0.8164548752087687
126,10.8333,162.499,1.20625,-0.816566655811422
126,10.8333,162.499,1.209375,-0.824091144653636
126,10.8333,162.499,1.2125000000000001,-0.8445721327480356
126,10.8333,162.499,1.2156250000000002,-0.8776865995880322
126,10.8333,162.499,1.21875,-0.9208178400660509
126,10.8333,162.499,1.221875,-0.976225545811653
126,10.8333,162.499,1.225,-1.0368888441570903
126,10.8333,162.499,1.2281250000000001,-1.1066565408823172
126,10.8333,162.499,1.2312500000000002,-1.1759741229590917
126,10.8333,162.499,1.234375,-1.2487893664375584
126,10.8333,162.499,1.2375,-1.3175610170159469
126,10.8333,162.499,1.240625,-1.381192445068268
126,10.8333,162.499,1.2437500000000001,-1.4411294135077095
126,10.8333,162.499,1.2468750000000002,-1.4823104823547475
126,10.8333,162.499,1.25,-1.514214001012581
126,10.8333,162.499,1.253125,-1.5365994318180838
126,10.8333,162.499,1.25625,-1.5393316414051954
126,10.8333,162.499,1.2593750000000001,-1.5272122038633444
126,10.8333,162.499,1.2625000000000002,-1.5027047553937354
126,10.8333,162.499,1.265625,-1.4679149793341248
126,10.8333,162.499,1.26875,-1.423282694218519
126,10.8333,162.499,1.271875,-1.369712200394432
126,10.8333,162.499,1.2750000000000001,-1.3111119720919429
126,10.8333,162.499,1.2781250000000002,-1.253778553064422
126,10.8333,162.499,1.28125,-1.193328839107746
126,10.8333,162.499,1.284375,-1.1393751939546573
126,10.8333,162.499,1.2875,-1.0915019336616267
126,10.8333,162.499,1.2906250000000001,-1.050671261944007
126,10.8333,162.499,1.2937500000000002,-1.0258053527915445
126,10.8333,162.499,1.296875,-1.0095535568429328
126,10.8333,162.499,1.3,-1.00812823429155
126,10.8333,162.499,1.303125,-1.0188861425173446
126,10.8333,162.499,1.3062500000000001,-1.0397413742832033
126,10.8333,162.499,1.3093750000000002,-1.072748433456994
126,10.8333,162.499,1.3125,-1.1163086025869895
126,10.8333,162.499,1.315625,-1.16596264712224
126,10.8333,162.499,1.31875,-1.2128213962360326
126,10.8333,162.499,1.3218750000000001,-1.2622983888680128
126,10.8333,162.499,1.3250000000000002,-1.3105889484844124
126,10.8333,162.499,1.328125,-1.346120274746869
126,10.8333,162.499,1.33125,-1.3784644084115236
126,10.8333,162.499,1.334375,-1.398655232957102
126,10.8333,162.499,1.3375000000000001,-1.40900471538647
126,10.8333,162.499,1.3406250000000002,-1.4113580561872399
126,10.8333,162.499,1.34375,-1.4062904525701494
126,10.8333,162.499,1.346875,-1.3897149908836313
126,10.8333,162.499,1.35,-1.3664271791377653
126,10.8333,162.499,1.3531250000000001,-1.3371296961659285
126,10.8333,162.499,1.3562500000000002,-1.3025592847098264
126,10.8333,162.499,1.359375,-1.2616097111701177
126,10.8333,162.499,1.3625,-1.2168086257107558
126,10.8333,162.499,1.365625,-1.1684093110366782
126,10.8333,162.499,1.3687500000000001,-1.122667323126659
126,10.8333,162.499,1.3718750000000002,-1.0735448806142331
126,10.8333,162.499,1.375,-1.0296627704923031
126,10.8333,162.499,1.378125,-0.9854429561208887
126,10.8333,162.499,1.38125,-0.9457127595163253
126,10.8333,162.499,1.3843750000000001,-0.9176252717858668
126,10.8333,162.499,1.3875000000000002,-0.8954942135247501
126,10.8333,162.499,1.390625,-0.8895384499919691
126,10.8333,162.499,1.39375,-0.8982999326079821
126,10.8333,162.499,1.396875,-0.9245547306440688
126,10.8333,162.499,1.4000000000000001,-0.9635212741886854
126,10.8333,162.499,1.4031250000000002,-1.0217112884443487
126,10.8333,162.499,1.40625,-1.0903767929665689
126,10.8333,162.499,1.409375,-1.17148576605958
126,10.8333,162.499,1.4125,-1.2542176151360955
126,10.8333,162.499,1.4156250000000001,-1.341502585395976
126,10.8333,162.499,1.4187500000000002,-1.4263520572389794
126,10.8333,162.499,1.421875,-1.5030688581191998
126,10.8333,162.499,1.425,-1.5652156756949442
126,10.8333,162.499,1.428125,-1.6124590215030894
126,10.8333,162.499,1.4312500000000001,-1.6466178681162345
126,10.8333,162.499,1.4343750000000002,-1.6641072209021734
126,10.8333,162.499,1.4375,-1.6658252041904649
126,10.8333,162.499,1.440625,-1.6562977792324904
126,10.8333,162.499,1.44375,-1.6349903381951072
126,10.8333,162.499,1.4468750000000001,-1.6074327708739244
126,10.8333,162.499,1.4500000000000002,-1.5682066645501997
126,10.8333,162.499,1.453125,-1.525567434749027
126,10.8333,162.499,1.45625,-1.4787908302953021
126,10.8333,162.499,1.459375,-1.431493511008228
126,10.8333,162.499,1.4625000000000001,-1.3861988183419962
126,10.8333,162.499,1.4656250000000002,-1.3404939005144856
126,10.8333,162.499,1.46875,-1.298922282437386
126,10.8333,162.499,1.471875,-1.2627791182780301
126,10.8333,162.499,1.475,-1.235356450751672
126,10.8333,162.499,1.4781250000000001,-1.207612193712568
126,10.8333,162.499,1.4812500000000002,-1.1923953469017834
126,10.8333,162.499,1.484375,-1.1881610228434674
126,10.8333,162.499,1.4875,-1.192700946854552
126,10.8333,162.499,1.490625,-1.2100220123426166
126,10.8333,162.499,1.4937500000000001,-1.240338258156555
126,10.8333,162.499,1.4968750000000002,-1.279564613903768
126,10.8333,162.499,1.5,-1.3259090802230122
126,10.8333,162.499,1.503125,-1.3794905793278112
126,10.8333,162.499,1.50625,-1.4346711705307202
126,10.8333,162.499,1.5093750000000001,-1.493786849129433
126,10.8333,162.499,1.5125000000000002,-1.553910956927841
126,10.8333,162.499,1.515625,-1.6029921540662286
126,10.8333,162.499,1.51875,-1.6457949710614874
126,10.8333,162.499,1.521875,-1.6784654689796417
126,10.8333,162.499,1.5250000000000001,-1.69103233061947
126,10.8333,162.499,1.5281250000000002,-1.6933649572702312
126,10.8333,162.499,1.53125,-1.6797995554965457
126,10.8333,162.499,1.534375,-1.651881160645409
126,10.8333,162.499,1.5375,-1.6105866133360514
126,10.8333,162.499,1.5406250000000001,-1.557326708460841
126,10.8333,162.499,1.5437500000000002,-1.4938663409772537
126,10.8333,162.499,1.546875,-1.4224755310818495
126,10.8333,162.499,1.55,-1.349940161093119
126,10.8333,162.499,1.553125,-1.2754544766765308
126,10.8333,162.499,1.5562500000000001,-1.20248967928093
126,10.8333,162.499,1.5593750000000002,-1.135833284064569
126,10.8333,162.499,1.5625,-1.0830089330447625
126,10.8333,162.499,1.565625,-1.038703289546647
126,10.8333,162.499,1.56875,-1.0097499991520267
126,10.8333,162.499,1.5718750000000001,-0.9948638789792857
126,10.8333,162.499,1.5750000000000002,-0.9984006882639102
126,10.8333,162.499,1.578125,-1.0133365223977289
126,10.8333,162.499,1.58125,-1.0456384339255187
126,10.8333,162.499,1.584375,-1.093896224458113
126,10.8333,162.499,1.5875000000000001,-1.1549777342134961
126,10.8333,162.499,1.5906250000000002,-1.2195778466072928
126,10.8333,162.499,1.59375,-1.2946951820312531
126,10.8333,162.499,1.596875,-1.3726892414757126
126,10.8333,162.499,1.6,-1.451034063453668
126,10.8333,162.499,1.6031250000000001,-1.5232522035034168
126,10.8333,162.499,1.6062500000000002,-1.5880101394526889
126,10.8333,162.499,1.609375,-1.6496904477624525
126,10.8333,162.499,1.6125,-1.6986193522969872
126,10.8333,162.499,1.615625,-1.7353578473871782
126,10.8333,162.499,1.6187500000000001,-1.7612090970154604
126,10.8333,162.499,1.6218750000000002,-1.7754110050168124
126,10.8333,162.499,1.625,-1.7695940651452335
126,10.8333,162.499,1.628125,-1.7548688773442942
126,10.8333,162.499,1.63125,-1.7257895717361116
126,10.8333,162.499,1.6343750000000001,-1.6861103550889132
126,10.8333,162.499,1.6375000000000002,-1.640479392908638
126,10.8333,162.499,1.640625,-1.5833260479590945
126,10.8333,162.499,1.64375,-1.5226698209263625
126,10.8333,162.499,1.646875,-1.4631465537527597
126,10.8333,162.499,1.6500000000000001,-1.4016167118477054
126,10.8333,162.499,1.6531250000000002,-1.3436668047594362
126,10.8333,162.499,1.65625,-1.2915431743255448
126,10.8333,162.499,1.659375,-1.25334919352559
126,10.8333,162.499,1.6625,-1.2273393384490205
126,10.8333,162.499,1.6656250000000001,-1.218090383385928
126,10.8333,162.499,1.6687500000000002,-1.226030155358319
126,10.8333,162.499,1.671875,-1.2503161318040488
126,10.8333,162.499,1.675,-1.28818076886157
126,10.8333,162.499,1.678125,-1.3429685166135328
126,10.8333,162.499,1.6812500000000001,-1.407419133896305
126,10.8333,162.499,1.6843750000000002,-1.4741621698729364
126,10.8333,162.499,1.6875,-1.5478872944695485
126,10.8333,162.499,1.690625,-1.6214489079663632
126,10.8333,162.499,1.69375,-1.6891625231998753
126,10.8333,162.499,1.6968750000000001,-1.7496211864442985
126,10.8333,162.499,1.7000000000000002,-1.8002829966100848
126,10.8333,162.499,1.703125,-1.8366349333035117
126,10.8333,162.499,1.70625,-1.8619883084365363
126,10.8333,162.499,1.709375,-1.873391875017128
126,10.8333,162.499,1.7125000000000001,-1.8703386365137253
126,10.8333,162.499,1.7156250000000002,-1.8567653838348828
126,10.8333,162.499,1.71875,-1.8298273155361444
126,10.8333,162.499,1.721875,-1.7916682877352814
126,10.8333,162.499,1.725,-1.7420803023322762
126,10.8333,162.499,1.7281250000000001,-1.6865146421431025
126,10.8333,162.499,1.7312500000000002,-1.6214616886714606
126,10.8333,162.499,1.734375,-1.552883626713713
126,10.8333,162.499,1.7375,-1.481176292848965
126,10.8333,162.499,1.740625,-1.4123356774098061
126,10.8333,162.499,1.7437500000000001,-1.340632865287425
126,10.8333,162.499,1.7468750000000002,-1.2749412944256595
126,10.8333,162.499,1.75,-1.214887569399252
126,10.8333,162.499,1.753125,-1.1677409684865927
126,10.8333,162.499,1.75625,-1.1339817208054772
126,10.8333,162.499,1.7593750000000001,-1.113898710262839
126,10.8333,162.499,1.7625000000000002,-1.10873984777867
126,10.8333,162.499,1.765625,-1.1198095441280795
126,10.8333,162.499,1.76875,-1.154283131231066
126,10.8333,162.499,1.771875,-1.204646471658898
126,10.8333,162.499,1.7750000000000001,-1.2717696663371112
126,10.8333,162.499,1.7781250000000002,-1.3482727235800098
126,10.8333,162.499,1.78125,-1.4375419184953082
126,10.8333,162.499,1.784375,-1.5293404372909725
126,10.8333,162.499,1.7875,-1.6133553578208846
126,10.8333,162.499,1.7906250000000001,-1.6953607409130678
126,10.8333,162.499,1.7937500000000002,-1.7655133066306488
126,10.8333,162.499,1.7968750000000002,-1.8219950314476332
126,10.8333,162.499,1.8,-1.863624240589449
126,10.8333,162.499,1.803125,-1.885189321747903
126,10.8333,162.499,1.8062500000000001,-1.8921357115102793
126,10.8333,162.499,1.8093750000000002,-1.8823938583777813
126,10.8333,162.499,1.8125000000000002,-1.8554859491337377
126,10.8333,162.499,1.815625,-1.8170205368239127
126,10.8333,162.499,1.81875,-1.7651772064652096
126,10.8333,162.499,1.8218750000000001,-1.7101778620400168
126,10.8333,162.499,1.8250000000000002,-1.6467285448823523
126,10.8333,162.499,1.8281250000000002,-1.5808189536865724
126,10.8333,162.499,1.83125,-1.520332794263238
126,10.8333,162.499,1.834375,-1.4611878494177477
126,10.8333,162.499,1.8375000000000001,-1.4097367648937245
126,10.8333,162.499,1.8406250000000002,-1.3675454464436827
126,10.8333,162.499,1.8437500000000002,-1.3338857198718572
126,10.8333,162.499,1.846875,-1.3104567932999411
126,10.8333,162.499,1.85,-1.3034226794255028
126,10.8333,162.499,1.8531250000000001,-1.3082266035034413
126,10.8333,162.499,1.8562500000000002,-1.3275078133639306
126,10.8333,162.499,1.8593750000000002,-1.361618095322332
126,10.8333,162.499,1.8625,-1.4120397331184296
126,10.8333,162.499,1.865625,-1.4720789189769117
126,10.8333,162.499,1.8687500000000001,-1.5426355704978765
126,10.8333,162.499,1.8718750000000002,-1.617846505831385
126,10.8333,162.499,1.8750000000000002,-1.6997839739280327
126,10.8333,162.499,1.878125,-1.7766095770515165
126,10.8333,162.499,1.88125,-1.851541070663401
126,10.8333,162.499,1.8843750000000001,-1.916925491359648
126,10.8333,162.499,1.8875000000000002,-1.9730591027670872
126,10.8333,162.499,1.8906250000000002,-2.0112139793410235
126,10.8333,162.499,1.89375,-2.0370877759580654
126,10.8333,162.499,1.896875,-2.044594682527552
126,10.8333,162.499,1.9000000000000001,-2.037033219994645
126,10.8333,162.499,1.9031250000000002,-1.9997697240282903
126,10.8333,162.499,1.9062500000000002,-1.9548299093570853
126,10.8333,162.499,1.909375,-1.8955106595440794
126,10.8333,162.499,1.9125,-1.8288408916868404
126,10.8333,162.499,1.9156250000000001,-1.7493881712644197
126,10.8333,162.499,1.9187500000000002,-1.6648314301055833
126,10.8333,162.499,1.9218750000000002,-1.5778861786565612
126,10.8333,162.499,1.925,-1.49304951324936
126,10.8333,162.499,1.928125,-1.4114177057427435
126,10.8333,162.499,1.9312500000000001,-1.3367876206668292
126,10.8333,162.499,1.9343750000000002,-1.2724426126711277
126,10.8333,162.499,1.9375000000000002,-1.2204186525913507
126,10.8333,162.499,1.940625,-1.1863653291406033
126,10.8333,162.499,1.94375,-1.1668308735786854
126,10.8333,162.499,1.9468750000000001,-1.1618520755606672
126,10.8333,162.499,1.9500000000000002,-1.1768801222772172
126,10.8333,162.499,1.9531250000000002,-1.2106018647831975
126,10.8333,162.499,1.95625,-1.2628247546842335
126,10.8333,162.499,1.959375,-1.3273302882170857
126,10.8333,162.499,1.9625000000000001,-1.4071804592748929
126,10.8333,162.499,1.9656250000000002,-1.4941254533020787
126,10.8333,162.499,1.9687500000000002,-1.584101601695618
126,10.8333,162.499,1.971875,-1.6728433999709516
126,10.8333,162.499,1.975,-1.753268470607835
126,10.8333,162.499,1.9781250000000001,-1.8226441871608463
126,10.8333,162.499,1.9812500000000002,-1.8798460974878297
126,10.8333,162.499,1.9843750000000002,-1.9206288837950758
126,10.8333,162.499,1.9875,-1.94459537600171
126,10.8333,162.499,1.990625,-1.9486209900585738
126,10.8333,162.499,1.9937500000000001,-1.9354688222166303
126,10.8333,162.499,1.9968750000000002,-1.904814889592743
126,10.8333,162.499,2.0,-1.857761594148315
126,10.8333,162.499,2.0031250000000003,-1.7994164001522919
126,10.8333,162.499,2.00625,-1.7334686159482557
126,10.8333,162.499,2.009375,-1.6603485388899077
126,10.8333,162.499,2.0125,-1.5835850184119618
126,10.8333,162.499,2.015625,-1.5075584392474315
126,10.8333,162.499,2.0187500000000003,-1.4339063456048518
126,10.8333,162.499,2.021875,-1.3653931904806438
126,10.8333,162.499,2.025,-1.304840279240437
126,10.8333,162.499,2.028125,-1.257371720074016
126,10.8333,162.499,2.03125,-1.2257487028835463
126,10.8333,162.499,2.0343750000000003,-1.213527918964031
126,10.8333,162.499,2.0375,-1.216298933171798
126,10.8333,162.499,2.040625,-1.2394926979223173
126,10.8333,162.499,2.04375,-1.2813357558747103
126,10.8333,162.499,2.046875,-1.3390685742014918
126,10.8333,162.499,2.0500000000000003,-1.4127178011216701
126,10.8333,162.499,2.053125,-1.4960043428109484
126,10.8333,162.499,2.05625,-1.587726264220862
126,10.8333,162.499,2.059375,-1.6840087950060647
126,10.8333,162.499,2.0625,-1.7779717746628252
126,10.8333,162.499,2.0656250000000003,-1.8648954087205305
126,10.8333,162.499,2.06875,-1.9423867819057232
126,10.8333,162.499,2.071875,-2.005023934361198
126,10.8333,162.499,2.075,-2.0489799344626882
126,10.8333,162.499,2.078125,-2.077789599723787
126,10.8333,162.499,2.0812500000000003,-2.089911195891148
126,10.8333,162.499,2.084375,-2.0823012433989474
126,10.8333,162.499,2.0875,-2.0574733040783375
126,10.8333,162.499,2.090625,-2.01720746370637
126,10.8333,162.499,2.09375,-1.9640482363180445
126,10.8333,162.499,2.0968750000000003,-1.894229449150273
126,10.8333,162.499,2.1,-1.8170075230151976
126,10.8333,162.499,2.103125,-1.7311994732575697
126,10.8333,162.499,2.10625,-1.643182053181027
126,10.8333,162.499,2.109375,-1.5574753389867215
126,10.8333,162.499,2.1125000000000003,-1.4734997311171143
126,10.8333,162.499,2.115625,-1.3946105145810401
126,10.8333,162.499,2.11875,-1.3185156299993142
126,10.8333,162.499,2.121875,-1.2583096096711974
126,10.8333,162.499,2.125,-1.2101560266226719
126,10.8333,162.499,2.1281250000000003,-1.175199058044825
126,10.8333,162.499,2.13125,-1.1650123649746171
126,10.8333,162.499,2.134375,-1.1715710613463206
126,10.8333,162.499,2.1375,-1.2046833309425657
126,10.8333,162.499,2.140625,-1.2524636562620508
126,10.8333,162.499,2.1437500000000003,-1.3180993713062892
126,10.8333,162.499,2.146875,-1.3984453498075777
126,10.8333,162.499,2.1500000000000004,-1.489839796235015
126,10.8333,162.499,2.153125,-1.5872287671306813
126,10.8333,162.499,2.15625,-1.6833924722239364
126,10.8333,162.499,2.1593750000000003,-1.776110810807415
126,10.8333,162.499,2.1625,-1.857200069338532
126,10.8333,162.499,2.1656250000000004,-1.920254319898576
126,10.8333,162.499,2.16875,-1.9641537925257422
126,10.8333,162.499,2.171875,-1.985993557926986
126,10.8333,162.499,2.1750000000000003,-1.988628035032787
126,10.8333,162.499,2.178125,-1.9688511721133162
126,10.8333,162.499,2.1812500000000004,-1.93349494955518
126,10.8333,162.499,2.184375,-1.8822604795407067
126,10.8333,162.499,2.1875,-1.8164615796303807
126,10.8333,162.499,2.1906250000000003,-1.740032235596045
126,10.8333,162.499,2.19375,-1.6574433641396038
126,10.8333,162.499,2.1968750000000004,-1.5708250022138266
126,10.8333,162.499,2.2,-1.4877908485597375
126,10.8333,162.499,2.203125,-1.4073282027808423
126,10.8333,162.499,2.2062500000000003,-1.3372413991381549
126,10.8333,162.499,2.209375,-1.2736107074203404
126,10.8333,162.499,2.2125000000000004,-1.2211109660746617
126,10.8333,162.499,2.215625,-1.1872055013604168
126,10.8333,162.499,2.21875,-1.1645550570812817
126,10.8333,162.499,2.2218750000000003,-1.1652506754804324
126,10.8333,162.499,2.225,-1.1809865502962664
126,10.8333,162.499,2.2281250000000004,-1.2211111753843635
126,10.8333,162.499,2.23125,-1.2742433832917617
126,10.8333,162.499,2.234375,-1.3465393531325462
126,10.8333,162.499,2.2375000000000003,-1.4307765808958508
126,10.8333,162.499,2.240625,-1.5219584791532748
126,10.8333,162.499,2.2437500000000004,-1.620515777347825
126,10.8333,162.499,2.246875,-1.7194549232308116
126,10.8333,162.499,2.25,-1.8168810662520898
126,10.8333,162.499,2.2531250000000003,-1.9035298919199375
126,10.8333,162.499,2.25625,-1.9797978174694766
126,10.8333,162.499,2.2593750000000004,-2.0406349983210856
126,10.8333,162.499,2.2625,-2.0791392106330546
126,10.8333,162.499,2.265625,-2.104590041976627
126,10.8333,162.499,2.2687500000000003,-2.105236388087108
126,10.8333,162.499,2.271875,-2.0885774181207677
126,10.8333,162.499,2.2750000000000004,-2.0528145722385136
126,10.8333,162.499,2.278125,-2.001226347258314
126,10.8333,162.499,2.28125,-1.9359344811719503
126,10.8333,162.499,2.2843750000000003,-1.8591509701574962
126,10.8333,162.499,2.2875,-1.7775080568467205
126,10.8333,162.499,2.2906250000000004,-1.6872441586133347
126,10.8333,162.499,2.29375,-1.5941865138580602
126,10.8333,162.499,2.296875,-1.50016444386776
126,10.8333,162.499,2.3000000000000003,-1.4138820917700354
126,10.8333,162.499,2.303125,-1.3382425293001996
126,10.8333,162.499,2.3062500000000004,-1.2736299774980095
126,10.8333,162.499,2.309375,-1.2229862157565539
126,10.8333,162.499,2.3125,-1.1915339689036855
126,10.8333,162.499,2.3156250000000003,-1.1783786743636624
126,10.8333,162.499,2.31875,-1.177364483925655
126,10.8333,162.499,2.3218750000000004,-1.2017581970684046
126,10.8333,162.499,2.325,-1.2423193643951569
126,10.8333,162.499,2.328125,-1.3038821056945276
126,10.8333,162.499,2.3312500000000003,-1.3817183828899928
126,10.8333,162.499,2.334375,-1.4735098645896003
126,10.8333,162.499,2.3375000000000004,-1.5666396574117627
126,10.8333,162.499,2.340625,-1.6701072557369483
126,10.8333,162.499,2.34375,-1.7641843838798605
126,10.8333,162.499,2.3468750000000003,-1.8587570210892377
126,10.8333,162.499,2.35,-1.9480975483648675
126,10.8333,162.499,2.3531250000000004,-2.0364848293432702
126,10.8333,162.499,2.35625,-2.102427975487389
126,10.8333,162.499,2.359375,-2.1270145511345038
126,10.8333,162.499,2.3625000000000003,-2.1193384251485092
126,10.8333,162.499,2.365625,-2.0892837465022134
126,10.8333,162.499,2.3687500000000004,-2.04719647008404
126,10.8333,162.499,2.371875,-2.0026271962585653
126,10.8333,162.499,2.375,-1.9381521579441783
126,10.8333,162.499,2.3781250000000003,-1.8762926024808466
126,10.8333,162.499,2.38125,-1.8129425466265374
126,10.8333,162.499,2.3843750000000004,-1.737488758493511
126,10.8333,162.499,2.3875,-1.638076670863979
126,10.8333,162.499,2.390625,-1.5206835168623707
126,10.8333,162.499,2.3937500000000003,-1.452764258999319
126,10.8333,162.499,2.396875,-1.3731891237379856
126,10.8333,162.499,2.4000000000000004,-1.3061105107138273
126,10.8333,162.499,2.403125,-1.2529623820955706
126,10.8333,162.499,2.40625,-1.2290380821959082
126,10.8333,162.499,2.4093750000000003,-1.2261414913431632
126,10.8333,162.499,2.4125,-1.245467935144897
126,10.8333,162.499,2.4156250000000004,-1.2876811993759563
126,10.8333,162.499,2.41875,-1.3479074372391062
126,10.8333,162.499,2.421875,-1.4287572448655412
126,10.8333,162.499,2.4250000000000003,-1.5180750698863046
126,10.8333,162.499,2.428125,-1.636574196253294
126,10.8333,162.499,2.4312500000000004,-1.7646598590321196
126,10.8333,162.499,2.434375,-1.891724167896174
126,10.8333,162.499,2.4375,-2.014474181936144
126,10.8333,162.499,2.4406250000000003,-2.1336143463197668
126,10.8333,162.499,2.44375,-2.2598634431684372
126,10.8333,162.499,2.4468750000000004,-2.44427420823144
126,10.8333,162.499,2.45,-2.8446921727919197
126,10.8333,162.499,2.453125,-3.2324328984072452
126,10.8333,162.499,2.4562500000000003,-2.645597588355544
126,10.8333,162.499,2.459375,-2.3602311754465792
126,10.8333,162.499,2.4625000000000004,-2.2259987435033906
126,10.8333,162.499,2.465625,-2.1239195819149286
126,10.8333,162.499,2.46875,-2.02809545486681
126,10.8333,162.499,2.4718750000000003,-1.9337921081662357
126,10.8333,162.499,2.475,-1.8352984825370662
126,10.8333,162.499,2.4781250000000004,-1.7428608262066494
126,10.8333,162.499,2.48125,-1.6514872348399954
126,10.8333,162.499,2.484375,-1.567091295165105
126,10.8333,162.499,2.4875000000000003,-1.4896331071688267
126,10.8333,162.499,2.490625,-1.4237273800736185
126,10.8333,162.499,2.4937500000000004,-1.3687367119812508
126,10.8333,162.499,2.496875,-1.333600353171192
126,10.8333,162.499,2.5,-1.315883950080149
126,10.8333,162.499,2.5031250000000003,-1.3183014151070562
126,10.8333,162.499,2.50625,-1.3401725425105608
126,10.8333,162.499,2.5093750000000004,-1.3836794488428459
126,10.8333,162.499,2.5125,-1.4423068281950062
126,10.8333,162.499,2.515625,-1.5199124584430157
126,10.8333,162.499,2.5187500000000003,-1.6088185468673613
126,10.8333,162.499,2.521875,-1.7095650513699345
126,10.8333,162.499,2.5250000000000004,-1.8180688517886883
126,10.8333,162.499,2.528125,-1.92240240644745
126,10.8333,162.499,2.53125,-2.023098795073915
126,10.8333,162.499,2.5343750000000003,-2.112945257593203
126,10.8333,162.499,2.5375,-2.1871687545834972
126,10.8333,162.499,2.5406250000000004,-2.240065971538426
126,10.8333,162.499,2.54375,-2.272370448969034
126,10.8333,162.499,2.546875,-2.282102329569537
126,10.8333,162.499,2.5500000000000003,-2.2702427908023135
126,10.8333,162.499,2.553125,-2.2353630055153917
126,10.8333,162.499,2.5562500000000004,-2.179488883466469
126,10.8333,162.499,2.559375,-2.107948809145363
126,10.8333,162.499,2.5625,-2.017930572346132
126,10.8333,162.499,2.5656250000000003,-1.9215354599485854
126,10.8333,162.499,2.56875,-1.820320787015583
126,10.8333,162.499,2.5718750000000004,-1.7176181849459804
126,10.8333,162.499,2.575,-1.622873495656592
126,10.8333,162.499,2.578125,-1.5361814110550729
126,10.8333,162.499,2.5812500000000003,-1.4624647137954894
126,10.8333,162.499,2.584375,-1.4044015933551004
126,10.8333,162.499,2.5875000000000004,-1.3650693694375304
126,10.8333,162.499,2.590625,-1.350441598562222
126,10.8333,162.499,2.59375,-1.356672492778567
126,10.8333,162.499,2.5968750000000003,-1.3890924452985804
126,10.8333,162.499,2.6,-1.4420952155479891
126,10.8333,162.499,2.6031250000000004,-1.5230776398100023
126,10.8333,162.499,2.60625,-1.6174425266728176
126,10.8333,162.499,2.609375,-1.7229717406019052
126,10.8333,162.499,2.6125000000000003,-1.8377540994259187
126,10.8333,162.499,2.615625,-1.9525752278454054
126,10.8333,162.499,2.6187500000000004,-2.0643401464975177
126,10.8333,162.499,2.621875,-2.1651928736636186
126,10.8333,162.499,2.625,-2.254630906240687
126,10.8333,162.499,2.6281250000000003,-2.322599213565758
126,10.8333,162.499,2.63125,-2.3730733627995826
126,10.8333,162.499,2.6343750000000004,-2.403399127742492
126,10.8333,162.499,2.6375,-2.407112428177957
126,10.8333,162.499,2.640625,-2.392045590243475
126,10.8333,162.499,2.6437500000000003,-2.357869733593663
126,10.8333,162.499,2.646875,-2.3093083721062815
126,10.8333,162.499,2.6500000000000004,-2.2430282123292815
126,10.8333,162.499,2.653125,-2.1682709097870996
126,10.8333,162.499,2.65625,-2.0841957561626208
126,10.8333,162.499,2.6593750000000003,-1.9955830616086925
126,10.8333,162.499,2.6625,-1.9039202612397477
126,10.8333,162.499,2.6656250000000004,-1.8149720854428686
126,10.8333,162.499,2.66875,-1.733977895291566
126,10.8333,162.499,2.671875,-1.6588009630654108
126,10.8333,162.499,2.6750000000000003,-1.5961400853102465
126,10.8333,162.499,2.678125,-1.549694776537844
126,10.8333,162.499,2.6812500000000004,-1.5254042168460473
126,10.8333,162.499,2.684375,-1.5142009131768974
126,10.8333,162.499,2.6875,-1.5279067472278798
126,10.8333,162.499,2.6906250000000003,-1.5609325285826832
126,10.8333,162.499,2.69375,-1.618620978672719
126,10.8333,162.499,2.6968750000000004,-1.6971363810862172
126,10.8333,162.499,2.7,-1.7872786476194082
126,10.8333,162.499,2.703125,-1.8973458551335973
126,10.8333,162.499,2.7062500000000003,-2.0142631099238355
126,10.8333,162.499,2.709375,-2.1298153240588933
126,10.8333,162.499,2.7125000000000004,-2.243112333224198
126,10.8333,162.499,2.715625,-2.3473101675347827
126,10.8333,162.499,2.71875,-2.4356396915379683
126,10.8333,162.499,2.7218750000000003,-2.5074777966526174
126,10.8333,162.499,2.725,-2.5569054961574795
126,10.8333,162.499,2.7281250000000004,-2.5831964396773515
126,10.8333,162.499,2.73125,-2.588864170164356
126,10.8333,162.499,2.734375,-2.5743342601370194
126,10.8333,162.499,2.7375000000000003,-2.533460742069566
126,10.8333,162.499,2.740625,-2.481921329433541
126,10.8333,162.499,2.7437500000000004,-2.4202357420056893
126,10.8333,162.499,2.746875,-2.353249130164204
126,10.8333,162.499,2.75,-2.2888980710690214
126,10.8333,162.499,2.7531250000000003,-2.2907604587191686
126,10.8333,162.499,2.75625,-2.434529526932265
126,10.8333,162.499,2.7593750000000004,-2.3254006349151153
126,10.8333,162.499,2.7625,-2.0607051257828126
126,10.8333,162.499,2.765625,-1.9041582608567764
126,10.8333,162.499,2.7687500000000003,-1.8078990322221167
126,10.8333,162.499,2.771875,-1.7489524298785828
126,10.8333,162.499,2.7750000000000004,-1.7117300772973434
126,10.8333,162.499,2.778125,-1.7057495020179334
126,10.8333,162.499,2.78125,-1.7231009773630452
126,10.8333,162.499,2.7843750000000003,-1.7659657828163924
126,10.8333,162.499,2.7875,-1.8289474653186373
126,10.8333,162.499,2.7906250000000004,-1.9150330194739704
126,10.8333,162.499,2.79375,-2.018684818893433
126,10.8333,162.499,2.796875,-2.1370798657620513
126,10.8333,162.499,2.8000000000000003,-2.255875170214166
126,10.8333,162.499,2.803125,-2.3759861104712914
126,10.8333,162.499,2.8062500000000004,-2.48942165901219
126,10.8333,162.499,2.809375,-2.5886216787066263
126,10.8333,162.499,2.8125,-2.666827706215723
126,10.8333,162.499,2.8156250000000003,-2.7226283624786496
126,10.8333,162.499,2.81875,-2.759963578404794
126,10.8333,162.499,2.8218750000000004,-2.769601225724172
126,10.8333,162.499,2.825,-2.75943919392236
126,10.8333,162.499,2.828125,-2.725378616238207
126,10.8333,162.499,2.8312500000000003,-2.676431262629155
126,10.8333,162.499,2.834375,-2.6125369630460065
126,10.8333,162.499,2.8375000000000004,-2.539130479977506
126,10.8333,162.499,2.840625,-2.458738227250821
126,10.8333,162.499,2.84375,-2.3801964309512433
126,10.8333,162.499,2.8468750000000003,-2.301092080050084
126,10.8333,162.499,2.85,-2.228075108054652
126,10.8333,162.499,2.8531250000000004,-2.1619789510614678
126,10.8333,162.499,2.85625,-2.1028439323376857
126,10.8333,162.499,2.859375,-2.0503481176359015
126,10.8333,162.499,2.8625000000000003,-2.007212579708983
126,10.8333,162.499,2.865625,-1.9777685937805298
126,10.8333,162.499,2.8687500000000004,-1.957739061963188
126,10.8333,162.499,2.871875,-1.953843953741594
126,10.8333,162.499,2.875,-1.9703326473092952
126,10.8333,162.499,2.8781250000000003,-2.0109279652698127
126,10.8333,162.499,2.88125,-2.0629629436358816
126,10.8333,162.499,2.8843750000000004,-2.1383532658915763
126,10.8333,162.499,2.8875,-2.2260316315102617
126,10.8333,162.499,2.890625,-2.32726258909739
126,10.8333,162.499,2.8937500000000003,-2.4328112632608483
126,10.8333,162.499,2.896875,-2.537297363426018
126,10.8333,162.499,2.9000000000000004,-2.6361181905051416
126,10.8333,162.499,2.903125,-2.7199170383057343
126,10.8333,162.499,2.90625,-2.7938362137029458
126,10.8333,162.499,2.9093750000000003,-2.8459907021691793
126,10.8333,162.499,2.9125,-2.8795258005076905
126,10.8333,162.499,2.9156250000000004,-2.8942747915137623
126,10.8333,162.499,2.91875,-2.892903954208472
126,10.8333,162.499,2.921875,-2.8714177822448246
126,10.8333,162.499,2.9250000000000003,-2.829227929927278
126,10.8333,162.499,2.928125,-2.7693217341304477
126,10.8333,162.499,2.9312500000000004,-2.690736398005658
126,10.8333,162.499,2.934375,-2.602070736795283
126,10.8333,162.499,2.9375,-2.515564284972886
126,10.8333,162.499,2.9406250000000003,-2.4396851830989346
126,10.8333,162.499,2.94375,-2.3627858882376773
126,10.8333,162.499,2.9468750000000004,-2.2947330352030297
126,10.8333,162.499,2.95,-2.242089074376735
126,10.8333,162.499,2.953125,-2.2044978196249594
126,10.8333,162.499,2.9562500000000003,-2.1959513231689667
126,10.8333,162.499,2.959375,-2.2145055785073366
126,10.8333,162.499,2.9625000000000004,-2.2655240410882382
126,10.8333,162.499,2.965625,-2.3460432224124212
126,10.8333,162.499,2.96875,-2.4611492088048075
126,10.8333,162.499,2.9718750000000003,-2.606297842287182
126,10.8333,162.499,2.975,-2.778957042028668
126,10.8333,162.499,2.9781250000000004,-2.972126951322938
126,10.8333,162.499,2.98125,-3.1672669778911215
126,10.8333,162.499,2.984375,-3.3613621988687408
126,10.8333,162.499,2.9875000000000003,-3.5340751133054686
126,10.8333,162.499,2.990625,-3.676247941226017
126,10.8333,162.499,2.9937500000000004,-3.776463857013235
126,10.8333,162.499,2.996875,-3.826489876932753
126,10.8333,162.499,3.0,-3.828043544757964
126,10.8333,162.499,3.0031250000000003,-3.7895226685905845
126,10.8333,162.499,3.00625,-3.711838649846724
126,10.8333,162.499,3.0093750000000004,-3.6101119161675497
126,10.8333,162.499,3.0125,-3.4859485972829263
126,10.8333,162.499,3.015625,-3.352379048428628
126,10.8333,162.499,3.0187500000000003,-3.2118561404456347
126,10.8333,162.499,3.021875,-3.0704002015769567
126,10.8333,162.499,3.0250000000000004,-2.927099472157362
126,10.8333,162.499,3.028125,-2.78726290137435
126,10.8333,162.499,3.03125,-2.6552610450971197
126,10.8333,162.499,3.0343750000000003,-2.5306568020392266
126,10.8333,162.499,3.0375,-2.4192880247621193
126,10.8333,162.499,3.0406250000000004,-2.323414026330587
126,10.8333,162.499,3.04375,-2.2423634183897843
126,10.8333,162.499,3.046875,-2.184474120240756
126,10.8333,162.499,3.0500000000000003,-2.1478449090499
126,10.8333,162.499,3.053125,-2.1376845089386363
126,10.8333,162.499,3.0562500000000004,-2.148114772795062
126,10.8333,162.499,3.059375,-2.182392789650348
126,10.8333,162.499,3.0625,-2.2403603899644313
126,10.8333,162.499,3.0656250000000003,-2.318374053145928
126,10.8333,162.499,3.06875,-2.411995698047415
126,10.8333,162.499,3.0718750000000004,-2.5156439173215754
126,10.8333,162.499,3.075,-2.6254198306223313
126,10.8333,162.499,3.078125,-2.7328150143785876
126,10.8333,162.499,3.0812500000000003,-2.8316966070361898
126,10.8333,162.499,3.084375,-2.9223525273989037
126,10.8333,162.499,3.0875000000000004,-2.995423283923419
126,10.8333,162.499,3.090625,-3.0461937601524527
126,10.8333,162.499,3.09375,-3.0783404171849487
126,10.8333,162.499,3.0968750000000003,-3.085695455677853
126,10.8333,162.499,3.1,-3.0699917098346203
126,10.8333,162.499,3.1031250000000004,-3.0323300682190837
126,10.8333,162.499,3.10625,-2.971581927590032
126,10.8333,162.499,3.109375,-2.8985690802385884
126,10.8333,162.499,3.1125000000000003,-2.810730119821647
126,10.8333,162.499,3.115625,-2.716246341737831
126,10.8333,162.499,3.1187500000000004,-2.6133353236737515
126,10.8333,162.499,3.121875,-2.5121143116151434
126,10.8333,162.499,3.125,-2.4129314656727354
126,10.8333,162.499,3.1281250000000003,-2.317676814954033
126,10.8333,162.499,3.13125,-2.2353679123630994
126,10.8333,162.499,3.1343750000000004,-2.1653950622544618
126,10.8333,162.499,3.1375,-2.115153759753384
126,10.8333,162.499,3.140625,-2.0880061910686436
126,10.8333,162.499,3.1437500000000003,-2.0869068436511515
126,10.8333,162.499,3.146875,-2.1199195487190297
126,10.8333,162.499,3.1500000000000004,-2.181860689739036
126,10.8333,162.499,3.153125,-2.2712515294336817
126,10.8333,162.499,3.15625,-2.3723625881211445
126,10.8333,162.499,3.1593750000000003,-2.48307762699072
126,10.8333,162.499,3.1625,-2.6100800627053844
126,10.8333,162.499,3.1656250000000004,-2.746561892861376
126,10.8333,162.499,3.16875,-2.8747485179967285
126,10.8333,162.499,3.171875,-2.986652877055071
126,10.8333,162.499,3.1750000000000003,-3.079725756417982
126,10.8333,162.499,3.178125,-3.1582191317369066
126,10.8333,162.499,3.1812500000000004,-3.2133516034688925
126,10.8333,162.499,3.184375,-3.246487204359136
126,10.8333,162.499,3.1875,-3.259522152096896
126,10.8333,162.499,3.1906250000000003,-3.2478833629796657
126,10.8333,162.499,3.19375,-3.2117216581248016
126,10.8333,162.499,3.1968750000000004,-3.1615242179084606
126,10.8333,162.499,3.2,-3.09069506883458
126,10.8333,162.499,3.203125,-3.005049563043309
126,10.8333,162.499,3.2062500000000003,-2.910605167100341
126,10.8333,162.499,3.209375,-2.8087833938531976
126,10.8333,162.499,3.2125000000000004,-2.706334245787499
126,10.8333,162.499,3.215625,-2.6066692354171255
126,10.8333,162.499,3.21875,-2.5177674361588744
126,10.8333,162.499,3.2218750000000003,-2.4381754861225797
126,10.8333,162.499,3.225,-2.373887597400202
126,10.8333,162.499,3.2281250000000004,-2.329923761055013
126,10.8333,162.499,3.23125,-2.3028299196951822
126,10.8333,162.499,3.234375,-2.305903131409246
126,10.8333,162.499,3.2375000000000003,-2.3358075108980665
126,10.8333,162.499,3.240625,-2.389499528520273
126,10.8333,162.499,3.2437500000000004,-2.4648934406209855
126,10.8333,162.499,3.246875,-2.5517304514894312
126,10.8333,162.499,3.25,-2.651296237543375
126,10.8333,162.499,3.2531250000000003,-2.7670499165373648
126,10.8333,162.499,3.25625,-2.8935344085876515
126,10.8333,162.499,3.2593750000000004,-3.0180979624175426
126,10.8333,162.499,3.2625,-3.1424026065492288
126,10.8333,162.499,3.265625,-3.2555719164613244
126,10.8333,162.499,3.2687500000000003,-3.355651243411813
126,10.8333,162.499,3.271875,-3.431038349986537
126,10.8333,162.499,3.2750000000000004,-3.487718303045997
126,10.8333,162.499,3.278125,-3.5197356867778335
126,10.8333,162.499,3.28125,-3.5242017218072954
126,10.8333,162.499,3.2843750000000003,-3.506364763863967
126,10.8333,162.499,3.2875,-3.467691946122354
126,10.8333,162.499,3.2906250000000004,-3.413875253449304
126,10.8333,162.499,3.29375,-3.344272549617906
126,10.8333,162.499,3.296875,-3.2636282826124225
126,10.8333,162.499,3.3000000000000003,-3.177078066110761
126,10.8333,162.499,3.303125,-3.0812407616294357
126,10.8333,162.499,3.3062500000000004,-2.98274674013683
126,10.8333,162.499,3.309375,-2.888063837168755
126,10.8333,162.499,3.3125,-2.800650211115622
126,10.8333,162.499,3.3156250000000003,-2.728790029496028
126,10.8333,162.499,3.31875,-2.6732481025486394
126,10.8333,162.499,3.3218750000000004,-2.634631060187167
126,10.8333,162.499,3.325,-2.619538270861932
126,10.8333,162.499,3.328125,-2.628844477844887
126,10.8333,162.499,3.3312500000000003,-2.6666726268029946
126,10.8333,162.499,3.334375,-2.7259091998387754
126,10.8333,162.499,3.3375000000000004,-2.813001181371739
126,10.8333,162.499,3.340625,-2.9242642359297117
126,10.8333,162.499,3.34375,-3.052260498976374
126,10.8333,162.499,3.3468750000000003,-3.1927745931777594
126,10.8333,162.499,3.35,-3.343176818223859
126,10.8333,162.499,3.3531250000000004,-3.488883454987084
126,10.8333,162.499,3.35625,-3.6286277477357993
126,10.8333,162.499,3.359375,-3.755538697541421
126,10.8333,162.499,3.3625000000000003,-3.8595936929226307
126,10.8333,162.499,3.365625,-3.9357029207357264
126,10.8333,162.499,3.3687500000000004,-3.9875753736410853
126,10.8333,162.499,3.371875,-4.010927710538824
126,10.8333,162.499,3.375,-4.006617388545946
126,10.8333,162.499,3.3781250000000003,-3.9743527890787345
126,10.8333,162.499,3.38125,-3.9224017536082885
126,10.8333,162.499,3.3843750000000004,-3.850129731019397
126,10.8333,162.499,3.3875,-3.7605337089942195
126,10.8333,162.499,3.390625,-3.661333195797723
126,10.8333,162.499,3.3937500000000003,-3.5553790049753857
126,10.8333,162.499,3.396875,-3.4418225505658855
126,10.8333,162.499,3.4000000000000004,-3.329180697337211
126,10.8333,162.499,3.403125,-3.2242554304319593
126,10.8333,162.499,3.40625,-3.125002985734228
126,10.8333,162.499,3.4093750000000003,-3.039354755788468
126,10.8333,162.499,3.4125,-2.965179222540608
126,10.8333,162.499,3.4156250000000004,-2.9178044576958353
126,10.8333,162.499,3.41875,-2.8815591382151466
126,10.8333,162.499,3.421875,-2.8720655106073383
126,10.8333,162.499,3.4250000000000003,-2.8819731119171426
126,10.8333,162.499,3.428125,-2.913147830088558
126,10.8333,162.499,3.4312500000000004,-2.958964522926117
126,10.8333,162.499,3.434375,-3.014428320909166
126,10.8333,162.499,3.4375,-3.0900486190158905
126,10.8333,162.499,3.4406250000000003,-3.1650676009419554
126,10.8333,162.499,3.44375,-3.2478646542761167
126,10.8333,162.499,3.4468750000000004,-3.3193340105026365
126,10.8333,162.499,3.45,-3.3847951086610184
126,10.8333,162.499,3.453125,-3.4350168374749783
126,10.8333,162.499,3.4562500000000003,-3.473786938268689
126,10.8333,162.499,3.459375,-3.494786296158961
126,10.8333,162.499,3.4625000000000004,-3.4916567813704438
126,10.8333,162.499,3.465625,-3.4695612239070126
126,10.8333,162.499,3.46875,-3.4320045934393635
126,10.8333,162.499,3.4718750000000003,-3.3741019698650456
126,10.8333,162.499,3.475,-3.300132643419389
126,10.8333,162.499,3.4781250000000004,-3.2116998059663864
126,10.8333,162.499,3.48125,-3.1134124851659206
126,10.8333,162.499,3.484375,-3.013139418993809
126,10.8333,162.499,3.4875000000000003,-2.9090765563687846
126,10.8333,162.499,3.490625,-2.8102019912302962
126,10.8333,162.499,3.4937500000000004,-2.7145023589633905
126,10.8333,162.499,3.496875,-2.6286635467756136
126,10.8333,162.499,3.5,-2.5565536169936687
126,10.8333,162.499,3.5031250000000003,-2.5068801995854084
126,10.8333,162.499,3.50625,-2.473909344854006
126,10.8333,162.499,3.5093750000000004,-2.4671987931915607
126,10.8333,162.499,3.5125,-2.4862229399163707
126,10.8333,162.499,3.515625,-2.5320470965078807
126,10.8333,162.499,3.5187500000000003,-2.6014741140732722
126,10.8333,162.499,3.521875,-2.6935958445283585
126,10.8333,162.499,3.5250000000000004,-2.8020740361391856
126,10.8333,162.499,3.528125,-2.926006121234149
126,10.8333,162.499,3.53125,-3.0523197424259796
126,10.8333,162.499,3.5343750000000003,-3.1867014295443625
126,10.8333,162.499,3.5375,-3.319988153319018
126,10.8333,162.499,3.5406250000000004,-3.4476463321209767
126,10.8333,162.499,3.54375,-3.554336017127859
126,10.8333,162.499,3.546875,-3.617760160903718
126,10.8333,162.499,3.5500000000000003,-3.647408788940946
126,10.8333,162.499,3.553125,-3.6570362941290755
126,10.8333,162.499,3.5562500000000004,-3.6442667212888664
126,10.8333,162.499,3.559375,-3.613329252176267
126,10.8333,162.499,3.5625,-3.5689888982830986
126,10.8333,162.499,3.5656250000000003,-3.508785701034212
126,10.8333,162.499,3.56875,-3.440465794709624
126,10.8333,162.499,3.5718750000000004,-3.3672623158769435
126,10.8333,162.499,3.575,-3.291257828771164
126,10.8333,162.499,3.5781250000000004,-3.2180422874981534
126,10.8333,162.499,3.5812500000000003,-3.1516628882601685
126,10.8333,162.499,3.584375,-3.088916785038239
126,10.8333,162.499,3.5875000000000004,-3.0435804608444976
126,10.8333,162.499,3.590625,-3.0141245370005847
126,10.8333,162.499,3.5937500000000004,-3.0033322419915356
126,10.8333,162.499,3.5968750000000003,-3.010027639535959
126,10.8333,162.499,3.6,-3.047698900196387
126,10.8333,162.499,3.6031250000000004,-3.112700919879688
126,10.8333,162.499,3.60625,-3.201567922120762
126,10.8333,162.499,3.6093750000000004,-3.322902981647365
126,10.8333,162.499,3.6125000000000003,-3.463832605079647
126,10.8333,162.499,3.615625,-3.623555930102939
126,10.8333,162.499,3.6187500000000004,-3.79002923433044
126,10.8333,162.499,3.621875,-3.94813209822894
126,10.8333,162.499,3.6250000000000004,-4.104918225831634
126,10.8333,162.499,3.6281250000000003,-4.247419386644779
126,10.8333,162.499,3.63125,-4.37807446214623
126,10.8333,162.499,3.6343750000000004,-4.488195000848535
126,10.8333,162.499,3.6375,-4.579039961260794
126,10.8333,162.499,3.6406250000000004,-4.639704591853266
126,10.8333,162.499,3.6437500000000003,-4.681952933925548
126,10.8333,162.499,3.646875,-4.700800049490105
126,10.8333,162.499,3.6500000000000004,-4.714951179664359
126,10.8333,162.499,3.653125,-4.729302105324663
126,10.8333,162.499,3.6562500000000004,-4.738319543839424
126,10.8333,162.499,3.6593750000000003,-4.736594289735654
126,10.8333,162.499,3.6625,-4.732996848789101
126,10.8333,162.499,3.6656250000000004,-4.740144306714045
126,10.8333,162.499,3.66875,-4.762781888275505
126,10.8333,162.499,3.6718750000000004,-4.803074445103999
126,10.8333,162.499,3.6750000000000003,-4.867782007357965
126,10.8333,162.499,3.678125,-4.966404854526484
126,10.8333,162.499,3.6812500000000004,-5.103313197003899
126,10.8333,162.499,3.684375,-5.313965188969561
126,10.8333,162.499,3.6875000000000004,-5.718016844311662
126,10.8333,162.499,3.6906250000000003,-5.9373988909037205
126,10.8333,162.499,3.69375,-6.132001266101085
126,10.8333,162.499,3.6968750000000004,-6.385486479862836
126,10.8333,162.499,3.7,-6.690270093640571
126,10.8333,162.499,3.7031250000000004,-7.011326023252694
126,10.8333,162.499,3.7062500000000003,-7.349531401592531
126,10.8333,162.499,3.709375,-7.678757670967973
126,10.8333,162.499,3.7125000000000004,-8.006494444814768
126,10.8333,162.499,3.715625,-8.316321176754952
126,10.8333,162.499,3.7187500000000004,-8.598393569620761
126,10.8333,162.499,3.7218750000000003,-8.861609244335956
126,10.8333,162.499,3.725,-9.09158168398908
126,10.8333,162.499,3.7281250000000004,-9.294117580787443
126,10.8333,162.499,3.73125,-9.466980456770939
126,10.8333,162.499,3.7343750000000004,-9.629813496447046
126,10.8333,162.499,3.7375000000000003,-9.758556496107326
126,10.8333,162.499,3.740625,-9.88185592395055
126,10.8333,162.499,3.7437500000000004,-9.975397145679683
126,10.8333,162.499,3.746875,-10.098038231757311
126,10.8333,162.499,3.7500000000000004,-10.286924926175763
126,10.8333,162.499,3.7531250000000003,-10.554505967106035
126,10.8333,162.499,3.75625,-10.86784187524674
126,10.8333,162.499,3.7593750000000004,-11.207132180527577
126,10.8333,162.499,3.7625,-11.574548265203102
126,10.8333,162.499,3.7656250000000004,-11.97405144360106
126,10.8333,162.499,3.7687500000000003,-12.380981673452062
126,10.8333,162.499,3.771875,-12.79681483624283
126,10.8333,162.499,3.7750000000000004,-13.202116504088167
126,10.8333,162.499,3.778125,-13.58817014787806
126,10.8333,162.499,3.7812500000000004,-13.948413562296906
126,10.8333,162.499,3.7843750000000003,-14.299168083498962
126,10.8333,162.499,3.7875,-14.617011272879575
126,10.8333,162.499,3.7906250000000004,-14.92651649408506
126,10.8333,162.499,3.79375,-15.206505408325468
126,10.8333,162.499,3.7968750000000004,-15.461582081223554
126,10.8333,162.499,3.8000000000000003,-15.679202825998003
126,10.8333,162.499,3.803125,-15.879225603852687
126,10.8333,162.499,3.8062500000000004,-16.02872868309502
126,10.8333,162.499,3.809375,-16.127576509738578
126,10.8333,162.499,3.8125000000000004,-16.141304764481127
126,10.8333,162.499,3.8156250000000003,-16.0726371268772
126,10.8333,162.499,3.81875,-15.865077421617592
126,10.8333,162.499,3.8218750000000004,-15.584072725623123
126,10.8333,162.499,3.825,-15.190887188236733
126,10.8333,162.499,3.8281250000000004,-14.771773717241132
126,10.8333,162.499,3.8312500000000003,-14.438662839090107
126,10.8333,162.499,3.834375,-14.153828179661145
126,10.8333,162.499,3.8375000000000004,-13.566184497987376
126,10.8333,162.499,3.840625,-12.858428250107552
126,10.8333,162.499,3.8437500000000004,-12.167987531536449
126,10.8333,162.499,3.8468750000000003,-11.51944902800068
126,10.8333,162.499,3.85,-10.883237008082771
126,10.8333,162.499,3.8531250000000004,-10.290454073246414
126,10.8333,162.499,3.85625,-9.72451825420575
126,10.8333,162.499,3.8593750000000004,-9.192698199476668
126,10.8333,162.499,3.8625000000000003,-8.699167661364788
126,10.8333,162.499,3.865625,-8.245163466909856
126,10.8333,162.499,3.8687500000000004,-7.828331113425485
126,10.8333,162.499,3.871875,-7.448252579196102
126,10.8333,162.499,3.8750000000000004,-7.117702631899126
126,10.8333,162.499,3.8781250000000003,-6.825663067262612
126,10.8333,162.499,3.88125,-6.586593047668769
126,10.8333,162.499,3.8843750000000004,-6.391896844383352
126,10.8333,162.499,3.8875,-6.248176452491735
126,10.8333,162.499,3.8906250000000004,-6.14724058196948
126,10.8333,162.499,3.8937500000000003,-6.089418011837485
126,10.8333,162.499,3.896875,-6.0758669762844555
126,10.8333,162.499,3.9000000000000004,-6.081010921558985
126,10.8333,162.499,3.903125,-6.10817798609812
126,10.8333,162.499,3.9062500000000004,-6.140602761692059
126,10.8333,162.499,3.9093750000000003,-6.182454715291699
126,10.8333,162.499,3.9125,-6.211122862296843
126,10.8333,162.499,3.9156250000000004,-6.218649024088046
126,10.8333,162.499,3.91875,-6.211800772620675
126,10.8333,162.499,3.9218750000000004,-6.174474838191948
126,10.8333,162.499,3.9250000000000003,-6.093366803891889
126,10.8333,162.499,3.928125,-5.992967896083719
126,10.8333,162.499,3.9312500000000004,-5.88399582922631
126,10.8333,162.499,3.934375,-5.764343697791041
126,10.8333,162.499,3.9375000000000004,-5.641916465177379
126,10.8333,162.499,3.9406250000000003,-5.515778160257877
126,10.8333,162.499,3.94375,-5.395605780732958
126,10.8333,162.499,3.9468750000000004,-5.2786434263775455
126,10.8333,162.499,3.95,-5.182225003459369
126,10.8333,162.499,3.9531250000000004,-5.112062625657982
126,10.8333,162.499,3.9562500000000003,-5.063394012858321
126,10.8333,162.499,3.959375,-5.036631130124613
126,10.8333,162.499,3.9625000000000004,-5.049232527128538
126,10.8333,162.499,3.965625,-5.088486295624184
126,10.8333,162.499,3.9687500000000004,-5.169100501502067
126,10.8333,162.499,3.9718750000000003,-5.286951016910267
126,10.8333,162.499,3.975,-5.449967259215814
126,10.8333,162.499,3.9781250000000004,-5.632542438393769
126,10.8333,162.499,3.98125,-5.840667506230853
126,10.8333,162.499,3.9843750000000004,-6.071024929877451
126,10.8333,162.499,3.9875000000000003,-6.300546191088094
126,10.8333,162.499,3.990625,-6.516368941528718
126,10.8333,162.499,3.9937500000000004,-6.713125609966019
126,10.8333,162.499,3.996875,-6.872089657022473
126,10.8333,162.499,4.0,-6.997393319229338
126,10.8333,162.499,4.003125,-7.072509903959514
126,10.8333,162.499,4.0062500000000005,-7.1107144159509446
126,10.8333,162.499,4.009375,-7.105147771536196
126,10.8333,162.499,4.0125,-7.067785218045152
126,10.8333,162.499,4.015625,-6.9962743126967535
126,10.8333,162.499,4.01875,-6.9134329141960915
126,10.8333,162.499,4.0218750000000005,-6.810786483589281
126,10.8333,162.499,4.025,-6.708254990870267
126,10.8333,162.499,4.028125,-6.611453173198458
126,10.8333,162.499,4.03125,-6.525074915293237
126,10.8333,162.499,4.034375,-6.456593175017532
126,10.8333,162.499,4.0375000000000005,-6.41420448905342
126,10.8333,162.499,4.040625,-6.3978544399192945
126,10.8333,162.499,4.04375,-6.422770933441059
126,10.8333,162.499,4.046875,-6.488230520779962
126,10.8333,162.499,4.05,-6.607254276886856
126,10.8333,162.499,4.0531250000000005,-6.7897645856264965
126,10.8333,162.499,4.05625,-7.024785510611453
126,10.8333,162.499,4.059375,-7.328638760715683
126,10.8333,162.499,4.0625,-7.6866810224148026
126,10.8333,162.499,4.065625,-8.0888926937384
126,10.8333,162.499,4.0687500000000005,-8.533156949761773
126,10.8333,162.499,4.071875,-8.990863320312759
126,10.8333,162.499,4.075,-9.444902492797915
126,10.8333,162.499,4.078125,-9.875928608741647
126,10.8333,162.499,4.08125,-10.255451624128593
126,10.8333,162.499,4.0843750000000005,-10.530413745661374
126,10.8333,162.499,4.0875,-10.702207809025904
126,10.8333,162.499,4.090625,-10.76534801080748
126,10.8333,162.499,4.09375,-10.703279566652647
126,10.8333,162.499,4.096875,-10.539697227816298
126,10.8333,162.499,4.1000000000000005,-10.192284985047097
126,10.8333,162.499,4.103125,-9.624405133237335
126,10.8333,162.499,4.10625,-9.170099019414007
126,10.8333,162.499,4.109375,-8.818559610535937
126,10.8333,162.499,4.1125,-8.490639701384856
126,10.8333,162.499,4.1156250000000005,-8.183566565781552
126,10.8333,162.499,4.11875,-7.886898968701389
126,10.8333,162.499,4.121875,-7.607743795594154
126,10.8333,162.499,4.125,-7.356590467770564
126,10.8333,162.499,4.128125,-7.130265366630002
126,10.8333,162.499,4.1312500000000005,-6.932781735209156
126,10.8333,162.499,4.134375,-6.761288088872222
126,10.8333,162.499,4.1375,-6.620454807410351
126,10.8333,162.499,4.140625,-6.516048612633403
126,10.8333,162.499,4.14375,-6.45134396921179
126,10.8333,162.499,4.1468750000000005,-6.424777440457611
126,10.8333,162.499,4.15,-6.443301015234235
126,10.8333,162.499,4.153125,-6.500084075947578
126,10.8333,162.499,4.15625,-6.594120916454669
126,10.8333,162.499,4.159375,-6.72366210801108
126,10.8333,162.499,4.1625000000000005,-6.867122919993007
126,10.8333,162.499,4.165625,-7.030652970764529
126,10.8333,162.499,4.16875,-7.201274457057968
126,10.8333,162.499,4.171875,-7.373405620996812
126,10.8333,162.499,4.175,-7.527510820172731
126,10.8333,162.499,4.1781250000000005,-7.661460974516591
126,10.8333,162.499,4.18125,-7.7655191108635755
126,10.8333,162.499,4.184375,-7.831562043142749
126,10.8333,162.499,4.1875,-7.854416009723259
126,10.8333,162.499,4.190625,-7.837894934083188
126,10.8333,162.499,4.1937500000000005,-7.7785803685566455
126,10.8333,162.499,4.196875,-7.687722141912183
126,10.8333,162.499,4.2,-7.575185988315576
126,10.8333,162.499,4.203125,-7.444246380425119
126,10.8333,162.499,4.20625,-7.309026833386833
126,10.8333,162.499,4.2093750000000005,-7.174355944521379
126,10.8333,162.499,4.2125,-7.043874215505229
126,10.8333,162.499,4.215625,-6.923678010295228
126,10.8333,162.499,4.21875,-6.814681523164578
126,10.8333,162.499,4.221875,-6.7289777996916715
126,10.8333,162.499,4.2250000000000005,-6.660317873045894
126,10.8333,162.499,4.228125,-6.617697086327644
126,10.8333,162.499,4.23125,-6.59504359360745
126,10.8333,162.499,4.234375,-6.606834121090703
126,10.8333,162.499,4.2375,-6.636405736663161
126,10.8333,162.499,4.2406250000000005,-6.696401972174715
126,10.8333,162.499,4.24375,-6.783351805790717
126,10.8333,162.499,4.246875,-6.898245252790584
126,10.8333,162.499,4.25,-7.035861164472198
126,10.8333,162.499,4.253125,-7.185100560640201
126,10.8333,162.499,4.2562500000000005,-7.354096625226573
126,10.8333,162.499,4.259375,-7.524608329450536
126,10.8333,162.499,4.2625,-7.68921580937548
126,10.8333,162.499,4.265625,-7.843490545607894
126,10.8333,162.499,4.26875,-7.969560148262841
126,10.8333,162.499,4.2718750000000005,-8.077626206100533
126,10.8333,162.499,4.275,-8.151639658413721
126,10.8333,162.499,4.278125,-8.185514291320622
126,10.8333,162.499,4.28125,-8.188818426058932
126,10.8333,162.499,4.284375000000001,-8.146536839418692
126,10.8333,162.499,4.2875000000000005,-8.078549306622445
126,10.8333,162.499,4.290625,-7.978627674265976
126,10.8333,162.499,4.29375,-7.846166780409508
126,10.8333,162.499,4.296875,-7.705848294652107
126,10.8333,162.499,4.300000000000001,-7.558509406922282
126,10.8333,162.499,4.3031250000000005,-7.4048107343453236
126,10.8333,162.499,4.30625,-7.259850716581125
126,10.8333,162.499,4.309375,-7.124791381420853
126,10.8333,162.499,4.3125,-7.001646061193984
126,10.8333,162.499,4.315625000000001,-6.900213170856486
126,10.8333,162.499,4.3187500000000005,-6.815482666648899
126,10.8333,162.499,4.321875,-6.7635325478928685
126,10.8333,162.499,4.325,-6.731610641835948
126,10.8333,162.499,4.328125,-6.730233725702296
126,10.8333,162.499,4.331250000000001,-6.751440871061121
126,10.8333,162.499,4.3343750000000005,-6.794929791494468
126,10.8333,162.499,4.3375,-6.8587042608879765
126,10.8333,162.499,4.340625,-6.9362583216177365
126,10.8333,162.499,4.34375,-7.006017485517032
126,10.8333,162.499,4.346875000000001,-7.076102228407018
126,10.8333,162.499,4.3500000000000005,-7.117689761887448
126,10.8333,162.499,4.353125,-7.129041072030092
126,10.8333,162.499,4.35625,-7.103600736305474
126,10.8333,162.499,4.359375,-7.0765832226408785
126,10.8333,162.499,4.362500000000001,-7.054695101411345
126,10.8333,162.499,4.3656250000000005,-7.036075102051527
126,10.8333,162.499,4.36875,-7.014904131728878
126,10.8333,162.499,4.371875,-6.967322594482372
126,10.8333,162.499,4.375,-6.904539418347286
126,10.8333,162.499,4.378125000000001,-6.815491392650475
126,10.8333,162.499,4.3812500000000005,-6.711709148609868
126,10.8333,162.499,4.384375,-6.595662409614547
126,10.8333,162.499,4.3875,-6.477003761235501
126,10.8333,162.499,4.390625,-6.357035349119734
126,10.8333,162.499,4.393750000000001,-6.232292589186379
126,10.8333,162.499,4.3968750000000005,-6.119730237462726
126,10.8333,162.499,4.4,-6.019879317617991
126,10.8333,162.499,4.403125,-5.804999450619412
126,10.8333,162.499,4.40625,-5.666670284108849
126,10.8333,162.499,4.409375000000001,-5.595384457463317
126,10.8333,162.499,4.4125000000000005,-5.54527636502817
126,10.8333,162.499,4.415625,-5.523361189781419
126,10.8333,162.499,4.41875,-5.525592995006546
126,10.8333,162.499,4.421875,-5.555307883599804
126,10.8333,162.499,4.425000000000001,-5.61274883510446
126,10.8333,162.499,4.4281250000000005,-5.700517011007235
126,10.8333,162.499,4.43125,-5.815367493377329
126,10.8333,162.499,4.434375,-5.951782121861715
126,10.8333,162.499,4.4375,-6.133538308813099
126,10.8333,162.499,4.440625000000001,-6.324177726781665
126,10.8333,162.499,4.4437500000000005,-6.4549865606056684
126,10.8333,162.499,4.446875,-6.543880413270246
126,10.8333,162.499,4.45,-6.627731384097032
126,10.8333,162.499,4.453125,-6.69899664985598
126,10.8333,162.499,4.456250000000001,-6.755886451059804
126,10.8333,162.499,4.4593750000000005,-6.780835283947808
126,10.8333,162.499,4.4625,-6.787647044619765
126,10.8333,162.499,4.465625,-6.735044400436699
126,10.8333,162.499,4.46875,-6.6796544842182115
126,10.8333,162.499,4.471875000000001,-6.581342607407863
126,10.8333,162.499,4.4750000000000005,-6.457626315448277
126,10.8333,162.499,4.478125,-6.34900609664041
126,10.8333,162.499,4.48125,-6.204891556596198
126,10.8333,162.499,4.484375,-6.064820326649544
126,10.8333,162.499,4.487500000000001,-5.919951536510938
126,10.8333,162.499,4.4906250000000005,-5.775367872767329
126,10.8333,162.499,4.49375,-5.640234355551611
126,10.8333,162.499,4.496875,-5.519465455252437
126,10.8333,162.499,4.5,-5.4128233832145405
126,10.8333,162.499,4.503125000000001,-5.316683965614942
126,10.8333,162.499,4.5062500000000005,-5.228202799444301
126,10.8333,162.499,4.509375,-5.170104507133061
126,10.8333,162.499,4.5125,-5.146287477241063
126,10.8333,162.499,4.515625,-5.162232186052902
126,10.8333,162.499,4.518750000000001,-5.219912929573432
126,10.8333,162.499,4.5218750000000005,-5.2965024533514535
126,10.8333,162.499,4.525,-5.36586684531761
126,10.8333,162.499,4.528125,-5.43004549767144
126,10.8333,162.499,4.53125,-5.492447829093047
126,10.8333,162.499,4.534375000000001,-5.591504329342588
126,10.8333,162.499,4.5375000000000005,-5.649135486533626
126,10.8333,162.499,4.540625,-5.690084067271206
126,10.8333,162.499,4.54375,-5.72398699832755
126,10.8333,162.499,4.546875,-5.74138631633009
126,10.8333,162.499,4.550000000000001,-5.742118929307063
126,10.8333,162.499,4.5531250000000005,-5.665970635123408
126,10.8333,162.499,4.55625,-5.626374758109271
126,10.8333,162.499,4.559375,-5.571944576734664
126,10.8333,162.499,4.5625,-5.486374926983098
126,10.8333,162.499,4.565625000000001,-5.372049916527226
126,10.8333,162.499,4.5687500000000005,-5.304275310630367
126,10.8333,162.499,4.571875,-5.186034288151809
126,10.8333,162.499,4.575,-5.048436509744596
126,10.8333,162.499,4.578125,-4.898998365562945
126,10.8333,162.499,4.581250000000001,-4.746153490428315
126,10.8333,162.499,4.5843750000000005,-4.600519955284276
126,10.8333,162.499,4.5875,-4.470493675494013
126,10.8333,162.499,4.590625,-4.348205150443334
126,10.8333,162.499,4.59375,-4.246143581942393
126,10.8333,162.499,4.596875000000001,-4.16213317751561
126,10.8333,162.499,4.6000000000000005,-4.095552647027216
126,10.8333,162.499,4.603125,-4.0483330480233395
126,10.8333,162.499,4.60625,-4.0168312386528235
126,10.8333,162.499,4.609375,-4.013617563697046
126,10.8333,162.499,4.612500000000001,-4.027472447366897
126,10.8333,162.499,4.6156250000000005,-4.065897188352366
126,10.8333,162.499,4.61875,-4.124635971614179
126,10.8333,162.499,4.621875,-4.224501008883901
126,10.8333,162.499,4.625,-4.311873778662589
126,10.8333,162.499,4.628125000000001,-4.408099547547604
126,10.8333,162.499,4.6312500000000005,-4.503654253364221
126,10.8333,162.499,4.634375,-4.593062442350847
126,10.8333,162.499,4.6375,-4.649076820159644
126,10.8333,162.499,4.640625,-4.7308832442083855
126,10.8333,162.499,4.643750000000001,-4.795873221383312
126,10.8333,162.499,4.6468750000000005,-4.836876380692429
126,10.8333,162.499,4.65,-4.8496252093653585
126,10.8333,162.499,4.653125,-4.840612465888131
126,10.8333,162.499,4.65625,-4.815663965600953
126,10.8333,162.499,4.659375000000001,-4.767991195213305
126,10.8333,162.499,4.6625000000000005,-4.6990194549678845
126,10.8333,162.499,4.665625,-4.617499395736248
126,10.8333,162.499,4.66875,-4.525074533265313
126,10.8333,162.499,4.671875,-4.4203218914116285
126,10.8333,162.499,4.675000000000001,-4.308704718809919
126,10.8333,162.499,4.6781250000000005,-4.193412806900345
126,10.8333,162.499,4.68125,-4.060775510907412
126,10.8333,162.499,4.684375,-3.920311321315026
126,10.8333,162.499,4.6875,-3.810569203091498
126,10.8333,162.499,4.690625000000001,-3.742299363232166
126,10.8333,162.499,4.6937500000000005,-3.673774351572658
126,10.8333,162.499,4.696875,-3.6193547501248053
126,10.8333,162.499,4.7,-3.577791228364405
126,10.8333,162.499,4.703125,-3.5544892085851982
126,10.8333,162.499,4.706250000000001,-3.5584481489008195
126,10.8333,162.499,4.7093750000000005,-3.5731011270872024
126,10.8333,162.499,4.7125,-3.607105595407213
126,10.8333,162.499,4.715625,-3.6544985577919844
126,10.8333,162.499,4.71875,-3.7101765554479673
126,10.8333,162.499,4.721875000000001,-3.765900981166719
126,10.8333,162.499,4.7250000000000005,-3.822705139045706
126,10.8333,162.499,4.728125,-3.8664800831226187
126,10.8333,162.499,4.73125,-3.900687735466052
126,10.8333,162.499,4.734375,-3.9155958715816457
126,10.8333,162.499,4.737500000000001,-3.9139179550421384
126,10.8333,162.499,4.7406250000000005,-3.8966443894106675
126,10.8333,162.499,4.74375,-3.862568615222562
126,10.8333,162.499,4.746875,-3.808795281444606
126,10.8333,162.499,4.75,-3.741184479306371
126,10.8333,162.499,4.753125000000001,-3.6585845804724837
126,10.8333,162.499,4.7562500000000005,-3.566911300389339
126,10.8333,162.499,4.759375,-3.4625206119165464
126,10.8333,162.499,4.7625,-3.3552789353224854
126,10.8333,162.499,4.765625,-3.243321805348996
126,10.8333,162.499,4.768750000000001,-3.126770425397727
126,10.8333,162.499,4.7718750000000005,-3.015006302441461
126,10.8333,162.499,4.775,-2.9085290111344753
126,10.8333,162.499,4.778125,-2.807861710417759
126,10.8333,162.499,4.78125,-2.7148162767594526
126,10.8333,162.499,4.784375000000001,-2.6385316915058676
126,10.8333,162.499,4.7875000000000005,-2.5768550794615406
126,10.8333,162.499,4.790625,-2.5397434917982187
126,10.8333,162.499,4.79375,-2.5255675939529847
126,10.8333,162.499,4.796875,-2.5342316113189685
126,10.8333,162.499,4.800000000000001,-2.567646831097119
126,10.8333,162.499,4.8031250000000005,-2.627110750522516
126,10.8333,162.499,4.80625,-2.703417771994878
126,10.8333,162.499,4.809375,-2.7951223782239136
126,10.8333,162.499,4.8125,-2.903206999236345
126,10.8333,162.499,4.815625000000001,-3.0189260518569503
126,10.8333,162.499,4.8187500000000005,-3.1321535048526794
126,10.8333,162.499,4.821875,-3.249172545491876
126,10.8333,162.499,4.825,-3.350345209223105
126,10.8333,162.499,4.828125,-3.4417543600648353
126,10.8333,162.499,4.831250000000001,-3.514024312572942
126,10.8333,162.499,4.8343750000000005,-3.5643841888269927
126,10.8333,162.499,4.8375,-3.596166419875004
126,10.8333,162.499,4.840625,-3.606791475263638
126,10.8333,162.499,4.84375,-3.602632174217046
126,10.8333,162.499,4.846875000000001,-3.5819892064929624
126,10.8333,162.499,4.8500000000000005,-3.539259632779061
126,10.8333,162.499,4.853125,-3.490405574831286
126,10.8333,162.499,4.85625,-3.4242076608052177
126,10.8333,162.499,4.859375,-3.3546738152723936
126,10.8333,162.499,4.862500000000001,-3.2851318359663093
126,10.8333,162.499,4.8656250000000005,-3.2190451524553843
126,10.8333,162.499,4.86875,-3.1564587041868357
126,10.8333,162.499,4.871875,-3.108706954668876
126,10.8333,162.499,4.875,-3.0690103906655484
126,10.8333,162.499,4.878125000000001,-3.048655730624643
126,10.8333,162.499,4.8812500000000005,-3.0479826650863124
126,10.8333,162.499,4.884375,-3.0661477011372265
126,10.8333,162.499,4.8875,-3.1082526455926662
126,10.8333,162.499,4.890625,-3.173517438720193
126,10.8333,162.499,4.893750000000001,-3.2588658148131397
126,10.8333,162.499,4.8968750000000005,-3.3630015030837073
126,10.8333,162.499,4.9,-3.476154236023481
126,10.8333,162.499,4.903125,-3.5925907251223883
126,10.8333,162.499,4.90625,-3.7051932431345627
126,10.8333,162.499,4.909375000000001,-3.8142537513732684
126,10.8333,162.499,4.9125000000000005,-3.9051581421504684
126,10.8333,162.499,4.915625,-3.9867858256046684
126,10.8333,162.499,4.91875,-4.048328050099864
126,10.8333,162.499,4.921875,-4.094153631354475
126,10.8333,162.499,4.925000000000001,-4.113983974311715
126,10.8333,162.499,4.9281250000000005,-4.119177831608952
126,10.8333,162.499,4.93125,-4.100505702648639
126,10.8333,162.499,4.934375,-4.067107216565555
126,10.8333,162.499,4.9375,-4.020003412770628
126,10.8333,162.499,4.940625000000001,-3.963590730768194
126,10.8333,162.499,4.9437500000000005,-3.8990949314420615
126,10.8333,162.499,4.946875,-3.8248605548448715
126,10.8333,162.499,4.95,-3.7512848114179875
126,10.8333,162.499,4.953125,-3.6772724528124145
126,10.8333,162.499,4.956250000000001,-3.6036695809267205
126,10.8333,162.499,4.9593750000000005,-3.5408223161727506
126,10.8333,162.499,4.9625,-3.492111232518705
126,10.8333,162.499,4.965625,-3.4705111921830984
126,10.8333,162.499,4.96875,-3.483620187248974
126,10.8333,162.499,4.971875000000001,-3.5274487553564575
126,10.8333,162.499,4.9750000000000005,-3.5433365734408104
126,10.8333,162.499,4.978125,-3.5490063302241714
126,10.8333,162.499,4.98125,-3.624290266023582
126,10.8333,162.499,4.984375,-3.7235753684487745
126,10.8333,162.499,4.987500000000001,-3.8405677266244664
126,10.8333,162.499,4.9906250000000005,-3.9745789043850492
126,10.8333,162.499,4.99375,-4.123926161019227
126,10.8333,162.499,4.996875,-4.295260627470539
126,10.8333,162.499,5.0,-4.479344135564255
126,10.8333,162.499,5.003125000000001,-4.632201044611563
126,10.8333,162.499,5.0062500000000005,-4.781000376256637
126,10.8333,162.499,5.009375,-4.883299740887951
126,10.8333,162.499,5.0125,-4.958334824181463
126,10.8333,162.499,5.015625,-5.015120469200567
126,10.8333,162.499,5.018750000000001,-5.061970869568001
126,10.8333,162.499,5.0218750000000005,-5.090360633440829
126,10.8333,162.499,5.025,-5.111137362520193
126,10.8333,162.499,5.028125,-5.120339739288889
126,10.8333,162.499,5.03125,-5.121818068563961
126,10.8333,162.499,5.034375000000001,-5.111965891304328
126,10.8333,162.499,5.0375000000000005,-5.102181891945449
126,10.8333,162.499,5.040625,-5.084585276732416
126,10.8333,162.499,5.04375,-5.076042745602432
126,10.8333,162.499,5.046875,-5.062092605612159
126,10.8333,162.499,5.050000000000001,-5.0566899990360294
126,10.8333,162.499,5.0531250000000005,-5.054003472501721
126,10.8333,162.499,5.05625,-5.072236676126797
126,10.8333,162.499,5.059375,-5.088549629955771
126,10.8333,162.499,5.0625,-5.118332214280694
126,10.8333,162.499,5.065625000000001,-5.168936913966795
126,10.8333,162.499,5.0687500000000005,-5.2279269982628644
126,10.8333,162.499,5.071875,-5.301313531319928
126,10.8333,162.499,5.075,-5.3999812876483855
126,10.8333,162.499,5.078125,-5.508377657097148
126,10.8333,162.499,5.081250000000001,-5.634913106148447
126,10.8333,162.499,5.0843750000000005,-5.786553534369129
126,10.8333,162.499,5.0875,-5.929275519502314
126,10.8333,162.499,5.090625,-6.023600392710762
126,10.8333,162.499,5.09375,-6.0978674073905434
126,10.8333,162.499,5.096875000000001,-6.169241977974237
126,10.8333,162.499,5.1000000000000005,-6.220352250953296
126,10.8333,162.499,5.103125,-6.26086856413213
126,10.8333,162.499,5.10625,-6.277161187491673
126,10.8333,162.499,5.109375,-6.278660329530648
126,10.8333,162.499,5.112500000000001,-6.253316286016269
126,10.8333,162.499,5.1156250000000005,-6.20999582980303
126,10.8333,162.499,5.11875,-6.154560405815518
126,10.8333,162.499,5.121875,-6.080203273848904
126,10.8333,162.499,5.125,-6.0038422882420415
126,10.8333,162.499,5.128125000000001,-5.916833549807988
126,10.8333,162.499,5.1312500000000005,-5.828180890724386
126,10.8333,162.499,5.134375,-5.743931708085014
126,10.8333,162.499,5.1375,-5.661236984938461
126,10.8333,162.499,5.140625,-5.5809365263467186
126,10.8333,162.499,5.143750000000001,-5.511794858038156
126,10.8333,162.499,5.1468750000000005,-5.45363764426808
126,10.8333,162.499,5.15,-5.405917934370469
126,10.8333,162.499,5.153125,-5.378137951293827
126,10.8333,162.499,5.15625,-5.363887697222798
126,10.8333,162.499,5.159375000000001,-5.366197234731082
126,10.8333,162.499,5.1625000000000005,-5.38310944653455
126,10.8333,162.499,5.165625,-5.41955834121632
126,10.8333,162.499,5.16875,-5.461481448434361
126,10.8333,162.499,5.171875,-5.523629066744228
126,10.8333,162.499,5.175000000000001,-5.592561602690854
126,10.8333,162.499,5.1781250000000005,-5.664353813806184
126,10.8333,162.499,5.18125,-5.744460636248738
126,10.8333,162.499,5.184375,-5.8152773893574325
126,10.8333,162.499,5.1875,-5.8941358799946855
126,10.8333,162.499,5.190625000000001,-5.964563018150134
126,10.8333,162.499,5.1937500000000005,-6.030410675711234
126,10.8333,162.499,5.196875,-6.091372704359516
126,10.8333,162.499,5.2,-6.144457291860707
126,10.8333,162.499,5.203125,-6.206994335001146
126,10.8333,162.499,5.206250000000001,-6.264077327972858
126,10.8333,162.499,5.2093750000000005,-6.328083537778006
126,10.8333,162.499,5.2125,-6.398937263252594
126,10.8333,162.499,5.215625,-6.433148678749712
126,10.8333,162.499,5.21875,-6.400459585597272
126,10.8333,162.499,5.221875000000001,-6.347787473475119
126,10.8333,162.499,5.2250000000000005,-6.300111887512481
126,10.8333,162.499,5.228125,-6.283293418678538
126,10.8333,162.499,5.23125,-6.278103352708612
126,10.8333,162.499,5.234375,-6.2990681827657475
126,10.8333,162.499,5.237500000000001,-6.353464231429607
126,10.8333,162.499,5.2406250000000005,-6.432300471064164
126,10.8333,162.499,5.24375,-6.554966414915716
126,10.8333,162.499,5.246875,-6.722085194458249
126,10.8333,162.499,5.25,-6.978485722342756
126,10.8333,162.499,5.253125000000001,-7.368523225287325
126,10.8333,162.499,5.2562500000000005,-7.956953777690707
126,10.8333,162.499,5.259375,-8.892297011779739
126,10.8333,162.499,5.2625,-10.293232027868225
126,10.8333,162.499,5.265625,-11.359314198611285
126,10.8333,162.499,5.268750000000001,-10.230522434257942
126,10.8333,162.499,5.2718750000000005,-8.65760252058203
126,10.8333,162.499,5.275,-7.821552789553618
126,10.8333,162.499,5.278125,-7.489659748685968
126,10.8333,162.499,5.28125,-7.3692365639222634
126,10.8333,162.499,5.284375000000001,-7.335160234153344
126,10.8333,162.499,5.2875000000000005,-7.331601255777137
126,10.8333,162.499,5.290625,-7.319186498919672
126,10.8333,162.499,5.29375,-7.298717678980574
126,10.8333,162.499,5.296875,-7.268193046027144
126,10.8333,162.499,5.300000000000001,-7.217528741207955
126,10.8333,162.499,5.3031250000000005,-7.160906358211399
126,10.8333,162.499,5.30625,-7.093357937767548
126,10.8333,162.499,5.309375,-7.021451632994843
126,10.8333,162.499,5.3125,-6.942654863065405
126,10.8333,162.499,5.315625000000001,-6.85938652416472
126,10.8333,162.499,5.3187500000000005,-6.765119908550641
126,10.8333,162.499,5.321875,-6.6859615649813
126,10.8333,162.499,5.325,-6.593810602339266
126,10.8333,162.499,5.328125,-6.511672999195839
126,10.8333,162.499,5.331250000000001,-6.437011289560476
126,10.8333,162.499,5.3343750000000005,-6.3610837968223315
126,10.8333,162.499,5.3375,-6.303151782961185
126,10.8333,162.499,5.340625,-6.243138716138557
126,10.8333,162.499,5.34375,-6.193782444653927
126,10.8333,162.499,5.346875000000001,-6.145311016706145
126,10.8333,162.499,5.3500000000000005,-6.102363353342436
126,10.8333,162.499,5.353125,-6.057595165479221
126,10.8333,162.499,5.35625,-6.037207705145526
126,10.8333,162.499,5.359375,-6.033894086467928
126,10.8333,162.499,5.362500000000001,-6.044900312007609
126,10.8333,162.499,5.3656250000000005,-6.065587757815049
126,10.8333,162.499,5.36875,-6.095757720685874
126,10.8333,162.499,5.371875,-6.124238281692113
126,10.8333,162.499,5.375,-6.1469569749203945
126,10.8333,162.499,5.378125000000001,-6.164853848110075
126,10.8333,162.499,5.3812500000000005,-6.169170415356647
126,10.8333,162.499,5.384375,-6.165594532818278
126,10.8333,162.499,5.3875,-6.157838247000335
126,10.8333,162.499,5.390625,-6.139995923674566
126,10.8333,162.499,5.393750000000001,-6.110594098685822
126,10.8333,162.499,5.3968750000000005,-6.0666560955229105
126,10.8333,162.499,5.4,-6.027632903725905
126,10.8333,162.499,5.403125,-5.992296904309365
126,10.8333,162.499,5.40625,-5.954501842025827
126,10.8333,162.499,5.409375000000001,-5.916075281985784
126,10.8333,162.499,5.4125000000000005,-5.878858213890954
126,10.8333,162.499,5.415625,-5.850411327798689
126,10.8333,162.499,5.41875,-5.818188383684856
126,10.8333,162.499,5.421875,-5.801821947510461
126,10.8333,162.499,5.425000000000001,-5.789258941274905
126,10.8333,162.499,5.4281250000000005,-5.787876056340497
126,10.8333,162.499,5.43125,-5.799956726930944
126,10.8333,162.499,5.434375,-5.826399481675834
126,10.8333,162.499,5.4375,-5.87160000966079
126,10.8333,162.499,5.440625000000001,-5.922539435308995
126,10.8333,162.499,5.4437500000000005,-5.9899655909399545
126,10.8333,162.499,5.446875,-6.070728349123406
126,10.8333,162.499,5.45,-6.157556596646757
126,10.8333,162.499,5.453125,-6.244718795439702
126,10.8333,162.499,5.456250000000001,-6.350635700203472
126,10.8333,162.499,5.4593750000000005,-6.446524061913992
126,10.8333,162.499,5.4625,-6.530974346529364
126,10.8333,162.499,5.465625,-6.613537553736375
126,10.8333,162.499,5.46875,-6.674590705446785
126,10.8333,162.499,5.471875000000001,-6.730781460316373
126,10.8333,162.499,5.4750000000000005,-6.770278663288324
126,10.8333,162.499,5.478125,-6.78682964273645
126,10.8333,162.499,5.48125,-6.7937365050577085
126,10.8333,162.499,5.484375,-6.77937258370447
126,10.8333,162.499,5.487500000000001,-6.748725974768029
126,10.8333,162.499,5.4906250000000005,-6.696333944368051
126,10.8333,162.499,5.49375,-6.636472729612237
126,10.8333,162.499,5.496875,-6.5750967502368685
126,10.8333,162.499,5.5,-6.51820794573579
126,10.8333,162.499,5.503125000000001,-6.43637412159301
126,10.8333,162.499,5.5062500000000005,-6.337660814964123
126,10.8333,162.499,5.509375,-6.2327230131872895
126,10.8333,162.499,5.5125,-6.128933095854055
126,10.8333,162.499,5.515625,-6.024793273859789
126,10.8333,162.499,5.518750000000001,-5.938057974622826
126,10.8333,162.499,5.5218750000000005,-5.857915696076893
126,10.8333,162.499,5.525,-5.796859866116343
126,10.8333,162.499,5.528125,-5.750656919850938
126,10.8333,162.499,5.53125,-5.68890842852849
126,10.8333,162.499,5.534375000000001,-5.643537816762191
126,10.8333,162.499,5.5375000000000005,-5.601906567318592
126,10.8333,162.499,5.540625,-5.574283938389843
126,10.8333,162.499,5.54375,-5.549329237001052
126,10.8333,162.499,5.546875,-5.526891655402096
126,10.8333,162.499,5.550000000000001,-5.5032264611424715
126,10.8333,162.499,5.5531250000000005,-5.4805148208706
126,10.8333,162.499,5.55625,-5.460714937723214
126,10.8333,162.499,5.559375,-5.440941475379849
126,10.8333,162.499,5.5625,-5.417553219725683
126,10.8333,162.499,5.565625000000001,-5.388512585799941
126,10.8333,162.499,5.5687500000000005,-5.3581505959721465
126,10.8333,162.499,5.571875,-5.32449035426006
126,10.8333,162.499,5.575,-5.2863228084248215
126,10.8333,162.499,5.578125,-5.246014149969581
126,10.8333,162.499,5.581250000000001,-5.199527424873853
126,10.8333,162.499,5.5843750000000005,-5.155855505216801
126,10.8333,162.499,5.5875,-5.107156242118563
126,10.8333,162.499,5.590625,-5.051797485382198
126,10.8333,162.499,5.59375,-4.998089916207931
126,10.8333,162.499,5.596875000000001,-4.9431841248581785
126,10.8333,162.499,5.6000000000000005,-4.886671840613998
126,10.8333,162.499,5.603125,-4.8268166983847465
126,10.8333,162.499,5.60625,-4.778760376137901
126,10.8333,162.499,5.609375,-4.725832786523779
126,10.8333,162.499,5.612500000000001,-4.683885652675706
126,10.8333,162.499,5.6156250000000005,-4.648569786854415
126,10.8333,162.499,5.61875,-4.6166688338069015
126,10.8333,162.499,5.621875,-4.599812961740826
126,10.8333,162.499,5.625,-4.603544323171854
126,10.8333,162.499,5.628125000000001,-4.606679849094479
126,10.8333,162.499,5.6312500000000005,-4.622704647456818
126,10.8333,162.499,5.634375,-4.662753523028512
126,10.8333,162.499,5.6375,-4.717402499043554
126,10.8333,162.499,5.640625,-4.777842552785049
126,10.8333,162.499,5.643750000000001,-4.834720009520933
126,10.8333,162.499,5.6468750000000005,-4.910197758955878
126,10.8333,162.499,5.65,-4.970318158259909
126,10.8333,162.499,5.653125,-5.03706197623592
126,10.8333,162.499,5.65625,-5.090452198999226
126,10.8333,162.499,5.659375000000001,-5.135079193450021
126,10.8333,162.499,5.6625000000000005,-5.164669735942614
126,10.8333,162.499,5.665625,-5.18146399019122
126,10.8333,162.499,5.66875,-5.184302086698736
126,10.8333,162.499,5.671875,-5.180117858527121
126,10.8333,162.499,5.675000000000001,-5.159781997010391
126,10.8333,162.499,5.6781250000000005,-5.123661676948137
126,10.8333,162.499,5.68125,-5.077815729008879
126,10.8333,162.499,5.684375,-5.03036009218258
126,10.8333,162.499,5.6875,-4.963095051703549
126,10.8333,162.499,5.690625000000001,-4.897492982934326
126,10.8333,162.499,5.6937500000000005,-4.819588312037968
126,10.8333,162.499,5.696875,-4.734846711106159
126,10.8333,162.499,5.7,-4.643927817325172
126,10.8333,162.499,5.703125,-4.553214597800923
126,10.8333,162.499,5.706250000000001,-4.459939580307896
126,10.8333,162.499,5.7093750000000005,-4.368725323963853
126,10.8333,162.499,5.7125,-4.283899062122933
126,10.8333,162.499,5.715625,-4.203210650112886
126,10.8333,162.499,5.71875,-4.127932037304277
126,10.8333,162.499,5.721875000000001,-4.068084054552133
126,10.8333,162.499,5.7250000000000005,-4.021366661716996
126,10.8333,162.499,5.728125,-3.992854011636489
126,10.8333,162.499,5.73125,-3.9691572972773335
126,10.8333,162.499,5.734375,-3.961355341984458
126,10.8333,162.499,5.737500000000001,-3.9645301028695346
126,10.8333,162.499,5.7406250000000005,-3.9598942361059137
126,10.8333,162.499,5.74375,-3.9693043910417907
126,10.8333,162.499,5.746875,-3.9784102283011586
126,10.8333,162.499,5.75,-3.979682418892324
126,10.8333,162.499,5.753125000000001,-3.9795647283478934
126,10.8333,162.499,5.7562500000000005,-3.9679716158825484
126,10.8333,162.499,5.759375,-3.953803950092804
126,10.8333,162.499,5.7625,-3.924578296027252
126,10.8333,162.499,5.765625,-3.8913031204957633
126,10.8333,162.499,5.768750000000001,-3.8537756780764125
126,10.8333,162.499,5.7718750000000005,-3.8069315236141628
126,10.8333,162.499,5.775,-3.7501309783983294
126,10.8333,162.499,5.778125,-3.686147055599442
126,10.8333,162.499,5.78125,-3.6204701586099057
126,10.8333,162.499,5.784375000000001,-3.5486323865401026
126,10.8333,162.499,5.7875000000000005,-3.475719827104892
126,10.8333,162.499,5.790625,-3.400030985959392
126,10.8333,162.499,5.79375,-3.3212325347520624
126,10.8333,162.499,5.796875,-3.259066190067459
126,10.8333,162.499,5.800000000000001,-3.192811254460901
126,10.8333,162.499,5.8031250000000005,-3.141535841037997
126,10.8333,162.499,5.80625,-3.097188993295292
126,10.8333,162.499,5.809375,-3.0603279530112704
126,10.8333,162.499,5.8125,-3.0499432298885183
126,10.8333,162.499,5.815625000000001,-3.047020907393655
126,10.8333,162.499,5.8187500000000005,-3.0698179419661016
126,10.8333,162.499,5.821875,-3.1005293064002726
126,10.8333,162.499,5.825,-3.1420451851702618
126,10.8333,162.499,5.828125,-3.197459771874158
126,10.8333,162.499,5.831250000000001,-3.2521730981361037
126,10.8333,162.499,5.8343750000000005,-3.312600819834899
126,10.8333,162.499,5.8375,-3.379215454158533
126,10.8333,162.499,5.840625,-3.4372652417776917
126,10.8333,162.499,5.84375,-3.491055025628988
126,10.8333,162.499,5.846875000000001,-3.5311330317629803
126,10.8333,162.499,5.8500000000000005,-3.570047290767075
126,10.8333,162.499,5.853125,-3.5919896567084395
126,10.8333,162.499,5.85625,-3.6049566989943993
126,10.8333,162.499,5.859375,-3.6010507649946204
126,10.8333,162.499,5.862500000000001,-3.593268382030328
126,10.8333,162.499,5.8656250000000005,-3.5714673749858497
126,10.8333,162.499,5.86875,-3.536699571568902
126,10.8333,162.499,5.871875,-3.494011780207413
126,10.8333,162.499,5.875,-3.439235933900629
126,10.8333,162.499,5.878125000000001,-3.370406418468338
126,10.8333,162.499,5.8812500000000005,-3.300941885393871
126,10.8333,162.499,5.884375,-3.2222775222174684
126,10.8333,162.499,5.8875,-3.143847491075839
126,10.8333,162.499,5.890625,-3.065250435856402
126,10.8333,162.499,5.893750000000001,-2.9869271629516962
126,10.8333,162.499,5.8968750000000005,-2.919106656548906
126,10.8333,162.499,5.9,-2.865358155499524
126,10.8333,162.499,5.903125,-2.8288103760135526
126,10.8333,162.499,5.90625,-2.8128283653280772
126,10.8333,162.499,5.909375000000001,-2.80875392755401
126,10.8333,162.499,5.9125000000000005,-2.8167267130923768
126,10.8333,162.499,5.915625,-2.8416791712538214
126,10.8333,162.499,5.91875,-2.8718051204677177
126,10.8333,162.499,5.921875,-2.9024069975133298
126,10.8333,162.499,5.925000000000001,-2.9286946577698925
126,10.8333,162.499,5.9281250000000005,-2.957139319441231
126,10.8333,162.499,5.93125,-2.9753933011700155
126,10.8333,162.499,5.934375,-2.991791860193567
126,10.8333,162.499,5.9375,-2.9927845901913535
126,10.8333,162.499,5.940625000000001,-2.9939551451802604
126,10.8333,162.499,5.9437500000000005,-2.9860807170415304
126,10.8333,162.499,5.946875,-2.967595836794106
126,10.8333,162.499,5.95,-2.9428835944216662
126,10.8333,162.499,5.953125,-2.908321596482641
126,10.8333,162.499,5.956250000000001,-2.8656980462825383
126,10.8333,162.499,5.9593750000000005,-2.8189264540003185
126,10.8333,162.499,5.9625,-2.7660645097944156
126,10.8333,162.499,5.965625,-2.702565846214089
126,10.8333,162.499,5.96875,-2.637607972541934
126,10.8333,162.499,5.971875000000001,-2.5637468844598614
126,10.8333,162.499,5.9750000000000005,-2.4951848601005144
126,10.8333,162.499,5.978125,-2.4159850671855216
126,10.8333,162.499,5.98125,-2.3468458565083057
126,10.8333,162.499,5.984375,-2.2837688761437542
126,10.8333,162.499,5.987500000000001,-2.233107764305271
126,10.8333,162.499,5.9906250000000005,-2.195491570889113
126,10.8333,162.499,5.99375,-2.174117311891584
126,10.8333,162.499,5.996875,-2.1776555147933574
126,10.8333,162.499,6.0,-2.201319548872948
