ScanID,Current,Field,Frequency,Spectra
298,11.3855,170.782,1.0,-0.9323983887335234
298,11.3855,170.782,1.003125,-0.8990747238462916
298,11.3855,170.782,1.00625,-0.8699339704692365
298,11.3855,170.782,1.0093750000000001,-0.845891453001195
298,11.3855,170.782,1.0125,-0.8305477363540669
298,11.3855,170.782,1.015625,-0.8224937361908431
298,11.3855,170.782,1.01875,-0.8225838224106583
298,11.3855,170.782,1.021875,-0.8339329722503613
298,11.3855,170.782,1.0250000000000001,-0.852033931495294
298,11.3855,170.782,1.028125,-0.8822552645600455
298,11.3855,170.782,1.03125,-0.9200569650776748
298,11.3855,170.782,1.034375,-0.9631625971290357
298,11.3855,170.782,1.0375,-1.0094446930926473
298,11.3855,170.782,1.0406250000000001,-1.0598463918885925
298,11.3855,170.782,1.04375,-1.110308949031766
298,11.3855,170.782,1.046875,-1.163727726663068
298,11.3855,170.782,1.05,-1.217636569255212
298,11.3855,170.782,1.053125,-1.2659363511347856
298,11.3855,170.782,1.0562500000000001,-1.3109597179415264
298,11.3855,170.782,1.059375,-1.3503624034722062
298,11.3855,170.782,1.0625,-1.382878000843212
298,11.3855,170.782,1.065625,-1.4091300284546924
298,11.3855,170.782,1.06875,-1.4251691628253669
298,11.3855,170.782,1.0718750000000001,-1.4305282911258752
298,11.3855,170.782,1.0750000000000002,-1.426460004647093
298,11.3855,170.782,1.078125,-1.4128103952689752
298,11.3855,170.782,1.08125,-1.3849955209351457
298,11.3855,170.782,1.084375,-1.3449874055729696
298,11.3855,170.782,1.0875000000000001,-1.2945464723181734
298,11.3855,170.782,1.0906250000000002,-1.2351735758337126
298,11.3855,170.782,1.09375,-1.173685214752674
298,11.3855,170.782,1.096875,-1.1107493670512616
298,11.3855,170.782,1.1,-1.0499188622635751
298,11.3855,170.782,1.1031250000000001,-0.991257505090901
298,11.3855,170.782,1.1062500000000002,-0.9433566440325596
298,11.3855,170.782,1.109375,-0.901570752029728
298,11.3855,170.782,1.1125,-0.8737075761829629
298,11.3855,170.782,1.115625,-0.8566061836741716
298,11.3855,170.782,1.1187500000000001,-0.8552334808868524
298,11.3855,170.782,1.1218750000000002,-0.8664603068312922
298,11.3855,170.782,1.125,-0.8933369271314737
298,11.3855,170.782,1.128125,-0.9255161496624588
298,11.3855,170.782,1.13125,-0.9628332291066839
298,11.3855,170.782,1.1343750000000001,-1.0066447837343238
298,11.3855,170.782,1.1375000000000002,-1.0477741749576068
298,11.3855,170.782,1.140625,-1.0915350542889228
298,11.3855,170.782,1.14375,-1.129160049004367
298,11.3855,170.782,1.146875,-1.1592535663815426
298,11.3855,170.782,1.1500000000000001,-1.1839662497657646
298,11.3855,170.782,1.1531250000000002,-1.1963218979471204
298,11.3855,170.782,1.15625,-1.2024435457189078
298,11.3855,170.782,1.159375,-1.198101218434204
298,11.3855,170.782,1.1625,-1.1897368987658115
298,11.3855,170.782,1.1656250000000001,-1.1707962163856505
298,11.3855,170.782,1.1687500000000002,-1.147509853207376
298,11.3855,170.782,1.171875,-1.1205737263624882
298,11.3855,170.782,1.175,-1.0871706951931321
298,11.3855,170.782,1.178125,-1.054392599407323
298,11.3855,170.782,1.1812500000000001,-1.0159583818591291
298,11.3855,170.782,1.1843750000000002,-0.9771250696622815
298,11.3855,170.782,1.1875,-0.9395886766531631
298,11.3855,170.782,1.190625,-0.904499269444248
298,11.3855,170.782,1.19375,-0.8747402574988192
298,11.3855,170.782,1.1968750000000001,-0.8483840027937459
298,11.3855,170.782,1.2000000000000002,-0.8263672342046052
298,11.3855,170.782,1.203125,-0.8165724743313879
298,11.3855,170.782,1.20625,-0.8129169979066969
298,11.3855,170.782,1.209375,-0.8234118474419444
298,11.3855,170.782,1.2125000000000001,-0.8440502746463553
298,11.3855,170.782,1.2156250000000002,-0.8747961625412369
298,11.3855,170.782,1.21875,-0.9216993704946098
298,11.3855,170.782,1.221875,-0.9759973619490935
298,11.3855,170.782,1.225,-1.0353977744166911
298,11.3855,170.782,1.2281250000000001,-1.1030593789378242
298,11.3855,170.782,1.2312500000000002,-1.171889312582456
298,11.3855,170.782,1.234375,-1.245635935698692
298,11.3855,170.782,1.2375,-1.3156344902018435
298,11.3855,170.782,1.240625,-1.3812587977644628
298,11.3855,170.782,1.2437500000000001,-1.4393381799725145
298,11.3855,170.782,1.2468750000000002,-1.4844146640169764
298,11.3855,170.782,1.25,-1.5116957305435377
298,11.3855,170.782,1.253125,-1.5354472033425997
298,11.3855,170.782,1.25625,-1.536999725119848
298,11.3855,170.782,1.2593750000000001,-1.5281192400758634
298,11.3855,170.782,1.2625000000000002,-1.5050620731822968
298,11.3855,170.782,1.265625,-1.4681951648530323
298,11.3855,170.782,1.26875,-1.4227131045209802
298,11.3855,170.782,1.271875,-1.3709433623395086
298,11.3855,170.782,1.2750000000000001,-1.3113469417442025
298,11.3855,170.782,1.2781250000000002,-1.2538643349539695
298,11.3855,170.782,1.28125,-1.1942027245511326
298,11.3855,170.782,1.284375,-1.1377307363300526
298,11.3855,170.782,1.2875,-1.0906660224365707
298,11.3855,170.782,1.2906250000000001,-1.0501322719303638
298,11.3855,170.782,1.2937500000000002,-1.0238163806653104
298,11.3855,170.782,1.296875,-1.0065898729916791
298,11.3855,170.782,1.3,-1.0049320828536858
298,11.3855,170.782,1.303125,-1.0169452297132082
298,11.3855,170.782,1.3062500000000001,-1.039377174646345
298,11.3855,170.782,1.3093750000000002,-1.0730250917764286
298,11.3855,170.782,1.3125,-1.1162753256064248
298,11.3855,170.782,1.315625,-1.162630783077144
298,11.3855,170.782,1.31875,-1.2141946974041424
298,11.3855,170.782,1.3218750000000001,-1.2650676021906835
298,11.3855,170.782,1.3250000000000002,-1.3111795136921836
298,11.3855,170.782,1.328125,-1.3471996766515577
298,11.3855,170.782,1.33125,-1.3781975481111155
298,11.3855,170.782,1.334375,-1.3982664189416274
298,11.3855,170.782,1.3375000000000001,-1.4119009425502018
298,11.3855,170.782,1.3406250000000002,-1.4111363375644836
298,11.3855,170.782,1.34375,-1.404945754069945
298,11.3855,170.782,1.346875,-1.390745270913928
298,11.3855,170.782,1.35,-1.3653101172803892
298,11.3855,170.782,1.3531250000000001,-1.338514299422528
298,11.3855,170.782,1.3562500000000002,-1.3019565440122918
298,11.3855,170.782,1.359375,-1.261224010717807
298,11.3855,170.782,1.3625,-1.2140695808103732
298,11.3855,170.782,1.365625,-1.1693329502926606
298,11.3855,170.782,1.3687500000000001,-1.1230979716385796
298,11.3855,170.782,1.3718750000000002,-1.0762470868264742
298,11.3855,170.782,1.375,-1.0317845954957767
298,11.3855,170.782,1.378125,-0.9869889455221608
298,11.3855,170.782,1.38125,-0.9473585108555191
298,11.3855,170.782,1.3843750000000001,-0.9173446860526485
298,11.3855,170.782,1.3875000000000002,-0.897597999915621
298,11.3855,170.782,1.390625,-0.8894481438081521
298,11.3855,170.782,1.39375,-0.8983912123944814
298,11.3855,170.782,1.396875,-0.9232163749712031
298,11.3855,170.782,1.4000000000000001,-0.9628582105030863
298,11.3855,170.782,1.4031250000000002,-1.0220132351446924
298,11.3855,170.782,1.40625,-1.090061438971635
298,11.3855,170.782,1.409375,-1.1706883679378524
298,11.3855,170.782,1.4125,-1.2541855894591802
298,11.3855,170.782,1.4156250000000001,-1.342736187120381
298,11.3855,170.782,1.4187500000000002,-1.427960574569271
298,11.3855,170.782,1.421875,-1.5023849206061928
298,11.3855,170.782,1.425,-1.567155423335227
298,11.3855,170.782,1.428125,-1.612829783139029
298,11.3855,170.782,1.4312500000000001,-1.6473389495354342
298,11.3855,170.782,1.4343750000000002,-1.6658652322018055
298,11.3855,170.782,1.4375,-1.6668436627013725
298,11.3855,170.782,1.440625,-1.6567839639573754
298,11.3855,170.782,1.44375,-1.6338296297304664
298,11.3855,170.782,1.4468750000000001,-1.6062549554248509
298,11.3855,170.782,1.4500000000000002,-1.5680802344818932
298,11.3855,170.782,1.453125,-1.5268062642770137
298,11.3855,170.782,1.45625,-1.4791836381297143
298,11.3855,170.782,1.459375,-1.4309643852289178
298,11.3855,170.782,1.4625000000000001,-1.3845497229970127
298,11.3855,170.782,1.4656250000000002,-1.3403004631804025
298,11.3855,170.782,1.46875,-1.2991486755108728
298,11.3855,170.782,1.471875,-1.2632694646470939
298,11.3855,170.782,1.475,-1.2352495247160635
298,11.3855,170.782,1.4781250000000001,-1.211191950226517
298,11.3855,170.782,1.4812500000000002,-1.1941451629988582
298,11.3855,170.782,1.484375,-1.1895649929646204
298,11.3855,170.782,1.4875,-1.1935439260170484
298,11.3855,170.782,1.490625,-1.2127301182756949
298,11.3855,170.782,1.4937500000000001,-1.240849858422338
298,11.3855,170.782,1.4968750000000002,-1.2765786009805191
298,11.3855,170.782,1.5,-1.324574189330681
298,11.3855,170.782,1.503125,-1.3762854390332628
298,11.3855,170.782,1.50625,-1.4360396291502942
298,11.3855,170.782,1.5093750000000001,-1.4947318961396623
298,11.3855,170.782,1.5125000000000002,-1.5510717926089532
298,11.3855,170.782,1.515625,-1.6035475072925363
298,11.3855,170.782,1.51875,-1.647303055106599
298,11.3855,170.782,1.521875,-1.6791974620103611
298,11.3855,170.782,1.5250000000000001,-1.6946438813636666
298,11.3855,170.782,1.5281250000000002,-1.6956014379102777
298,11.3855,170.782,1.53125,-1.6841756543822144
298,11.3855,170.782,1.534375,-1.6559290567291793
298,11.3855,170.782,1.5375,-1.6141913240642642
298,11.3855,170.782,1.5406250000000001,-1.558695396891915
298,11.3855,170.782,1.5437500000000002,-1.495394117670932
298,11.3855,170.782,1.546875,-1.4254945892017115
298,11.3855,170.782,1.55,-1.3521709102298796
298,11.3855,170.782,1.553125,-1.2775864979999485
298,11.3855,170.782,1.5562500000000001,-1.2032413939531341
298,11.3855,170.782,1.5593750000000002,-1.1362430715979923
298,11.3855,170.782,1.5625,-1.0802464149062367
298,11.3855,170.782,1.565625,-1.0367765168899719
298,11.3855,170.782,1.56875,-1.0076257736562966
298,11.3855,170.782,1.5718750000000001,-0.994853315945823
298,11.3855,170.782,1.5750000000000002,-0.9970750805884359
298,11.3855,170.782,1.578125,-1.013856926820205
298,11.3855,170.782,1.58125,-1.0493328322059754
298,11.3855,170.782,1.584375,-1.0944371025611583
298,11.3855,170.782,1.5875000000000001,-1.1549874989443294
298,11.3855,170.782,1.5906250000000002,-1.2265060286310074
298,11.3855,170.782,1.59375,-1.297912732207458
298,11.3855,170.782,1.596875,-1.37435564748129
298,11.3855,170.782,1.6,-1.4504270571174418
298,11.3855,170.782,1.6031250000000001,-1.525092985904365
298,11.3855,170.782,1.6062500000000002,-1.589613624373907
298,11.3855,170.782,1.609375,-1.6476374921764831
298,11.3855,170.782,1.6125,-1.6966471581336895
298,11.3855,170.782,1.615625,-1.7360748482384438
298,11.3855,170.782,1.6187500000000001,-1.7605855216558965
298,11.3855,170.782,1.6218750000000002,-1.7729956344712523
298,11.3855,170.782,1.625,-1.7684971709552466
298,11.3855,170.782,1.628125,-1.755374941766371
298,11.3855,170.782,1.63125,-1.7260667909255525
298,11.3855,170.782,1.6343750000000001,-1.6875494001993774
298,11.3855,170.782,1.6375000000000002,-1.6384591622406668
298,11.3855,170.782,1.640625,-1.5866921824826763
298,11.3855,170.782,1.64375,-1.526317387281293
298,11.3855,170.782,1.646875,-1.4645316461399474
298,11.3855,170.782,1.6500000000000001,-1.4024597057156152
298,11.3855,170.782,1.6531250000000002,-1.3448466548112803
298,11.3855,170.782,1.65625,-1.2932470694066236
298,11.3855,170.782,1.659375,-1.2517418827617497
298,11.3855,170.782,1.6625,-1.2258077118446973
298,11.3855,170.782,1.6656250000000001,-1.2168945016627906
298,11.3855,170.782,1.6687500000000002,-1.226672671299429
298,11.3855,170.782,1.671875,-1.248569615172808
298,11.3855,170.782,1.675,-1.2879077490383282
298,11.3855,170.782,1.678125,-1.3415522059616105
298,11.3855,170.782,1.6812500000000001,-1.4031090086698321
298,11.3855,170.782,1.6843750000000002,-1.4719576406757016
298,11.3855,170.782,1.6875,-1.5467260778778213
298,11.3855,170.782,1.690625,-1.621611578395439
298,11.3855,170.782,1.69375,-1.69094557596576
298,11.3855,170.782,1.6968750000000001,-1.7512109519788726
298,11.3855,170.782,1.7000000000000002,-1.8003848007259515
298,11.3855,170.782,1.703125,-1.837640604504247
298,11.3855,170.782,1.70625,-1.8605668888410487
298,11.3855,170.782,1.709375,-1.873009507024347
298,11.3855,170.782,1.7125000000000001,-1.868589152171856
298,11.3855,170.782,1.7156250000000002,-1.8564097784219078
298,11.3855,170.782,1.71875,-1.8279520625107613
298,11.3855,170.782,1.721875,-1.787866126087747
298,11.3855,170.782,1.725,-1.7404974740879378
298,11.3855,170.782,1.7281250000000001,-1.682352049209164
298,11.3855,170.782,1.7312500000000002,-1.6186785920061666
298,11.3855,170.782,1.734375,-1.549544367359257
298,11.3855,170.782,1.7375,-1.4785506417891072
298,11.3855,170.782,1.740625,-1.4091535220792446
298,11.3855,170.782,1.7437500000000001,-1.3416184455223046
298,11.3855,170.782,1.7468750000000002,-1.277740180031657
298,11.3855,170.782,1.75,-1.2202292514597852
298,11.3855,170.782,1.753125,-1.1715950469485146
298,11.3855,170.782,1.75625,-1.1400269220215447
298,11.3855,170.782,1.7593750000000001,-1.117736819016621
298,11.3855,170.782,1.7625000000000002,-1.1088599618805581
298,11.3855,170.782,1.765625,-1.1218413896451194
298,11.3855,170.782,1.76875,-1.1542377567559368
298,11.3855,170.782,1.771875,-1.2027296571210495
298,11.3855,170.782,1.7750000000000001,-1.2691670284649803
298,11.3855,170.782,1.7781250000000002,-1.3501119275575602
298,11.3855,170.782,1.78125,-1.436464607501071
298,11.3855,170.782,1.784375,-1.5272409621524417
298,11.3855,170.782,1.7875,-1.6145876590978547
298,11.3855,170.782,1.7906250000000001,-1.6978769071730104
298,11.3855,170.782,1.7937500000000002,-1.766808317290094
298,11.3855,170.782,1.7968750000000002,-1.8227958425767976
298,11.3855,170.782,1.8,-1.8622260949073772
298,11.3855,170.782,1.803125,-1.8849433000700564
298,11.3855,170.782,1.8062500000000001,-1.8919912671589432
298,11.3855,170.782,1.8093750000000002,-1.8837310535852536
298,11.3855,170.782,1.8125000000000002,-1.8564589692370146
298,11.3855,170.782,1.815625,-1.817446350995087
298,11.3855,170.782,1.81875,-1.7655095694220369
298,11.3855,170.782,1.8218750000000001,-1.7109778317576096
298,11.3855,170.782,1.8250000000000002,-1.6469702008436895
298,11.3855,170.782,1.8281250000000002,-1.5809302717442655
298,11.3855,170.782,1.83125,-1.5194355133903639
298,11.3855,170.782,1.834375,-1.460513728775207
298,11.3855,170.782,1.8375000000000001,-1.4089623246118252
298,11.3855,170.782,1.8406250000000002,-1.3662899504043013
298,11.3855,170.782,1.8437500000000002,-1.3312782240169774
298,11.3855,170.782,1.846875,-1.3110920201201623
298,11.3855,170.782,1.85,-1.2977946618183687
298,11.3855,170.782,1.8531250000000001,-1.3073527088250265
298,11.3855,170.782,1.8562500000000002,-1.3256811900635321
298,11.3855,170.782,1.8593750000000002,-1.3616683903971065
298,11.3855,170.782,1.8625,-1.4100901691229666
298,11.3855,170.782,1.865625,-1.4703704214553834
298,11.3855,170.782,1.8687500000000001,-1.5405122513663418
298,11.3855,170.782,1.8718750000000002,-1.6171620600351708
298,11.3855,170.782,1.8750000000000002,-1.697840820398482
298,11.3855,170.782,1.878125,-1.7754444079361074
298,11.3855,170.782,1.88125,-1.8492738168235392
298,11.3855,170.782,1.8843750000000001,-1.9163706127874427
298,11.3855,170.782,1.8875000000000002,-1.9708666468082945
298,11.3855,170.782,1.8906250000000002,-2.0111276943358796
298,11.3855,170.782,1.89375,-2.0349273472335763
298,11.3855,170.782,1.896875,-2.0440334745213304
298,11.3855,170.782,1.9000000000000001,-2.0359226418638894
298,11.3855,170.782,1.9031250000000002,-1.9988494450136085
298,11.3855,170.782,1.9062500000000002,-1.9562564322608131
298,11.3855,170.782,1.909375,-1.8960365342617598
298,11.3855,170.782,1.9125,-1.8296164286836563
298,11.3855,170.782,1.9156250000000001,-1.7511299856994202
298,11.3855,170.782,1.9187500000000002,-1.6650894400296012
298,11.3855,170.782,1.9218750000000002,-1.5790953716406269
298,11.3855,170.782,1.925,-1.4928281654982198
298,11.3855,170.782,1.928125,-1.410298160825816
298,11.3855,170.782,1.9312500000000001,-1.3359563613653769
298,11.3855,170.782,1.9343750000000002,-1.270263673862867
298,11.3855,170.782,1.9375000000000002,-1.2205699854013117
298,11.3855,170.782,1.940625,-1.1850470341964605
298,11.3855,170.782,1.94375,-1.1636425404696336
298,11.3855,170.782,1.9468750000000001,-1.1596932580996582
298,11.3855,170.782,1.9500000000000002,-1.1759235196107567
298,11.3855,170.782,1.9531250000000002,-1.2104646261883492
298,11.3855,170.782,1.95625,-1.2598357070371144
298,11.3855,170.782,1.959375,-1.3244085962447347
298,11.3855,170.782,1.9625000000000001,-1.4070195885401857
298,11.3855,170.782,1.9656250000000002,-1.4903580926004976
298,11.3855,170.782,1.9687500000000002,-1.5800747353325213
298,11.3855,170.782,1.971875,-1.667876994554804
298,11.3855,170.782,1.975,-1.749668233908909
298,11.3855,170.782,1.9781250000000001,-1.8194901327926725
298,11.3855,170.782,1.9812500000000002,-1.8760919443022823
298,11.3855,170.782,1.9843750000000002,-1.9163007116896047
298,11.3855,170.782,1.9875,-1.9418623404973059
298,11.3855,170.782,1.990625,-1.9476609676122036
298,11.3855,170.782,1.9937500000000001,-1.9334400259003905
298,11.3855,170.782,1.9968750000000002,-1.9024461185246653
298,11.3855,170.782,2.0,-1.857416992468965
298,11.3855,170.782,2.0031250000000003,-1.8005698919032318
298,11.3855,170.782,2.00625,-1.7314717955357009
298,11.3855,170.782,2.009375,-1.6584268043394061
298,11.3855,170.782,2.0125,-1.5814846151012476
298,11.3855,170.782,2.015625,-1.5047815718930988
298,11.3855,170.782,2.0187500000000003,-1.4329772434047214
298,11.3855,170.782,2.021875,-1.3642172560245733
298,11.3855,170.782,2.025,-1.303691303789367
298,11.3855,170.782,2.028125,-1.2550320554597238
298,11.3855,170.782,2.03125,-1.2232106763805353
298,11.3855,170.782,2.0343750000000003,-1.2118947481424045
298,11.3855,170.782,2.0375,-1.2133014948063523
298,11.3855,170.782,2.040625,-1.2366941250932453
298,11.3855,170.782,2.04375,-1.2781763770772112
298,11.3855,170.782,2.046875,-1.3362738960941836
298,11.3855,170.782,2.0500000000000003,-1.4095957395593564
298,11.3855,170.782,2.053125,-1.49087745605036
298,11.3855,170.782,2.05625,-1.5852464467227665
298,11.3855,170.782,2.059375,-1.6798372699939197
298,11.3855,170.782,2.0625,-1.7743307052147563
298,11.3855,170.782,2.0656250000000003,-1.8607395852505635
298,11.3855,170.782,2.06875,-1.9382957951747395
298,11.3855,170.782,2.071875,-2.00070785312813
298,11.3855,170.782,2.075,-2.0456069798340777
298,11.3855,170.782,2.078125,-2.07509702930957
298,11.3855,170.782,2.0812500000000003,-2.085281195305069
298,11.3855,170.782,2.084375,-2.079108476107595
298,11.3855,170.782,2.0875,-2.056125302809459
298,11.3855,170.782,2.090625,-2.016674095000963
298,11.3855,170.782,2.09375,-1.9622282406466371
298,11.3855,170.782,2.0968750000000003,-1.8967048939224047
298,11.3855,170.782,2.1,-1.819803920035699
298,11.3855,170.782,2.103125,-1.731991459324481
298,11.3855,170.782,2.10625,-1.6460240070750505
298,11.3855,170.782,2.109375,-1.5594223564907619
298,11.3855,170.782,2.1125000000000003,-1.4734145399066159
298,11.3855,170.782,2.115625,-1.3920413114883252
298,11.3855,170.782,2.11875,-1.3176323612414456
298,11.3855,170.782,2.121875,-1.2560825507634723
298,11.3855,170.782,2.125,-1.2034013857827033
298,11.3855,170.782,2.1281250000000003,-1.1706285894472455
298,11.3855,170.782,2.13125,-1.1588459724239109
298,11.3855,170.782,2.134375,-1.1674658485602045
298,11.3855,170.782,2.1375,-1.1973069549433215
298,11.3855,170.782,2.140625,-1.2484715357557945
298,11.3855,170.782,2.1437500000000003,-1.3142016138230759
298,11.3855,170.782,2.146875,-1.3928442395048801
298,11.3855,170.782,2.1500000000000004,-1.486222758403699
298,11.3855,170.782,2.153125,-1.5834939972593876
298,11.3855,170.782,2.15625,-1.6806449845753457
298,11.3855,170.782,2.1593750000000003,-1.7700337140174585
298,11.3855,170.782,2.1625,-1.8499010224054118
298,11.3855,170.782,2.1656250000000004,-1.9109962998829397
298,11.3855,170.782,2.16875,-1.9536327399704612
298,11.3855,170.782,2.171875,-1.97598399689273
298,11.3855,170.782,2.1750000000000003,-1.9760399061189104
298,11.3855,170.782,2.178125,-1.9581231885829087
298,11.3855,170.782,2.1812500000000004,-1.9180103907810795
298,11.3855,170.782,2.184375,-1.868333236066251
298,11.3855,170.782,2.1875,-1.8032539669547925
298,11.3855,170.782,2.1906250000000003,-1.7241250923058224
298,11.3855,170.782,2.19375,-1.645280498990155
298,11.3855,170.782,2.1968750000000004,-1.5593093709235721
298,11.3855,170.782,2.2,-1.4743187449155322
298,11.3855,170.782,2.203125,-1.3930244770467306
298,11.3855,170.782,2.2062500000000003,-1.3198859984674713
298,11.3855,170.782,2.209375,-1.2559983240079933
298,11.3855,170.782,2.2125000000000004,-1.2052344118190916
298,11.3855,170.782,2.215625,-1.166679956720361
298,11.3855,170.782,2.21875,-1.1454736808952568
298,11.3855,170.782,2.2218750000000003,-1.142339864910251
298,11.3855,170.782,2.225,-1.1579179674009201
298,11.3855,170.782,2.2281250000000004,-1.1940586985172683
298,11.3855,170.782,2.23125,-1.2470979702846228
298,11.3855,170.782,2.234375,-1.3179237473788852
298,11.3855,170.782,2.2375000000000003,-1.3992328964635012
298,11.3855,170.782,2.240625,-1.493367058891311
298,11.3855,170.782,2.2437500000000004,-1.5896384227649207
298,11.3855,170.782,2.246875,-1.6888172398530543
298,11.3855,170.782,2.25,-1.785593050920392
298,11.3855,170.782,2.2531250000000003,-1.8729669717781756
298,11.3855,170.782,2.25625,-1.9469639604583477
298,11.3855,170.782,2.2593750000000004,-2.0078537240345056
298,11.3855,170.782,2.2625,-2.05060092910477
298,11.3855,170.782,2.265625,-2.0758598160182213
298,11.3855,170.782,2.2687500000000003,-2.0770608326510285
298,11.3855,170.782,2.271875,-2.0636026626259705
298,11.3855,170.782,2.2750000000000004,-2.0294933795995282
298,11.3855,170.782,2.278125,-1.9759057265915034
298,11.3855,170.782,2.28125,-1.9118401170588388
298,11.3855,170.782,2.2843750000000003,-1.834860506550318
298,11.3855,170.782,2.2875,-1.7479068685512578
298,11.3855,170.782,2.2906250000000004,-1.658240748244097
298,11.3855,170.782,2.29375,-1.5615697024204012
298,11.3855,170.782,2.296875,-1.47042032022523
298,11.3855,170.782,2.3000000000000003,-1.3779920986459286
298,11.3855,170.782,2.303125,-1.301889790718511
298,11.3855,170.782,2.3062500000000004,-1.234963686245272
298,11.3855,170.782,2.309375,-1.1850524866253167
298,11.3855,170.782,2.3125,-1.1486491304226687
298,11.3855,170.782,2.3156250000000003,-1.130215052447275
298,11.3855,170.782,2.31875,-1.1312774509564003
298,11.3855,170.782,2.3218750000000004,-1.1487845487295936
298,11.3855,170.782,2.325,-1.1903379002045924
298,11.3855,170.782,2.328125,-1.2513140867091792
298,11.3855,170.782,2.3312500000000003,-1.3240766361039902
298,11.3855,170.782,2.334375,-1.4151101867767357
298,11.3855,170.782,2.3375000000000004,-1.5080793336532925
298,11.3855,170.782,2.340625,-1.6033535114736726
298,11.3855,170.782,2.34375,-1.7045989434967865
298,11.3855,170.782,2.3468750000000003,-1.80163623812549
298,11.3855,170.782,2.35,-1.893583620474189
298,11.3855,170.782,2.3531250000000004,-1.9832895908334927
298,11.3855,170.782,2.35625,-2.054786798957132
298,11.3855,170.782,2.359375,-2.078493235604409
298,11.3855,170.782,2.3625000000000003,-2.071351082497786
298,11.3855,170.782,2.365625,-2.0374444006974928
298,11.3855,170.782,2.3687500000000004,-1.989260878913194
298,11.3855,170.782,2.371875,-1.935631130226857
298,11.3855,170.782,2.375,-1.8746494813395553
298,11.3855,170.782,2.3781250000000003,-1.8067868856105254
298,11.3855,170.782,2.38125,-1.7417654952547212
298,11.3855,170.782,2.3843750000000004,-1.6597408839476324
298,11.3855,170.782,2.3875,-1.5738883321749713
298,11.3855,170.782,2.390625,-1.4747773404305144
298,11.3855,170.782,2.3937500000000003,-1.3726279332550861
298,11.3855,170.782,2.396875,-1.2851293111129225
298,11.3855,170.782,2.4000000000000004,-1.2198447414182352
298,11.3855,170.782,2.403125,-1.1798440786953284
298,11.3855,170.782,2.40625,-1.1551069559052773
298,11.3855,170.782,2.4093750000000003,-1.158738689849675
298,11.3855,170.782,2.4125,-1.1766648990856896
298,11.3855,170.782,2.4156250000000004,-1.2134929333216646
298,11.3855,170.782,2.41875,-1.2752196829584914
298,11.3855,170.782,2.421875,-1.3571719858135052
298,11.3855,170.782,2.4250000000000003,-1.4595842855385988
298,11.3855,170.782,2.428125,-1.5729192656930278
298,11.3855,170.782,2.4312500000000004,-1.6956990234949338
298,11.3855,170.782,2.434375,-1.8208324502617153
298,11.3855,170.782,2.4375,-1.9564369822561323
298,11.3855,170.782,2.4406250000000003,-2.0980388974577955
298,11.3855,170.782,2.44375,-2.1806593261199074
298,11.3855,170.782,2.4468750000000004,-2.360164469619167
298,11.3855,170.782,2.45,-2.702193997097744
298,11.3855,170.782,2.453125,-3.0344724946182215
298,11.3855,170.782,2.4562500000000003,-2.604563756846032
298,11.3855,170.782,2.459375,-2.2911242669306553
298,11.3855,170.782,2.4625000000000004,-2.1452788419590405
298,11.3855,170.782,2.465625,-2.0381380163334835
298,11.3855,170.782,2.46875,-1.9435458654729714
298,11.3855,170.782,2.4718750000000003,-1.8479241408558669
298,11.3855,170.782,2.475,-1.753361103171664
298,11.3855,170.782,2.4781250000000004,-1.6551904667700499
298,11.3855,170.782,2.48125,-1.5635678288747625
298,11.3855,170.782,2.484375,-1.480881399294314
298,11.3855,170.782,2.4875000000000003,-1.403041951123742
298,11.3855,170.782,2.490625,-1.3367027856209712
298,11.3855,170.782,2.4937500000000004,-1.2819685281438038
298,11.3855,170.782,2.496875,-1.2416417220482312
298,11.3855,170.782,2.5,-1.2240082451923584
298,11.3855,170.782,2.5031250000000003,-1.2237996568230098
298,11.3855,170.782,2.50625,-1.244606096691651
298,11.3855,170.782,2.5093750000000004,-1.2856816106090867
298,11.3855,170.782,2.5125,-1.3424581254183157
298,11.3855,170.782,2.515625,-1.4176684202988254
298,11.3855,170.782,2.5187500000000003,-1.5055442921179054
298,11.3855,170.782,2.521875,-1.602901607915311
298,11.3855,170.782,2.5250000000000004,-1.708576925786105
298,11.3855,170.782,2.528125,-1.8160412158677233
298,11.3855,170.782,2.53125,-1.914908687731041
298,11.3855,170.782,2.5343750000000003,-2.004353150802019
298,11.3855,170.782,2.5375,-2.080747211772657
298,11.3855,170.782,2.5406250000000004,-2.1371649142654663
298,11.3855,170.782,2.54375,-2.1662526261514135
298,11.3855,170.782,2.546875,-2.1795377180257307
298,11.3855,170.782,2.5500000000000003,-2.168098652917783
298,11.3855,170.782,2.553125,-2.132252500524924
298,11.3855,170.782,2.5562500000000004,-2.080554866100174
298,11.3855,170.782,2.559375,-2.005438240714864
298,11.3855,170.782,2.5625,-1.9184403317888719
298,11.3855,170.782,2.5656250000000003,-1.8193246523296724
298,11.3855,170.782,2.56875,-1.7175497009314642
298,11.3855,170.782,2.5718750000000004,-1.616738774890426
298,11.3855,170.782,2.575,-1.5199327930659348
298,11.3855,170.782,2.578125,-1.4316470578086582
298,11.3855,170.782,2.5812500000000003,-1.3589914280842184
298,11.3855,170.782,2.584375,-1.2997750893770852
298,11.3855,170.782,2.5875000000000004,-1.2597761034782122
298,11.3855,170.782,2.590625,-1.2436060219834424
298,11.3855,170.782,2.59375,-1.248720400543748
298,11.3855,170.782,2.5968750000000003,-1.2824072481471607
298,11.3855,170.782,2.6,-1.338921123926284
298,11.3855,170.782,2.6031250000000004,-1.4124077398401516
298,11.3855,170.782,2.60625,-1.510290997713704
298,11.3855,170.782,2.609375,-1.6164884697282496
298,11.3855,170.782,2.6125000000000003,-1.7307780602808356
298,11.3855,170.782,2.615625,-1.8455142558707922
298,11.3855,170.782,2.6187500000000004,-1.9573136749053146
298,11.3855,170.782,2.621875,-2.059951665125133
298,11.3855,170.782,2.625,-2.1468504848197605
298,11.3855,170.782,2.6281250000000003,-2.2195789714960896
298,11.3855,170.782,2.63125,-2.273757358345908
298,11.3855,170.782,2.6343750000000004,-2.3039157750227686
298,11.3855,170.782,2.6375,-2.310428347867499
298,11.3855,170.782,2.640625,-2.297572921485887
298,11.3855,170.782,2.6437500000000003,-2.266646349778406
298,11.3855,170.782,2.646875,-2.2170396278186226
298,11.3855,170.782,2.6500000000000004,-2.1532850100940366
298,11.3855,170.782,2.653125,-2.078625285279971
298,11.3855,170.782,2.65625,-1.9956053425556903
298,11.3855,170.782,2.6593750000000003,-1.9066797111257476
298,11.3855,170.782,2.6625,-1.8153439411974224
298,11.3855,170.782,2.6656250000000004,-1.728442128237839
298,11.3855,170.782,2.66875,-1.6443492220137044
298,11.3855,170.782,2.671875,-1.5703551908735727
298,11.3855,170.782,2.6750000000000003,-1.5083429863953075
298,11.3855,170.782,2.678125,-1.4615614348549681
298,11.3855,170.782,2.6812500000000004,-1.433760655402407
298,11.3855,170.782,2.684375,-1.4233968856589854
298,11.3855,170.782,2.6875,-1.4343803017650427
298,11.3855,170.782,2.6906250000000003,-1.4659279047294453
298,11.3855,170.782,2.69375,-1.523411803417643
298,11.3855,170.782,2.6968750000000004,-1.5979972872408705
298,11.3855,170.782,2.7,-1.6891839229530405
298,11.3855,170.782,2.703125,-1.8011362335936214
298,11.3855,170.782,2.7062500000000003,-1.9151286634759428
298,11.3855,170.782,2.709375,-2.0329661797427336
298,11.3855,170.782,2.7125000000000004,-2.1432844444968286
298,11.3855,170.782,2.715625,-2.2468262410158046
298,11.3855,170.782,2.71875,-2.3398061047164815
298,11.3855,170.782,2.7218750000000003,-2.4122672215903007
298,11.3855,170.782,2.725,-2.4591813115145844
298,11.3855,170.782,2.7281250000000004,-2.4867824188125827
298,11.3855,170.782,2.73125,-2.491862911156089
298,11.3855,170.782,2.734375,-2.475189180677363
298,11.3855,170.782,2.7375000000000003,-2.437725298187676
298,11.3855,170.782,2.740625,-2.3838380634792937
298,11.3855,170.782,2.7437500000000004,-2.3202785787694853
298,11.3855,170.782,2.746875,-2.2529747643345415
298,11.3855,170.782,2.75,-2.200555443648274
298,11.3855,170.782,2.7531250000000003,-2.214097190093831
298,11.3855,170.782,2.75625,-2.3492748695847125
298,11.3855,170.782,2.7593750000000004,-2.2084625641318127
298,11.3855,170.782,2.7625,-1.9599317602877613
298,11.3855,170.782,2.765625,-1.812528553674364
298,11.3855,170.782,2.7687500000000003,-1.7153833654106063
298,11.3855,170.782,2.771875,-1.6513969778407842
298,11.3855,170.782,2.7750000000000004,-1.6145662033717505
298,11.3855,170.782,2.778125,-1.604377615418871
298,11.3855,170.782,2.78125,-1.6212979669797392
298,11.3855,170.782,2.7843750000000003,-1.660887078125721
298,11.3855,170.782,2.7875,-1.7279166489194895
298,11.3855,170.782,2.7906250000000004,-1.812525662299655
298,11.3855,170.782,2.79375,-1.913464015339858
298,11.3855,170.782,2.796875,-2.0294651228751697
298,11.3855,170.782,2.8000000000000003,-2.1519172967837115
298,11.3855,170.782,2.803125,-2.2747852206612356
298,11.3855,170.782,2.8062500000000004,-2.3880851847094924
298,11.3855,170.782,2.809375,-2.4895883474548066
298,11.3855,170.782,2.8125,-2.5708256426003806
298,11.3855,170.782,2.8156250000000003,-2.631970731949557
298,11.3855,170.782,2.81875,-2.6701667918763707
298,11.3855,170.782,2.8218750000000004,-2.684115242239129
298,11.3855,170.782,2.825,-2.676300969456333
298,11.3855,170.782,2.828125,-2.6443588037308507
298,11.3855,170.782,2.8312500000000003,-2.59125450865312
298,11.3855,170.782,2.834375,-2.527323707827734
298,11.3855,170.782,2.8375000000000004,-2.4455198825713724
298,11.3855,170.782,2.840625,-2.352684250495469
298,11.3855,170.782,2.84375,-2.2575902447711393
298,11.3855,170.782,2.8468750000000003,-2.165119549084524
298,11.3855,170.782,2.85,-2.077008671758174
298,11.3855,170.782,2.8531250000000004,-1.9934629624869413
298,11.3855,170.782,2.85625,-1.9210359902336174
298,11.3855,170.782,2.859375,-1.862874737179885
298,11.3855,170.782,2.8625000000000003,-1.82220621125252
298,11.3855,170.782,2.865625,-1.7964717710939782
298,11.3855,170.782,2.8687500000000004,-1.794281511734791
298,11.3855,170.782,2.871875,-1.8146905136410116
298,11.3855,170.782,2.875,-1.8561098961853393
298,11.3855,170.782,2.8781250000000003,-1.916036139123232
298,11.3855,170.782,2.88125,-1.9967030042505933
298,11.3855,170.782,2.8843750000000004,-2.0887954174967645
298,11.3855,170.782,2.8875,-2.192511396869572
298,11.3855,170.782,2.890625,-2.303011947309164
298,11.3855,170.782,2.8937500000000003,-2.4180050108261995
298,11.3855,170.782,2.896875,-2.530547821724705
298,11.3855,170.782,2.9000000000000004,-2.6334474876860514
298,11.3855,170.782,2.903125,-2.725353796450828
298,11.3855,170.782,2.90625,-2.793221781734216
298,11.3855,170.782,2.9093750000000003,-2.8472052211482994
298,11.3855,170.782,2.9125,-2.8804925289313186
298,11.3855,170.782,2.9156250000000004,-2.8957274176133248
298,11.3855,170.782,2.91875,-2.9009876225492857
298,11.3855,170.782,2.921875,-2.8766368503860624
298,11.3855,170.782,2.9250000000000003,-2.832924404852925
298,11.3855,170.782,2.928125,-2.766015073818022
298,11.3855,170.782,2.9312500000000004,-2.6843884297693448
298,11.3855,170.782,2.934375,-2.597504652801343
298,11.3855,170.782,2.9375,-2.5028442962066286
298,11.3855,170.782,2.9406250000000003,-2.407490387346893
298,11.3855,170.782,2.94375,-2.311380841928953
298,11.3855,170.782,2.9468750000000004,-2.2289809905040245
298,11.3855,170.782,2.95,-2.154089645568148
298,11.3855,170.782,2.953125,-2.0949115201467983
298,11.3855,170.782,2.9562500000000003,-2.057100218999198
298,11.3855,170.782,2.959375,-2.041099890354418
298,11.3855,170.782,2.9625000000000004,-2.049016147409916
298,11.3855,170.782,2.965625,-2.0828055400084686
298,11.3855,170.782,2.96875,-2.143210460959608
298,11.3855,170.782,2.9718750000000003,-2.2266046600209313
298,11.3855,170.782,2.975,-2.3331918609893636
298,11.3855,170.782,2.9781250000000004,-2.4546564102873814
298,11.3855,170.782,2.98125,-2.584570381364447
298,11.3855,170.782,2.984375,-2.7124254090791977
298,11.3855,170.782,2.9875000000000003,-2.8400105293103723
298,11.3855,170.782,2.990625,-2.950092463059372
298,11.3855,170.782,2.9937500000000004,-3.0437370964737296
298,11.3855,170.782,2.996875,-3.1170477027485903
298,11.3855,170.782,3.0,-3.1589711907110485
298,11.3855,170.782,3.0031250000000003,-3.1792462432782824
298,11.3855,170.782,3.00625,-3.1717198762145653
298,11.3855,170.782,3.0093750000000004,-3.136948868086884
298,11.3855,170.782,3.0125,-3.0828478801685275
298,11.3855,170.782,3.015625,-3.010283778391086
298,11.3855,170.782,3.0187500000000003,-2.921794877232316
298,11.3855,170.782,3.021875,-2.8276293175631944
298,11.3855,170.782,3.0250000000000004,-2.7290251662479332
298,11.3855,170.782,3.028125,-2.626495390429666
298,11.3855,170.782,3.03125,-2.526054367673009
298,11.3855,170.782,3.0343750000000003,-2.430839406709761
298,11.3855,170.782,3.0375,-2.342938771903985
298,11.3855,170.782,3.0406250000000004,-2.268826418279942
298,11.3855,170.782,3.04375,-2.2105639729515056
298,11.3855,170.782,3.046875,-2.173057605766748
298,11.3855,170.782,3.0500000000000003,-2.1564124823756616
298,11.3855,170.782,3.053125,-2.168935611621596
298,11.3855,170.782,3.0562500000000004,-2.2069844693532477
298,11.3855,170.782,3.059375,-2.2698520240901137
298,11.3855,170.782,3.0625,-2.356123235963693
298,11.3855,170.782,3.0656250000000003,-2.4697684977968795
298,11.3855,170.782,3.06875,-2.5994451522452007
298,11.3855,170.782,3.0718750000000004,-2.7381648853181444
298,11.3855,170.782,3.075,-2.883618341413583
298,11.3855,170.782,3.078125,-3.017521027655698
298,11.3855,170.782,3.0812500000000003,-3.135478653803378
298,11.3855,170.782,3.084375,-3.2343716179541584
298,11.3855,170.782,3.0875000000000004,-3.3008243236811223
298,11.3855,170.782,3.090625,-3.337713246420532
298,11.3855,170.782,3.09375,-3.348520574806341
298,11.3855,170.782,3.0968750000000003,-3.3222280355624108
298,11.3855,170.782,3.1,-3.2802698881743497
298,11.3855,170.782,3.1031250000000004,-3.2121763677807937
298,11.3855,170.782,3.10625,-3.131027311219585
298,11.3855,170.782,3.109375,-3.0346293661236263
298,11.3855,170.782,3.1125000000000003,-2.9281850555152533
298,11.3855,170.782,3.115625,-2.8201556679803836
298,11.3855,170.782,3.1187500000000004,-2.7057027041717445
298,11.3855,170.782,3.121875,-2.5953588882291796
298,11.3855,170.782,3.125,-2.4913678444004486
298,11.3855,170.782,3.1281250000000003,-2.3940505004795147
298,11.3855,170.782,3.13125,-2.3132819186854467
298,11.3855,170.782,3.1343750000000004,-2.247404378985244
298,11.3855,170.782,3.1375,-2.2009435328076483
298,11.3855,170.782,3.140625,-2.1842631717891754
298,11.3855,170.782,3.1437500000000003,-2.19726031256609
298,11.3855,170.782,3.146875,-2.2468226587038935
298,11.3855,170.782,3.1500000000000004,-2.330587917912936
298,11.3855,170.782,3.153125,-2.4368363485889115
298,11.3855,170.782,3.15625,-2.553802185537701
298,11.3855,170.782,3.1593750000000003,-2.6725596455908125
298,11.3855,170.782,3.1625,-2.813851879757566
298,11.3855,170.782,3.1656250000000004,-2.949463164481233
298,11.3855,170.782,3.16875,-3.0962948889152764
298,11.3855,170.782,3.171875,-3.235206263064616
298,11.3855,170.782,3.1750000000000003,-3.3559668048919673
298,11.3855,170.782,3.178125,-3.454320749764765
298,11.3855,170.782,3.1812500000000004,-3.534930003571204
298,11.3855,170.782,3.184375,-3.5986350189956
298,11.3855,170.782,3.1875,-3.639198142020748
298,11.3855,170.782,3.1906250000000003,-3.665595454110458
298,11.3855,170.782,3.19375,-3.6759204125973044
298,11.3855,170.782,3.1968750000000004,-3.670168512447694
298,11.3855,170.782,3.2,-3.6621283337722286
298,11.3855,170.782,3.203125,-3.638476250696845
298,11.3855,170.782,3.2062500000000003,-3.612809832125494
298,11.3855,170.782,3.209375,-3.578414956661666
298,11.3855,170.782,3.2125000000000004,-3.5333499132926214
298,11.3855,170.782,3.215625,-3.476072568582889
298,11.3855,170.782,3.21875,-3.3973428100427974
298,11.3855,170.782,3.2218750000000003,-3.3035399510509573
298,11.3855,170.782,3.225,-3.19610463759713
298,11.3855,170.782,3.2281250000000004,-3.0823110464693126
298,11.3855,170.782,3.23125,-2.972034972234142
298,11.3855,170.782,3.234375,-2.880330695341342
298,11.3855,170.782,3.2375000000000003,-2.813897198355763
298,11.3855,170.782,3.240625,-2.7768642017218994
298,11.3855,170.782,3.2437500000000004,-2.761903199016862
298,11.3855,170.782,3.246875,-2.768211841559948
298,11.3855,170.782,3.25,-2.798542394091625
298,11.3855,170.782,3.2531250000000003,-2.848664688201489
298,11.3855,170.782,3.25625,-2.9138736269223604
298,11.3855,170.782,3.2593750000000004,-2.9923405423093854
298,11.3855,170.782,3.2625,-3.070107048404369
298,11.3855,170.782,3.265625,-3.142929751530467
298,11.3855,170.782,3.2687500000000003,-3.2003695427871994
298,11.3855,170.782,3.271875,-3.244803038407105
298,11.3855,170.782,3.2750000000000004,-3.26977456573795
298,11.3855,170.782,3.278125,-3.276649089815327
298,11.3855,170.782,3.28125,-3.2598204015604466
298,11.3855,170.782,3.2843750000000003,-3.2278040813915316
298,11.3855,170.782,3.2875,-3.1764132199554673
298,11.3855,170.782,3.2906250000000004,-3.1104498227711352
298,11.3855,170.782,3.29375,-3.024087885570661
298,11.3855,170.782,3.296875,-2.930552065195235
298,11.3855,170.782,3.3000000000000003,-2.8286879403756418
298,11.3855,170.782,3.303125,-2.72341499416119
298,11.3855,170.782,3.3062500000000004,-2.613286589819423
298,11.3855,170.782,3.309375,-2.508155895146987
298,11.3855,170.782,3.3125,-2.4070167268089717
298,11.3855,170.782,3.3156250000000003,-2.317829186422036
298,11.3855,170.782,3.31875,-2.2377932221058856
298,11.3855,170.782,3.3218750000000004,-2.176703865833474
298,11.3855,170.782,3.325,-2.1312374050599923
298,11.3855,170.782,3.328125,-2.106633228050071
298,11.3855,170.782,3.3312500000000003,-2.10873935480937
298,11.3855,170.782,3.334375,-2.1340091424654575
298,11.3855,170.782,3.3375000000000004,-2.1841756550445686
298,11.3855,170.782,3.340625,-2.2564244918254874
298,11.3855,170.782,3.34375,-2.349833375744802
298,11.3855,170.782,3.3468750000000003,-2.4604564097402157
298,11.3855,170.782,3.35,-2.577228247520615
298,11.3855,170.782,3.3531250000000004,-2.6993476157973784
298,11.3855,170.782,3.35625,-2.8143621894840316
298,11.3855,170.782,3.359375,-2.923425725932585
298,11.3855,170.782,3.3625000000000003,-3.007818205157303
298,11.3855,170.782,3.365625,-3.0747572638619705
298,11.3855,170.782,3.3687500000000004,-3.1168094682024527
298,11.3855,170.782,3.371875,-3.1316323376429644
298,11.3855,170.782,3.375,-3.119026655681028
298,11.3855,170.782,3.3781250000000003,-3.0797080372770442
298,11.3855,170.782,3.38125,-3.0209482895405824
298,11.3855,170.782,3.3843750000000004,-2.939676258451662
298,11.3855,170.782,3.3875,-2.8441308691064004
298,11.3855,170.782,3.390625,-2.736784130209311
298,11.3855,170.782,3.3937500000000003,-2.628742316489212
298,11.3855,170.782,3.396875,-2.5210434712494445
298,11.3855,170.782,3.4000000000000004,-2.416316723752431
298,11.3855,170.782,3.403125,-2.3178094504845843
298,11.3855,170.782,3.40625,-2.2316473470776037
298,11.3855,170.782,3.4093750000000003,-2.1630354840402926
298,11.3855,170.782,3.4125,-2.1125134200550075
298,11.3855,170.782,3.4156250000000004,-2.082178649502647
298,11.3855,170.782,3.41875,-2.079351117107647
298,11.3855,170.782,3.421875,-2.1026187227748534
298,11.3855,170.782,3.4250000000000003,-2.1460448830053567
298,11.3855,170.782,3.428125,-2.2131699595957905
298,11.3855,170.782,3.4312500000000004,-2.30064270312282
298,11.3855,170.782,3.434375,-2.4035917438018513
298,11.3855,170.782,3.4375,-2.5165660519844018
298,11.3855,170.782,3.4406250000000003,-2.6377469542752414
298,11.3855,170.782,3.44375,-2.758678191863365
298,11.3855,170.782,3.4468750000000004,-2.8743053004791443
298,11.3855,170.782,3.45,-2.975975046129763
298,11.3855,170.782,3.453125,-3.0632502373417236
298,11.3855,170.782,3.4562500000000003,-3.1306555065852377
298,11.3855,170.782,3.459375,-3.18067790253925
298,11.3855,170.782,3.4625000000000004,-3.204682197718676
298,11.3855,170.782,3.465625,-3.2105390726050373
298,11.3855,170.782,3.46875,-3.193348230906029
298,11.3855,170.782,3.4718750000000003,-3.155893377412294
298,11.3855,170.782,3.475,-3.107334599942104
298,11.3855,170.782,3.4781250000000004,-3.0408923450706506
298,11.3855,170.782,3.48125,-2.964173559197589
298,11.3855,170.782,3.484375,-2.881700404283495
298,11.3855,170.782,3.4875000000000003,-2.800552695598001
298,11.3855,170.782,3.490625,-2.7240070458154326
298,11.3855,170.782,3.4937500000000004,-2.651173022258631
298,11.3855,170.782,3.496875,-2.590726228632712
298,11.3855,170.782,3.5,-2.5434285405978807
298,11.3855,170.782,3.5031250000000003,-2.5161579733299306
298,11.3855,170.782,3.50625,-2.507208337585493
298,11.3855,170.782,3.5093750000000004,-2.5178032505053594
298,11.3855,170.782,3.5125,-2.5562999755653038
298,11.3855,170.782,3.515625,-2.613124471680578
298,11.3855,170.782,3.5187500000000003,-2.696361286046309
298,11.3855,170.782,3.521875,-2.79547042156868
298,11.3855,170.782,3.5250000000000004,-2.905116380417085
298,11.3855,170.782,3.528125,-3.0288890664549513
298,11.3855,170.782,3.53125,-3.1576795079879267
298,11.3855,170.782,3.5343750000000003,-3.292030602611229
298,11.3855,170.782,3.5375,-3.422752211773634
298,11.3855,170.782,3.5406250000000004,-3.539337229840429
298,11.3855,170.782,3.54375,-3.637061924051663
298,11.3855,170.782,3.546875,-3.706051066099833
298,11.3855,170.782,3.5500000000000003,-3.7457046800113485
298,11.3855,170.782,3.553125,-3.76174309898734
298,11.3855,170.782,3.5562500000000004,-3.7555889643500473
298,11.3855,170.782,3.559375,-3.7301401943994184
298,11.3855,170.782,3.5625,-3.687501503301185
298,11.3855,170.782,3.5656250000000003,-3.6344209861841787
298,11.3855,170.782,3.56875,-3.567170887765758
298,11.3855,170.782,3.5718750000000004,-3.490019646626144
298,11.3855,170.782,3.575,-3.4104039303375036
298,11.3855,170.782,3.5781250000000004,-3.3343568339388026
298,11.3855,170.782,3.5812500000000003,-3.259893183937445
298,11.3855,170.782,3.584375,-3.1918992694072017
298,11.3855,170.782,3.5875000000000004,-3.1390837322692837
298,11.3855,170.782,3.590625,-3.0972924134523843
298,11.3855,170.782,3.5937500000000004,-3.076725931135203
298,11.3855,170.782,3.5968750000000003,-3.0744904946934364
298,11.3855,170.782,3.6,-3.100563106683063
298,11.3855,170.782,3.6031250000000004,-3.156217014413647
298,11.3855,170.782,3.60625,-3.241184895022577
298,11.3855,170.782,3.6093750000000004,-3.3538707136654966
298,11.3855,170.782,3.6125000000000003,-3.477029262445499
298,11.3855,170.782,3.615625,-3.601058003242916
298,11.3855,170.782,3.6187500000000004,-3.719701443473118
298,11.3855,170.782,3.621875,-3.826419544916155
298,11.3855,170.782,3.6250000000000004,-3.9277689814520396
298,11.3855,170.782,3.6281250000000003,-4.012819162473982
298,11.3855,170.782,3.63125,-4.08498596699649
298,11.3855,170.782,3.6343750000000004,-4.139258284815467
298,11.3855,170.782,3.6375,-4.174594103361428
298,11.3855,170.782,3.6406250000000004,-4.1900893448328445
298,11.3855,170.782,3.6437500000000003,-4.185841485064195
298,11.3855,170.782,3.646875,-4.185397795487816
298,11.3855,170.782,3.6500000000000004,-4.173017005035909
298,11.3855,170.782,3.653125,-4.0991476576561805
298,11.3855,170.782,3.6562500000000004,-3.9726147097760887
298,11.3855,170.782,3.6593750000000003,-3.835257489606825
298,11.3855,170.782,3.6625,-3.7000441798034602
298,11.3855,170.782,3.6656250000000004,-3.5605492887322345
298,11.3855,170.782,3.66875,-3.4228996692960094
298,11.3855,170.782,3.6718750000000004,-3.290702504531324
298,11.3855,170.782,3.6750000000000003,-3.171780136790137
298,11.3855,170.782,3.678125,-3.0753724348857148
298,11.3855,170.782,3.6812500000000004,-3.037513908063876
298,11.3855,170.782,3.684375,-3.1324753257644264
298,11.3855,170.782,3.6875000000000004,-3.044148240693092
298,11.3855,170.782,3.6906250000000003,-2.851283932975912
298,11.3855,170.782,3.69375,-2.7892163158069394
298,11.3855,170.782,3.6968750000000004,-2.7856962940007994
298,11.3855,170.782,3.7,-2.8251877598092667
298,11.3855,170.782,3.7031250000000004,-2.890776755415404
298,11.3855,170.782,3.7062500000000003,-2.985610289435005
298,11.3855,170.782,3.709375,-3.0989834827088147
298,11.3855,170.782,3.7125000000000004,-3.2257961131717012
298,11.3855,170.782,3.715625,-3.36191221911979
298,11.3855,170.782,3.7187500000000004,-3.4975959593282573
298,11.3855,170.782,3.7218750000000003,-3.6256544272757707
298,11.3855,170.782,3.725,-3.738680922869932
298,11.3855,170.782,3.7281250000000004,-3.832735364222168
298,11.3855,170.782,3.73125,-3.9067903879232624
298,11.3855,170.782,3.7343750000000004,-3.951381404515221
298,11.3855,170.782,3.7375000000000003,-3.9722180890406573
298,11.3855,170.782,3.740625,-3.9738882405576774
298,11.3855,170.782,3.7437500000000004,-3.9443903016038795
298,11.3855,170.782,3.746875,-3.896523861114357
298,11.3855,170.782,3.7500000000000004,-3.837138258553175
298,11.3855,170.782,3.7531250000000003,-3.7584108081311136
298,11.3855,170.782,3.75625,-3.664694378532014
298,11.3855,170.782,3.7593750000000004,-3.5642360174864143
298,11.3855,170.782,3.7625,-3.4649751363257897
298,11.3855,170.782,3.7656250000000004,-3.372676883947575
298,11.3855,170.782,3.7687500000000003,-3.2844033722080828
298,11.3855,170.782,3.771875,-3.2176098764544103
298,11.3855,170.782,3.7750000000000004,-3.174075068326962
298,11.3855,170.782,3.778125,-3.1612379725720556
298,11.3855,170.782,3.7812500000000004,-3.176024341022736
298,11.3855,170.782,3.7843750000000003,-3.223031737850875
298,11.3855,170.782,3.7875,-3.3098276856972624
298,11.3855,170.782,3.7906250000000004,-3.4245931017503373
298,11.3855,170.782,3.79375,-3.5701961543030745
298,11.3855,170.782,3.7968750000000004,-3.7323930033318717
298,11.3855,170.782,3.8000000000000003,-3.910616542048282
298,11.3855,170.782,3.803125,-4.09333853136672
298,11.3855,170.782,3.8062500000000004,-4.266553125569002
298,11.3855,170.782,3.809375,-4.429889336780912
298,11.3855,170.782,3.8125000000000004,-4.574446352165074
298,11.3855,170.782,3.8156250000000003,-4.684521949879922
298,11.3855,170.782,3.81875,-4.771269048193789
298,11.3855,170.782,3.8218750000000004,-4.8263140625346415
298,11.3855,170.782,3.825,-4.8569926766691305
298,11.3855,170.782,3.8281250000000004,-4.859229225087488
298,11.3855,170.782,3.8312500000000003,-4.848884580005229
298,11.3855,170.782,3.834375,-4.826880535216335
298,11.3855,170.782,3.8375000000000004,-4.790365773787229
298,11.3855,170.782,3.840625,-4.745350731659645
298,11.3855,170.782,3.8437500000000004,-4.697320438474319
298,11.3855,170.782,3.8468750000000003,-4.6545716917223885
298,11.3855,170.782,3.85,-4.618797908566713
298,11.3855,170.782,3.8531250000000004,-4.601607754128116
298,11.3855,170.782,3.85625,-4.6024871045279
298,11.3855,170.782,3.8593750000000004,-4.623252274484434
298,11.3855,170.782,3.8625000000000003,-4.671075824542626
298,11.3855,170.782,3.865625,-4.741224212658433
298,11.3855,170.782,3.8687500000000004,-4.846814711637769
298,11.3855,170.782,3.871875,-4.984458487948184
298,11.3855,170.782,3.8750000000000004,-5.155929885022239
298,11.3855,170.782,3.8781250000000003,-5.3604241213658765
298,11.3855,170.782,3.88125,-5.596384155442652
298,11.3855,170.782,3.8843750000000004,-5.85541748601925
298,11.3855,170.782,3.8875,-6.128053187130038
298,11.3855,170.782,3.8906250000000004,-6.41115793744193
298,11.3855,170.782,3.8937500000000003,-6.686595485223005
298,11.3855,170.782,3.896875,-6.953643411943048
298,11.3855,170.782,3.9000000000000004,-7.198615888985441
298,11.3855,170.782,3.903125,-7.413510010864174
298,11.3855,170.782,3.9062500000000004,-7.59907419075337
298,11.3855,170.782,3.9093750000000003,-7.7503271914342555
298,11.3855,170.782,3.9125,-7.858154798721131
298,11.3855,170.782,3.9156250000000004,-7.950296986216294
298,11.3855,170.782,3.91875,-8.020813495454728
298,11.3855,170.782,3.9218750000000004,-8.074638072326833
298,11.3855,170.782,3.9250000000000003,-8.119029734475534
298,11.3855,170.782,3.928125,-8.169934724491894
298,11.3855,170.782,3.9312500000000004,-8.21712036948717
298,11.3855,170.782,3.934375,-8.279074768766355
298,11.3855,170.782,3.9375000000000004,-8.357901837484887
298,11.3855,170.782,3.9406250000000003,-8.45219244845979
298,11.3855,170.782,3.94375,-8.572904356387394
298,11.3855,170.782,3.9468750000000004,-8.724278209153008
298,11.3855,170.782,3.95,-8.902639031721822
298,11.3855,170.782,3.9531250000000004,-9.125794379690621
298,11.3855,170.782,3.9562500000000003,-9.3919202129249
298,11.3855,170.782,3.959375,-9.713269003250685
298,11.3855,170.782,3.9625000000000004,-10.07422003971259
298,11.3855,170.782,3.965625,-10.494507842415707
298,11.3855,170.782,3.9687500000000004,-10.960906338700589
298,11.3855,170.782,3.9718750000000003,-11.466682817990637
298,11.3855,170.782,3.975,-11.999441140486107
298,11.3855,170.782,3.9781250000000004,-12.558108810566376
298,11.3855,170.782,3.98125,-13.109914346720652
298,11.3855,170.782,3.9843750000000004,-13.647573099138516
298,11.3855,170.782,3.9875000000000003,-14.154507661216673
298,11.3855,170.782,3.990625,-14.63159568197796
298,11.3855,170.782,3.9937500000000004,-15.071505793458176
298,11.3855,170.782,3.996875,-15.479333915610347
298,11.3855,170.782,4.0,-15.850984151225145
298,11.3855,170.782,4.003125,-16.201007882428144
298,11.3855,170.782,4.0062500000000005,-16.54025140316834
298,11.3855,170.782,4.009375,-16.856268753103084
298,11.3855,170.782,4.0125,-17.135957878426737
298,11.3855,170.782,4.015625,-17.39099794342089
298,11.3855,170.782,4.01875,-17.61897054240071
298,11.3855,170.782,4.0218750000000005,-17.81428397015408
298,11.3855,170.782,4.025,-17.9574538202808
298,11.3855,170.782,4.028125,-18.025309864289984
298,11.3855,170.782,4.03125,-18.047505810288897
298,11.3855,170.782,4.034375,-18.039854319455234
298,11.3855,170.782,4.0375000000000005,-17.9498444640891
298,11.3855,170.782,4.040625,-17.854591271081905
298,11.3855,170.782,4.04375,-17.712629013464948
298,11.3855,170.782,4.046875,-17.529166783749787
298,11.3855,170.782,4.05,-17.321167351179913
298,11.3855,170.782,4.0531250000000005,-17.081038197702732
298,11.3855,170.782,4.05625,-16.813121701647432
298,11.3855,170.782,4.059375,-16.525569329427434
298,11.3855,170.782,4.0625,-16.22701272088012
298,11.3855,170.782,4.065625,-15.937767885748702
298,11.3855,170.782,4.0687500000000005,-15.65516389526727
298,11.3855,170.782,4.071875,-15.434408829674478
298,11.3855,170.782,4.075,-15.25814866956431
298,11.3855,170.782,4.078125,-15.089631583802142
298,11.3855,170.782,4.08125,-14.945534992816022
298,11.3855,170.782,4.0843750000000005,-14.806301614786113
298,11.3855,170.782,4.0875,-14.650993064032674
298,11.3855,170.782,4.090625,-14.451333212968002
298,11.3855,170.782,4.09375,-14.201050683095826
298,11.3855,170.782,4.096875,-13.823953367382094
298,11.3855,170.782,4.1000000000000005,-13.318332749233004
298,11.3855,170.782,4.103125,-12.819792260157099
298,11.3855,170.782,4.10625,-12.331731985008354
298,11.3855,170.782,4.109375,-11.844935848941605
298,11.3855,170.782,4.1125,-11.346638982524462
298,11.3855,170.782,4.1156250000000005,-10.84208102346383
298,11.3855,170.782,4.11875,-10.35809039336614
298,11.3855,170.782,4.121875,-9.895258459605333
298,11.3855,170.782,4.125,-9.462340953958785
298,11.3855,170.782,4.128125,-9.060784350628358
298,11.3855,170.782,4.1312500000000005,-8.70398059322061
298,11.3855,170.782,4.134375,-8.389168701476395
298,11.3855,170.782,4.1375,-8.111573827042873
298,11.3855,170.782,4.140625,-7.8821373862973045
298,11.3855,170.782,4.14375,-7.684504106925311
298,11.3855,170.782,4.1468750000000005,-7.529809817371518
298,11.3855,170.782,4.15,-7.414506778109571
298,11.3855,170.782,4.153125,-7.340687426206043
298,11.3855,170.782,4.15625,-7.306682572108642
298,11.3855,170.782,4.159375,-7.299665625737964
298,11.3855,170.782,4.1625000000000005,-7.331751221367446
298,11.3855,170.782,4.165625,-7.3853505642617465
298,11.3855,170.782,4.16875,-7.456850914802637
298,11.3855,170.782,4.171875,-7.539923377875075
298,11.3855,170.782,4.175,-7.621047272192581
298,11.3855,170.782,4.1781250000000005,-7.690558158365351
298,11.3855,170.782,4.18125,-7.742568432525697
298,11.3855,170.782,4.184375,-7.76396862030916
298,11.3855,170.782,4.1875,-7.748568753928746
298,11.3855,170.782,4.190625,-7.711965342179282
298,11.3855,170.782,4.1937500000000005,-7.657087667360836
298,11.3855,170.782,4.196875,-7.579497029078789
298,11.3855,170.782,4.2,-7.48943351228856
298,11.3855,170.782,4.203125,-7.395609666296878
298,11.3855,170.782,4.20625,-7.303039068484724
298,11.3855,170.782,4.2093750000000005,-7.2243907128949525
298,11.3855,170.782,4.2125,-7.152739140224098
298,11.3855,170.782,4.215625,-7.099817229336855
298,11.3855,170.782,4.21875,-7.073626433055921
298,11.3855,170.782,4.221875,-7.0712054442096015
298,11.3855,170.782,4.2250000000000005,-7.096138427200826
298,11.3855,170.782,4.228125,-7.147174188670354
298,11.3855,170.782,4.23125,-7.21514733852147
298,11.3855,170.782,4.234375,-7.308350460957284
298,11.3855,170.782,4.2375,-7.410650354761046
298,11.3855,170.782,4.2406250000000005,-7.5223014231707115
298,11.3855,170.782,4.24375,-7.6567234910828095
298,11.3855,170.782,4.246875,-7.797243751105691
298,11.3855,170.782,4.25,-7.943537533312676
298,11.3855,170.782,4.253125,-8.106256049747566
298,11.3855,170.782,4.2562500000000005,-8.279819418545491
298,11.3855,170.782,4.259375,-8.454171278512982
298,11.3855,170.782,4.2625,-8.627086962179664
298,11.3855,170.782,4.265625,-8.78229966640459
298,11.3855,170.782,4.26875,-8.918861955205454
298,11.3855,170.782,4.2718750000000005,-9.028925557748021
298,11.3855,170.782,4.275,-9.107706032186961
298,11.3855,170.782,4.278125,-9.154612684443563
298,11.3855,170.782,4.28125,-9.167486213364786
298,11.3855,170.782,4.284375000000001,-9.15127668187539
298,11.3855,170.782,4.2875000000000005,-9.11670429357655
298,11.3855,170.782,4.290625,-9.065991113171876
298,11.3855,170.782,4.29375,-9.023624194156254
298,11.3855,170.782,4.296875,-8.989735583694818
298,11.3855,170.782,4.300000000000001,-8.987253843138722
298,11.3855,170.782,4.3031250000000005,-9.013226582896035
298,11.3855,170.782,4.30625,-9.076101402676118
298,11.3855,170.782,4.309375,-9.168073703179143
298,11.3855,170.782,4.3125,-9.294422094573513
298,11.3855,170.782,4.315625000000001,-9.441673939724772
298,11.3855,170.782,4.3187500000000005,-9.595418905527524
298,11.3855,170.782,4.321875,-9.743237125549209
298,11.3855,170.782,4.325,-9.84105049264121
298,11.3855,170.782,4.328125,-9.900517028983014
298,11.3855,170.782,4.331250000000001,-9.908252525914849
298,11.3855,170.782,4.3343750000000005,-9.863503509853128
298,11.3855,170.782,4.3375,-9.767370372835172
298,11.3855,170.782,4.340625,-9.63392541052124
298,11.3855,170.782,4.34375,-9.472588818598279
298,11.3855,170.782,4.346875000000001,-9.30609454239219
298,11.3855,170.782,4.3500000000000005,-9.11820009658626
298,11.3855,170.782,4.353125,-8.912811587831921
298,11.3855,170.782,4.35625,-8.686423231226453
298,11.3855,170.782,4.359375,-8.479320753231546
298,11.3855,170.782,4.362500000000001,-8.302523722508523
298,11.3855,170.782,4.3656250000000005,-8.148056649895492
298,11.3855,170.782,4.36875,-8.002121064997397
298,11.3855,170.782,4.371875,-7.860822351754352
298,11.3855,170.782,4.375,-7.701097936090546
298,11.3855,170.782,4.378125000000001,-7.538353320479145
298,11.3855,170.782,4.3812500000000005,-7.368378401841978
298,11.3855,170.782,4.384375,-7.199343963879617
298,11.3855,170.782,4.3875,-7.0355002723976865
298,11.3855,170.782,4.390625,-6.880026079715154
298,11.3855,170.782,4.393750000000001,-6.738710505624779
298,11.3855,170.782,4.3968750000000005,-6.60731648007506
298,11.3855,170.782,4.4,-6.496282709318008
298,11.3855,170.782,4.403125,-6.40821089151467
298,11.3855,170.782,4.40625,-6.338101629255572
298,11.3855,170.782,4.409375000000001,-6.291859961904562
298,11.3855,170.782,4.4125000000000005,-6.27053076102149
298,11.3855,170.782,4.415625,-6.281723221211019
298,11.3855,170.782,4.41875,-6.328019110000815
298,11.3855,170.782,4.421875,-6.409257746278935
298,11.3855,170.782,4.425000000000001,-6.51712435571021
298,11.3855,170.782,4.4281250000000005,-6.652218382823697
298,11.3855,170.782,4.43125,-6.78747453817226
298,11.3855,170.782,4.434375,-6.903214819514362
298,11.3855,170.782,4.4375,-7.075918159339248
298,11.3855,170.782,4.440625000000001,-7.258807050167828
298,11.3855,170.782,4.4437500000000005,-7.402273046371212
298,11.3855,170.782,4.446875,-7.525941724475574
298,11.3855,170.782,4.45,-7.65038840727725
298,11.3855,170.782,4.453125,-7.745774768428703
298,11.3855,170.782,4.456250000000001,-7.7980407521794115
298,11.3855,170.782,4.4593750000000005,-7.789472308112733
298,11.3855,170.782,4.4625,-7.726738073957197
298,11.3855,170.782,4.465625,-7.633955018174667
298,11.3855,170.782,4.46875,-7.517084154671662
298,11.3855,170.782,4.471875000000001,-7.386037986271038
298,11.3855,170.782,4.4750000000000005,-7.239499733412941
298,11.3855,170.782,4.478125,-7.090029254838943
298,11.3855,170.782,4.48125,-6.935579369398449
298,11.3855,170.782,4.484375,-6.783278154563637
298,11.3855,170.782,4.487500000000001,-6.636067953582238
298,11.3855,170.782,4.4906250000000005,-6.483039193302519
298,11.3855,170.782,4.49375,-6.33945817229129
298,11.3855,170.782,4.496875,-6.204514719769455
298,11.3855,170.782,4.5,-6.093994132147831
298,11.3855,170.782,4.503125000000001,-5.992315968740341
298,11.3855,170.782,4.5062500000000005,-5.907904159745083
298,11.3855,170.782,4.509375,-5.846563459356774
298,11.3855,170.782,4.5125,-5.814433030886242
298,11.3855,170.782,4.515625,-5.823501665131166
298,11.3855,170.782,4.518750000000001,-5.876765581416127
298,11.3855,170.782,4.5218750000000005,-5.952037697435869
298,11.3855,170.782,4.525,-6.025806216100085
298,11.3855,170.782,4.528125,-6.095993062611916
298,11.3855,170.782,4.53125,-6.154577657140954
298,11.3855,170.782,4.534375000000001,-6.2043705766780635
298,11.3855,170.782,4.5375000000000005,-6.248161607972168
298,11.3855,170.782,4.540625,-6.2784860980665345
298,11.3855,170.782,4.54375,-6.296345980881236
298,11.3855,170.782,4.546875,-6.298458443010368
298,11.3855,170.782,4.550000000000001,-6.286702026008234
298,11.3855,170.782,4.5531250000000005,-6.246565382544958
298,11.3855,170.782,4.55625,-6.187284741588926
298,11.3855,170.782,4.559375,-6.1131032208029055
298,11.3855,170.782,4.5625,-6.017149103943779
298,11.3855,170.782,4.565625000000001,-5.9152451837012565
298,11.3855,170.782,4.5687500000000005,-5.809536603019487
298,11.3855,170.782,4.571875,-5.685445375965367
298,11.3855,170.782,4.575,-5.55207242004017
298,11.3855,170.782,4.578125,-5.398011335176804
298,11.3855,170.782,4.581250000000001,-5.238897783781034
298,11.3855,170.782,4.5843750000000005,-5.085388357310629
298,11.3855,170.782,4.5875,-4.935274642249671
298,11.3855,170.782,4.590625,-4.807995130160306
298,11.3855,170.782,4.59375,-4.7118965493318115
298,11.3855,170.782,4.596875000000001,-4.630641909951515
298,11.3855,170.782,4.6000000000000005,-4.568346584521278
298,11.3855,170.782,4.603125,-4.52709726942606
298,11.3855,170.782,4.60625,-4.503944490227038
298,11.3855,170.782,4.609375,-4.502380493346353
298,11.3855,170.782,4.612500000000001,-4.52106246947081
298,11.3855,170.782,4.6156250000000005,-4.565901121613278
298,11.3855,170.782,4.61875,-4.627382015607659
298,11.3855,170.782,4.621875,-4.706223024896291
298,11.3855,170.782,4.625,-4.794302932500648
298,11.3855,170.782,4.628125000000001,-4.887449425797877
298,11.3855,170.782,4.6312500000000005,-4.9820408905624305
298,11.3855,170.782,4.634375,-5.066783339954764
298,11.3855,170.782,4.6375,-5.141922244152033
298,11.3855,170.782,4.640625,-5.19914280296896
298,11.3855,170.782,4.643750000000001,-5.255284814761936
298,11.3855,170.782,4.6468750000000005,-5.274162142972191
298,11.3855,170.782,4.65,-5.28921308334961
298,11.3855,170.782,4.653125,-5.285556427300264
298,11.3855,170.782,4.65625,-5.2469159373559515
298,11.3855,170.782,4.659375000000001,-5.200532320559825
298,11.3855,170.782,4.6625000000000005,-5.140744305581775
298,11.3855,170.782,4.665625,-5.058635586964991
298,11.3855,170.782,4.66875,-4.961177810535275
298,11.3855,170.782,4.671875,-4.850735742682371
298,11.3855,170.782,4.675000000000001,-4.739214518585141
298,11.3855,170.782,4.6781250000000005,-4.618103053047316
298,11.3855,170.782,4.68125,-4.494320823919086
298,11.3855,170.782,4.684375,-4.355690405767297
298,11.3855,170.782,4.6875,-4.251187320749576
298,11.3855,170.782,4.690625000000001,-4.190754412095583
298,11.3855,170.782,4.6937500000000005,-4.133043983113345
298,11.3855,170.782,4.696875,-4.078448198833091
298,11.3855,170.782,4.7,-4.047432264111835
298,11.3855,170.782,4.703125,-4.026208855492185
298,11.3855,170.782,4.706250000000001,-4.032021317309223
298,11.3855,170.782,4.7093750000000005,-4.046402335976093
298,11.3855,170.782,4.7125,-4.086652847120106
298,11.3855,170.782,4.715625,-4.125920783055683
298,11.3855,170.782,4.71875,-4.17995324597711
298,11.3855,170.782,4.721875000000001,-4.231258371838996
298,11.3855,170.782,4.7250000000000005,-4.281055309465106
298,11.3855,170.782,4.728125,-4.31790342034153
298,11.3855,170.782,4.73125,-4.3443713202395005
298,11.3855,170.782,4.734375,-4.3474485966200165
298,11.3855,170.782,4.737500000000001,-4.33843122332834
298,11.3855,170.782,4.7406250000000005,-4.309933950634799
298,11.3855,170.782,4.74375,-4.262587924999799
298,11.3855,170.782,4.746875,-4.203107086580394
298,11.3855,170.782,4.75,-4.12610901094922
298,11.3855,170.782,4.753125000000001,-4.037010338961692
298,11.3855,170.782,4.7562500000000005,-3.939916871075223
298,11.3855,170.782,4.759375,-3.833222228319056
298,11.3855,170.782,4.7625,-3.7189569421574324
298,11.3855,170.782,4.765625,-3.606222498295421
298,11.3855,170.782,4.768750000000001,-3.4905814229453416
298,11.3855,170.782,4.7718750000000005,-3.3780779612921075
298,11.3855,170.782,4.775,-3.2713711420071805
298,11.3855,170.782,4.778125,-3.1756698408522954
298,11.3855,170.782,4.78125,-3.0890999870501985
298,11.3855,170.782,4.784375000000001,-3.0114095170489295
298,11.3855,170.782,4.7875000000000005,-2.9551323805032084
298,11.3855,170.782,4.790625,-2.9162755071127275
298,11.3855,170.782,4.79375,-2.907003692241519
298,11.3855,170.782,4.796875,-2.915362248883575
298,11.3855,170.782,4.800000000000001,-2.948357945167022
298,11.3855,170.782,4.8031250000000005,-3.0087663943753618
298,11.3855,170.782,4.80625,-3.0882386479992068
298,11.3855,170.782,4.809375,-3.175354085111353
298,11.3855,170.782,4.8125,-3.282832896346048
298,11.3855,170.782,4.815625000000001,-3.389861940407034
298,11.3855,170.782,4.8187500000000005,-3.5087546247053143
298,11.3855,170.782,4.821875,-3.6133245803467102
298,11.3855,170.782,4.825,-3.715528719231788
298,11.3855,170.782,4.828125,-3.799276747191787
298,11.3855,170.782,4.831250000000001,-3.864693458034838
298,11.3855,170.782,4.8343750000000005,-3.9144900773298863
298,11.3855,170.782,4.8375,-3.9398053412997585
298,11.3855,170.782,4.840625,-3.950786399560773
298,11.3855,170.782,4.84375,-3.9385115617679025
298,11.3855,170.782,4.846875000000001,-3.91603974066504
298,11.3855,170.782,4.8500000000000005,-3.8737426211620534
298,11.3855,170.782,4.853125,-3.820271693012133
298,11.3855,170.782,4.85625,-3.7608493989577125
298,11.3855,170.782,4.859375,-3.6901170639465497
298,11.3855,170.782,4.862500000000001,-3.621089680538083
298,11.3855,170.782,4.8656250000000005,-3.555834895647208
298,11.3855,170.782,4.86875,-3.4977173868564915
298,11.3855,170.782,4.871875,-3.448268509319017
298,11.3855,170.782,4.875,-3.4129714017731008
298,11.3855,170.782,4.878125000000001,-3.395860896920875
298,11.3855,170.782,4.8812500000000005,-3.394078251182383
298,11.3855,170.782,4.884375,-3.4126569087175134
298,11.3855,170.782,4.8875,-3.454347953074156
298,11.3855,170.782,4.890625,-3.5172192849426853
298,11.3855,170.782,4.893750000000001,-3.600219285395996
298,11.3855,170.782,4.8968750000000005,-3.698670401256443
298,11.3855,170.782,4.9,-3.8026045839890172
298,11.3855,170.782,4.903125,-3.9115458078889205
298,11.3855,170.782,4.90625,-4.017234056299134
298,11.3855,170.782,4.909375000000001,-4.114760110015989
298,11.3855,170.782,4.9125000000000005,-4.204362563958581
298,11.3855,170.782,4.915625,-4.272741605595945
298,11.3855,170.782,4.91875,-4.327889238992989
298,11.3855,170.782,4.921875,-4.358726979856113
298,11.3855,170.782,4.925000000000001,-4.370975006077447
298,11.3855,170.782,4.9281250000000005,-4.369087988969087
298,11.3855,170.782,4.93125,-4.345921751190084
298,11.3855,170.782,4.934375,-4.303592667181373
298,11.3855,170.782,4.9375,-4.2509618648996375
298,11.3855,170.782,4.940625000000001,-4.187865431820315
298,11.3855,170.782,4.9437500000000005,-4.118702400738889
298,11.3855,170.782,4.946875,-4.043392656301833
298,11.3855,170.782,4.95,-3.961597932312602
298,11.3855,170.782,4.953125,-3.882040350382228
298,11.3855,170.782,4.956250000000001,-3.8065286552444038
298,11.3855,170.782,4.9593750000000005,-3.7381647365850075
298,11.3855,170.782,4.9625,-3.68391387250572
298,11.3855,170.782,4.965625,-3.6434166809450637
298,11.3855,170.782,4.96875,-3.6315272263747316
298,11.3855,170.782,4.971875000000001,-3.654063401890586
298,11.3855,170.782,4.9750000000000005,-3.7249317562431825
298,11.3855,170.782,4.978125,-3.830997113231891
298,11.3855,170.782,4.98125,-3.9239184597224113
298,11.3855,170.782,4.984375,-4.000775023855087
298,11.3855,170.782,4.987500000000001,-4.0880006537765095
298,11.3855,170.782,4.9906250000000005,-4.190939228604752
298,11.3855,170.782,4.99375,-4.3172057727960595
298,11.3855,170.782,4.996875,-4.442228167228278
298,11.3855,170.782,5.0,-4.5815430365586876
298,11.3855,170.782,5.003125000000001,-4.701462627546902
298,11.3855,170.782,5.0062500000000005,-4.8255441672089985
298,11.3855,170.782,5.009375,-4.931887052357668
298,11.3855,170.782,5.0125,-5.02403563877111
298,11.3855,170.782,5.015625,-5.099926005853147
298,11.3855,170.782,5.018750000000001,-5.159229409001094
298,11.3855,170.782,5.0218750000000005,-5.197078706505394
298,11.3855,170.782,5.025,-5.2237030343185085
298,11.3855,170.782,5.028125,-5.238841562018087
298,11.3855,170.782,5.03125,-5.242241306339292
298,11.3855,170.782,5.034375000000001,-5.238462556896782
298,11.3855,170.782,5.0375000000000005,-5.227326250460353
298,11.3855,170.782,5.040625,-5.21274010648464
298,11.3855,170.782,5.04375,-5.198891301109444
298,11.3855,170.782,5.046875,-5.187375209160052
298,11.3855,170.782,5.050000000000001,-5.176217152124416
298,11.3855,170.782,5.0531250000000005,-5.173238787045945
298,11.3855,170.782,5.05625,-5.181931182033617
298,11.3855,170.782,5.059375,-5.20930969881838
298,11.3855,170.782,5.0625,-5.247219080038377
298,11.3855,170.782,5.065625000000001,-5.308521375273295
298,11.3855,170.782,5.0687500000000005,-5.378701225838103
298,11.3855,170.782,5.071875,-5.45183353095569
298,11.3855,170.782,5.075,-5.537646877401699
298,11.3855,170.782,5.078125,-5.641706670087439
298,11.3855,170.782,5.081250000000001,-5.749524805085202
298,11.3855,170.782,5.0843750000000005,-5.865614941405762
298,11.3855,170.782,5.0875,-5.985176821037567
298,11.3855,170.782,5.090625,-6.091160004225555
298,11.3855,170.782,5.09375,-6.1953647702349555
298,11.3855,170.782,5.096875000000001,-6.272642653198882
298,11.3855,170.782,5.1000000000000005,-6.335066277650537
298,11.3855,170.782,5.103125,-6.371931572593059
298,11.3855,170.782,5.10625,-6.392346313690325
298,11.3855,170.782,5.109375,-6.39224403442352
298,11.3855,170.782,5.112500000000001,-6.368756304553445
298,11.3855,170.782,5.1156250000000005,-6.321249566819528
298,11.3855,170.782,5.11875,-6.263585718377588
298,11.3855,170.782,5.121875,-6.191418612344166
298,11.3855,170.782,5.125,-6.111558476878835
298,11.3855,170.782,5.128125000000001,-6.020974649349796
298,11.3855,170.782,5.1312500000000005,-5.936287215992108
298,11.3855,170.782,5.134375,-5.847175617761277
298,11.3855,170.782,5.1375,-5.7662160785319685
298,11.3855,170.782,5.140625,-5.689253380196181
298,11.3855,170.782,5.143750000000001,-5.61902378701067
298,11.3855,170.782,5.1468750000000005,-5.5618710127168
298,11.3855,170.782,5.15,-5.519343105517512
298,11.3855,170.782,5.153125,-5.484119061576138
298,11.3855,170.782,5.15625,-5.4710063169758305
298,11.3855,170.782,5.159375000000001,-5.473132467578097
298,11.3855,170.782,5.1625000000000005,-5.490675382841346
298,11.3855,170.782,5.165625,-5.523472175970911
298,11.3855,170.782,5.16875,-5.568945903869141
298,11.3855,170.782,5.171875,-5.631227286523444
298,11.3855,170.782,5.175000000000001,-5.697899132807745
298,11.3855,170.782,5.1781250000000005,-5.769457427208652
298,11.3855,170.782,5.18125,-5.846080349889853
298,11.3855,170.782,5.184375,-5.91842648205648
298,11.3855,170.782,5.1875,-5.99464062431953
298,11.3855,170.782,5.190625000000001,-6.071084216413144
298,11.3855,170.782,5.1937500000000005,-6.142707884561797
298,11.3855,170.782,5.196875,-6.221525586796721
298,11.3855,170.782,5.2,-6.287200512179312
298,11.3855,170.782,5.203125,-6.368256058426326
298,11.3855,170.782,5.206250000000001,-6.360014275506601
298,11.3855,170.782,5.2093750000000005,-6.429214481510166
298,11.3855,170.782,5.2125,-6.474536370641239
298,11.3855,170.782,5.215625,-6.4550188738374885
298,11.3855,170.782,5.21875,-6.468906782937346
298,11.3855,170.782,5.221875000000001,-6.39394865301065
298,11.3855,170.782,5.2250000000000005,-6.3652026361902445
298,11.3855,170.782,5.228125,-6.3572244416310495
298,11.3855,170.782,5.23125,-6.358920957490213
298,11.3855,170.782,5.234375,-6.383880772836391
298,11.3855,170.782,5.237500000000001,-6.433246156304642
298,11.3855,170.782,5.2406250000000005,-6.512794346767938
298,11.3855,170.782,5.24375,-6.635963203425636
298,11.3855,170.782,5.246875,-6.812236960559544
298,11.3855,170.782,5.25,-7.053798340203503
298,11.3855,170.782,5.253125000000001,-7.439235164942789
298,11.3855,170.782,5.2562500000000005,-8.029509967270572
298,11.3855,170.782,5.259375,-8.947661694783983
298,11.3855,170.782,5.2625,-10.306783096361125
298,11.3855,170.782,5.265625,-11.324358311183374
298,11.3855,170.782,5.268750000000001,-10.227873169442807
298,11.3855,170.782,5.2718750000000005,-8.683935518841237
298,11.3855,170.782,5.275,-7.879566695377163
298,11.3855,170.782,5.278125,-7.5489738436058325
298,11.3855,170.782,5.28125,-7.432665724948021
298,11.3855,170.782,5.284375000000001,-7.409982880188595
298,11.3855,170.782,5.2875000000000005,-7.399596377488532
298,11.3855,170.782,5.290625,-7.392262771062597
298,11.3855,170.782,5.29375,-7.377870792940748
298,11.3855,170.782,5.296875,-7.3439621778458175
298,11.3855,170.782,5.300000000000001,-7.299034193060114
298,11.3855,170.782,5.3031250000000005,-7.240833698617718
298,11.3855,170.782,5.30625,-7.176390205660637
298,11.3855,170.782,5.309375,-7.097687688444778
298,11.3855,170.782,5.3125,-7.021364821882732
298,11.3855,170.782,5.315625000000001,-6.935118674462335
298,11.3855,170.782,5.3187500000000005,-6.849142167345887
298,11.3855,170.782,5.321875,-6.763167602373096
298,11.3855,170.782,5.325,-6.6749226013575305
298,11.3855,170.782,5.328125,-6.591346725848655
298,11.3855,170.782,5.331250000000001,-6.518973378817337
298,11.3855,170.782,5.3343750000000005,-6.438222242423619
298,11.3855,170.782,5.3375,-6.374603560254445
298,11.3855,170.782,5.340625,-6.316407805139667
298,11.3855,170.782,5.34375,-6.26457126801193
298,11.3855,170.782,5.346875000000001,-6.217258467410277
298,11.3855,170.782,5.3500000000000005,-6.17294521798811
298,11.3855,170.782,5.353125,-6.123104947128933
298,11.3855,170.782,5.35625,-6.0973642812860245
298,11.3855,170.782,5.359375,-6.099528116071125
298,11.3855,170.782,5.362500000000001,-6.111580217596776
298,11.3855,170.782,5.3656250000000005,-6.142847506074359
298,11.3855,170.782,5.36875,-6.167448224018629
298,11.3855,170.782,5.371875,-6.195587174536536
298,11.3855,170.782,5.375,-6.223139350429353
298,11.3855,170.782,5.378125000000001,-6.232495141284748
298,11.3855,170.782,5.3812500000000005,-6.235781258875736
298,11.3855,170.782,5.384375,-6.239032202611314
298,11.3855,170.782,5.3875,-6.22393175756475
298,11.3855,170.782,5.390625,-6.199393740597037
298,11.3855,170.782,5.393750000000001,-6.159065556088226
298,11.3855,170.782,5.3968750000000005,-6.124449010257608
298,11.3855,170.782,5.4,-6.0793667815465255
298,11.3855,170.782,5.403125,-6.0371301979827106
298,11.3855,170.782,5.40625,-5.995920255585112
298,11.3855,170.782,5.409375000000001,-5.955020576889002
298,11.3855,170.782,5.4125000000000005,-5.924000194545803
298,11.3855,170.782,5.415625,-5.88493436202347
298,11.3855,170.782,5.41875,-5.860778853909822
298,11.3855,170.782,5.421875,-5.8412065884890545
298,11.3855,170.782,5.425000000000001,-5.831250316842943
298,11.3855,170.782,5.4281250000000005,-5.831018123895307
298,11.3855,170.782,5.43125,-5.847932605352343
298,11.3855,170.782,5.434375,-5.873604920973023
298,11.3855,170.782,5.4375,-5.916839124257079
298,11.3855,170.782,5.440625000000001,-5.966216599401458
298,11.3855,170.782,5.4437500000000005,-6.033226173667714
298,11.3855,170.782,5.446875,-6.110478519377355
298,11.3855,170.782,5.45,-6.198882057095654
298,11.3855,170.782,5.453125,-6.292400450890565
298,11.3855,170.782,5.456250000000001,-6.387790486061124
298,11.3855,170.782,5.4593750000000005,-6.488901563174769
298,11.3855,170.782,5.4625,-6.579184524794359
298,11.3855,170.782,5.465625,-6.657217128162843
298,11.3855,170.782,5.46875,-6.728259616251535
298,11.3855,170.782,5.471875000000001,-6.782850432172177
298,11.3855,170.782,5.4750000000000005,-6.820322099170129
298,11.3855,170.782,5.478125,-6.841117718817036
298,11.3855,170.782,5.48125,-6.850117372994767
298,11.3855,170.782,5.484375,-6.832913184359305
298,11.3855,170.782,5.487500000000001,-6.804611601700047
298,11.3855,170.782,5.4906250000000005,-6.752393439935301
298,11.3855,170.782,5.49375,-6.695366532892381
298,11.3855,170.782,5.496875,-6.641745836135614
298,11.3855,170.782,5.5,-6.58281198235549
298,11.3855,170.782,5.503125000000001,-6.502729969129649
298,11.3855,170.782,5.5062500000000005,-6.405354316549303
298,11.3855,170.782,5.509375,-6.297027042479683
298,11.3855,170.782,5.5125,-6.1952678022730545
298,11.3855,170.782,5.515625,-6.106026066726352
298,11.3855,170.782,5.518750000000001,-6.013837710148873
298,11.3855,170.782,5.5218750000000005,-5.938276046338238
298,11.3855,170.782,5.525,-5.878327724998864
298,11.3855,170.782,5.528125,-5.830671798648122
298,11.3855,170.782,5.53125,-5.778302895479434
298,11.3855,170.782,5.534375000000001,-5.724583168911797
298,11.3855,170.782,5.5375000000000005,-5.674580858324388
298,11.3855,170.782,5.540625,-5.636157160409992
298,11.3855,170.782,5.54375,-5.604171491667827
298,11.3855,170.782,5.546875,-5.580143794920459
298,11.3855,170.782,5.550000000000001,-5.557284499573875
298,11.3855,170.782,5.5531250000000005,-5.532273761065606
298,11.3855,170.782,5.55625,-5.513922282851197
298,11.3855,170.782,5.559375,-5.492999594328962
298,11.3855,170.782,5.5625,-5.469020098789126
298,11.3855,170.782,5.565625000000001,-5.43613122938681
298,11.3855,170.782,5.5687500000000005,-5.412662102886071
298,11.3855,170.782,5.571875,-5.379644955204067
298,11.3855,170.782,5.575,-5.343644772776514
298,11.3855,170.782,5.578125,-5.299524328255487
298,11.3855,170.782,5.581250000000001,-5.2546450039147246
298,11.3855,170.782,5.5843750000000005,-5.216711416069799
298,11.3855,170.782,5.5875,-5.170476618850844
298,11.3855,170.782,5.590625,-5.1137452296270505
298,11.3855,170.782,5.59375,-5.0673250366069436
298,11.3855,170.782,5.596875000000001,-5.0144660175782825
298,11.3855,170.782,5.6000000000000005,-4.957560146826231
298,11.3855,170.782,5.603125,-4.904045099710818
298,11.3855,170.782,5.60625,-4.847643451790016
298,11.3855,170.782,5.609375,-4.802943180547949
298,11.3855,170.782,5.612500000000001,-4.755513222659014
298,11.3855,170.782,5.6156250000000005,-4.716914864813273
298,11.3855,170.782,5.61875,-4.68136170974699
298,11.3855,170.782,5.621875,-4.666640868846278
298,11.3855,170.782,5.625,-4.66472324008528
298,11.3855,170.782,5.628125000000001,-4.668271965352113
298,11.3855,170.782,5.6312500000000005,-4.694372444127527
298,11.3855,170.782,5.634375,-4.727622671559849
298,11.3855,170.782,5.6375,-4.779337411960066
298,11.3855,170.782,5.640625,-4.8406474165713345
298,11.3855,170.782,5.643750000000001,-4.900772848928436
298,11.3855,170.782,5.6468750000000005,-4.968258895852163
298,11.3855,170.782,5.65,-5.0323211620143224
298,11.3855,170.782,5.653125,-5.095850840063428
298,11.3855,170.782,5.65625,-5.151269908523548
298,11.3855,170.782,5.659375000000001,-5.1946272194220615
298,11.3855,170.782,5.6625000000000005,-5.219446208361255
298,11.3855,170.782,5.665625,-5.240516726933036
298,11.3855,170.782,5.66875,-5.24354590392242
298,11.3855,170.782,5.671875,-5.236762578243727
298,11.3855,170.782,5.675000000000001,-5.219304241261047
298,11.3855,170.782,5.6781250000000005,-5.179078488294716
298,11.3855,170.782,5.68125,-5.13959050776378
298,11.3855,170.782,5.684375,-5.091115819638061
298,11.3855,170.782,5.6875,-5.028512817942749
298,11.3855,170.782,5.690625000000001,-4.956810399731103
298,11.3855,170.782,5.6937500000000005,-4.8798308497112854
298,11.3855,170.782,5.696875,-4.798833175225823
298,11.3855,170.782,5.7,-4.708988325451498
298,11.3855,170.782,5.703125,-4.622395783175044
298,11.3855,170.782,5.706250000000001,-4.529024551533359
298,11.3855,170.782,5.7093750000000005,-4.436621466774548
298,11.3855,170.782,5.7125,-4.349744956202354
298,11.3855,170.782,5.715625,-4.26571039354281
298,11.3855,170.782,5.71875,-4.189499395098352
298,11.3855,170.782,5.721875000000001,-4.133174384729111
298,11.3855,170.782,5.7250000000000005,-4.083166924460546
298,11.3855,170.782,5.728125,-4.054019290370236
298,11.3855,170.782,5.73125,-4.025574628046664
298,11.3855,170.782,5.734375,-4.013776471994591
298,11.3855,170.782,5.737500000000001,-4.011949139247649
298,11.3855,170.782,5.7406250000000005,-4.014846806362536
298,11.3855,170.782,5.74375,-4.018007937381454
298,11.3855,170.782,5.746875,-4.023602354098218
298,11.3855,170.782,5.75,-4.018397541123846
298,11.3855,170.782,5.753125000000001,-4.021819484614743
298,11.3855,170.782,5.7562500000000005,-4.009688033549227
298,11.3855,170.782,5.759375,-3.986646917977035
298,11.3855,170.782,5.7625,-3.960083404584707
298,11.3855,170.782,5.765625,-3.9284310587764115
298,11.3855,170.782,5.768750000000001,-3.885491679426508
298,11.3855,170.782,5.7718750000000005,-3.8405088433993613
298,11.3855,170.782,5.775,-3.7840305502653293
298,11.3855,170.782,5.778125,-3.722924214576638
298,11.3855,170.782,5.78125,-3.652431698449434
298,11.3855,170.782,5.784375000000001,-3.5830503653548877
298,11.3855,170.782,5.7875000000000005,-3.5085883483338147
298,11.3855,170.782,5.790625,-3.4321842344882896
298,11.3855,170.782,5.79375,-3.3603316173673035
298,11.3855,170.782,5.796875,-3.283484427478594
298,11.3855,170.782,5.800000000000001,-3.226024045589608
298,11.3855,170.782,5.8031250000000005,-3.17005125750074
298,11.3855,170.782,5.80625,-3.125907202052711
298,11.3855,170.782,5.809375,-3.0938765013973866
298,11.3855,170.782,5.8125,-3.0810707287133656
298,11.3855,170.782,5.815625000000001,-3.0804891893787727
298,11.3855,170.782,5.8187500000000005,-3.0973281972664273
298,11.3855,170.782,5.821875,-3.12456943454195
298,11.3855,170.782,5.825,-3.1660550500196747
298,11.3855,170.782,5.828125,-3.221507960266523
298,11.3855,170.782,5.831250000000001,-3.282810847510691
298,11.3855,170.782,5.8343750000000005,-3.338177137044735
298,11.3855,170.782,5.8375,-3.4026573971502394
298,11.3855,170.782,5.840625,-3.4598311806257875
298,11.3855,170.782,5.84375,-3.508264841049245
298,11.3855,170.782,5.846875000000001,-3.5487477958227407
298,11.3855,170.782,5.8500000000000005,-3.5836609364218908
298,11.3855,170.782,5.853125,-3.603419347714768
298,11.3855,170.782,5.85625,-3.6138417747648783
298,11.3855,170.782,5.859375,-3.6142233405324973
298,11.3855,170.782,5.862500000000001,-3.6129720172401902
298,11.3855,170.782,5.8656250000000005,-3.589065656808873
298,11.3855,170.782,5.86875,-3.5512172270411835
298,11.3855,170.782,5.871875,-3.5085975012251467
298,11.3855,170.782,5.875,-3.457856491332284
298,11.3855,170.782,5.878125000000001,-3.3914980509975345
298,11.3855,170.782,5.8812500000000005,-3.3188021769824854
298,11.3855,170.782,5.884375,-3.2450111960376393
298,11.3855,170.782,5.8875,-3.162021420842447
298,11.3855,170.782,5.890625,-3.0833676887929244
298,11.3855,170.782,5.893750000000001,-3.010977029685164
298,11.3855,170.782,5.8968750000000005,-2.938246675258671
298,11.3855,170.782,5.9,-2.8892842368336016
298,11.3855,170.782,5.903125,-2.847669195072948
298,11.3855,170.782,5.90625,-2.832712493906273
298,11.3855,170.782,5.909375000000001,-2.8244825542846357
298,11.3855,170.782,5.9125000000000005,-2.83250816610304
298,11.3855,170.782,5.915625,-2.85188441258377
298,11.3855,170.782,5.91875,-2.8808251209537024
298,11.3855,170.782,5.921875,-2.913677108143133
298,11.3855,170.782,5.925000000000001,-2.9448683289770554
298,11.3855,170.782,5.9281250000000005,-2.9688281709189965
298,11.3855,170.782,5.93125,-2.989671372685947
298,11.3855,170.782,5.934375,-3.003230763443099
298,11.3855,170.782,5.9375,-3.007415838208511
298,11.3855,170.782,5.940625000000001,-3.003418411166481
298,11.3855,170.782,5.9437500000000005,-2.990360066710931
298,11.3855,170.782,5.946875,-2.976552449454534
298,11.3855,170.782,5.95,-2.957425650574989
298,11.3855,170.782,5.953125,-2.920707822893096
298,11.3855,170.782,5.956250000000001,-2.8775012180880206
298,11.3855,170.782,5.9593750000000005,-2.8274354806230306
298,11.3855,170.782,5.9625,-2.770460594743836
298,11.3855,170.782,5.965625,-2.7120893995686486
298,11.3855,170.782,5.96875,-2.6452363321476904
298,11.3855,170.782,5.971875000000001,-2.5766339689086353
298,11.3855,170.782,5.9750000000000005,-2.4989173148372057
298,11.3855,170.782,5.978125,-2.429416065942101
298,11.3855,170.782,5.98125,-2.358150294277561
298,11.3855,170.782,5.984375,-2.292509285541428
298,11.3855,170.782,5.987500000000001,-2.2332583578128693
298,11.3855,170.782,5.9906250000000005,-2.2015809267297946
298,11.3855,170.782,5.99375,-2.1811398910117
298,11.3855,170.782,5.996875,-2.1789475480288507
298,11.3855,170.782,6.0,-2.198326881422706
