"Current","Field","Frequency","Spectra"
4.5812,68.718,1,-1.4203416938953888
4.5812,68.718,1.003125,-1.3779123613283937
4.5812,68.718,1.00625,-1.3427680459899065
4.5812,68.718,1.0093750000000001,-1.316800310102911
4.5812,68.718,1.0125,-1.3059046711856273
4.5812,68.718,1.015625,-1.30435038307417
4.5812,68.718,1.01875,-1.3181229480181436
4.5812,68.718,1.021875,-1.3425906182000356
4.5812,68.718,1.0250000000000001,-1.3798531976266077
4.5812,68.718,1.028125,-1.428189995382989
4.5812,68.718,1.03125,-1.4852316480174355
4.5812,68.718,1.034375,-1.5519986263799397
4.5812,68.718,1.0375,-1.6194472527782122
4.5812,68.718,1.0406250000000001,-1.6912993043617675
4.5812,68.718,1.04375,-1.7592191400037946
4.5812,68.718,1.046875,-1.8256468752785167
4.5812,68.718,1.05,-1.8890844550929353
4.5812,68.718,1.053125,-1.9440655135715654
4.5812,68.718,1.0562500000000001,-1.9904645967340455
4.5812,68.718,1.059375,-2.0279714425749327
4.5812,68.718,1.0625,-2.053102660620503
4.5812,68.718,1.065625,-2.06763943869515
4.5812,68.718,1.06875,-2.070411845705118
4.5812,68.718,1.0718750000000001,-2.0653799217018323
4.5812,68.718,1.0750000000000002,-2.050177508637207
4.5812,68.718,1.078125,-2.0211223284896094
4.5812,68.718,1.08125,-1.9859986814525525
4.5812,68.718,1.084375,-1.9374776813363193
4.5812,68.718,1.0875000000000001,-1.8823827411677263
4.5812,68.718,1.0906250000000002,-1.824467285198812
4.5812,68.718,1.09375,-1.7712739288972772
4.5812,68.718,1.096875,-1.7078992023030846
4.5812,68.718,1.1,-1.6535570321603479
4.5812,68.718,1.1031250000000001,-1.6095896161133632
4.5812,68.718,1.1062500000000002,-1.5611148900994358
4.5812,68.718,1.109375,-1.5287022475643601
4.5812,68.718,1.1125,-1.5078047669530212
4.5812,68.718,1.115625,-1.5024823143123431
4.5812,68.718,1.1187500000000001,-1.5104678660317241
4.5812,68.718,1.1218750000000002,-1.5244276544089863
4.5812,68.718,1.125,-1.5492535760670663
4.5812,68.718,1.128125,-1.5824083696859428
4.5812,68.718,1.13125,-1.621144094427368
4.5812,68.718,1.1343750000000001,-1.6611272041390501
4.5812,68.718,1.1375000000000002,-1.7028577935463616
4.5812,68.718,1.140625,-1.7388608887451937
4.5812,68.718,1.14375,-1.7664568186141216
4.5812,68.718,1.146875,-1.787747579058456
4.5812,68.718,1.1500000000000001,-1.801233048100406
4.5812,68.718,1.1531250000000002,-1.810165320254383
4.5812,68.718,1.15625,-1.8061695322674962
4.5812,68.718,1.159375,-1.791114651699979
4.5812,68.718,1.1625,-1.7705674309780628
4.5812,68.718,1.1656250000000001,-1.7428647233228194
4.5812,68.718,1.1687500000000002,-1.714715436171015
4.5812,68.718,1.171875,-1.6756688556956376
4.5812,68.718,1.175,-1.6359613816800933
4.5812,68.718,1.178125,-1.5963035315146383
4.5812,68.718,1.1812500000000001,-1.5558936703781638
4.5812,68.718,1.1843750000000002,-1.5156915064755556
4.5812,68.718,1.1875,-1.4823629911928462
4.5812,68.718,1.190625,-1.452762356601842
4.5812,68.718,1.19375,-1.4322182136553954
4.5812,68.718,1.1968750000000001,-1.420042870869225
4.5812,68.718,1.2000000000000002,-1.4164768546889008
4.5812,68.718,1.203125,-1.4253118492894543
4.5812,68.718,1.20625,-1.4462304596752984
4.5812,68.718,1.209375,-1.4808461324323787
4.5812,68.718,1.2125000000000001,-1.531206780132808
4.5812,68.718,1.2156250000000002,-1.5854160415104326
4.5812,68.718,1.21875,-1.6464792239143953
4.5812,68.718,1.221875,-1.7161000568639722
4.5812,68.718,1.225,-1.7903366235710696
4.5812,68.718,1.2281250000000001,-1.8676391513257131
4.5812,68.718,1.2312500000000002,-1.9389039257524958
4.5812,68.718,1.234375,-2.0029601565231268
4.5812,68.718,1.2375,-2.056277988374244
4.5812,68.718,1.240625,-2.0974612293505097
4.5812,68.718,1.2437500000000001,-2.1381522081989823
4.5812,68.718,1.2468750000000002,-2.164700030184986
4.5812,68.718,1.25,-2.1741526018186614
4.5812,68.718,1.253125,-2.1666755181200252
4.5812,68.718,1.25625,-2.141464392993738
4.5812,68.718,1.2593750000000001,-2.103831571609795
4.5812,68.718,1.2625000000000002,-2.069764100960342
4.5812,68.718,1.265625,-2.0278574301445786
4.5812,68.718,1.26875,-1.979067279860594
4.5812,68.718,1.271875,-1.9195327445943942
4.5812,68.718,1.2750000000000001,-1.858149654480774
4.5812,68.718,1.2781250000000002,-1.792932660467383
4.5812,68.718,1.28125,-1.739690730030957
4.5812,68.718,1.284375,-1.703346818903765
4.5812,68.718,1.2875,-1.664166872013745
4.5812,68.718,1.2906250000000001,-1.635965774649593
4.5812,68.718,1.2937500000000002,-1.6206646931716562
4.5812,68.718,1.296875,-1.6190975615768088
4.5812,68.718,1.3,-1.6264942530445594
4.5812,68.718,1.303125,-1.655260870192825
4.5812,68.718,1.3062500000000001,-1.6894278317003242
4.5812,68.718,1.3093750000000002,-1.7299918177662685
4.5812,68.718,1.3125,-1.780214841147503
4.5812,68.718,1.315625,-1.8359297478446166
4.5812,68.718,1.31875,-1.8866751919714093
4.5812,68.718,1.3218750000000001,-1.9344603297565368
4.5812,68.718,1.3250000000000002,-1.980030701374237
4.5812,68.718,1.328125,-2.0148246170553503
4.5812,68.718,1.33125,-2.0400505068961095
4.5812,68.718,1.334375,-2.0565831451353582
4.5812,68.718,1.3375000000000001,-2.059407022133999
4.5812,68.718,1.3406250000000002,-2.055798684925511
4.5812,68.718,1.34375,-2.040579865436381
4.5812,68.718,1.346875,-2.014916848559789
4.5812,68.718,1.35,-1.980608212854639
4.5812,68.718,1.3531250000000001,-1.9396162093908642
4.5812,68.718,1.3562500000000002,-1.894423293268793
4.5812,68.718,1.359375,-1.8461238154155166
4.5812,68.718,1.3625,-1.7911627466252145
4.5812,68.718,1.365625,-1.7336481055692192
4.5812,68.718,1.3687500000000001,-1.680868399511097
4.5812,68.718,1.3718750000000002,-1.630601755417076
4.5812,68.718,1.375,-1.5876017987328477
4.5812,68.718,1.378125,-1.554134057271919
4.5812,68.718,1.38125,-1.5259574123030697
4.5812,68.718,1.3843750000000001,-1.511273641693609
4.5812,68.718,1.3875000000000002,-1.5073426909945356
4.5812,68.718,1.390625,-1.5192346392866705
4.5812,68.718,1.39375,-1.5482404328075872
4.5812,68.718,1.396875,-1.5937395050245131
4.5812,68.718,1.4000000000000001,-1.6523364150539752
4.5812,68.718,1.4031250000000002,-1.7146394105621563
4.5812,68.718,1.40625,-1.7811095462015736
4.5812,68.718,1.409375,-1.8582650072948086
4.5812,68.718,1.4125,-1.9367142898045726
4.5812,68.718,1.4156250000000001,-2.0128671857700056
4.5812,68.718,1.4187500000000002,-2.0875897341326612
4.5812,68.718,1.421875,-2.1446435661203105
4.5812,68.718,1.425,-2.192283965138712
4.5812,68.718,1.428125,-2.228914256552429
4.5812,68.718,1.4312500000000001,-2.2542548618182887
4.5812,68.718,1.4343750000000002,-2.26321475817971
4.5812,68.718,1.4375,-2.2639403302204304
4.5812,68.718,1.440625,-2.250792221012462
4.5812,68.718,1.44375,-2.2285211112800836
4.5812,68.718,1.4468750000000001,-2.1974088054034664
4.5812,68.718,1.4500000000000002,-2.1594420368319724
4.5812,68.718,1.453125,-2.116588206035185
4.5812,68.718,1.45625,-2.0695606980160925
4.5812,68.718,1.459375,-2.020933179864674
4.5812,68.718,1.4625000000000001,-1.9744687652623156
4.5812,68.718,1.4656250000000002,-1.93005830472452
4.5812,68.718,1.46875,-1.8926162981920474
4.5812,68.718,1.471875,-1.8582328838077666
4.5812,68.718,1.475,-1.8350620920752192
4.5812,68.718,1.4781250000000001,-1.8168474513487645
4.5812,68.718,1.4812500000000002,-1.8121633573718532
4.5812,68.718,1.484375,-1.8165939259239938
4.5812,68.718,1.4875,-1.8318703601620154
4.5812,68.718,1.490625,-1.8593957217151516
4.5812,68.718,1.4937500000000001,-1.9000170955873217
4.5812,68.718,1.4968750000000002,-1.9428403978511986
4.5812,68.718,1.5,-1.9915200958112298
4.5812,68.718,1.503125,-2.0446239173937624
4.5812,68.718,1.50625,-2.0985935672888707
4.5812,68.718,1.5093750000000001,-2.146979592103057
4.5812,68.718,1.5125000000000002,-2.194192874607012
4.5812,68.718,1.515625,-2.2322719736206484
4.5812,68.718,1.51875,-2.267346902266541
4.5812,68.718,1.521875,-2.2834278927983562
4.5812,68.718,1.5250000000000001,-2.2861665991512123
4.5812,68.718,1.5281250000000002,-2.277590936057915
4.5812,68.718,1.53125,-2.257485314237955
4.5812,68.718,1.534375,-2.2292189612335958
4.5812,68.718,1.5375,-2.189269757897867
4.5812,68.718,1.5406250000000001,-2.14274396113481
4.5812,68.718,1.5437500000000002,-2.086633038224107
4.5812,68.718,1.546875,-2.027435646847256
4.5812,68.718,1.55,-1.9675228951025172
4.5812,68.718,1.553125,-1.9086315798463183
4.5812,68.718,1.5562500000000001,-1.8508693022267078
4.5812,68.718,1.5593750000000002,-1.8026320981375936
4.5812,68.718,1.5625,-1.7599603475065981
4.5812,68.718,1.565625,-1.728613030576097
4.5812,68.718,1.56875,-1.7115563253928225
4.5812,68.718,1.5718750000000001,-1.7047460607101175
4.5812,68.718,1.5750000000000002,-1.7174875162266754
4.5812,68.718,1.578125,-1.7375630892443676
4.5812,68.718,1.58125,-1.7707453546658678
4.5812,68.718,1.584375,-1.8150459381732407
4.5812,68.718,1.5875000000000001,-1.868543503567376
4.5812,68.718,1.5906250000000002,-1.9328847578378214
4.5812,68.718,1.59375,-1.993812683129673
4.5812,68.718,1.596875,-2.0588434274474126
4.5812,68.718,1.6,-2.1183813503806626
4.5812,68.718,1.6031250000000001,-2.1732967154823197
4.5812,68.718,1.6062500000000002,-2.218817216332823
4.5812,68.718,1.609375,-2.2603338528447905
4.5812,68.718,1.6125,-2.2893561898411203
4.5812,68.718,1.615625,-2.310646475692398
4.5812,68.718,1.6187500000000001,-2.3190145697869684
4.5812,68.718,1.6218750000000002,-2.321263617068484
4.5812,68.718,1.625,-2.3130494801886785
4.5812,68.718,1.628125,-2.295865571661798
4.5812,68.718,1.63125,-2.27147206775292
4.5812,68.718,1.6343750000000001,-2.2413464538573367
4.5812,68.718,1.6375000000000002,-2.205882720874377
4.5812,68.718,1.640625,-2.17302176901235
4.5812,68.718,1.64375,-2.1308194809659593
4.5812,68.718,1.646875,-2.0927469059121613
4.5812,68.718,1.6500000000000001,-2.057701947872172
4.5812,68.718,1.6531250000000002,-2.0277690464964397
4.5812,68.718,1.65625,-2.006573670699601
4.5812,68.718,1.659375,-1.9949976765367499
4.5812,68.718,1.6625,-1.9897727339219242
4.5812,68.718,1.6656250000000001,-1.9994937836298623
4.5812,68.718,1.6687500000000002,-2.021071501747745
4.5812,68.718,1.671875,-2.0491251190518014
4.5812,68.718,1.675,-2.0900559817346362
4.5812,68.718,1.678125,-2.1369623221360396
4.5812,68.718,1.6812500000000001,-2.1853473648175252
4.5812,68.718,1.6843750000000002,-2.2435777156254395
4.5812,68.718,1.6875,-2.293685782427202
4.5812,68.718,1.690625,-2.3437762510761035
4.5812,68.718,1.69375,-2.385273962443743
4.5812,68.718,1.6968750000000001,-2.4178197437970397
4.5812,68.718,1.7000000000000002,-2.439710299407323
4.5812,68.718,1.703125,-2.450772218939058
4.5812,68.718,1.70625,-2.450906965528554
4.5812,68.718,1.709375,-2.4433485493314033
4.5812,68.718,1.7125000000000001,-2.426141521029404
4.5812,68.718,1.7156250000000002,-2.3990299217127022
4.5812,68.718,1.71875,-2.3628605665371594
4.5812,68.718,1.721875,-2.322882419065163
4.5812,68.718,1.725,-2.2764065679911965
4.5812,68.718,1.7281250000000001,-2.2257779884478177
4.5812,68.718,1.7312500000000002,-2.1744748322493472
4.5812,68.718,1.734375,-2.123729258036387
4.5812,68.718,1.7375,-2.0739668020109807
4.5812,68.718,1.740625,-2.0286259332016745
4.5812,68.718,1.7437500000000001,-1.986703875586782
4.5812,68.718,1.7468750000000002,-1.9531781543062787
4.5812,68.718,1.75,-1.9250205984765978
4.5812,68.718,1.753125,-1.9090619971801592
4.5812,68.718,1.75625,-1.9031256986455138
4.5812,68.718,1.7593750000000001,-1.9118236041673669
4.5812,68.718,1.7625000000000002,-1.9346485027392524
4.5812,68.718,1.765625,-1.9676111300042525
4.5812,68.718,1.76875,-2.0125430314130304
4.5812,68.718,1.771875,-2.0632471635173864
4.5812,68.718,1.7750000000000001,-2.1225850121977605
4.5812,68.718,1.7781250000000002,-2.1807625927604373
4.5812,68.718,1.78125,-2.240693143001266
4.5812,68.718,1.784375,-2.298776762641409
4.5812,68.718,1.7875,-2.351700716489068
4.5812,68.718,1.7906250000000001,-2.3908173079102606
4.5812,68.718,1.7937500000000002,-2.419761837960945
4.5812,68.718,1.7968750000000002,-2.438621798940063
4.5812,68.718,1.8,-2.4419132079218704
4.5812,68.718,1.803125,-2.4329143603450314
4.5812,68.718,1.8062500000000001,-2.4155070581674183
4.5812,68.718,1.8093750000000002,-2.387768565288132
4.5812,68.718,1.8125000000000002,-2.3558894872346507
4.5812,68.718,1.815625,-2.316309542167466
4.5812,68.718,1.81875,-2.271904212490305
4.5812,68.718,1.8218750000000001,-2.226940947716046
4.5812,68.718,1.8250000000000002,-2.1844879750216477
4.5812,68.718,1.8281250000000002,-2.1409979230614766
4.5812,68.718,1.83125,-2.1087676684140924
4.5812,68.718,1.834375,-2.080553369288433
4.5812,68.718,1.8375000000000001,-2.0625397358603905
4.5812,68.718,1.8406250000000002,-2.051586929946548
4.5812,68.718,1.8437500000000002,-2.0573089743406876
4.5812,68.718,1.846875,-2.0712428383593715
4.5812,68.718,1.85,-2.094888716264383
4.5812,68.718,1.8531250000000001,-2.1329854814160107
4.5812,68.718,1.8562500000000002,-2.178659052150733
4.5812,68.718,1.8593750000000002,-2.235205918621008
4.5812,68.718,1.8625,-2.2976115914400426
4.5812,68.718,1.865625,-2.3653607287718983
4.5812,68.718,1.8687500000000001,-2.4306603533779407
4.5812,68.718,1.8718750000000002,-2.4949330779105763
4.5812,68.718,1.8750000000000002,-2.5516312250640025
4.5812,68.718,1.878125,-2.60380050203781
4.5812,68.718,1.88125,-2.641617338392171
4.5812,68.718,1.8843750000000001,-2.672705682403198
4.5812,68.718,1.8875000000000002,-2.6863249283529194
4.5812,68.718,1.8906250000000002,-2.690592488607349
4.5812,68.718,1.89375,-2.6779791320802238
4.5812,68.718,1.896875,-2.6483898218865054
4.5812,68.718,1.9000000000000001,-2.6139732472047807
4.5812,68.718,1.9031250000000002,-2.5636842166487277
4.5812,68.718,1.9062500000000002,-2.509639222518003
4.5812,68.718,1.909375,-2.4509084061602007
4.5812,68.718,1.9125,-2.3853310089225728
4.5812,68.718,1.9156250000000001,-2.314089760717637
4.5812,68.718,1.9187500000000002,-2.246152117918468
4.5812,68.718,1.9218750000000002,-2.1827417212637608
4.5812,68.718,1.925,-2.1238356171564505
4.5812,68.718,1.928125,-2.07191572230705
4.5812,68.718,1.9312500000000001,-2.0300390540198014
4.5812,68.718,1.9343750000000002,-2.0030662612787498
4.5812,68.718,1.9375000000000002,-1.9866249181131235
4.5812,68.718,1.940625,-1.9825412861203136
4.5812,68.718,1.94375,-1.9975649648713734
4.5812,68.718,1.9468750000000001,-2.024391728710909
4.5812,68.718,1.9500000000000002,-2.0645074568007984
4.5812,68.718,1.9531250000000002,-2.112437649002895
4.5812,68.718,1.95625,-2.1720044216505623
4.5812,68.718,1.959375,-2.236185814683359
4.5812,68.718,1.9625000000000001,-2.301676554230834
4.5812,68.718,1.9656250000000002,-2.3658697702918534
4.5812,68.718,1.9687500000000002,-2.421593384182332
4.5812,68.718,1.971875,-2.4692264818013063
4.5812,68.718,1.975,-2.504878487461506
4.5812,68.718,1.9781250000000001,-2.5303905639018565
4.5812,68.718,1.9812500000000002,-2.541912094271703
4.5812,68.718,1.9843750000000002,-2.541147235105478
4.5812,68.718,1.9875,-2.528878391334169
4.5812,68.718,1.990625,-2.510237629628475
4.5812,68.718,1.9937500000000001,-2.4742120411207753
4.5812,68.718,1.9968750000000002,-2.434930570798935
4.5812,68.718,2,-2.3866833215869327
4.5812,68.718,2.0031250000000003,-2.3348530999903967
4.5812,68.718,2.00625,-2.2829381672433895
4.5812,68.718,2.009375,-2.229751581720683
4.5812,68.718,2.0125,-2.1828418720170744
4.5812,68.718,2.015625,-2.140666651250301
4.5812,68.718,2.0187500000000003,-2.1070768905386243
4.5812,68.718,2.021875,-2.0852127522319477
4.5812,68.718,2.025,-2.071260605100392
4.5812,68.718,2.028125,-2.0751894762593706
4.5812,68.718,2.03125,-2.093426766507606
4.5812,68.718,2.0343750000000003,-2.129302037885901
4.5812,68.718,2.0375,-2.1808798096416373
4.5812,68.718,2.040625,-2.241608512836994
4.5812,68.718,2.04375,-2.3128796239441307
4.5812,68.718,2.046875,-2.388130713197987
4.5812,68.718,2.0500000000000003,-2.466650375357075
4.5812,68.718,2.053125,-2.544286361907171
4.5812,68.718,2.05625,-2.6199256150258687
4.5812,68.718,2.059375,-2.681634981561398
4.5812,68.718,2.0625,-2.7311952721774695
4.5812,68.718,2.0656250000000003,-2.7678011321887985
4.5812,68.718,2.06875,-2.786253164545272
4.5812,68.718,2.071875,-2.794524376248675
4.5812,68.718,2.075,-2.787793240138501
4.5812,68.718,2.078125,-2.7684439895314417
4.5812,68.718,2.0812500000000003,-2.7388895568732172
4.5812,68.718,2.084375,-2.694230613822366
4.5812,68.718,2.0875,-2.64359234671595
4.5812,68.718,2.090625,-2.5862058616585575
4.5812,68.718,2.09375,-2.5187703789431017
4.5812,68.718,2.0968750000000003,-2.44772243416224
4.5812,68.718,2.1,-2.3767269683204346
4.5812,68.718,2.103125,-2.3064964040955536
4.5812,68.718,2.10625,-2.239842255237809
4.5812,68.718,2.109375,-2.181386557737458
4.5812,68.718,2.1125000000000003,-2.1296542120751965
4.5812,68.718,2.115625,-2.0869263586362723
4.5812,68.718,2.11875,-2.056937972219198
4.5812,68.718,2.121875,-2.0415279510161515
4.5812,68.718,2.125,-2.0424895928288302
4.5812,68.718,2.1281250000000003,-2.0616743818268706
4.5812,68.718,2.13125,-2.0977188861957616
4.5812,68.718,2.134375,-2.1487413241181152
4.5812,68.718,2.1375,-2.2108496160952145
4.5812,68.718,2.140625,-2.2804576786057837
4.5812,68.718,2.1437500000000003,-2.3563739970263002
4.5812,68.718,2.146875,-2.4343935769686325
4.5812,68.718,2.1500000000000004,-2.5079610559652474
4.5812,68.718,2.153125,-2.5737226479852544
4.5812,68.718,2.15625,-2.628755994844896
4.5812,68.718,2.1593750000000003,-2.6679601721950292
4.5812,68.718,2.1625,-2.6924648833539537
4.5812,68.718,2.1656250000000004,-2.6933905512214573
4.5812,68.718,2.16875,-2.681491120130835
4.5812,68.718,2.171875,-2.65400764460396
4.5812,68.718,2.1750000000000003,-2.6081347819311143
4.5812,68.718,2.178125,-2.5523813784591742
4.5812,68.718,2.1812500000000004,-2.492331361646975
4.5812,68.718,2.184375,-2.4210749357048726
4.5812,68.718,2.1875,-2.3491546510245667
4.5812,68.718,2.1906250000000003,-2.2752905893524114
4.5812,68.718,2.19375,-2.2063462717355216
4.5812,68.718,2.1968750000000004,-2.1425294752137427
4.5812,68.718,2.2,-2.0869775527911045
4.5812,68.718,2.203125,-2.045177280778533
4.5812,68.718,2.2062500000000003,-2.016679776456434
4.5812,68.718,2.209375,-2.002896480123584
4.5812,68.718,2.2125000000000004,-2.0051916100629135
4.5812,68.718,2.215625,-2.0242075243850834
4.5812,68.718,2.21875,-2.0563627292196616
4.5812,68.718,2.2218750000000003,-2.1053512237003007
4.5812,68.718,2.225,-2.1730327764780037
4.5812,68.718,2.2281250000000004,-2.2484743402302527
4.5812,68.718,2.23125,-2.3369425881016577
4.5812,68.718,2.234375,-2.4288313142503597
4.5812,68.718,2.2375000000000003,-2.5211986092684535
4.5812,68.718,2.240625,-2.607702168998472
4.5812,68.718,2.2437500000000004,-2.6902403708498395
4.5812,68.718,2.246875,-2.764134812952288
4.5812,68.718,2.25,-2.8257687994419456
4.5812,68.718,2.2531250000000003,-2.8738502608403054
4.5812,68.718,2.25625,-2.9067822676416433
4.5812,68.718,2.2593750000000004,-2.927203443677089
4.5812,68.718,2.2625,-2.928404317339332
4.5812,68.718,2.265625,-2.9144207084500886
4.5812,68.718,2.2687500000000003,-2.8890190918670298
4.5812,68.718,2.271875,-2.8548007405101528
4.5812,68.718,2.2750000000000004,-2.813605015839026
4.5812,68.718,2.278125,-2.763510382341275
4.5812,68.718,2.28125,-2.7099428390433205
4.5812,68.718,2.2843750000000003,-2.657702135470225
4.5812,68.718,2.2875,-2.6081656420908246
4.5812,68.718,2.2906250000000004,-2.5620360793841086
4.5812,68.718,2.29375,-2.523747717486955
4.5812,68.718,2.296875,-2.5004781774419533
4.5812,68.718,2.3000000000000003,-2.4914622974819878
4.5812,68.718,2.303125,-2.5039395138493994
4.5812,68.718,2.3062500000000004,-2.532332895724694
4.5812,68.718,2.309375,-2.5858130457214275
4.5812,68.718,2.3125,-2.6573965510342505
4.5812,68.718,2.3156250000000003,-2.756005830834435
4.5812,68.718,2.31875,-2.870026205231558
4.5812,68.718,2.3218750000000004,-2.996926620468975
4.5812,68.718,2.325,-3.1386692270769516
4.5812,68.718,2.328125,-3.2813676190098064
4.5812,68.718,2.3312500000000003,-3.4236656156464096
4.5812,68.718,2.334375,-3.5538710493241816
4.5812,68.718,2.3375000000000004,-3.6657104310455506
4.5812,68.718,2.340625,-3.754864391188653
4.5812,68.718,2.34375,-3.8233825695515518
4.5812,68.718,2.3468750000000003,-3.868023009916908
4.5812,68.718,2.35,-3.894673451019643
4.5812,68.718,2.3531250000000004,-3.900142455812254
4.5812,68.718,2.35625,-3.887860215514147
4.5812,68.718,2.359375,-3.8623608346938147
4.5812,68.718,2.3625000000000003,-3.8335813732324024
4.5812,68.718,2.365625,-3.790517704625318
4.5812,68.718,2.3687500000000004,-3.7473706708969545
4.5812,68.718,2.371875,-3.7002427317049236
4.5812,68.718,2.375,-3.6542939541159876
4.5812,68.718,2.3781250000000003,-3.6128372830088895
4.5812,68.718,2.38125,-3.574716357125072
4.5812,68.718,2.3843750000000004,-3.5377743512622506
4.5812,68.718,2.3875,-3.5082310595477906
4.5812,68.718,2.390625,-3.4870979389852463
4.5812,68.718,2.3937500000000003,-3.47007022352037
4.5812,68.718,2.396875,-3.464040706762132
4.5812,68.718,2.4000000000000004,-3.4645217602389167
4.5812,68.718,2.403125,-3.475216684060668
4.5812,68.718,2.40625,-3.49472784388599
4.5812,68.718,2.4093750000000003,-3.526342709685111
4.5812,68.718,2.4125,-3.5684323409510847
4.5812,68.718,2.4156250000000004,-3.6236128378462245
4.5812,68.718,2.41875,-3.69568136287969
4.5812,68.718,2.421875,-3.7943615838525915
4.5812,68.718,2.4250000000000003,-3.9471898052974153
4.5812,68.718,2.428125,-4.247676012721656
4.5812,68.718,2.4312500000000004,-4.881578479297572
4.5812,68.718,2.434375,-5.025338569261249
4.5812,68.718,2.4375,-4.4165427689650665
4.5812,68.718,2.4406250000000003,-4.178370901680843
4.5812,68.718,2.44375,-4.0545321967428585
4.5812,68.718,2.4468750000000004,-3.970901556989182
4.5812,68.718,2.45,-3.8975927279056584
4.5812,68.718,2.453125,-3.826004328270018
4.5812,68.718,2.4562500000000003,-3.7431547593059507
4.5812,68.718,2.459375,-3.654215565710814
4.5812,68.718,2.4625000000000004,-3.5609133611631543
4.5812,68.718,2.465625,-3.458040640408418
4.5812,68.718,2.46875,-3.35916755259123
4.5812,68.718,2.4718750000000003,-3.261170513693483
4.5812,68.718,2.475,-3.1671957163694997
4.5812,68.718,2.4781250000000004,-3.0769071744538232
4.5812,68.718,2.48125,-3.0002181757139623
4.5812,68.718,2.484375,-2.930799584308293
4.5812,68.718,2.4875000000000003,-2.8732372149380767
4.5812,68.718,2.490625,-2.834742712569379
4.5812,68.718,2.4937500000000004,-2.8081440560070425
4.5812,68.718,2.496875,-2.799321638033136
4.5812,68.718,2.5,-2.804685912500564
4.5812,68.718,2.5031250000000003,-2.825215733327706
4.5812,68.718,2.50625,-2.863640399244211
4.5812,68.718,2.5093750000000004,-2.90956857605034
4.5812,68.718,2.5125,-2.969392023300999
4.5812,68.718,2.515625,-3.0342573039316285
4.5812,68.718,2.5187500000000003,-3.1062914530689243
4.5812,68.718,2.521875,-3.172912983470652
4.5812,68.718,2.5250000000000004,-3.241276105283932
4.5812,68.718,2.528125,-3.3005357597079388
4.5812,68.718,2.53125,-3.349184386655995
4.5812,68.718,2.5343750000000003,-3.3811354373706277
4.5812,68.718,2.5375,-3.402217622924727
4.5812,68.718,2.5406250000000004,-3.40457532157263
4.5812,68.718,2.54375,-3.3882187720678623
4.5812,68.718,2.546875,-3.354361685474428
4.5812,68.718,2.5500000000000003,-3.311303729274096
4.5812,68.718,2.553125,-3.251977034134562
4.5812,68.718,2.5562500000000004,-3.181477354189846
4.5812,68.718,2.559375,-3.100309682805295
4.5812,68.718,2.5625,-3.016100041202013
4.5812,68.718,2.5656250000000003,-2.93160365150747
4.5812,68.718,2.56875,-2.849715166793323
4.5812,68.718,2.5718750000000004,-2.7746246973290214
4.5812,68.718,2.575,-2.708623187351767
4.5812,68.718,2.578125,-2.658109596469944
4.5812,68.718,2.5812500000000003,-2.6238495542649556
4.5812,68.718,2.584375,-2.6079533266589685
4.5812,68.718,2.5875000000000004,-2.6126223759436726
4.5812,68.718,2.590625,-2.6385334832675147
4.5812,68.718,2.59375,-2.6826774110108014
4.5812,68.718,2.5968750000000003,-2.7472168379965174
4.5812,68.718,2.6,-2.8224578764326713
4.5812,68.718,2.6031250000000004,-2.916040656305186
4.5812,68.718,2.60625,-3.015179584329606
4.5812,68.718,2.609375,-3.1089816933034617
4.5812,68.718,2.6125000000000003,-3.1973658348922633
4.5812,68.718,2.615625,-3.2754267134818797
4.5812,68.718,2.6187500000000004,-3.3431676767282648
4.5812,68.718,2.621875,-3.401427871279428
4.5812,68.718,2.625,-3.439159318152592
4.5812,68.718,2.6281250000000003,-3.4595611967259607
4.5812,68.718,2.63125,-3.465667659455851
4.5812,68.718,2.6343750000000004,-3.453459948362867
4.5812,68.718,2.6375,-3.4249485660711523
4.5812,68.718,2.640625,-3.3852289450319533
4.5812,68.718,2.6437500000000003,-3.3370050010984875
4.5812,68.718,2.646875,-3.2770913261358015
4.5812,68.718,2.6500000000000004,-3.215131734132297
4.5812,68.718,2.653125,-3.1466396896109536
4.5812,68.718,2.65625,-3.0787301889220053
4.5812,68.718,2.6593750000000003,-3.0085833910853332
4.5812,68.718,2.6625,-2.9448499656923883
4.5812,68.718,2.6656250000000004,-2.886186683548904
4.5812,68.718,2.66875,-2.833241466729442
4.5812,68.718,2.671875,-2.797420305746506
4.5812,68.718,2.6750000000000003,-2.7717380150811683
4.5812,68.718,2.678125,-2.7602655202609423
4.5812,68.718,2.6812500000000004,-2.7658662430101084
4.5812,68.718,2.684375,-2.7839473708808993
4.5812,68.718,2.6875,-2.817064573536205
4.5812,68.718,2.6906250000000003,-2.8685718330835037
4.5812,68.718,2.69375,-2.928491342799447
4.5812,68.718,2.6968750000000004,-3.001091068737095
4.5812,68.718,2.7,-3.0797274879479772
4.5812,68.718,2.703125,-3.157727083446708
4.5812,68.718,2.7062500000000003,-3.235265711262192
4.5812,68.718,2.709375,-3.3071316270882054
4.5812,68.718,2.7125000000000004,-3.3701395535386465
4.5812,68.718,2.715625,-3.417374046603049
4.5812,68.718,2.71875,-3.4555857013735753
4.5812,68.718,2.7218750000000003,-3.4762893371970502
4.5812,68.718,2.725,-3.487440577399563
4.5812,68.718,2.7281250000000004,-3.488178570562705
4.5812,68.718,2.73125,-3.476782047342514
4.5812,68.718,2.734375,-3.4614205293215794
4.5812,68.718,2.7375000000000003,-3.434865214726041
4.5812,68.718,2.740625,-3.4099830000271423
4.5812,68.718,2.7437500000000004,-3.400689243243597
4.5812,68.718,2.746875,-3.3888654068090323
4.5812,68.718,2.75,-3.355791476341289
4.5812,68.718,2.7531250000000003,-3.2911851061625326
4.5812,68.718,2.75625,-3.2046748876438222
4.5812,68.718,2.7593750000000004,-3.1342448685797026
4.5812,68.718,2.7625,-3.0872512267931125
4.5812,68.718,2.765625,-3.063812703478326
4.5812,68.718,2.7687500000000003,-3.059771762504173
4.5812,68.718,2.771875,-3.07504013045118
4.5812,68.718,2.7750000000000004,-3.1090539274515505
4.5812,68.718,2.778125,-3.157377984768703
4.5812,68.718,2.78125,-3.2211522946822644
4.5812,68.718,2.7843750000000003,-3.2951820412920347
4.5812,68.718,2.7875,-3.3776524984673664
4.5812,68.718,2.7906250000000004,-3.4594397791847786
4.5812,68.718,2.79375,-3.5425592048401917
4.5812,68.718,2.796875,-3.6208497319723105
4.5812,68.718,2.8000000000000003,-3.6878074129507734
4.5812,68.718,2.803125,-3.744573713540026
4.5812,68.718,2.8062500000000004,-3.7852043220805855
4.5812,68.718,2.809375,-3.8085296925363736
4.5812,68.718,2.8125,-3.8142848172164596
4.5812,68.718,2.8156250000000003,-3.8040888742016206
4.5812,68.718,2.81875,-3.782201411824005
4.5812,68.718,2.8218750000000004,-3.7503478956890834
4.5812,68.718,2.825,-3.705083902359327
4.5812,68.718,2.828125,-3.648345796830178
4.5812,68.718,2.8312500000000003,-3.5898450129962045
4.5812,68.718,2.834375,-3.526594476582614
4.5812,68.718,2.8375000000000004,-3.462469635800396
4.5812,68.718,2.840625,-3.403671536300976
4.5812,68.718,2.84375,-3.346422895826348
4.5812,68.718,2.8468750000000003,-3.300529265542949
4.5812,68.718,2.85,-3.2606171337285246
4.5812,68.718,2.8531250000000004,-3.2305240696798085
4.5812,68.718,2.85625,-3.216351793583935
4.5812,68.718,2.859375,-3.2117491839041823
4.5812,68.718,2.8625000000000003,-3.222680653093831
4.5812,68.718,2.865625,-3.2512714975161288
4.5812,68.718,2.8687500000000004,-3.2925198046151873
4.5812,68.718,2.871875,-3.3474331528436125
4.5812,68.718,2.875,-3.409685836046587
4.5812,68.718,2.8781250000000003,-3.48310972588578
4.5812,68.718,2.88125,-3.5578680529156763
4.5812,68.718,2.8843750000000004,-3.631884753885386
4.5812,68.718,2.8875,-3.70564726119293
4.5812,68.718,2.890625,-3.769291266434349
4.5812,68.718,2.8937500000000003,-3.8302903711201477
4.5812,68.718,2.896875,-3.8779555358722333
4.5812,68.718,2.9000000000000004,-3.915640251032972
4.5812,68.718,2.903125,-3.942899173732693
4.5812,68.718,2.90625,-3.9545902971750695
4.5812,68.718,2.9093750000000003,-3.95423752534368
4.5812,68.718,2.9125,-3.9447196418315644
4.5812,68.718,2.9156250000000004,-3.9221014338522475
4.5812,68.718,2.91875,-3.898849745531214
4.5812,68.718,2.921875,-3.8696748927844555
4.5812,68.718,2.9250000000000003,-3.8326442453491323
4.5812,68.718,2.928125,-3.7924097939159718
4.5812,68.718,2.9312500000000004,-3.7558001334549296
4.5812,68.718,2.934375,-3.721048299128973
4.5812,68.718,2.9375,-3.6916654736482126
4.5812,68.718,2.9406250000000003,-3.6715769639076443
4.5812,68.718,2.94375,-3.6685024938654194
4.5812,68.718,2.9468750000000004,-3.676509020680542
4.5812,68.718,2.95,-3.7052457549601083
4.5812,68.718,2.953125,-3.750512092905978
4.5812,68.718,2.9562500000000003,-3.811554562720797
4.5812,68.718,2.959375,-3.8964587979666296
4.5812,68.718,2.9625000000000004,-3.9992199343831603
4.5812,68.718,2.965625,-4.121087998406248
4.5812,68.718,2.96875,-4.254571452773008
4.5812,68.718,2.9718750000000003,-4.391497092468722
4.5812,68.718,2.975,-4.524723848598979
4.5812,68.718,2.9781250000000004,-4.655580643508761
4.5812,68.718,2.98125,-4.774740789525057
4.5812,68.718,2.984375,-4.872190647012303
4.5812,68.718,2.9875000000000003,-4.946067534854554
4.5812,68.718,2.990625,-4.990233742559596
4.5812,68.718,2.9937500000000004,-5.003998891320429
4.5812,68.718,2.996875,-4.989603792924769
4.5812,68.718,3,-4.946066062153229
4.5812,68.718,3.0031250000000003,-4.885322991775148
4.5812,68.718,3.00625,-4.798730118038017
4.5812,68.718,3.0093750000000004,-4.700673833580833
4.5812,68.718,3.0125,-4.594415909631272
4.5812,68.718,3.015625,-4.487627110521047
4.5812,68.718,3.0187500000000003,-4.381829514671396
4.5812,68.718,3.021875,-4.281559123159712
4.5812,68.718,3.0250000000000004,-4.19077542434945
4.5812,68.718,3.028125,-4.108982584293188
4.5812,68.718,3.03125,-4.04685990575015
4.5812,68.718,3.0343750000000003,-3.997904408510017
4.5812,68.718,3.0375,-3.963365684111091
4.5812,68.718,3.0406250000000004,-3.952961539706104
4.5812,68.718,3.04375,-3.956878407670801
4.5812,68.718,3.046875,-3.977262877429027
4.5812,68.718,3.0500000000000003,-4.016093220605294
4.5812,68.718,3.053125,-4.058611887137753
4.5812,68.718,3.0562500000000004,-4.116267614193387
4.5812,68.718,3.059375,-4.1809132365591415
4.5812,68.718,3.0625,-4.246602496710526
4.5812,68.718,3.0656250000000003,-4.311405913546968
4.5812,68.718,3.06875,-4.372832617215145
4.5812,68.718,3.0718750000000004,-4.42775217899743
4.5812,68.718,3.075,-4.467984738241056
4.5812,68.718,3.078125,-4.500737282569818
4.5812,68.718,3.0812500000000003,-4.518223911612856
4.5812,68.718,3.084375,-4.51755357597258
4.5812,68.718,3.0875000000000004,-4.507613144381706
4.5812,68.718,3.090625,-4.479983364547817
4.5812,68.718,3.09375,-4.4477170256759
4.5812,68.718,3.0968750000000003,-4.396555078002032
4.5812,68.718,3.1,-4.34575023167032
4.5812,68.718,3.1031250000000004,-4.286042581077976
4.5812,68.718,3.10625,-4.22118224770357
4.5812,68.718,3.109375,-4.15624040871924
4.5812,68.718,3.1125000000000003,-4.092254350143985
4.5812,68.718,3.115625,-4.031172495972529
4.5812,68.718,3.1187500000000004,-3.963294945165601
4.5812,68.718,3.121875,-3.907852298464021
4.5812,68.718,3.125,-3.863677943268706
4.5812,68.718,3.1281250000000003,-3.830967086703483
4.5812,68.718,3.13125,-3.811174069481911
4.5812,68.718,3.1343750000000004,-3.811365972644909
4.5812,68.718,3.1375,-3.8286666238691924
4.5812,68.718,3.140625,-3.8642884445719434
4.5812,68.718,3.1437500000000003,-3.916365676271731
4.5812,68.718,3.146875,-3.9814298393994525
4.5812,68.718,3.1500000000000004,-4.055994341320896
4.5812,68.718,3.153125,-4.135490644752266
4.5812,68.718,3.15625,-4.213748544091188
4.5812,68.718,3.1593750000000003,-4.297169060162188
4.5812,68.718,3.1625,-4.369713980126265
4.5812,68.718,3.1656250000000004,-4.435096746220263
4.5812,68.718,3.16875,-4.486780201235999
4.5812,68.718,3.171875,-4.523147803176916
4.5812,68.718,3.1750000000000003,-4.542911446743286
4.5812,68.718,3.178125,-4.54964164966375
4.5812,68.718,3.1812500000000004,-4.542896334067025
4.5812,68.718,3.184375,-4.5233089386406675
4.5812,68.718,3.1875,-4.489713139946672
4.5812,68.718,3.1906250000000003,-4.450129073057531
4.5812,68.718,3.19375,-4.400472126303013
4.5812,68.718,3.1968750000000004,-4.348555342454516
4.5812,68.718,3.2,-4.287928383772759
4.5812,68.718,3.203125,-4.2266401922562755
4.5812,68.718,3.2062500000000003,-4.172005357893405
4.5812,68.718,3.209375,-4.116223934375624
4.5812,68.718,3.2125000000000004,-4.066122301769659
4.5812,68.718,3.215625,-4.026486196933153
4.5812,68.718,3.21875,-3.995660574041616
4.5812,68.718,3.2218750000000003,-3.9752490578021376
4.5812,68.718,3.225,-3.96360624432325
4.5812,68.718,3.2281250000000004,-3.965806021886938
4.5812,68.718,3.23125,-3.981420371788093
4.5812,68.718,3.234375,-4.009368410812392
4.5812,68.718,3.2375000000000003,-4.053020813833769
4.5812,68.718,3.240625,-4.110389810924203
4.5812,68.718,3.2437500000000004,-4.171508283680924
4.5812,68.718,3.246875,-4.2349584930343855
4.5812,68.718,3.25,-4.300257405539301
4.5812,68.718,3.2531250000000003,-4.360819398230011
4.5812,68.718,3.25625,-4.412510863360824
4.5812,68.718,3.2593750000000004,-4.462374139727205
4.5812,68.718,3.2625,-4.497757613492399
4.5812,68.718,3.265625,-4.511828327249578
4.5812,68.718,3.2687500000000003,-4.518745791375204
4.5812,68.718,3.271875,-4.510183246499386
4.5812,68.718,3.2750000000000004,-4.47994280947098
4.5812,68.718,3.278125,-4.43939742196395
4.5812,68.718,3.28125,-4.38587704371649
4.5812,68.718,3.2843750000000003,-4.336088039210251
4.5812,68.718,3.2875,-4.282468054994349
4.5812,68.718,3.2906250000000004,-4.230354424991964
4.5812,68.718,3.29375,-4.188165253995386
4.5812,68.718,3.296875,-4.142852179219512
4.5812,68.718,3.3000000000000003,-4.109430467435314
4.5812,68.718,3.303125,-4.08048843845826
4.5812,68.718,3.3062500000000004,-4.063941897019898
4.5812,68.718,3.309375,-4.059454466712697
4.5812,68.718,3.3125,-4.063830723867525
4.5812,68.718,3.3156250000000003,-4.08445024947829
4.5812,68.718,3.31875,-4.1174357028753485
4.5812,68.718,3.3218750000000004,-4.159505826772944
4.5812,68.718,3.325,-4.224773851803178
4.5812,68.718,3.328125,-4.298984470408992
4.5812,68.718,3.3312500000000003,-4.379271235848668
4.5812,68.718,3.334375,-4.469840151500438
4.5812,68.718,3.3375000000000004,-4.567606240939805
4.5812,68.718,3.340625,-4.661234585747148
4.5812,68.718,3.34375,-4.7558230190258515
4.5812,68.718,3.3468750000000003,-4.843940551644612
4.5812,68.718,3.35,-4.923131788140738
4.5812,68.718,3.3531250000000004,-4.979225641391225
4.5812,68.718,3.35625,-5.03139603627317
4.5812,68.718,3.359375,-5.06230221620796
4.5812,68.718,3.3625000000000003,-5.075582933658913
4.5812,68.718,3.365625,-5.078706588205916
4.5812,68.718,3.3687500000000004,-5.064493403148135
4.5812,68.718,3.371875,-5.039617770517143
4.5812,68.718,3.375,-5.006327365225659
4.5812,68.718,3.3781250000000003,-4.960878091853073
4.5812,68.718,3.38125,-4.916035011527653
4.5812,68.718,3.3843750000000004,-4.871450823486137
4.5812,68.718,3.3875,-4.82988336493443
4.5812,68.718,3.390625,-4.789919042837093
4.5812,68.718,3.3937500000000003,-4.760080286441576
4.5812,68.718,3.396875,-4.738289560595595
4.5812,68.718,3.4000000000000004,-4.722045245810216
4.5812,68.718,3.403125,-4.731609104873944
4.5812,68.718,3.40625,-4.755906782119158
4.5812,68.718,3.4093750000000003,-4.789273952768454
4.5812,68.718,3.4125,-4.846302026033522
4.5812,68.718,3.4156250000000004,-4.914476433028128
4.5812,68.718,3.41875,-4.992028875227989
4.5812,68.718,3.421875,-5.077944254567308
4.5812,68.718,3.4250000000000003,-5.1595371644839725
4.5812,68.718,3.428125,-5.2453016985363075
4.5812,68.718,3.4312500000000004,-5.319689425331957
4.5812,68.718,3.434375,-5.382176770173706
4.5812,68.718,3.4375,-5.437269771384207
4.5812,68.718,3.4406250000000003,-5.4699288607959975
4.5812,68.718,3.44375,-5.48786125575055
4.5812,68.718,3.4468750000000004,-5.4886144348352195
4.5812,68.718,3.45,-5.47016314034471
4.5812,68.718,3.453125,-5.434361408060058
4.5812,68.718,3.4562500000000003,-5.38482177412731
4.5812,68.718,3.459375,-5.334493373976478
4.5812,68.718,3.4625000000000004,-5.278224185973092
4.5812,68.718,3.465625,-5.210310482223919
4.5812,68.718,3.46875,-5.143280457751853
4.5812,68.718,3.4718750000000003,-5.076277778292837
4.5812,68.718,3.475,-5.012530178447467
4.5812,68.718,3.4781250000000004,-4.951033252955247
4.5812,68.718,3.48125,-4.891536852661149
4.5812,68.718,3.484375,-4.845541335880959
4.5812,68.718,3.4875000000000003,-4.8065495270079746
4.5812,68.718,3.490625,-4.777602343307662
4.5812,68.718,3.4937500000000004,-4.767809421520461
4.5812,68.718,3.496875,-4.774819984682356
4.5812,68.718,3.5,-4.799665597881709
4.5812,68.718,3.5031250000000003,-4.847248686323591
4.5812,68.718,3.50625,-4.9133436264632655
4.5812,68.718,3.5093750000000004,-4.996251045040346
4.5812,68.718,3.5125,-5.080957534463861
4.5812,68.718,3.515625,-5.152530522457074
4.5812,68.718,3.5187500000000003,-5.20983506751044
4.5812,68.718,3.521875,-5.263619496232307
4.5812,68.718,3.5250000000000004,-5.318762789290718
4.5812,68.718,3.528125,-5.365597165015842
4.5812,68.718,3.53125,-5.405826414312895
4.5812,68.718,3.5343750000000003,-5.428501299610135
4.5812,68.718,3.5375,-5.439993934377133
4.5812,68.718,3.5406250000000004,-5.433419649216187
4.5812,68.718,3.54375,-5.405765789496715
4.5812,68.718,3.546875,-5.360038118350181
4.5812,68.718,3.5500000000000003,-5.305259747261122
4.5812,68.718,3.553125,-5.236745080950133
4.5812,68.718,3.5562500000000004,-5.15759087848785
4.5812,68.718,3.559375,-5.080676377164007
4.5812,68.718,3.5625,-5.003726958102859
4.5812,68.718,3.5656250000000003,-4.9297565231816876
4.5812,68.718,3.56875,-4.854680885961139
4.5812,68.718,3.5718750000000004,-4.793971449406763
4.5812,68.718,3.575,-4.740694475128054
4.5812,68.718,3.5781250000000004,-4.6912801718719574
4.5812,68.718,3.5812500000000003,-4.662496679678681
4.5812,68.718,3.584375,-4.647238892079893
4.5812,68.718,3.5875000000000004,-4.640071178170858
4.5812,68.718,3.590625,-4.652401060183356
4.5812,68.718,3.5937500000000004,-4.679171520128714
4.5812,68.718,3.5968750000000003,-4.71955848288087
4.5812,68.718,3.6,-4.765666094443931
4.5812,68.718,3.6031250000000004,-4.828024723975439
4.5812,68.718,3.60625,-4.903496474528638
4.5812,68.718,3.6093750000000004,-4.981277110274849
4.5812,68.718,3.6125000000000003,-5.062456301620909
4.5812,68.718,3.615625,-5.1330225866298465
4.5812,68.718,3.6187500000000004,-5.194175563406783
4.5812,68.718,3.621875,-5.2382253960109795
4.5812,68.718,3.6250000000000004,-5.270298836576709
4.5812,68.718,3.6281250000000003,-5.290001613540699
4.5812,68.718,3.63125,-5.301437777588703
4.5812,68.718,3.6343750000000004,-5.302501026237491
4.5812,68.718,3.6375,-5.30535522252443
4.5812,68.718,3.6406250000000004,-5.309249946016166
4.5812,68.718,3.6437500000000003,-5.327704229448591
4.5812,68.718,3.646875,-5.3307887822610365
4.5812,68.718,3.6500000000000004,-5.295750163710739
4.5812,68.718,3.653125,-5.232272945749472
4.5812,68.718,3.6562500000000004,-5.167347002082092
4.5812,68.718,3.6593750000000003,-5.124855605466799
4.5812,68.718,3.6625,-5.099174393016397
4.5812,68.718,3.6656250000000004,-5.086173609464565
4.5812,68.718,3.66875,-5.09333574808045
4.5812,68.718,3.6718750000000004,-5.11575219081024
4.5812,68.718,3.6750000000000003,-5.155385032410993
4.5812,68.718,3.678125,-5.216702741567892
4.5812,68.718,3.6812500000000004,-5.288094830342892
4.5812,68.718,3.684375,-5.378047634333456
4.5812,68.718,3.6875000000000004,-5.482466258618076
4.5812,68.718,3.6906250000000003,-5.599010206413646
4.5812,68.718,3.69375,-5.728705198863895
4.5812,68.718,3.6968750000000004,-5.867140975100088
4.5812,68.718,3.7,-6.006021051600094
4.5812,68.718,3.7031250000000004,-6.1400354006754885
4.5812,68.718,3.7062500000000003,-6.271697880677843
4.5812,68.718,3.709375,-6.398413545125412
4.5812,68.718,3.7125000000000004,-6.5067869979302815
4.5812,68.718,3.715625,-6.60276077739725
4.5812,68.718,3.7187500000000004,-6.680373214398363
4.5812,68.718,3.7218750000000003,-6.7330174411249395
4.5812,68.718,3.725,-6.771093877112994
4.5812,68.718,3.7281250000000004,-6.772292784692975
4.5812,68.718,3.73125,-6.762293538851337
4.5812,68.718,3.7343750000000004,-6.737541823555297
4.5812,68.718,3.7375000000000003,-6.703315594038692
4.5812,68.718,3.740625,-6.670336803335081
4.5812,68.718,3.7437500000000004,-6.630246493743519
4.5812,68.718,3.746875,-6.585459347430404
4.5812,68.718,3.7500000000000004,-6.550716404854242
4.5812,68.718,3.7531250000000003,-6.516969552734727
4.5812,68.718,3.75625,-6.49398352404623
4.5812,68.718,3.7593750000000004,-6.484560022228463
4.5812,68.718,3.7625,-6.493500915059137
4.5812,68.718,3.7656250000000004,-6.511110049863886
4.5812,68.718,3.7687500000000003,-6.548655178901374
4.5812,68.718,3.771875,-6.602340227290289
4.5812,68.718,3.7750000000000004,-6.662034254068421
4.5812,68.718,3.778125,-6.740753775451753
4.5812,68.718,3.7812500000000004,-6.828491435820956
4.5812,68.718,3.7843750000000003,-6.9242044711147575
4.5812,68.718,3.7875,-7.020486627253648
4.5812,68.718,3.7906250000000004,-7.104013917352653
4.5812,68.718,3.79375,-7.187304787236986
4.5812,68.718,3.7968750000000004,-7.256886270939537
4.5812,68.718,3.8000000000000003,-7.297502594970942
4.5812,68.718,3.803125,-7.321287297927191
4.5812,68.718,3.8062500000000004,-7.322997350718663
4.5812,68.718,3.809375,-7.297311651794825
4.5812,68.718,3.8125000000000004,-7.248082134304939
4.5812,68.718,3.8156250000000003,-7.174076005110468
4.5812,68.718,3.81875,-7.09321203738014
4.5812,68.718,3.8218750000000004,-6.99993958251047
4.5812,68.718,3.825,-6.898866979980266
4.5812,68.718,3.8281250000000004,-6.807708640485456
4.5812,68.718,3.8312500000000003,-6.719073466067805
4.5812,68.718,3.834375,-6.6434641907427405
4.5812,68.718,3.8375000000000004,-6.580113127167918
4.5812,68.718,3.840625,-6.535335901223192
4.5812,68.718,3.8437500000000004,-6.5106558227793965
4.5812,68.718,3.8468750000000003,-6.499628510776261
4.5812,68.718,3.85,-6.494480655118174
4.5812,68.718,3.8531250000000004,-6.50533919201859
4.5812,68.718,3.85625,-6.535772787976681
4.5812,68.718,3.8593750000000004,-6.587563063045749
4.5812,68.718,3.8625000000000003,-6.6537289633880174
4.5812,68.718,3.865625,-6.733456503520497
4.5812,68.718,3.8687500000000004,-6.825055429458402
4.5812,68.718,3.871875,-6.9369791652698005
4.5812,68.718,3.8750000000000004,-7.0534118779486885
4.5812,68.718,3.8781250000000003,-7.180880085849532
4.5812,68.718,3.88125,-7.298430015038187
4.5812,68.718,3.8843750000000004,-7.423073342853278
4.5812,68.718,3.8875,-7.534072241366745
4.5812,68.718,3.8906250000000004,-7.621222580920155
4.5812,68.718,3.8937500000000003,-7.696584848716337
4.5812,68.718,3.896875,-7.736642051636019
4.5812,68.718,3.9000000000000004,-7.755458984482352
4.5812,68.718,3.903125,-7.743697216471224
4.5812,68.718,3.9062500000000004,-7.711032678843791
4.5812,68.718,3.9093750000000003,-7.654833689076907
4.5812,68.718,3.9125,-7.590299829165307
4.5812,68.718,3.9156250000000004,-7.511365490727863
4.5812,68.718,3.91875,-7.430071246292922
4.5812,68.718,3.9218750000000004,-7.347336875214397
4.5812,68.718,3.9250000000000003,-7.268723949298799
4.5812,68.718,3.928125,-7.203431921437255
4.5812,68.718,3.9312500000000004,-7.156317320107409
4.5812,68.718,3.934375,-7.1209785761614075
4.5812,68.718,3.9375000000000004,-7.10977097726777
4.5812,68.718,3.9406250000000003,-7.115746236873308
4.5812,68.718,3.94375,-7.150019887671012
4.5812,68.718,3.9468750000000004,-7.203789187064585
4.5812,68.718,3.95,-7.283644637027235
4.5812,68.718,3.9531250000000004,-7.397445745759566
4.5812,68.718,3.9562500000000003,-7.532471562415914
4.5812,68.718,3.959375,-7.681070657035023
4.5812,68.718,3.9625000000000004,-7.849266492431264
4.5812,68.718,3.965625,-8.026277293307544
4.5812,68.718,3.9687500000000004,-8.200821570406344
4.5812,68.718,3.9718750000000003,-8.369485020878852
4.5812,68.718,3.975,-8.524610107153318
4.5812,68.718,3.9781250000000004,-8.650140569643165
4.5812,68.718,3.98125,-8.74923638841523
4.5812,68.718,3.9843750000000004,-8.80609189213468
4.5812,68.718,3.9875000000000003,-8.829240483429377
4.5812,68.718,3.990625,-8.807084380270904
4.5812,68.718,3.9937500000000004,-8.759042149294629
4.5812,68.718,3.996875,-8.684648722620391
4.5812,68.718,4,-8.588709960214358
4.5812,68.718,4.003125,-8.475589611203121
4.5812,68.718,4.0062500000000005,-8.359375299828375
4.5812,68.718,4.009375,-8.246290465365568
4.5812,68.718,4.0125,-8.138065002656408
4.5812,68.718,4.015625,-8.03823874046065
4.5812,68.718,4.01875,-7.956525367108935
4.5812,68.718,4.0218750000000005,-7.888672229750501
4.5812,68.718,4.025,-7.850151010189608
4.5812,68.718,4.028125,-7.834492946176316
4.5812,68.718,4.03125,-7.844548559451062
4.5812,68.718,4.034375,-7.8861136430224406
4.5812,68.718,4.0375000000000005,-7.954714641398626
4.5812,68.718,4.040625,-8.055010672322986
4.5812,68.718,4.04375,-8.178937495844963
4.5812,68.718,4.046875,-8.32966853146843
4.5812,68.718,4.05,-8.497935367064676
4.5812,68.718,4.0531250000000005,-8.690378593761666
4.5812,68.718,4.05625,-8.89244972222976
4.5812,68.718,4.059375,-9.092698847245725
4.5812,68.718,4.0625,-9.274523798137007
4.5812,68.718,4.065625,-9.449923668036709
4.5812,68.718,4.0687500000000005,-9.587111020941608
4.5812,68.718,4.071875,-9.671478799340365
4.5812,68.718,4.075,-9.711491004830442
4.5812,68.718,4.078125,-9.679314646526727
4.5812,68.718,4.08125,-9.564113154329728
4.5812,68.718,4.0843750000000005,-9.377171485376806
4.5812,68.718,4.0875,-9.174022664350503
4.5812,68.718,4.090625,-8.989889658535226
4.5812,68.718,4.09375,-8.82966557454168
4.5812,68.718,4.096875,-8.68402643783147
4.5812,68.718,4.1000000000000005,-8.546321936485132
4.5812,68.718,4.103125,-8.426156454302134
4.5812,68.718,4.10625,-8.313506621059359
4.5812,68.718,4.109375,-8.227172175316927
4.5812,68.718,4.1125,-8.172876036851989
4.5812,68.718,4.1156250000000005,-8.140372544510466
4.5812,68.718,4.11875,-8.141124900799998
4.5812,68.718,4.121875,-8.165472031764422
4.5812,68.718,4.125,-8.223134249775883
4.5812,68.718,4.128125,-8.3182616108484
4.5812,68.718,4.1312500000000005,-8.432090002015967
4.5812,68.718,4.134375,-8.576915232464446
4.5812,68.718,4.1375,-8.751663957409608
4.5812,68.718,4.140625,-8.934509854509272
4.5812,68.718,4.14375,-9.138292638839031
4.5812,68.718,4.1468750000000005,-9.342682975972066
4.5812,68.718,4.15,-9.534213773118088
4.5812,68.718,4.153125,-9.703080886995386
4.5812,68.718,4.15625,-9.837941677620544
4.5812,68.718,4.159375,-9.923561388469615
4.5812,68.718,4.1625000000000005,-9.958364144017454
4.5812,68.718,4.165625,-9.93414202405207
4.5812,68.718,4.16875,-9.852396159193074
4.5812,68.718,4.171875,-9.731191151630693
4.5812,68.718,4.175,-9.571849113059343
4.5812,68.718,4.1781250000000005,-9.397106209483889
4.5812,68.718,4.18125,-9.203276965063338
4.5812,68.718,4.184375,-9.008329422571931
4.5812,68.718,4.1875,-8.81986311034599
4.5812,68.718,4.190625,-8.655545206246977
4.5812,68.718,4.1937500000000005,-8.502769835510016
4.5812,68.718,4.196875,-8.379153647704698
4.5812,68.718,4.2,-8.285145467010214
4.5812,68.718,4.203125,-8.223908466471933
4.5812,68.718,4.20625,-8.183690008576908
4.5812,68.718,4.2093750000000005,-8.189470675500983
4.5812,68.718,4.2125,-8.210864959554891
4.5812,68.718,4.215625,-8.27887367689279
4.5812,68.718,4.21875,-8.37832152256467
4.5812,68.718,4.221875,-8.503019476372021
4.5812,68.718,4.2250000000000005,-8.671361191529334
4.5812,68.718,4.228125,-8.852171115733716
4.5812,68.718,4.23125,-9.060277857319358
4.5812,68.718,4.234375,-9.276294844128977
4.5812,68.718,4.2375,-9.501512803671321
4.5812,68.718,4.2406250000000005,-9.710105059468734
4.5812,68.718,4.24375,-9.888153863955049
4.5812,68.718,4.246875,-10.049488894765888
4.5812,68.718,4.25,-10.150715237349745
4.5812,68.718,4.253125,-10.197250943135234
4.5812,68.718,4.2562500000000005,-10.1996093982987
4.5812,68.718,4.259375,-10.137120905260995
4.5812,68.718,4.2625,-10.020768742571217
4.5812,68.718,4.265625,-9.878972194433043
4.5812,68.718,4.26875,-9.709709937794395
4.5812,68.718,4.2718750000000005,-9.520977482729432
4.5812,68.718,4.275,-9.333657762847267
4.5812,68.718,4.278125,-9.14755859951137
4.5812,68.718,4.28125,-8.980750553019377
4.5812,68.718,4.284375000000001,-8.827466731951667
4.5812,68.718,4.2875000000000005,-8.699288481060487
4.5812,68.718,4.290625,-8.607304759201227
4.5812,68.718,4.29375,-8.538603178670488
4.5812,68.718,4.296875,-8.505754668803574
4.5812,68.718,4.300000000000001,-8.503749466810012
4.5812,68.718,4.3031250000000005,-8.538774090668115
4.5812,68.718,4.30625,-8.603386173948076
4.5812,68.718,4.309375,-8.69513115169856
4.5812,68.718,4.3125,-8.819241354545179
4.5812,68.718,4.315625000000001,-8.969704988718009
4.5812,68.718,4.3187500000000005,-9.13620046697243
4.5812,68.718,4.321875,-9.318845900446043
4.5812,68.718,4.325,-9.501449659536416
4.5812,68.718,4.328125,-9.675213547965852
4.5812,68.718,4.331250000000001,-9.82656616722529
4.5812,68.718,4.3343750000000005,-9.952320574285405
4.5812,68.718,4.3375,-10.0186322128309
4.5812,68.718,4.340625,-10.028945670287662
4.5812,68.718,4.34375,-9.987207680637065
4.5812,68.718,4.346875000000001,-9.883841555148456
4.5812,68.718,4.3500000000000005,-9.720340782671471
4.5812,68.718,4.353125,-9.510861593732814
4.5812,68.718,4.35625,-9.25535656514412
4.5812,68.718,4.359375,-9.001896741807563
4.5812,68.718,4.362500000000001,-8.73905567093009
4.5812,68.718,4.3656250000000005,-8.474170084656983
4.5812,68.718,4.36875,-8.241102628323013
4.5812,68.718,4.371875,-8.033817092781577
4.5812,68.718,4.375,-7.874947409899615
4.5812,68.718,4.378125000000001,-7.7473050160832
4.5812,68.718,4.3812500000000005,-7.650775391307468
4.5812,68.718,4.384375,-7.593695202634009
4.5812,68.718,4.3875,-7.54997799092438
4.5812,68.718,4.390625,-7.561242063038774
4.5812,68.718,4.393750000000001,-7.587065958848644
4.5812,68.718,4.3968750000000005,-7.65246308924873
4.5812,68.718,4.4,-7.744583760338269
4.5812,68.718,4.403125,-7.869101264450448
4.5812,68.718,4.40625,-8.030424482012133
4.5812,68.718,4.409375000000001,-8.20193705860638
4.5812,68.718,4.4125000000000005,-8.394782622007117
4.5812,68.718,4.415625,-8.598564726856935
4.5812,68.718,4.41875,-8.799955495910844
4.5812,68.718,4.421875,-8.987609914729175
4.5812,68.718,4.425000000000001,-9.16840687966484
4.5812,68.718,4.4281250000000005,-9.320772868667058
4.5812,68.718,4.43125,-9.454793521702697
4.5812,68.718,4.434375,-9.566317766443937
4.5812,68.718,4.4375,-9.4934748603405
4.5812,68.718,4.440625000000001,-9.332443815716298
4.5812,68.718,4.4437500000000005,-9.155108426989747
4.5812,68.718,4.446875,-8.959323891430289
4.5812,68.718,4.45,-8.734887007619726
4.5812,68.718,4.453125,-8.502649251471903
4.5812,68.718,4.456250000000001,-8.276454970175877
4.5812,68.718,4.4593750000000005,-8.065646135836715
4.5812,68.718,4.4625,-7.876810824877647
4.5812,68.718,4.465625,-7.706042726124417
4.5812,68.718,4.46875,-7.570378769200134
4.5812,68.718,4.471875000000001,-7.457321854559157
4.5812,68.718,4.4750000000000005,-7.375694133980074
4.5812,68.718,4.478125,-7.316340857240242
4.5812,68.718,4.48125,-7.288535381504707
4.5812,68.718,4.484375,-7.286821212880872
4.5812,68.718,4.487500000000001,-7.3111979261454385
4.5812,68.718,4.4906250000000005,-7.360134385085207
4.5812,68.718,4.49375,-7.435604665293923
4.5812,68.718,4.496875,-7.529513662746421
4.5812,68.718,4.5,-7.636677132557317
4.5812,68.718,4.503125000000001,-7.755874068982451
4.5812,68.718,4.5062500000000005,-7.880585195853849
4.5812,68.718,4.509375,-7.992509792953234
4.5812,68.718,4.5125,-8.091256034391668
4.5812,68.718,4.515625,-8.167683565564264
4.5812,68.718,4.518750000000001,-8.208726467535248
4.5812,68.718,4.5218750000000005,-8.20673413845914
4.5812,68.718,4.525,-8.165752606546476
4.5812,68.718,4.528125,-8.090741363726382
4.5812,68.718,4.53125,-7.976108801083759
4.5812,68.718,4.534375000000001,-7.865013544440332
4.5812,68.718,4.5375000000000005,-7.7832153813288105
4.5812,68.718,4.540625,-7.688110088501068
4.5812,68.718,4.54375,-7.46490026937736
4.5812,68.718,4.546875,-7.185374795694623
4.5812,68.718,4.550000000000001,-6.927351962344233
4.5812,68.718,4.5531250000000005,-6.691908930656163
4.5812,68.718,4.55625,-6.496602259625338
4.5812,68.718,4.559375,-6.3352252463707535
4.5812,68.718,4.5625,-6.18753660914024
4.5812,68.718,4.565625000000001,-6.075430188552944
4.5812,68.718,4.5687500000000005,-5.982359226298043
4.5812,68.718,4.571875,-5.918503429573344
4.5812,68.718,4.575,-5.883238645452198
4.5812,68.718,4.578125,-5.8751770547373505
4.5812,68.718,4.581250000000001,-5.889438127235097
4.5812,68.718,4.5843750000000005,-5.934536710163019
4.5812,68.718,4.5875,-5.996264885364235
4.5812,68.718,4.590625,-6.0830144156322365
4.5812,68.718,4.59375,-6.189421969139998
4.5812,68.718,4.596875000000001,-6.3018255619663455
4.5812,68.718,4.6000000000000005,-6.431121398328903
4.5812,68.718,4.603125,-6.554670601679313
4.5812,68.718,4.60625,-6.672178519548945
4.5812,68.718,4.609375,-6.776678102330274
4.5812,68.718,4.612500000000001,-6.8555390190097585
4.5812,68.718,4.6156250000000005,-6.91674813318104
4.5812,68.718,4.61875,-6.939844552544365
4.5812,68.718,4.621875,-6.92029177187438
4.5812,68.718,4.625,-6.86979575846545
4.5812,68.718,4.628125000000001,-6.781759796522008
4.5812,68.718,4.6312500000000005,-6.669359962568819
4.5812,68.718,4.634375,-6.53479677901357
4.5812,68.718,4.6375,-6.387188169271615
4.5812,68.718,4.640625,-6.23035898571832
4.5812,68.718,4.643750000000001,-6.073942766845248
4.5812,68.718,4.6468750000000005,-5.9291995310624115
4.5812,68.718,4.65,-5.786726896692956
4.5812,68.718,4.653125,-5.659195683769013
4.5812,68.718,4.65625,-5.541305551175462
4.5812,68.718,4.659375000000001,-5.44859405888762
4.5812,68.718,4.6625000000000005,-5.368566250032513
4.5812,68.718,4.665625,-5.307287989843425
4.5812,68.718,4.66875,-5.2609010974524795
4.5812,68.718,4.671875,-5.237952311729086
4.5812,68.718,4.675000000000001,-5.221994317932875
4.5812,68.718,4.6781250000000005,-5.212577039868989
4.5812,68.718,4.68125,-5.205574565061964
4.5812,68.718,4.684375,-5.272206728229426
4.5812,68.718,4.6875,-5.384836004840477
4.5812,68.718,4.690625000000001,-5.468430291902113
4.5812,68.718,4.6937500000000005,-5.544185477223618
4.5812,68.718,4.696875,-5.605517773172172
4.5812,68.718,4.7,-5.646845067875966
4.5812,68.718,4.703125,-5.674596080091419
4.5812,68.718,4.706250000000001,-5.678118163468067
4.5812,68.718,4.7093750000000005,-5.644345284893861
4.5812,68.718,4.7125,-5.582929774201984
4.5812,68.718,4.715625,-5.488001324605339
4.5812,68.718,4.71875,-5.371666716017395
4.5812,68.718,4.721875000000001,-5.228170342956471
4.5812,68.718,4.7250000000000005,-5.067175695486709
4.5812,68.718,4.728125,-4.898445727853119
4.5812,68.718,4.73125,-4.725590009864187
4.5812,68.718,4.734375,-4.558562431624785
4.5812,68.718,4.737500000000001,-4.398389877513307
4.5812,68.718,4.7406250000000005,-4.250059954052468
4.5812,68.718,4.74375,-4.118431098359295
4.5812,68.718,4.746875,-4.001647278302723
4.5812,68.718,4.75,-3.907239538229918
4.5812,68.718,4.753125000000001,-3.829453600996125
4.5812,68.718,4.7562500000000005,-3.7701710194693865
4.5812,68.718,4.759375,-3.7303525076308497
4.5812,68.718,4.7625,-3.7078060197623497
4.5812,68.718,4.765625,-3.701747068358017
4.5812,68.718,4.768750000000001,-3.716704033574608
4.5812,68.718,4.7718750000000005,-3.7422596900332743
4.5812,68.718,4.775,-3.785861963467798
4.5812,68.718,4.778125,-3.8354227521588213
4.5812,68.718,4.78125,-3.8989404677227486
4.5812,68.718,4.784375000000001,-3.971374682235289
4.5812,68.718,4.7875000000000005,-4.045655795420647
4.5812,68.718,4.790625,-4.11818856063424
4.5812,68.718,4.79375,-4.184878836102464
4.5812,68.718,4.796875,-4.240318731153887
4.5812,68.718,4.800000000000001,-4.279722177295474
4.5812,68.718,4.8031250000000005,-4.29951644963165
4.5812,68.718,4.80625,-4.295522774532373
4.5812,68.718,4.809375,-4.274744801919027
4.5812,68.718,4.8125,-4.234015732759259
4.5812,68.718,4.815625000000001,-4.17425354337688
4.5812,68.718,4.8187500000000005,-4.106499830604865
4.5812,68.718,4.821875,-4.0308253400565475
4.5812,68.718,4.825,-3.9471412234800134
4.5812,68.718,4.828125,-3.8675266277378517
4.5812,68.718,4.831250000000001,-3.7935250260829796
4.5812,68.718,4.8343750000000005,-3.728667814110746
4.5812,68.718,4.8375,-3.674069433183006
4.5812,68.718,4.840625,-3.6336994036352444
4.5812,68.718,4.84375,-3.6157108420089967
4.5812,68.718,4.846875000000001,-3.614387877255178
4.5812,68.718,4.8500000000000005,-3.627299672065192
4.5812,68.718,4.853125,-3.6636818097429673
4.5812,68.718,4.85625,-3.717726987571263
4.5812,68.718,4.859375,-3.789751236048384
4.5812,68.718,4.862500000000001,-3.8890132647612177
4.5812,68.718,4.8656250000000005,-3.992917457816363
4.5812,68.718,4.86875,-4.118220420102575
4.5812,68.718,4.871875,-4.257902180756656
4.5812,68.718,4.875,-4.399728903276333
4.5812,68.718,4.878125000000001,-4.544905987832713
4.5812,68.718,4.8812500000000005,-4.684099730440318
4.5812,68.718,4.884375,-4.810222774838644
4.5812,68.718,4.8875,-4.920042882298397
4.5812,68.718,4.890625,-4.9964602397060185
4.5812,68.718,4.893750000000001,-5.047651549628158
4.5812,68.718,4.8968750000000005,-5.0621862528194805
4.5812,68.718,4.9,-5.0406546888906405
4.5812,68.718,4.903125,-4.995260226629229
4.5812,68.718,4.90625,-4.921505500650632
4.5812,68.718,4.909375000000001,-4.836671948581466
4.5812,68.718,4.9125000000000005,-4.735468735814463
4.5812,68.718,4.915625,-4.633013967650097
4.5812,68.718,4.91875,-4.533144472751541
4.5812,68.718,4.921875,-4.435396442973968
4.5812,68.718,4.925000000000001,-4.348848387764096
4.5812,68.718,4.9281250000000005,-4.279647180809793
4.5812,68.718,4.93125,-4.223551040361785
4.5812,68.718,4.934375,-4.1859305062051355
4.5812,68.718,4.9375,-4.165716700000866
4.5812,68.718,4.940625000000001,-4.170218894991365
4.5812,68.718,4.9437500000000005,-4.196165290314387
4.5812,68.718,4.946875,-4.232896985473158
4.5812,68.718,4.95,-4.297191209411194
4.5812,68.718,4.953125,-4.375266216208954
4.5812,68.718,4.956250000000001,-4.476581221782256
4.5812,68.718,4.9593750000000005,-4.592449803767657
4.5812,68.718,4.9625,-4.722977999509444
4.5812,68.718,4.965625,-4.866614657653815
4.5812,68.718,4.96875,-5.017671864547333
4.5812,68.718,4.971875000000001,-5.171844643867977
4.5812,68.718,4.9750000000000005,-5.316878477660227
4.5812,68.718,4.978125,-5.453313816190317
4.5812,68.718,4.98125,-5.5694406820627425
4.5812,68.718,4.984375,-5.6618002130883
4.5812,68.718,4.987500000000001,-5.722728857604147
4.5812,68.718,4.9906250000000005,-5.7486975005319145
4.5812,68.718,4.99375,-5.7399182259779105
4.5812,68.718,4.996875,-5.702742621202218
4.5812,68.718,5,-5.642674155395878
4.5812,68.718,5.003125000000001,-5.548512366264381
4.5812,68.718,5.0062500000000005,-5.460241034296231
4.5812,68.718,5.009375,-5.35638396507212
4.5812,68.718,5.0125,-5.263425215906445
4.5812,68.718,5.015625,-5.164992122801864
4.5812,68.718,5.018750000000001,-5.077545769158055
4.5812,68.718,5.0218750000000005,-5.010655919484687
4.5812,68.718,5.025,-4.956950017626549
4.5812,68.718,5.028125,-4.9233207974709545
4.5812,68.718,5.03125,-4.9171222133908
4.5812,68.718,5.034375000000001,-4.928740625958204
4.5812,68.718,5.0375000000000005,-4.968835893236695
4.5812,68.718,5.040625,-5.025177733651837
4.5812,68.718,5.04375,-5.106456060549275
4.5812,68.718,5.046875,-5.209143088368276
4.5812,68.718,5.050000000000001,-5.327396651607517
4.5812,68.718,5.0531250000000005,-5.471599419123576
4.5812,68.718,5.05625,-5.625509080785408
4.5812,68.718,5.059375,-5.77961192793964
4.5812,68.718,5.0625,-5.959888532123343
4.5812,68.718,5.065625000000001,-6.13778750413161
4.5812,68.718,5.0687500000000005,-6.304592171598618
4.5812,68.718,5.071875,-6.46291032592379
4.5812,68.718,5.075,-6.587542922050043
4.5812,68.718,5.078125,-6.652913017119077
4.5812,68.718,5.081250000000001,-6.660754335153004
4.5812,68.718,5.0843750000000005,-6.632100083447402
4.5812,68.718,5.0875,-6.559360197554705
4.5812,68.718,5.090625,-6.455095733910633
4.5812,68.718,5.09375,-6.326971057762898
4.5812,68.718,5.096875000000001,-6.183957940181736
4.5812,68.718,5.1000000000000005,-6.030337417925314
4.5812,68.718,5.103125,-5.859039443458473
4.5812,68.718,5.10625,-5.67705746798003
4.5812,68.718,5.109375,-5.507781387204198
4.5812,68.718,5.112500000000001,-5.361792803262139
4.5812,68.718,5.1156250000000005,-5.240340281633329
4.5812,68.718,5.11875,-5.1422482994193786
4.5812,68.718,5.121875,-5.072103745800498
4.5812,68.718,5.125,-5.024209435466142
4.5812,68.718,5.128125000000001,-5.005294871160297
4.5812,68.718,5.1312500000000005,-5.01182940131967
4.5812,68.718,5.134375,-5.046991048261401
4.5812,68.718,5.1375,-5.099329032618946
4.5812,68.718,5.140625,-5.17667610308273
4.5812,68.718,5.143750000000001,-5.274472744388479
4.5812,68.718,5.1468750000000005,-5.381345011275672
4.5812,68.718,5.15,-5.506193219617685
4.5812,68.718,5.153125,-5.6332308373357325
4.5812,68.718,5.15625,-5.76843759985899
4.5812,68.718,5.159375000000001,-5.893246007396394
4.5812,68.718,5.1625000000000005,-6.012643562231926
4.5812,68.718,5.165625,-6.103860915573116
4.5812,68.718,5.16875,-6.174484015820138
4.5812,68.718,5.171875,-6.220051233046186
4.5812,68.718,5.175000000000001,-6.236526399881316
4.5812,68.718,5.1781250000000005,-6.2182601921809875
4.5812,68.718,5.18125,-6.1710744346690705
4.5812,68.718,5.184375,-6.096300270446511
4.5812,68.718,5.1875,-6.009248943847271
4.5812,68.718,5.190625000000001,-5.908675268913287
4.5812,68.718,5.1937500000000005,-5.801043176194204
4.5812,68.718,5.196875,-5.705724302826472
4.5812,68.718,5.2,-5.615255859755117
4.5812,68.718,5.203125,-5.537924504422582
4.5812,68.718,5.206250000000001,-5.467153820505977
4.5812,68.718,5.2093750000000005,-5.397475177076166
4.5812,68.718,5.2125,-5.339828735266366
4.5812,68.718,5.215625,-5.300970785187871
4.5812,68.718,5.21875,-5.291289928386613
4.5812,68.718,5.221875000000001,-5.319146867157981
4.5812,68.718,5.2250000000000005,-5.371929345121268
4.5812,68.718,5.228125,-5.45962430747444
4.5812,68.718,5.23125,-5.583651596800655
4.5812,68.718,5.234375,-5.733822638483846
4.5812,68.718,5.237500000000001,-5.921677419624998
4.5812,68.718,5.2406250000000005,-6.141985691230584
4.5812,68.718,5.24375,-6.405413346629624
4.5812,68.718,5.246875,-6.7061248509345885
4.5812,68.718,5.25,-7.052662448392086
4.5812,68.718,5.253125000000001,-7.476246401892989
4.5812,68.718,5.2562500000000005,-7.998453271657163
4.5812,68.718,5.259375,-8.723421848672261
4.5812,68.718,5.2625,-9.816255706283988
4.5812,68.718,5.265625,-11.357855687111932
4.5812,68.718,5.268750000000001,-12.008532438905553
4.5812,68.718,5.2718750000000005,-10.44430295313483
4.5812,68.718,5.275,-8.93518809503389
4.5812,68.718,5.278125,-8.055012125682143
4.5812,68.718,5.28125,-7.510042672015428
4.5812,68.718,5.284375000000001,-7.117516351149949
4.5812,68.718,5.2875000000000005,-6.798722285306366
4.5812,68.718,5.290625,-6.52137400375835
4.5812,68.718,5.29375,-6.273524280154201
4.5812,68.718,5.296875,-6.072444610859236
4.5812,68.718,5.300000000000001,-5.9012015468785215
4.5812,68.718,5.3031250000000005,-5.768917400709106
4.5812,68.718,5.30625,-5.661828868484097
4.5812,68.718,5.309375,-5.597365607729648
4.5812,68.718,5.3125,-5.551988083187981
4.5812,68.718,5.315625000000001,-5.53557601433723
4.5812,68.718,5.3187500000000005,-5.549961916023893
4.5812,68.718,5.321875,-5.58883639724221
4.5812,68.718,5.325,-5.651583579621868
4.5812,68.718,5.328125,-5.730059101851101
4.5812,68.718,5.331250000000001,-5.818668756091036
4.5812,68.718,5.3343750000000005,-5.9324652235584825
4.5812,68.718,5.3375,-6.043989757561369
4.5812,68.718,5.340625,-6.170869257483838
4.5812,68.718,5.34375,-6.303754334785051
4.5812,68.718,5.346875000000001,-6.41379600114549
4.5812,68.718,5.3500000000000005,-6.521717077963679
4.5812,68.718,5.353125,-6.601968189873181
4.5812,68.718,5.35625,-6.648847687743586
4.5812,68.718,5.359375,-6.665106199607541
4.5812,68.718,5.362500000000001,-6.628983519209922
4.5812,68.718,5.3656250000000005,-6.570158662597121
4.5812,68.718,5.36875,-6.454904656212462
4.5812,68.718,5.371875,-6.318381364683376
4.5812,68.718,5.375,-6.163376188860666
4.5812,68.718,5.378125000000001,-5.9959139603856375
4.5812,68.718,5.3812500000000005,-5.816783256265332
4.5812,68.718,5.384375,-5.650898908928067
4.5812,68.718,5.3875,-5.493736168529742
4.5812,68.718,5.390625,-5.356870037229743
4.5812,68.718,5.393750000000001,-5.246319553099549
4.5812,68.718,5.3968750000000005,-5.164546315976008
4.5812,68.718,5.4,-5.1086764804915195
4.5812,68.718,5.403125,-5.082806994379857
4.5812,68.718,5.40625,-5.08255290927539
4.5812,68.718,5.409375000000001,-5.115225875470692
4.5812,68.718,5.4125000000000005,-5.174279686655923
4.5812,68.718,5.415625,-5.257767009472141
4.5812,68.718,5.41875,-5.360831547463272
4.5812,68.718,5.421875,-5.481754360437517
4.5812,68.718,5.425000000000001,-5.624684024566616
4.5812,68.718,5.4281250000000005,-5.785013842554862
4.5812,68.718,5.43125,-5.949189371594099
4.5812,68.718,5.434375,-6.1336002621270165
4.5812,68.718,5.4375,-6.305530384189195
4.5812,68.718,5.440625000000001,-6.46667321548489
4.5812,68.718,5.4437500000000005,-6.608239676564978
4.5812,68.718,5.446875,-6.736627103298024
4.5812,68.718,5.45,-6.804005075489096
4.5812,68.718,5.453125,-6.832926991219413
4.5812,68.718,5.456250000000001,-6.816485263543985
4.5812,68.718,5.4593750000000005,-6.757148182483142
4.5812,68.718,5.4625,-6.662659387056921
4.5812,68.718,5.465625,-6.523048348445689
4.5812,68.718,5.46875,-6.370170315289858
4.5812,68.718,5.471875000000001,-6.20013788180323
4.5812,68.718,5.4750000000000005,-6.026946925621091
4.5812,68.718,5.478125,-5.858898825788436
4.5812,68.718,5.48125,-5.703166256505677
4.5812,68.718,5.484375,-5.575462807976881
4.5812,68.718,5.487500000000001,-5.461301174827181
4.5812,68.718,5.4906250000000005,-5.3786295838764
4.5812,68.718,5.49375,-5.318469847394746
4.5812,68.718,5.496875,-5.29080797281206
4.5812,68.718,5.5,-5.2960503446078295
4.5812,68.718,5.503125000000001,-5.315099274864986
4.5812,68.718,5.5062500000000005,-5.361123625726551
4.5812,68.718,5.509375,-5.429119058121104
4.5812,68.718,5.5125,-5.5142275208905644
4.5812,68.718,5.515625,-5.61146471695141
4.5812,68.718,5.518750000000001,-5.723611590947343
4.5812,68.718,5.5218750000000005,-5.834463092521677
4.5812,68.718,5.525,-5.949196292935101
4.5812,68.718,5.528125,-6.050384597812358
4.5812,68.718,5.53125,-6.128305332262036
4.5812,68.718,5.534375000000001,-6.180762520024709
4.5812,68.718,5.5375000000000005,-6.210317718108666
4.5812,68.718,5.540625,-6.190964463734273
4.5812,68.718,5.54375,-6.134217435577391
4.5812,68.718,5.546875,-6.0434800721529545
4.5812,68.718,5.550000000000001,-5.9182743608736565
4.5812,68.718,5.5531250000000005,-5.7651037889429055
4.5812,68.718,5.55625,-5.606896523940303
4.5812,68.718,5.559375,-5.427713119367884
4.5812,68.718,5.5625,-5.2536829367280715
4.5812,68.718,5.565625000000001,-5.092782038066548
4.5812,68.718,5.5687500000000005,-4.942002290808159
4.5812,68.718,5.571875,-4.806576629971591
4.5812,68.718,5.575,-4.701188268872555
4.5812,68.718,5.578125,-4.615898825550364
4.5812,68.718,5.581250000000001,-4.558340049070628
4.5812,68.718,5.5843750000000005,-4.522654218842142
4.5812,68.718,5.5875,-4.518484463614326
4.5812,68.718,5.590625,-4.5409476460096325
4.5812,68.718,5.59375,-4.58457672892539
4.5812,68.718,5.596875000000001,-4.651830051725459
4.5812,68.718,5.6000000000000005,-4.74289837858408
4.5812,68.718,5.603125,-4.842889333153558
4.5812,68.718,5.60625,-4.963962519803965
4.5812,68.718,5.609375,-5.092471392390791
4.5812,68.718,5.612500000000001,-5.236121702599497
4.5812,68.718,5.6156250000000005,-5.377596883156819
4.5812,68.718,5.61875,-5.513674615223511
4.5812,68.718,5.621875,-5.642715197773217
4.5812,68.718,5.625,-5.753052654587431
4.5812,68.718,5.628125000000001,-5.832764577057555
4.5812,68.718,5.6312500000000005,-5.877208020123802
4.5812,68.718,5.634375,-5.8909194734603245
4.5812,68.718,5.6375,-5.859460999314676
4.5812,68.718,5.640625,-5.777633328364075
4.5812,68.718,5.643750000000001,-5.673489166654217
4.5812,68.718,5.6468750000000005,-5.5384497569806594
4.5812,68.718,5.65,-5.374225999237451
4.5812,68.718,5.653125,-5.206201276036544
4.5812,68.718,5.65625,-5.035453200364036
4.5812,68.718,5.659375000000001,-4.8730178129443
4.5812,68.718,5.6625000000000005,-4.724983592921611
4.5812,68.718,5.665625,-4.60009891393835
4.5812,68.718,5.66875,-4.511918556550414
4.5812,68.718,5.671875,-4.43271250126554
4.5812,68.718,5.675000000000001,-4.380826227293556
4.5812,68.718,5.6781250000000005,-4.358833105511046
4.5812,68.718,5.68125,-4.366168135110171
4.5812,68.718,5.684375,-4.397898894652098
4.5812,68.718,5.6875,-4.445098189664407
4.5812,68.718,5.690625000000001,-4.520419467707473
4.5812,68.718,5.6937500000000005,-4.601423243053988
4.5812,68.718,5.696875,-4.695715102945019
4.5812,68.718,5.7,-4.790831663036465
4.5812,68.718,5.703125,-4.890824913721745
4.5812,68.718,5.706250000000001,-4.980374301199974
4.5812,68.718,5.7093750000000005,-5.058377496389252
4.5812,68.718,5.7125,-5.111177222012876
4.5812,68.718,5.715625,-5.138831710998188
4.5812,68.718,5.71875,-5.141055495358247
4.5812,68.718,5.721875000000001,-5.112449023760208
4.5812,68.718,5.7250000000000005,-5.053408295198145
4.5812,68.718,5.728125,-4.956953217102608
4.5812,68.718,5.73125,-4.83640224900433
4.5812,68.718,5.734375,-4.694001310896787
4.5812,68.718,5.737500000000001,-4.539799617299423
4.5812,68.718,5.7406250000000005,-4.368487478621424
4.5812,68.718,5.74375,-4.205552328168458
4.5812,68.718,5.746875,-4.052162725607639
4.5812,68.718,5.75,-3.9063160261302263
4.5812,68.718,5.753125000000001,-3.770324581203049
4.5812,68.718,5.7562500000000005,-3.667261564597744
4.5812,68.718,5.759375,-3.5863094493734087
4.5812,68.718,5.7625,-3.5284778520839084
4.5812,68.718,5.765625,-3.495749602517056
4.5812,68.718,5.768750000000001,-3.4885992028653106
4.5812,68.718,5.7718750000000005,-3.509899722644258
4.5812,68.718,5.775,-3.5472114244216164
4.5812,68.718,5.778125,-3.6108619216189375
4.5812,68.718,5.78125,-3.693904719478953
4.5812,68.718,5.784375000000001,-3.7878392313833222
4.5812,68.718,5.7875000000000005,-3.8939407160805746
4.5812,68.718,5.790625,-4.012518619988335
4.5812,68.718,5.79375,-4.1333061941059865
4.5812,68.718,5.796875,-4.2427452709586575
4.5812,68.718,5.800000000000001,-4.348171961967267
4.5812,68.718,5.8031250000000005,-4.444293034231994
4.5812,68.718,5.80625,-4.506443136853412
4.5812,68.718,5.809375,-4.541792073014929
4.5812,68.718,5.8125,-4.5483264075940495
4.5812,68.718,5.815625000000001,-4.525809514130646
4.5812,68.718,5.8187500000000005,-4.470024410922234
4.5812,68.718,5.821875,-4.387674041677999
4.5812,68.718,5.825,-4.280731528339658
4.5812,68.718,5.828125,-4.166873443940756
4.5812,68.718,5.831250000000001,-4.023596351668034
4.5812,68.718,5.8343750000000005,-3.8917879456023874
4.5812,68.718,5.8375,-3.759340430611651
4.5812,68.718,5.840625,-3.6369118901063886
4.5812,68.718,5.84375,-3.5350707143726314
4.5812,68.718,5.846875000000001,-3.4545773158044426
4.5812,68.718,5.8500000000000005,-3.394680513859327
4.5812,68.718,5.853125,-3.358340170456524
4.5812,68.718,5.85625,-3.3466207344206684
4.5812,68.718,5.859375,-3.3627763986224792
4.5812,68.718,5.862500000000001,-3.39656516444005
4.5812,68.718,5.8656250000000005,-3.453695610210496
4.5812,68.718,5.86875,-3.5271240457364694
4.5812,68.718,5.871875,-3.617813165378792
4.5812,68.718,5.875,-3.7079789463944164
4.5812,68.718,5.878125000000001,-3.8098279343748542
4.5812,68.718,5.8812500000000005,-3.9124412931037083
4.5812,68.718,5.884375,-4.013361549169226
4.5812,68.718,5.8875,-4.103719224507597
4.5812,68.718,5.890625,-4.188342986864306
4.5812,68.718,5.893750000000001,-4.253602088030066
4.5812,68.718,5.8968750000000005,-4.2959535781715665
4.5812,68.718,5.9,-4.301777975082708
4.5812,68.718,5.903125,-4.267689574856314
4.5812,68.718,5.90625,-4.202648436422831
4.5812,68.718,5.909375000000001,-4.0995524688755856
4.5812,68.718,5.9125000000000005,-3.9696848267378027
4.5812,68.718,5.915625,-3.825477223062544
4.5812,68.718,5.91875,-3.6559591847740185
4.5812,68.718,5.921875,-3.4856802056325153
4.5812,68.718,5.925000000000001,-3.312241334195463
4.5812,68.718,5.9281250000000005,-3.1527249733985485
4.5812,68.718,5.93125,-3.0139894454081295
4.5812,68.718,5.934375,-2.8883696948074453
4.5812,68.718,5.9375,-2.7968386091925983
4.5812,68.718,5.940625000000001,-2.7322796202243422
4.5812,68.718,5.9437500000000005,-2.6891383942176335
4.5812,68.718,5.946875,-2.6823361366478915
4.5812,68.718,5.95,-2.6956389518489567
4.5812,68.718,5.953125,-2.7373818095741154
4.5812,68.718,5.956250000000001,-2.8023308566923584
4.5812,68.718,5.9593750000000005,-2.88668120858415
4.5812,68.718,5.9625,-2.9878868163873977
4.5812,68.718,5.965625,-3.0919633113338203
4.5812,68.718,5.96875,-3.221013793943868
4.5812,68.718,5.971875000000001,-3.351475135714281
4.5812,68.718,5.9750000000000005,-3.482691280256752
4.5812,68.718,5.978125,-3.620012648988199
4.5812,68.718,5.98125,-3.7401089355844075
4.5812,68.718,5.984375,-3.843944567387394
4.5812,68.718,5.987500000000001,-3.9230307985796795
4.5812,68.718,5.9906250000000005,-3.9649884490488785
4.5812,68.718,5.99375,-4.001309736880424
4.5812,68.718,5.996875,-3.99482514869695
4.5812,68.718,6,-3.964352548073916
