"Current","Field","Frequency","Spectra"
4.1546,62.319,1,-1.4305849081403377
4.1546,62.319,1.003125,-1.3845279808630604
4.1546,62.319,1.00625,-1.3483576566643285
4.1546,62.319,1.0093750000000001,-1.325682432569587
4.1546,62.319,1.0125,-1.3142058471947713
4.1546,62.319,1.015625,-1.3154102834823682
4.1546,62.319,1.01875,-1.3299117436140944
4.1546,62.319,1.021875,-1.3506988747708508
4.1546,62.319,1.0250000000000001,-1.3893045360786576
4.1546,62.319,1.028125,-1.4363833569833342
4.1546,62.319,1.03125,-1.4961652260536253
4.1546,62.319,1.034375,-1.5607814561167823
4.1546,62.319,1.0375,-1.6300909589962276
4.1546,62.319,1.0406250000000001,-1.702639640719814
4.1546,62.319,1.04375,-1.771643435624206
4.1546,62.319,1.046875,-1.8381975687331895
4.1546,62.319,1.05,-1.9021811904809103
4.1546,62.319,1.053125,-1.955253298066098
4.1546,62.319,1.0562500000000001,-2.001512655584807
4.1546,62.319,1.059375,-2.0414234435445584
4.1546,62.319,1.0625,-2.06701241267866
4.1546,62.319,1.065625,-2.080926553573113
4.1546,62.319,1.06875,-2.0858503032193356
4.1546,62.319,1.0718750000000001,-2.0793558832428274
4.1546,62.319,1.0750000000000002,-2.0619549862178235
4.1546,62.319,1.078125,-2.035174221970976
4.1546,62.319,1.08125,-1.9964198150584076
4.1546,62.319,1.084375,-1.948944774048222
4.1546,62.319,1.0875000000000001,-1.8935904814604745
4.1546,62.319,1.0906250000000002,-1.8347349154753767
4.1546,62.319,1.09375,-1.7805755887239962
4.1546,62.319,1.096875,-1.7176602027300714
4.1546,62.319,1.1,-1.6648957373437172
4.1546,62.319,1.1031250000000001,-1.6197083734494768
4.1546,62.319,1.1062500000000002,-1.5699423895650468
4.1546,62.319,1.109375,-1.5376032341656753
4.1546,62.319,1.1125,-1.5171874386023252
4.1546,62.319,1.115625,-1.5117824489589307
4.1546,62.319,1.1187500000000001,-1.5181983899418103
4.1546,62.319,1.1218750000000002,-1.5351024039061665
4.1546,62.319,1.125,-1.560323730898872
4.1546,62.319,1.128125,-1.591898870422559
4.1546,62.319,1.13125,-1.631023082888501
4.1546,62.319,1.1343750000000001,-1.6728162841878822
4.1546,62.319,1.1375000000000002,-1.7130503880146692
4.1546,62.319,1.140625,-1.751100849819075
4.1546,62.319,1.14375,-1.7787605225082728
4.1546,62.319,1.146875,-1.8003385923777901
4.1546,62.319,1.1500000000000001,-1.8170853934962627
4.1546,62.319,1.1531250000000002,-1.8212730595819382
4.1546,62.319,1.15625,-1.8160118000979522
4.1546,62.319,1.159375,-1.803712868503675
4.1546,62.319,1.1625,-1.7830191530779071
4.1546,62.319,1.1656250000000001,-1.7542331090019743
4.1546,62.319,1.1687500000000002,-1.7257999196383302
4.1546,62.319,1.171875,-1.6888539969093144
4.1546,62.319,1.175,-1.6486053859657646
4.1546,62.319,1.178125,-1.6092203803558776
4.1546,62.319,1.1812500000000001,-1.5694980418308235
4.1546,62.319,1.1843750000000002,-1.5288835179224254
4.1546,62.319,1.1875,-1.4932905880214804
4.1546,62.319,1.190625,-1.4648340375328204
4.1546,62.319,1.19375,-1.4418248846199604
4.1546,62.319,1.1968750000000001,-1.4303705719155646
4.1546,62.319,1.2000000000000002,-1.42748802674358
4.1546,62.319,1.203125,-1.4372675809540336
4.1546,62.319,1.20625,-1.4582496457506822
4.1546,62.319,1.209375,-1.4939355544174557
4.1546,62.319,1.2125000000000001,-1.5411178533145082
4.1546,62.319,1.2156250000000002,-1.597307426846056
4.1546,62.319,1.21875,-1.658946004804468
4.1546,62.319,1.221875,-1.7285005401985218
4.1546,62.319,1.225,-1.8063765441052873
4.1546,62.319,1.2281250000000001,-1.8793619245621112
4.1546,62.319,1.2312500000000002,-1.950461627365905
4.1546,62.319,1.234375,-2.01571960019654
4.1546,62.319,1.2375,-2.066271349467889
4.1546,62.319,1.240625,-2.1121182308797852
4.1546,62.319,1.2437500000000001,-2.1537822356374057
4.1546,62.319,1.2468750000000002,-2.1755170911014514
4.1546,62.319,1.25,-2.188905610943657
4.1546,62.319,1.253125,-2.179181675729521
4.1546,62.319,1.25625,-2.1532725634429735
4.1546,62.319,1.2593750000000001,-2.116431610110452
4.1546,62.319,1.2625000000000002,-2.0825916025057047
4.1546,62.319,1.265625,-2.041988031248165
4.1546,62.319,1.26875,-1.9930691629462487
4.1546,62.319,1.271875,-1.932948671908354
4.1546,62.319,1.2750000000000001,-1.8721541950560812
4.1546,62.319,1.2781250000000002,-1.8087436750106924
4.1546,62.319,1.28125,-1.753092102083126
4.1546,62.319,1.284375,-1.7133076089043286
4.1546,62.319,1.2875,-1.677606804364157
4.1546,62.319,1.2906250000000001,-1.6499537130281838
4.1546,62.319,1.2937500000000002,-1.6321326307572706
4.1546,62.319,1.296875,-1.6305234523718344
4.1546,62.319,1.3,-1.6392936110219942
4.1546,62.319,1.303125,-1.6679363391875046
4.1546,62.319,1.3062500000000001,-1.7022522673311935
4.1546,62.319,1.3093750000000002,-1.7442668522479607
4.1546,62.319,1.3125,-1.7936469320652266
4.1546,62.319,1.315625,-1.8463390443244132
4.1546,62.319,1.31875,-1.9002755596340448
4.1546,62.319,1.3218750000000001,-1.9488821564799976
4.1546,62.319,1.3250000000000002,-1.992427927579154
4.1546,62.319,1.328125,-2.028696955245074
4.1546,62.319,1.33125,-2.053255144799362
4.1546,62.319,1.334375,-2.0686565587509
4.1546,62.319,1.3375000000000001,-2.0746546082674096
4.1546,62.319,1.3406250000000002,-2.067078651118737
4.1546,62.319,1.34375,-2.0537485373250726
4.1546,62.319,1.346875,-2.0281904541346707
4.1546,62.319,1.35,-1.995725733342383
4.1546,62.319,1.3531250000000001,-1.9538406827631005
4.1546,62.319,1.3562500000000002,-1.9075199181598526
4.1546,62.319,1.359375,-1.8581064571539876
4.1546,62.319,1.3625,-1.8045621779839405
4.1546,62.319,1.365625,-1.7491145972296827
4.1546,62.319,1.3687500000000001,-1.695513092212566
4.1546,62.319,1.3718750000000002,-1.6460131275379242
4.1546,62.319,1.375,-1.6014823121748543
4.1546,62.319,1.378125,-1.5702302159005637
4.1546,62.319,1.38125,-1.5407024643934841
4.1546,62.319,1.3843750000000001,-1.5258104036958247
4.1546,62.319,1.3875000000000002,-1.521708839559278
4.1546,62.319,1.390625,-1.5344565675621906
4.1546,62.319,1.39375,-1.562274917834923
4.1546,62.319,1.396875,-1.6088368106468018
4.1546,62.319,1.4000000000000001,-1.6662480549644085
4.1546,62.319,1.4031250000000002,-1.7247074109208667
4.1546,62.319,1.40625,-1.7967173773843006
4.1546,62.319,1.409375,-1.8721254671039158
4.1546,62.319,1.4125,-1.9496836884980218
4.1546,62.319,1.4156250000000001,-2.0273061117758155
4.1546,62.319,1.4187500000000002,-2.0993233987507254
4.1546,62.319,1.421875,-2.1577108766924695
4.1546,62.319,1.425,-2.205832225468249
4.1546,62.319,1.428125,-2.241248724870593
4.1546,62.319,1.4312500000000001,-2.265921916661362
4.1546,62.319,1.4343750000000002,-2.2770041917823503
4.1546,62.319,1.4375,-2.2739317956545317
4.1546,62.319,1.440625,-2.265188610928114
4.1546,62.319,1.44375,-2.2403123422594233
4.1546,62.319,1.4468750000000001,-2.209879420028575
4.1546,62.319,1.4500000000000002,-2.17204467083248
4.1546,62.319,1.453125,-2.1295627140486477
4.1546,62.319,1.45625,-2.080720115226941
4.1546,62.319,1.459375,-2.0344469296886487
4.1546,62.319,1.4625000000000001,-1.9850963322901525
4.1546,62.319,1.4656250000000002,-1.9428312648590684
4.1546,62.319,1.46875,-1.9039429379656114
4.1546,62.319,1.471875,-1.8709060099271984
4.1546,62.319,1.475,-1.845814079930828
4.1546,62.319,1.4781250000000001,-1.8327240379880299
4.1546,62.319,1.4812500000000002,-1.8246587211805252
4.1546,62.319,1.484375,-1.8268644805698049
4.1546,62.319,1.4875,-1.846751725550102
4.1546,62.319,1.490625,-1.8737263708613905
4.1546,62.319,1.4937500000000001,-1.9112585998229998
4.1546,62.319,1.4968750000000002,-1.9561844148855427
4.1546,62.319,1.5,-2.0035354769623406
4.1546,62.319,1.503125,-2.0585985765568484
4.1546,62.319,1.50625,-2.108893353871156
4.1546,62.319,1.5093750000000001,-2.160157874677212
4.1546,62.319,1.5125000000000002,-2.207357254371697
4.1546,62.319,1.515625,-2.2478485348091866
4.1546,62.319,1.51875,-2.2813264336751717
4.1546,62.319,1.521875,-2.297247981469942
4.1546,62.319,1.5250000000000001,-2.299474993694332
4.1546,62.319,1.5281250000000002,-2.291255430543425
4.1546,62.319,1.53125,-2.2700235889890577
4.1546,62.319,1.534375,-2.2416234705390754
4.1546,62.319,1.5375,-2.203199700426731
4.1546,62.319,1.5406250000000001,-2.1576699016633847
4.1546,62.319,1.5437500000000002,-2.1017737091772952
4.1546,62.319,1.546875,-2.0423125860510076
4.1546,62.319,1.55,-1.9806955208914294
4.1546,62.319,1.553125,-1.923204787940188
4.1546,62.319,1.5562500000000001,-1.8651359075194371
4.1546,62.319,1.5593750000000002,-1.817247626676604
4.1546,62.319,1.5625,-1.7733347734746912
4.1546,62.319,1.565625,-1.7427765605643142
4.1546,62.319,1.56875,-1.7259901353643616
4.1546,62.319,1.5718750000000001,-1.721819226298491
4.1546,62.319,1.5750000000000002,-1.7291780441546953
4.1546,62.319,1.578125,-1.7505729571246753
4.1546,62.319,1.58125,-1.7845370071143236
4.1546,62.319,1.584375,-1.830508233567124
4.1546,62.319,1.5875000000000001,-1.8828361445882515
4.1546,62.319,1.5906250000000002,-1.944264744162918
4.1546,62.319,1.59375,-2.0069852188487793
4.1546,62.319,1.596875,-2.07111545546282
4.1546,62.319,1.6,-2.1316498290569874
4.1546,62.319,1.6031250000000001,-2.183646693843801
4.1546,62.319,1.6062500000000002,-2.2318112498591773
4.1546,62.319,1.609375,-2.2709959009297522
4.1546,62.319,1.6125,-2.3030639328559364
4.1546,62.319,1.615625,-2.322258752802755
4.1546,62.319,1.6187500000000001,-2.334018265636489
4.1546,62.319,1.6218750000000002,-2.332892930175058
4.1546,62.319,1.625,-2.3257138577498724
4.1546,62.319,1.628125,-2.3091613978402674
4.1546,62.319,1.63125,-2.2838908560644646
4.1546,62.319,1.6343750000000001,-2.2547738156238535
4.1546,62.319,1.6375000000000002,-2.2210281743179907
4.1546,62.319,1.640625,-2.185882258280926
4.1546,62.319,1.64375,-2.1444352354803495
4.1546,62.319,1.646875,-2.106094036336125
4.1546,62.319,1.6500000000000001,-2.0699258092945403
4.1546,62.319,1.6531250000000002,-2.044173869492451
4.1546,62.319,1.65625,-2.025954127892785
4.1546,62.319,1.659375,-2.021307096971946
4.1546,62.319,1.6625,-2.0275632901242404
4.1546,62.319,1.6656250000000001,-2.0280083811507987
4.1546,62.319,1.6687500000000002,-2.0357623063403283
4.1546,62.319,1.671875,-2.0641829660761384
4.1546,62.319,1.675,-2.1016462810480743
4.1546,62.319,1.678125,-2.150300124311711
4.1546,62.319,1.6812500000000001,-2.200825169823581
4.1546,62.319,1.6843750000000002,-2.2546606707625876
4.1546,62.319,1.6875,-2.306753248685184
4.1546,62.319,1.690625,-2.3570478316016445
4.1546,62.319,1.69375,-2.3980099535172656
4.1546,62.319,1.6968750000000001,-2.431296561623936
4.1546,62.319,1.7000000000000002,-2.453315647268422
4.1546,62.319,1.703125,-2.46343700445958
4.1546,62.319,1.70625,-2.4637169979334472
4.1546,62.319,1.709375,-2.456004308464791
4.1546,62.319,1.7125000000000001,-2.436500667714553
4.1546,62.319,1.7156250000000002,-2.411363480353549
4.1546,62.319,1.71875,-2.378166013566007
4.1546,62.319,1.721875,-2.335945528722913
4.1546,62.319,1.725,-2.2900407038494257
4.1546,62.319,1.7281250000000001,-2.24089318300864
4.1546,62.319,1.7312500000000002,-2.1915378074040324
4.1546,62.319,1.734375,-2.140099340619286
4.1546,62.319,1.7375,-2.0891958485624436
4.1546,62.319,1.740625,-2.0464794064917804
4.1546,62.319,1.7437500000000001,-2.0061419246437855
4.1546,62.319,1.7468750000000002,-1.9684951102103732
4.1546,62.319,1.75,-1.9427085367520465
4.1546,62.319,1.753125,-1.9281759516110086
4.1546,62.319,1.75625,-1.9242402042611906
4.1546,62.319,1.7593750000000001,-1.9306114295188614
4.1546,62.319,1.7625000000000002,-1.954264508330021
4.1546,62.319,1.765625,-1.9893096605143843
4.1546,62.319,1.76875,-2.032611237579902
4.1546,62.319,1.771875,-2.082602053977511
4.1546,62.319,1.7750000000000001,-2.1404293384625808
4.1546,62.319,1.7781250000000002,-2.1994714721058903
4.1546,62.319,1.78125,-2.258382560770133
4.1546,62.319,1.784375,-2.3140735549282825
4.1546,62.319,1.7875,-2.369548281932354
4.1546,62.319,1.7906250000000001,-2.4089075142530456
4.1546,62.319,1.7937500000000002,-2.434518163883845
4.1546,62.319,1.7968750000000002,-2.4511623412849115
4.1546,62.319,1.8,-2.459970813514559
4.1546,62.319,1.803125,-2.448633203334677
4.1546,62.319,1.8062500000000001,-2.4298152029321454
4.1546,62.319,1.8093750000000002,-2.4029704531866454
4.1546,62.319,1.8125000000000002,-2.3685575637591914
4.1546,62.319,1.815625,-2.3296386926796844
4.1546,62.319,1.81875,-2.2849152768899255
4.1546,62.319,1.8218750000000001,-2.2438675030897017
4.1546,62.319,1.8250000000000002,-2.1992401663547616
4.1546,62.319,1.8281250000000002,-2.158065966963027
4.1546,62.319,1.83125,-2.125577773683184
4.1546,62.319,1.834375,-2.0978043553819874
4.1546,62.319,1.8375000000000001,-2.080018279953007
4.1546,62.319,1.8406250000000002,-2.0723533935831786
4.1546,62.319,1.8437500000000002,-2.07293201104883
4.1546,62.319,1.846875,-2.0900993632319445
4.1546,62.319,1.85,-2.1130834336406408
4.1546,62.319,1.8531250000000001,-2.15403956857841
4.1546,62.319,1.8562500000000002,-2.20011334639679
4.1546,62.319,1.8593750000000002,-2.255188715476965
4.1546,62.319,1.8625,-2.3219754752037054
4.1546,62.319,1.865625,-2.3869450656727005
4.1546,62.319,1.8687500000000001,-2.4528375077728857
4.1546,62.319,1.8718750000000002,-2.5170332291112523
4.1546,62.319,1.8750000000000002,-2.5721685672201837
4.1546,62.319,1.878125,-2.6241144243918857
4.1546,62.319,1.88125,-2.662337824407121
4.1546,62.319,1.8843750000000001,-2.690241825406256
4.1546,62.319,1.8875000000000002,-2.7049968390485657
4.1546,62.319,1.8906250000000002,-2.7072445868572528
4.1546,62.319,1.89375,-2.6947692257672076
4.1546,62.319,1.896875,-2.6678564351897798
4.1546,62.319,1.9000000000000001,-2.6283205801772813
4.1546,62.319,1.9031250000000002,-2.5837124762012027
4.1546,62.319,1.9062500000000002,-2.526141427023918
4.1546,62.319,1.909375,-2.4675782088952927
4.1546,62.319,1.9125,-2.401883443255068
4.1546,62.319,1.9156250000000001,-2.3332350536940965
4.1546,62.319,1.9187500000000002,-2.265832457850086
4.1546,62.319,1.9218750000000002,-2.1992446502256224
4.1546,62.319,1.925,-2.141547899624439
4.1546,62.319,1.928125,-2.090590686556846
4.1546,62.319,1.9312500000000001,-2.050433980585242
4.1546,62.319,1.9343750000000002,-2.023537632955397
4.1546,62.319,1.9375000000000002,-2.0068785506312574
4.1546,62.319,1.940625,-2.008073118788671
4.1546,62.319,1.94375,-2.0231461766641283
4.1546,62.319,1.9468750000000001,-2.051902480232264
4.1546,62.319,1.9500000000000002,-2.0900063360122894
4.1546,62.319,1.9531250000000002,-2.1406429317012234
4.1546,62.319,1.95625,-2.2023987342440114
4.1546,62.319,1.959375,-2.265509872684399
4.1546,62.319,1.9625000000000001,-2.3307470001517663
4.1546,62.319,1.9656250000000002,-2.3968560543327873
4.1546,62.319,1.9687500000000002,-2.451752670511558
4.1546,62.319,1.971875,-2.499447253583257
4.1546,62.319,1.975,-2.535053868185479
4.1546,62.319,1.9781250000000001,-2.5602621302141575
4.1546,62.319,1.9812500000000002,-2.5728980746689327
4.1546,62.319,1.9843750000000002,-2.571004557253836
4.1546,62.319,1.9875,-2.559300888326666
4.1546,62.319,1.990625,-2.539000536569781
4.1546,62.319,1.9937500000000001,-2.5054726650221744
4.1546,62.319,1.9968750000000002,-2.4636498574219985
4.1546,62.319,2,-2.419786442988369
4.1546,62.319,2.0031250000000003,-2.366294361410924
4.1546,62.319,2.00625,-2.3134321549265855
4.1546,62.319,2.009375,-2.261562732091527
4.1546,62.319,2.0125,-2.212736249114265
4.1546,62.319,2.015625,-2.1709510566483554
4.1546,62.319,2.0187500000000003,-2.133027207302939
4.1546,62.319,2.021875,-2.109718929528532
4.1546,62.319,2.025,-2.0947347068528637
4.1546,62.319,2.028125,-2.09792650761934
4.1546,62.319,2.03125,-2.118019311080139
4.1546,62.319,2.0343750000000003,-2.154165485241904
4.1546,62.319,2.0375,-2.2081078152031686
4.1546,62.319,2.040625,-2.2684997353754826
4.1546,62.319,2.04375,-2.342570531146645
4.1546,62.319,2.046875,-2.4227035258825036
4.1546,62.319,2.0500000000000003,-2.5028507438748484
4.1546,62.319,2.053125,-2.582931138582178
4.1546,62.319,2.05625,-2.6565744062086156
4.1546,62.319,2.059375,-2.72124279393134
4.1546,62.319,2.0625,-2.776320584601626
4.1546,62.319,2.0656250000000003,-2.812470437422882
4.1546,62.319,2.06875,-2.8367634982083434
4.1546,62.319,2.071875,-2.8429228438835423
4.1546,62.319,2.075,-2.835944546061207
4.1546,62.319,2.078125,-2.8177938926036217
4.1546,62.319,2.0812500000000003,-2.7841700363979265
4.1546,62.319,2.084375,-2.740778455107388
4.1546,62.319,2.0875,-2.6866047867584584
4.1546,62.319,2.090625,-2.628561895732908
4.1546,62.319,2.09375,-2.5649305653900667
4.1546,62.319,2.0968750000000003,-2.4955074963224986
4.1546,62.319,2.1,-2.4265109296803966
4.1546,62.319,2.103125,-2.3609007215639064
4.1546,62.319,2.10625,-2.2989354812519656
4.1546,62.319,2.109375,-2.2424271097658357
4.1546,62.319,2.1125000000000003,-2.1924037027007586
4.1546,62.319,2.115625,-2.1531606391377776
4.1546,62.319,2.11875,-2.1219794885631886
4.1546,62.319,2.121875,-2.1078824185948517
4.1546,62.319,2.125,-2.108905309106816
4.1546,62.319,2.1281250000000003,-2.127149447646079
4.1546,62.319,2.13125,-2.1607493891597835
4.1546,62.319,2.134375,-2.20934042191404
4.1546,62.319,2.1375,-2.271870974202244
4.1546,62.319,2.140625,-2.340990480880433
4.1546,62.319,2.1437500000000003,-2.4152164952670767
4.1546,62.319,2.146875,-2.492758093558059
4.1546,62.319,2.1500000000000004,-2.5657242045806017
4.1546,62.319,2.153125,-2.6327507934030825
4.1546,62.319,2.15625,-2.6882429812775848
4.1546,62.319,2.1593750000000003,-2.728632185558602
4.1546,62.319,2.1625,-2.74879588642098
4.1546,62.319,2.1656250000000004,-2.75529171572759
4.1546,62.319,2.16875,-2.7430359710925845
4.1546,62.319,2.171875,-2.7161442814156445
4.1546,62.319,2.1750000000000003,-2.671950768680759
4.1546,62.319,2.178125,-2.6189788882926828
4.1546,62.319,2.1812500000000004,-2.5555669596194486
4.1546,62.319,2.184375,-2.489107329466725
4.1546,62.319,2.1875,-2.4162278224289264
4.1546,62.319,2.1906250000000003,-2.342949189048045
4.1546,62.319,2.19375,-2.2738985167363603
4.1546,62.319,2.1968750000000004,-2.211610160096878
4.1546,62.319,2.2,-2.1607971266478145
4.1546,62.319,2.203125,-2.120370138888306
4.1546,62.319,2.2062500000000003,-2.09120586760037
4.1546,62.319,2.209375,-2.0811931233299386
4.1546,62.319,2.2125000000000004,-2.0846070017729055
4.1546,62.319,2.215625,-2.1070935065614074
4.1546,62.319,2.21875,-2.1458633577272677
4.1546,62.319,2.2218750000000003,-2.203928911396236
4.1546,62.319,2.225,-2.277163040862902
4.1546,62.319,2.2281250000000004,-2.3618621288854773
4.1546,62.319,2.23125,-2.4551319346094793
4.1546,62.319,2.234375,-2.552665550357991
4.1546,62.319,2.2375000000000003,-2.655014002874631
4.1546,62.319,2.240625,-2.7500385292228238
4.1546,62.319,2.2437500000000004,-2.8436940118188714
4.1546,62.319,2.246875,-2.923487754902339
4.1546,62.319,2.25,-2.9947152399498527
4.1546,62.319,2.2531250000000003,-3.0487525624625764
4.1546,62.319,2.25625,-3.092764620732655
4.1546,62.319,2.2593750000000004,-3.1219537535483965
4.1546,62.319,2.2625,-3.1322303280280495
4.1546,62.319,2.265625,-3.130137801328301
4.1546,62.319,2.2687500000000003,-3.1150566884317294
4.1546,62.319,2.271875,-3.089292858432646
4.1546,62.319,2.2750000000000004,-3.055001190840581
4.1546,62.319,2.278125,-3.0160689052273386
4.1546,62.319,2.28125,-2.9722884856592664
4.1546,62.319,2.2843750000000003,-2.9306780854359986
4.1546,62.319,2.2875,-2.8871343082699195
4.1546,62.319,2.2906250000000004,-2.848788248068322
4.1546,62.319,2.29375,-2.8192975643428326
4.1546,62.319,2.296875,-2.7972232521361438
4.1546,62.319,2.3000000000000003,-2.7893853248535345
4.1546,62.319,2.303125,-2.7956911226108834
4.1546,62.319,2.3062500000000004,-2.820261460900022
4.1546,62.319,2.309375,-2.8665177910432735
4.1546,62.319,2.3125,-2.9278644601789257
4.1546,62.319,2.3156250000000003,-3.010684417177342
4.1546,62.319,2.31875,-3.108614908774398
4.1546,62.319,2.3218750000000004,-3.218264592115716
4.1546,62.319,2.325,-3.3410324504421727
4.1546,62.319,2.328125,-3.467716162727754
4.1546,62.319,2.3312500000000003,-3.5928336900749427
4.1546,62.319,2.334375,-3.710884594887422
4.1546,62.319,2.3375000000000004,-3.8146739396743574
4.1546,62.319,2.340625,-3.902625604958423
4.1546,62.319,2.34375,-3.9730546619150187
4.1546,62.319,2.3468750000000003,-4.026571361385967
4.1546,62.319,2.35,-4.054858981033554
4.1546,62.319,2.3531250000000004,-4.069852831189244
4.1546,62.319,2.35625,-4.063257994818292
4.1546,62.319,2.359375,-4.035606641471695
4.1546,62.319,2.3625000000000003,-3.9912595224145853
4.1546,62.319,2.365625,-3.9314670307517217
4.1546,62.319,2.3687500000000004,-3.853270536389224
4.1546,62.319,2.371875,-3.764661465773575
4.1546,62.319,2.375,-3.667352472875638
4.1546,62.319,2.3781250000000003,-3.5613215781297143
4.1546,62.319,2.38125,-3.4595513336444377
4.1546,62.319,2.3843750000000004,-3.353870437412882
4.1546,62.319,2.3875,-3.25633132016478
4.1546,62.319,2.390625,-3.1640575132605693
4.1546,62.319,2.3937500000000003,-3.0863563211841347
4.1546,62.319,2.396875,-3.022064715173354
4.1546,62.319,2.4000000000000004,-2.9773160370740204
4.1546,62.319,2.403125,-2.9542059892021544
4.1546,62.319,2.40625,-2.9534972482255735
4.1546,62.319,2.4093750000000003,-2.9771825489525456
4.1546,62.319,2.4125,-3.021273060555056
4.1546,62.319,2.4156250000000004,-3.089078318899428
4.1546,62.319,2.41875,-3.1845570862015453
4.1546,62.319,2.421875,-3.3024751317161094
4.1546,62.319,2.4250000000000003,-3.4726311746542486
4.1546,62.319,2.428125,-3.769438869226172
4.1546,62.319,2.4312500000000004,-4.42456295268401
4.1546,62.319,2.434375,-4.851218578408158
4.1546,62.319,2.4375,-4.162749924530045
4.1546,62.319,2.4406250000000003,-3.8571186677557985
4.1546,62.319,2.44375,-3.7428951817529326
4.1546,62.319,2.4468750000000004,-3.6767094505114284
4.1546,62.319,2.45,-3.625827193029998
4.1546,62.319,2.453125,-3.5681153586538765
4.1546,62.319,2.4562500000000003,-3.4975550409481313
4.1546,62.319,2.459375,-3.4231174809820124
4.1546,62.319,2.4625000000000004,-3.3335127028708076
4.1546,62.319,2.465625,-3.24615634664006
4.1546,62.319,2.46875,-3.153028946158842
4.1546,62.319,2.4718750000000003,-3.061172392172052
4.1546,62.319,2.475,-2.9746864086063014
4.1546,62.319,2.4781250000000004,-2.8946822674010564
4.1546,62.319,2.48125,-2.8240837492081154
4.1546,62.319,2.484375,-2.7626433504635077
4.1546,62.319,2.4875000000000003,-2.712938435510963
4.1546,62.319,2.490625,-2.6739590179240698
4.1546,62.319,2.4937500000000004,-2.656547111898666
4.1546,62.319,2.496875,-2.6539831244409258
4.1546,62.319,2.5,-2.669428305455976
4.1546,62.319,2.5031250000000003,-2.6970150496180016
4.1546,62.319,2.50625,-2.7396357905514956
4.1546,62.319,2.5093750000000004,-2.799903292203052
4.1546,62.319,2.5125,-2.863257003199041
4.1546,62.319,2.515625,-2.9372827579809706
4.1546,62.319,2.5187500000000003,-3.013537247645221
4.1546,62.319,2.521875,-3.087337697840354
4.1546,62.319,2.5250000000000004,-3.15873394444915
4.1546,62.319,2.528125,-3.2234127924200773
4.1546,62.319,2.53125,-3.2704886954259194
4.1546,62.319,2.5343750000000003,-3.305145899169633
4.1546,62.319,2.5375,-3.322534445008211
4.1546,62.319,2.5406250000000004,-3.3223928405555996
4.1546,62.319,2.54375,-3.304471876516979
4.1546,62.319,2.546875,-3.2691096268924418
4.1546,62.319,2.5500000000000003,-3.2167866172407993
4.1546,62.319,2.553125,-3.157382810170859
4.1546,62.319,2.5562500000000004,-3.0755760817044164
4.1546,62.319,2.559375,-2.9885575399557665
4.1546,62.319,2.5625,-2.9011844669183438
4.1546,62.319,2.5656250000000003,-2.8052824662086047
4.1546,62.319,2.56875,-2.7151986188455544
4.1546,62.319,2.5718750000000004,-2.6351673626744914
4.1546,62.319,2.575,-2.5642297356173582
4.1546,62.319,2.578125,-2.5051825246821653
4.1546,62.319,2.5812500000000003,-2.463808768233022
4.1546,62.319,2.584375,-2.439195412198706
4.1546,62.319,2.5875000000000004,-2.4349682183535872
4.1546,62.319,2.590625,-2.450078695841802
4.1546,62.319,2.59375,-2.4880152037937124
4.1546,62.319,2.5968750000000003,-2.544164406199547
4.1546,62.319,2.6,-2.617399995111655
4.1546,62.319,2.6031250000000004,-2.700994992032859
4.1546,62.319,2.60625,-2.788220422772717
4.1546,62.319,2.609375,-2.880270098446683
4.1546,62.319,2.6125000000000003,-2.9648171016014646
4.1546,62.319,2.615625,-3.0441447440135336
4.1546,62.319,2.6187500000000004,-3.108950172343307
4.1546,62.319,2.621875,-3.1654469672864156
4.1546,62.319,2.625,-3.2023047388838135
4.1546,62.319,2.6281250000000003,-3.226995550127781
4.1546,62.319,2.63125,-3.234677837718134
4.1546,62.319,2.6343750000000004,-3.2245912378751584
4.1546,62.319,2.6375,-3.2012720612647567
4.1546,62.319,2.640625,-3.169757537906477
4.1546,62.319,2.6437500000000003,-3.124276241174569
4.1546,62.319,2.646875,-3.074218553365032
4.1546,62.319,2.6500000000000004,-3.0172300070492595
4.1546,62.319,2.653125,-2.9566081879945845
4.1546,62.319,2.65625,-2.8977338258937686
4.1546,62.319,2.6593750000000003,-2.833072549877858
4.1546,62.319,2.6625,-2.774628297192997
4.1546,62.319,2.6656250000000004,-2.7209435510013202
4.1546,62.319,2.66875,-2.677844728495905
4.1546,62.319,2.671875,-2.6460317240191387
4.1546,62.319,2.6750000000000003,-2.625661833941191
4.1546,62.319,2.678125,-2.6189609963167877
4.1546,62.319,2.6812500000000004,-2.6283471640604845
4.1546,62.319,2.684375,-2.6545896445457133
4.1546,62.319,2.6875,-2.6931106124517044
4.1546,62.319,2.6906250000000003,-2.746378210455866
4.1546,62.319,2.69375,-2.8149299195357402
4.1546,62.319,2.6968750000000004,-2.892253442530159
4.1546,62.319,2.7,-2.9711720187738244
4.1546,62.319,2.703125,-3.0550299685902713
4.1546,62.319,2.7062500000000003,-3.1334339187823583
4.1546,62.319,2.709375,-3.2042653524813107
4.1546,62.319,2.7125000000000004,-3.264684307396905
4.1546,62.319,2.715625,-3.3121700839891064
4.1546,62.319,2.71875,-3.3432880402358984
4.1546,62.319,2.7218750000000003,-3.3635975866093086
4.1546,62.319,2.725,-3.369147457146874
4.1546,62.319,2.7281250000000004,-3.366139285074248
4.1546,62.319,2.73125,-3.355688559274021
4.1546,62.319,2.734375,-3.3370620608970203
4.1546,62.319,2.7375000000000003,-3.3078810226352937
4.1546,62.319,2.740625,-3.2732393101572406
4.1546,62.319,2.7437500000000004,-3.2516731381785986
4.1546,62.319,2.746875,-3.226802378898734
4.1546,62.319,2.75,-3.1739655130404962
4.1546,62.319,2.7531250000000003,-3.1024544630736575
4.1546,62.319,2.75625,-3.0176945361246945
4.1546,62.319,2.7593750000000004,-2.949439433068431
4.1546,62.319,2.7625,-2.8992900177110985
4.1546,62.319,2.765625,-2.8732932090807903
4.1546,62.319,2.7687500000000003,-2.864479547579078
4.1546,62.319,2.771875,-2.8761936082426702
4.1546,62.319,2.7750000000000004,-2.904244473906151
4.1546,62.319,2.778125,-2.949121454995289
4.1546,62.319,2.78125,-3.0099212529996833
4.1546,62.319,2.7843750000000003,-3.083030345303419
4.1546,62.319,2.7875,-3.167986391491589
4.1546,62.319,2.7906250000000004,-3.2585854702143107
4.1546,62.319,2.79375,-3.351379898527031
4.1546,62.319,2.796875,-3.443350458355605
4.1546,62.319,2.8000000000000003,-3.5280270038314394
4.1546,62.319,2.803125,-3.6018704590946977
4.1546,62.319,2.8062500000000004,-3.6633533087083388
4.1546,62.319,2.809375,-3.7121908979559457
4.1546,62.319,2.8125,-3.743108253688403
4.1546,62.319,2.8156250000000003,-3.7554206965928922
4.1546,62.319,2.81875,-3.7559882161738085
4.1546,62.319,2.8218750000000004,-3.7408858029667504
4.1546,62.319,2.825,-3.712806746940032
4.1546,62.319,2.828125,-3.673264992623388
4.1546,62.319,2.8312500000000003,-3.6249473599736444
4.1546,62.319,2.834375,-3.5728185154035708
4.1546,62.319,2.8375000000000004,-3.5207558371915795
4.1546,62.319,2.840625,-3.471979143646208
4.1546,62.319,2.84375,-3.423305210880976
4.1546,62.319,2.8468750000000003,-3.387881442928359
4.1546,62.319,2.85,-3.3624762449771453
4.1546,62.319,2.8531250000000004,-3.3474003946887625
4.1546,62.319,2.85625,-3.349158172029462
4.1546,62.319,2.859375,-3.366387647138299
4.1546,62.319,2.8625000000000003,-3.397554271257848
4.1546,62.319,2.865625,-3.447991200279546
4.1546,62.319,2.8687500000000004,-3.5122090967982937
4.1546,62.319,2.871875,-3.5896394410193895
4.1546,62.319,2.875,-3.680838618698767
4.1546,62.319,2.8781250000000003,-3.7807622549244084
4.1546,62.319,2.88125,-3.880871606913927
4.1546,62.319,2.8843750000000004,-3.9759623288033947
4.1546,62.319,2.8875,-4.068502519540768
4.1546,62.319,2.890625,-4.1543949356126
4.1546,62.319,2.8937500000000003,-4.229319202315449
4.1546,62.319,2.896875,-4.286888060141
4.1546,62.319,2.9000000000000004,-4.332531117552553
4.1546,62.319,2.903125,-4.365478345728289
4.1546,62.319,2.90625,-4.380681910191484
4.1546,62.319,2.9093750000000003,-4.3811550987023224
4.1546,62.319,2.9125,-4.373777165754359
4.1546,62.319,2.9156250000000004,-4.354128353235399
4.1546,62.319,2.91875,-4.327385505069484
4.1546,62.319,2.921875,-4.296475372029031
4.1546,62.319,2.9250000000000003,-4.253579737940304
4.1546,62.319,2.928125,-4.2142692816202745
4.1546,62.319,2.9312500000000004,-4.176310092387344
4.1546,62.319,2.934375,-4.139850891146491
4.1546,62.319,2.9375,-4.110119404370718
4.1546,62.319,2.9406250000000003,-4.090222593544393
4.1546,62.319,2.94375,-4.081234395783397
4.1546,62.319,2.9468750000000004,-4.087591706281743
4.1546,62.319,2.95,-4.104629031377964
4.1546,62.319,2.953125,-4.139459853278284
4.1546,62.319,2.9562500000000003,-4.187619552915012
4.1546,62.319,2.959375,-4.2462258908753485
4.1546,62.319,2.9625000000000004,-4.3217583232077486
4.1546,62.319,2.965625,-4.403847592913702
4.1546,62.319,2.96875,-4.494212687083346
4.1546,62.319,2.9718750000000003,-4.579200305908842
4.1546,62.319,2.975,-4.661512107048952
4.1546,62.319,2.9781250000000004,-4.733196158616282
4.1546,62.319,2.98125,-4.789358042888182
4.1546,62.319,2.984375,-4.8226522384831
4.1546,62.319,2.9875000000000003,-4.834458692282572
4.1546,62.319,2.990625,-4.821264005340933
4.1546,62.319,2.9937500000000004,-4.78539526288704
4.1546,62.319,2.996875,-4.731551861887049
4.1546,62.319,3,-4.655875731414711
4.1546,62.319,3.0031250000000003,-4.565012989159215
4.1546,62.319,3.00625,-4.463540073151253
4.1546,62.319,3.0093750000000004,-4.351159531741073
4.1546,62.319,3.0125,-4.2390918303937255
4.1546,62.319,3.015625,-4.127431793084627
4.1546,62.319,3.0187500000000003,-4.019715451902965
4.1546,62.319,3.021875,-3.914614827982848
4.1546,62.319,3.0250000000000004,-3.819086270769488
4.1546,62.319,3.028125,-3.735437981860294
4.1546,62.319,3.03125,-3.6626362694613164
4.1546,62.319,3.0343750000000003,-3.6053952366170265
4.1546,62.319,3.0375,-3.5628643392556962
4.1546,62.319,3.0406250000000004,-3.5378267706064004
4.1546,62.319,3.04375,-3.5266449378187463
4.1546,62.319,3.046875,-3.5347154052323133
4.1546,62.319,3.0500000000000003,-3.5578484551322576
4.1546,62.319,3.053125,-3.5908458608765703
4.1546,62.319,3.0562500000000004,-3.6366332180279546
4.1546,62.319,3.059375,-3.688185896978429
4.1546,62.319,3.0625,-3.7458439583773737
4.1546,62.319,3.0656250000000003,-3.807058839879846
4.1546,62.319,3.06875,-3.8684564912943777
4.1546,62.319,3.0718750000000004,-3.9197458562521206
4.1546,62.319,3.075,-3.9659902559102704
4.1546,62.319,3.078125,-3.9981076339456854
4.1546,62.319,3.0812500000000003,-4.019827852861804
4.1546,62.319,3.084375,-4.024658343849171
4.1546,62.319,3.0875000000000004,-4.019458935058131
4.1546,62.319,3.090625,-3.9945460055831394
4.1546,62.319,3.09375,-3.9595926932571017
4.1546,62.319,3.0968750000000003,-3.911941985078327
4.1546,62.319,3.1,-3.860077910942713
4.1546,62.319,3.1031250000000004,-3.801696887712882
4.1546,62.319,3.10625,-3.7388115311886754
4.1546,62.319,3.109375,-3.6690341609395456
4.1546,62.319,3.1125000000000003,-3.6033819789026604
4.1546,62.319,3.115625,-3.5359088484260264
4.1546,62.319,3.1187500000000004,-3.468087570727658
4.1546,62.319,3.121875,-3.405086899776956
4.1546,62.319,3.125,-3.352913780593915
4.1546,62.319,3.1281250000000003,-3.3109555168389186
4.1546,62.319,3.13125,-3.286162215218549
4.1546,62.319,3.1343750000000004,-3.281025368310926
4.1546,62.319,3.1375,-3.290150919893361
4.1546,62.319,3.140625,-3.321364928780277
4.1546,62.319,3.1437500000000003,-3.3674692547467866
4.1546,62.319,3.146875,-3.425650556830584
4.1546,62.319,3.1500000000000004,-3.499618725580762
4.1546,62.319,3.153125,-3.577129291048876
4.1546,62.319,3.15625,-3.6596858709577704
4.1546,62.319,3.1593750000000003,-3.738591816060759
4.1546,62.319,3.1625,-3.8181299972063054
4.1546,62.319,3.1656250000000004,-3.8876359967775587
4.1546,62.319,3.16875,-3.9423418312135796
4.1546,62.319,3.171875,-3.9838418342522077
4.1546,62.319,3.1750000000000003,-4.0084958921959215
4.1546,62.319,3.178125,-4.01965630783727
4.1546,62.319,3.1812500000000004,-4.017392350955103
4.1546,62.319,3.184375,-4.003575919399975
4.1546,62.319,3.1875,-3.974399373834787
4.1546,62.319,3.1906250000000003,-3.9415300530651844
4.1546,62.319,3.19375,-3.895836708235039
4.1546,62.319,3.1968750000000004,-3.8475813742394354
4.1546,62.319,3.2,-3.794495917060163
4.1546,62.319,3.203125,-3.743573561849405
4.1546,62.319,3.2062500000000003,-3.6936089139684105
4.1546,62.319,3.209375,-3.646068774593476
4.1546,62.319,3.2125000000000004,-3.60453671254926
4.1546,62.319,3.215625,-3.5733462389780373
4.1546,62.319,3.21875,-3.552881749788104
4.1546,62.319,3.2218750000000003,-3.5440104306401294
4.1546,62.319,3.225,-3.5501268505748307
4.1546,62.319,3.2281250000000004,-3.570435357200669
4.1546,62.319,3.23125,-3.6043502390471733
4.1546,62.319,3.234375,-3.6547933906529035
4.1546,62.319,3.2375000000000003,-3.722335034688044
4.1546,62.319,3.240625,-3.790559442765773
4.1546,62.319,3.2437500000000004,-3.872202607334065
4.1546,62.319,3.246875,-3.960759230738988
4.1546,62.319,3.25,-4.04139348831183
4.1546,62.319,3.2531250000000003,-4.115135326381328
4.1546,62.319,3.25625,-4.179364853067884
4.1546,62.319,3.2593750000000004,-4.229255524538087
4.1546,62.319,3.2625,-4.267085056527182
4.1546,62.319,3.265625,-4.286440976504512
4.1546,62.319,3.2687500000000003,-4.302944234637811
4.1546,62.319,3.271875,-4.299736378799134
4.1546,62.319,3.2750000000000004,-4.2909220507409245
4.1546,62.319,3.278125,-4.2710864859146715
4.1546,62.319,3.28125,-4.241892397759735
4.1546,62.319,3.2843750000000003,-4.2102055406064345
4.1546,62.319,3.2875,-4.176582812771661
4.1546,62.319,3.2906250000000004,-4.1461210718304615
4.1546,62.319,3.29375,-4.120119954512547
4.1546,62.319,3.296875,-4.0945181716232995
4.1546,62.319,3.3000000000000003,-4.082806363057033
4.1546,62.319,3.303125,-4.077222388088158
4.1546,62.319,3.3062500000000004,-4.085674401694709
4.1546,62.319,3.309375,-4.102980059247397
4.1546,62.319,3.3125,-4.12945858197579
4.1546,62.319,3.3156250000000003,-4.1730814285679205
4.1546,62.319,3.31875,-4.2205020036011645
4.1546,62.319,3.3218750000000004,-4.279413602160518
4.1546,62.319,3.325,-4.3525262904007125
4.1546,62.319,3.328125,-4.434252919843778
4.1546,62.319,3.3312500000000003,-4.516615529820176
4.1546,62.319,3.334375,-4.610533781683912
4.1546,62.319,3.3375000000000004,-4.701292704608709
4.1546,62.319,3.340625,-4.7948278375099305
4.1546,62.319,3.34375,-4.879460140177036
4.1546,62.319,3.3468750000000003,-4.956709971601167
4.1546,62.319,3.35,-5.0268894860190905
4.1546,62.319,3.3531250000000004,-5.080018728216297
4.1546,62.319,3.35625,-5.123071857509071
4.1546,62.319,3.359375,-5.158619972162393
4.1546,62.319,3.3625000000000003,-5.182152637083496
4.1546,62.319,3.365625,-5.189914793395502
4.1546,62.319,3.3687500000000004,-5.189622017533627
4.1546,62.319,3.371875,-5.186196253693561
4.1546,62.319,3.375,-5.173397989800846
4.1546,62.319,3.3781250000000003,-5.1517406210099
4.1546,62.319,3.38125,-5.136522378145381
4.1546,62.319,3.3843750000000004,-5.120838917419316
4.1546,62.319,3.3875,-5.106758066939907
4.1546,62.319,3.390625,-5.09596317218643
4.1546,62.319,3.3937500000000003,-5.092019141452452
4.1546,62.319,3.396875,-5.100070568638389
4.1546,62.319,3.4000000000000004,-5.106250219065149
4.1546,62.319,3.403125,-5.13477704341006
4.1546,62.319,3.40625,-5.177038216258011
4.1546,62.319,3.4093750000000003,-5.22425052503388
4.1546,62.319,3.4125,-5.287969899372879
4.1546,62.319,3.4156250000000004,-5.364573096192142
4.1546,62.319,3.41875,-5.44418318261
4.1546,62.319,3.421875,-5.531204726164148
4.1546,62.319,3.4250000000000003,-5.608613972300093
4.1546,62.319,3.428125,-5.690440806762337
4.1546,62.319,3.4312500000000004,-5.755199998515151
4.1546,62.319,3.434375,-5.809505056592172
4.1546,62.319,3.4375,-5.847201762785436
4.1546,62.319,3.4406250000000003,-5.86931152644235
4.1546,62.319,3.44375,-5.867869964430804
4.1546,62.319,3.4468750000000004,-5.8534364939813415
4.1546,62.319,3.45,-5.82053930832112
4.1546,62.319,3.453125,-5.774994923952611
4.1546,62.319,3.4562500000000003,-5.716597679259316
4.1546,62.319,3.459375,-5.651109001319041
4.1546,62.319,3.4625000000000004,-5.5839529017801635
4.1546,62.319,3.465625,-5.508475122536635
4.1546,62.319,3.46875,-5.433311365367909
4.1546,62.319,3.4718750000000003,-5.358167750054129
4.1546,62.319,3.475,-5.2820394839272575
4.1546,62.319,3.4781250000000004,-5.213135995950409
4.1546,62.319,3.48125,-5.14739368831309
4.1546,62.319,3.484375,-5.088925145731817
4.1546,62.319,3.4875000000000003,-5.043739556108521
4.1546,62.319,3.490625,-5.0086791864227544
4.1546,62.319,3.4937500000000004,-4.985635535407137
4.1546,62.319,3.496875,-4.979302434660178
4.1546,62.319,3.5,-4.990979456891285
4.1546,62.319,3.5031250000000003,-5.03077700455525
4.1546,62.319,3.50625,-5.089314852470834
4.1546,62.319,3.5093750000000004,-5.169184374450959
4.1546,62.319,3.5125,-5.255561357899091
4.1546,62.319,3.515625,-5.3261723365348494
4.1546,62.319,3.5187500000000003,-5.377223593053516
4.1546,62.319,3.521875,-5.419116955720114
4.1546,62.319,3.5250000000000004,-5.467131576813731
4.1546,62.319,3.528125,-5.501470743918233
4.1546,62.319,3.53125,-5.532247427022689
4.1546,62.319,3.5343750000000003,-5.549730616185097
4.1546,62.319,3.5375,-5.552123715671254
4.1546,62.319,3.5406250000000004,-5.535628220957576
4.1546,62.319,3.54375,-5.50536199746675
4.1546,62.319,3.546875,-5.451971180191716
4.1546,62.319,3.5500000000000003,-5.3918726637417365
4.1546,62.319,3.553125,-5.318151311117512
4.1546,62.319,3.5562500000000004,-5.239185667055657
4.1546,62.319,3.559375,-5.159015778852129
4.1546,62.319,3.5625,-5.084209071706777
4.1546,62.319,3.5656250000000003,-5.009629680185417
4.1546,62.319,3.56875,-4.941607698204987
4.1546,62.319,3.5718750000000004,-4.885594754133205
4.1546,62.319,3.575,-4.839153480659241
4.1546,62.319,3.5781250000000004,-4.799777851773566
4.1546,62.319,3.5812500000000003,-4.784678801612496
4.1546,62.319,3.584375,-4.775575988096257
4.1546,62.319,3.5875000000000004,-4.790453240259401
4.1546,62.319,3.590625,-4.816244283575473
4.1546,62.319,3.5937500000000004,-4.853807697811484
4.1546,62.319,3.5968750000000003,-4.907656793185782
4.1546,62.319,3.6,-4.969168756235922
4.1546,62.319,3.6031250000000004,-5.048457005842958
4.1546,62.319,3.60625,-5.1356517810036175
4.1546,62.319,3.6093750000000004,-5.234582360344761
4.1546,62.319,3.6125000000000003,-5.3275725586752305
4.1546,62.319,3.615625,-5.409495545610992
4.1546,62.319,3.6187500000000004,-5.482768207777816
4.1546,62.319,3.621875,-5.535943761573327
4.1546,62.319,3.6250000000000004,-5.571743065173942
4.1546,62.319,3.6281250000000003,-5.592700569348857
4.1546,62.319,3.63125,-5.596594004531812
4.1546,62.319,3.6343750000000004,-5.587163090286796
4.1546,62.319,3.6375,-5.582493281446332
4.1546,62.319,3.6406250000000004,-5.581607597043275
4.1546,62.319,3.6437500000000003,-5.583364386948181
4.1546,62.319,3.646875,-5.5775985890470885
4.1546,62.319,3.6500000000000004,-5.534466798862326
4.1546,62.319,3.653125,-5.462711264040918
4.1546,62.319,3.6562500000000004,-5.38533326861581
4.1546,62.319,3.6593750000000003,-5.333831863286914
4.1546,62.319,3.6625,-5.2955665766936635
4.1546,62.319,3.6656250000000004,-5.269411816429455
4.1546,62.319,3.66875,-5.267686875837779
4.1546,62.319,3.6718750000000004,-5.280059512421554
4.1546,62.319,3.6750000000000003,-5.315135247466186
4.1546,62.319,3.678125,-5.370630997705112
4.1546,62.319,3.6812500000000004,-5.441152033344937
4.1546,62.319,3.684375,-5.522389811384957
4.1546,62.319,3.6875000000000004,-5.6168373359251795
4.1546,62.319,3.6906250000000003,-5.724664842621725
4.1546,62.319,3.69375,-5.844220836561557
4.1546,62.319,3.6968750000000004,-5.967880786992893
4.1546,62.319,3.7,-6.0941366568771205
4.1546,62.319,3.7031250000000004,-6.220832676962365
4.1546,62.319,3.7062500000000003,-6.331957423807097
4.1546,62.319,3.709375,-6.425985258076638
4.1546,62.319,3.7125000000000004,-6.509927641702057
4.1546,62.319,3.715625,-6.576642197385645
4.1546,62.319,3.7187500000000004,-6.628300437125279
4.1546,62.319,3.7218750000000003,-6.6560216543548805
4.1546,62.319,3.725,-6.65000447539191
4.1546,62.319,3.7281250000000004,-6.630793486415639
4.1546,62.319,3.73125,-6.601775888062853
4.1546,62.319,3.7343750000000004,-6.567360963606856
4.1546,62.319,3.7375000000000003,-6.51402934130484
4.1546,62.319,3.740625,-6.479898386280079
4.1546,62.319,3.7437500000000004,-6.446435958597999
4.1546,62.319,3.746875,-6.413341785174044
4.1546,62.319,3.7500000000000004,-6.3822720098550505
4.1546,62.319,3.7531250000000003,-6.367768754430864
4.1546,62.319,3.75625,-6.360297320128923
4.1546,62.319,3.7593750000000004,-6.374229841488369
4.1546,62.319,3.7625,-6.4077179848147345
4.1546,62.319,3.7656250000000004,-6.452104899658366
4.1546,62.319,3.7687500000000003,-6.52051967096198
4.1546,62.319,3.771875,-6.610364517004767
4.1546,62.319,3.7750000000000004,-6.712163713938791
4.1546,62.319,3.778125,-6.831196624326053
4.1546,62.319,3.7812500000000004,-6.963370953728355
4.1546,62.319,3.7843750000000003,-7.105311513578019
4.1546,62.319,3.7875,-7.24165734281481
4.1546,62.319,3.7906250000000004,-7.377632485929198
4.1546,62.319,3.79375,-7.498457079096431
4.1546,62.319,3.7968750000000004,-7.603473691644287
4.1546,62.319,3.8000000000000003,-7.680961619095231
4.1546,62.319,3.803125,-7.73208091285594
4.1546,62.319,3.8062500000000004,-7.760744853443624
4.1546,62.319,3.809375,-7.7561955278972246
4.1546,62.319,3.8125000000000004,-7.730194279429028
4.1546,62.319,3.8156250000000003,-7.671429274301235
4.1546,62.319,3.81875,-7.604960055426716
4.1546,62.319,3.8218750000000004,-7.5287754136888205
4.1546,62.319,3.825,-7.439757611582163
4.1546,62.319,3.8281250000000004,-7.354121725400233
4.1546,62.319,3.8312500000000003,-7.276198030989832
4.1546,62.319,3.834375,-7.205177269530154
4.1546,62.319,3.8375000000000004,-7.148531198516592
4.1546,62.319,3.840625,-7.111089505700484
4.1546,62.319,3.8437500000000004,-7.096216540724031
4.1546,62.319,3.8468750000000003,-7.088834732641887
4.1546,62.319,3.85,-7.0978371921431505
4.1546,62.319,3.8531250000000004,-7.126738015792295
4.1546,62.319,3.85625,-7.179257254780531
4.1546,62.319,3.8593750000000004,-7.251365845658294
4.1546,62.319,3.8625000000000003,-7.341279224976816
4.1546,62.319,3.865625,-7.44928351495761
4.1546,62.319,3.8687500000000004,-7.5751244375543205
4.1546,62.319,3.871875,-7.711474124777679
4.1546,62.319,3.8750000000000004,-7.854640723433068
4.1546,62.319,3.8781250000000003,-8.007124412302968
4.1546,62.319,3.88125,-8.15319178807156
4.1546,62.319,3.8843750000000004,-8.291762803989913
4.1546,62.319,3.8875,-8.408826811865351
4.1546,62.319,3.8906250000000004,-8.505921336203876
4.1546,62.319,3.8937500000000003,-8.573303849663441
4.1546,62.319,3.896875,-8.606782820945929
4.1546,62.319,3.9000000000000004,-8.616477022233166
4.1546,62.319,3.903125,-8.593824297437086
4.1546,62.319,3.9062500000000004,-8.5402398444461
4.1546,62.319,3.9093750000000003,-8.471684940788279
4.1546,62.319,3.9125,-8.387342499364989
4.1546,62.319,3.9156250000000004,-8.285132932807048
4.1546,62.319,3.91875,-8.18989606160557
4.1546,62.319,3.9218750000000004,-8.096958259226817
4.1546,62.319,3.9250000000000003,-8.009175834032051
4.1546,62.319,3.928125,-7.930700439857834
4.1546,62.319,3.9312500000000004,-7.878938337180043
4.1546,62.319,3.934375,-7.842709545529434
4.1546,62.319,3.9375000000000004,-7.824643854989461
4.1546,62.319,3.9406250000000003,-7.838469652517219
4.1546,62.319,3.94375,-7.865526315918494
4.1546,62.319,3.9468750000000004,-7.927413932406053
4.1546,62.319,3.95,-8.011288084894636
4.1546,62.319,3.9531250000000004,-8.122142927903397
4.1546,62.319,3.9562500000000003,-8.25822420270443
4.1546,62.319,3.959375,-8.407580195845238
4.1546,62.319,3.9625000000000004,-8.576713261354591
4.1546,62.319,3.965625,-8.753559073329253
4.1546,62.319,3.9687500000000004,-8.928601738349073
4.1546,62.319,3.9718750000000003,-9.095535146626647
4.1546,62.319,3.975,-9.246281194985638
4.1546,62.319,3.9781250000000004,-9.377963669730807
4.1546,62.319,3.98125,-9.466658633680861
4.1546,62.319,3.9843750000000004,-9.519663957582917
4.1546,62.319,3.9875000000000003,-9.537758570688394
4.1546,62.319,3.990625,-9.51609249851801
4.1546,62.319,3.9937500000000004,-9.453833576046392
4.1546,62.319,3.996875,-9.368984704889076
4.1546,62.319,4,-9.255083046624247
4.1546,62.319,4.003125,-9.126225758176837
4.1546,62.319,4.0062500000000005,-8.997539911016887
4.1546,62.319,4.009375,-8.87168003365074
4.1546,62.319,4.0125,-8.74665781021893
4.1546,62.319,4.015625,-8.636575636578032
4.1546,62.319,4.01875,-8.541809673335896
4.1546,62.319,4.0218750000000005,-8.4623016686451
4.1546,62.319,4.025,-8.421321135292716
4.1546,62.319,4.028125,-8.388921433508411
4.1546,62.319,4.03125,-8.39375558675108
4.1546,62.319,4.034375,-8.427467966714756
4.1546,62.319,4.0375000000000005,-8.487552724608161
4.1546,62.319,4.040625,-8.580916928270618
4.1546,62.319,4.04375,-8.702638067731105
4.1546,62.319,4.046875,-8.842870911930486
4.1546,62.319,4.05,-9.010511224564116
4.1546,62.319,4.0531250000000005,-9.193354406363232
4.1546,62.319,4.05625,-9.38740742398505
4.1546,62.319,4.059375,-9.585823989833852
4.1546,62.319,4.0625,-9.761978631577975
4.1546,62.319,4.065625,-9.924248397992386
4.1546,62.319,4.0687500000000005,-10.050861078369566
4.1546,62.319,4.071875,-10.126095673101283
4.1546,62.319,4.075,-10.139123410614655
4.1546,62.319,4.078125,-10.081793120910248
4.1546,62.319,4.08125,-9.96285978951529
4.1546,62.319,4.0843750000000005,-9.78336045767692
4.1546,62.319,4.0875,-9.583290577253697
4.1546,62.319,4.090625,-9.381424995275914
4.1546,62.319,4.09375,-9.173676840007074
4.1546,62.319,4.096875,-8.987774124328917
4.1546,62.319,4.1000000000000005,-8.814099220920406
4.1546,62.319,4.103125,-8.659560647995944
4.1546,62.319,4.10625,-8.524944692605862
4.1546,62.319,4.109375,-8.412127658607124
4.1546,62.319,4.1125,-8.337955529665079
4.1546,62.319,4.1156250000000005,-8.287437795308952
4.1546,62.319,4.11875,-8.26879436951408
4.1546,62.319,4.121875,-8.284974667772321
4.1546,62.319,4.125,-8.334887192732596
4.1546,62.319,4.128125,-8.413413335888068
4.1546,62.319,4.1312500000000005,-8.52052404622029
4.1546,62.319,4.134375,-8.663265621177473
4.1546,62.319,4.1375,-8.831055459607743
4.1546,62.319,4.140625,-9.003577180910641
4.1546,62.319,4.14375,-9.200761181976256
4.1546,62.319,4.1468750000000005,-9.398359998671443
4.1546,62.319,4.15,-9.580187329264243
4.1546,62.319,4.153125,-9.747297176386278
4.1546,62.319,4.15625,-9.874881216923445
4.1546,62.319,4.159375,-9.962737523371228
4.1546,62.319,4.1625000000000005,-9.985268797054028
4.1546,62.319,4.165625,-9.959600497263079
4.1546,62.319,4.16875,-9.881279671355259
4.1546,62.319,4.171875,-9.755307989312078
4.1546,62.319,4.175,-9.588655266547661
4.1546,62.319,4.1781250000000005,-9.40521557528245
4.1546,62.319,4.18125,-9.205861908051912
4.1546,62.319,4.184375,-9.002503594793655
4.1546,62.319,4.1875,-8.80720152388283
4.1546,62.319,4.190625,-8.631125009243286
4.1546,62.319,4.1937500000000005,-8.480332592687308
4.1546,62.319,4.196875,-8.345903561969996
4.1546,62.319,4.2,-8.25249501927476
4.1546,62.319,4.203125,-8.186277971284488
4.1546,62.319,4.20625,-8.154667271954658
4.1546,62.319,4.2093750000000005,-8.151596451711251
4.1546,62.319,4.2125,-8.186543137487599
4.1546,62.319,4.215625,-8.254096221001149
4.1546,62.319,4.21875,-8.350022995741986
4.1546,62.319,4.221875,-8.485969927321209
4.1546,62.319,4.2250000000000005,-8.651279014265663
4.1546,62.319,4.228125,-8.83720034287824
4.1546,62.319,4.23125,-9.045757415293913
4.1546,62.319,4.234375,-9.267663397630727
4.1546,62.319,4.2375,-9.490343433072425
4.1546,62.319,4.2406250000000005,-9.69886645719786
4.1546,62.319,4.24375,-9.880643620240344
4.1546,62.319,4.246875,-10.042231381423212
4.1546,62.319,4.25,-10.146194695639608
4.1546,62.319,4.253125,-10.194069388114029
4.1546,62.319,4.2562500000000005,-10.189228859993118
4.1546,62.319,4.259375,-10.135171446119655
4.1546,62.319,4.2625,-10.018412549139892
4.1546,62.319,4.265625,-9.873110247158344
4.1546,62.319,4.26875,-9.697102036765488
4.1546,62.319,4.2718750000000005,-9.516281208741137
4.1546,62.319,4.275,-9.324097653375578
4.1546,62.319,4.278125,-9.133729077498188
4.1546,62.319,4.28125,-8.968420345018432
4.1546,62.319,4.284375000000001,-8.814633213708984
4.1546,62.319,4.2875000000000005,-8.687526395270478
4.1546,62.319,4.290625,-8.582657196641467
4.1546,62.319,4.29375,-8.513222830454824
4.1546,62.319,4.296875,-8.476723723646186
4.1546,62.319,4.300000000000001,-8.471251667974235
4.1546,62.319,4.3031250000000005,-8.499549836771171
4.1546,62.319,4.30625,-8.56278219510622
4.1546,62.319,4.309375,-8.653195021579137
4.1546,62.319,4.3125,-8.777618166803402
4.1546,62.319,4.315625000000001,-8.921807766310303
4.1546,62.319,4.3187500000000005,-9.085614715259029
4.1546,62.319,4.321875,-9.2657212166622
4.1546,62.319,4.325,-9.439020121758585
4.1546,62.319,4.328125,-9.613560264704368
4.1546,62.319,4.331250000000001,-9.764755026955978
4.1546,62.319,4.3343750000000005,-9.87290968065442
4.1546,62.319,4.3375,-9.943856153155771
4.1546,62.319,4.340625,-9.948066359822803
4.1546,62.319,4.34375,-9.901168808728187
4.1546,62.319,4.346875000000001,-9.80159840381263
4.1546,62.319,4.3500000000000005,-9.642108734059919
4.1546,62.319,4.353125,-9.431401174921298
4.1546,62.319,4.35625,-9.178819524770123
4.1546,62.319,4.359375,-8.923344686009507
4.1546,62.319,4.362500000000001,-8.648987985603073
4.1546,62.319,4.3656250000000005,-8.382106345633781
4.1546,62.319,4.36875,-8.150726367723847
4.1546,62.319,4.371875,-7.956627333591426
4.1546,62.319,4.375,-7.798150163574464
4.1546,62.319,4.378125000000001,-7.680028873466416
4.1546,62.319,4.3812500000000005,-7.582551400474195
4.1546,62.319,4.384375,-7.523249009093683
4.1546,62.319,4.3875,-7.493489094331864
4.1546,62.319,4.390625,-7.500770036023072
4.1546,62.319,4.393750000000001,-7.530427223965253
4.1546,62.319,4.3968750000000005,-7.5986973939757485
4.1546,62.319,4.4,-7.692507175597399
4.1546,62.319,4.403125,-7.82210429607617
4.1546,62.319,4.40625,-7.981065389503627
4.1546,62.319,4.409375000000001,-8.147770447146032
4.1546,62.319,4.4125000000000005,-8.343824277530477
4.1546,62.319,4.415625,-8.547592797161611
4.1546,62.319,4.41875,-8.746337236916451
4.1546,62.319,4.421875,-8.935295874731041
4.1546,62.319,4.425000000000001,-9.112314816644933
4.1546,62.319,4.4281250000000005,-9.259606183813524
4.1546,62.319,4.43125,-9.397690675488576
4.1546,62.319,4.434375,-9.501278955626788
4.1546,62.319,4.4375,-9.443658199637808
4.1546,62.319,4.440625000000001,-9.27457411551287
4.1546,62.319,4.4437500000000005,-9.111608789790703
4.1546,62.319,4.446875,-8.914475423625788
4.1546,62.319,4.45,-8.7002580223564
4.1546,62.319,4.453125,-8.474938167295944
4.1546,62.319,4.456250000000001,-8.255455974089426
4.1546,62.319,4.4593750000000005,-8.049603146226888
4.1546,62.319,4.4625,-7.870142796098426
4.1546,62.319,4.465625,-7.7175607799660515
4.1546,62.319,4.46875,-7.580959707723137
4.1546,62.319,4.471875000000001,-7.484669906907663
4.1546,62.319,4.4750000000000005,-7.410630931332355
4.1546,62.319,4.478125,-7.3599987226647565
4.1546,62.319,4.48125,-7.340471437460325
4.1546,62.319,4.484375,-7.349564191129567
4.1546,62.319,4.487500000000001,-7.393056612391941
4.1546,62.319,4.4906250000000005,-7.451015972827971
4.1546,62.319,4.49375,-7.544671333060302
4.1546,62.319,4.496875,-7.65023452794404
4.1546,62.319,4.5,-7.773381204972557
4.1546,62.319,4.503125000000001,-7.911265301498441
4.1546,62.319,4.5062500000000005,-8.044353784273534
4.1546,62.319,4.509375,-8.170841951020998
4.1546,62.319,4.5125,-8.285610810655239
4.1546,62.319,4.515625,-8.370482737005052
4.1546,62.319,4.518750000000001,-8.416814328746845
4.1546,62.319,4.5218750000000005,-8.425633427796399
4.1546,62.319,4.525,-8.381333879190244
4.1546,62.319,4.528125,-8.303799752844377
4.1546,62.319,4.53125,-8.19044778362974
4.1546,62.319,4.534375000000001,-8.075677552321597
4.1546,62.319,4.5375000000000005,-7.986843412912698
4.1546,62.319,4.540625,-7.901394773389293
4.1546,62.319,4.54375,-7.690444267526448
4.1546,62.319,4.546875,-7.4236254277680525
4.1546,62.319,4.550000000000001,-7.156808521781563
4.1546,62.319,4.5531250000000005,-6.930904506049529
4.1546,62.319,4.55625,-6.733784067900974
4.1546,62.319,4.559375,-6.5641858009772225
4.1546,62.319,4.5625,-6.421057074791479
4.1546,62.319,4.565625000000001,-6.301003099838912
4.1546,62.319,4.5687500000000005,-6.213504380274055
4.1546,62.319,4.571875,-6.1481655314231185
4.1546,62.319,4.575,-6.1012535081798545
4.1546,62.319,4.578125,-6.0885846246409345
4.1546,62.319,4.581250000000001,-6.103078433708548
4.1546,62.319,4.5843750000000005,-6.146416802612936
4.1546,62.319,4.5875,-6.20934646225292
4.1546,62.319,4.590625,-6.295828217180648
4.1546,62.319,4.59375,-6.401060143678132
4.1546,62.319,4.596875000000001,-6.53030491831935
4.1546,62.319,4.6000000000000005,-6.657180079348245
4.1546,62.319,4.603125,-6.788954756198748
4.1546,62.319,4.60625,-6.906352305233561
4.1546,62.319,4.609375,-7.018206426528575
4.1546,62.319,4.612500000000001,-7.103678795183706
4.1546,62.319,4.6156250000000005,-7.16438492220975
4.1546,62.319,4.61875,-7.19073848232364
4.1546,62.319,4.621875,-7.178292207453789
4.1546,62.319,4.625,-7.124578297441047
4.1546,62.319,4.628125000000001,-7.038195716668698
4.1546,62.319,4.6312500000000005,-6.922902863276818
4.1546,62.319,4.634375,-6.780280294693675
4.1546,62.319,4.6375,-6.628161338530396
4.1546,62.319,4.640625,-6.4702628868423755
4.1546,62.319,4.643750000000001,-6.310615606972379
4.1546,62.319,4.6468750000000005,-6.151829317592567
4.1546,62.319,4.65,-6.003762473349521
4.1546,62.319,4.653125,-5.874556748500267
4.1546,62.319,4.65625,-5.754546562272324
4.1546,62.319,4.659375000000001,-5.653268136712898
4.1546,62.319,4.6625000000000005,-5.5678074573110505
4.1546,62.319,4.665625,-5.503285140685624
4.1546,62.319,4.66875,-5.460919155024845
4.1546,62.319,4.671875,-5.442154371304121
4.1546,62.319,4.675000000000001,-5.428717716077912
4.1546,62.319,4.6781250000000005,-5.426017303197201
4.1546,62.319,4.68125,-5.419278931815072
4.1546,62.319,4.684375,-5.490687712334336
4.1546,62.319,4.6875,-5.6096796891646115
4.1546,62.319,4.690625000000001,-5.7069030831234215
4.1546,62.319,4.6937500000000005,-5.789441416858807
4.1546,62.319,4.696875,-5.862742994796591
4.1546,62.319,4.7,-5.919742402151043
4.1546,62.319,4.703125,-5.951782167709156
4.1546,62.319,4.706250000000001,-5.957919649671477
4.1546,62.319,4.7093750000000005,-5.933364416207273
4.1546,62.319,4.7125,-5.879014104722337
4.1546,62.319,4.715625,-5.785498833044151
4.1546,62.319,4.71875,-5.6681377613837185
4.1546,62.319,4.721875000000001,-5.519493722843044
4.1546,62.319,4.7250000000000005,-5.356252225431938
4.1546,62.319,4.728125,-5.18491389479844
4.1546,62.319,4.73125,-5.005725603122592
4.1546,62.319,4.734375,-4.836248252170062
4.1546,62.319,4.737500000000001,-4.673474617688326
4.1546,62.319,4.7406250000000005,-4.523413518861262
4.1546,62.319,4.74375,-4.388843244082643
4.1546,62.319,4.746875,-4.273835978309976
4.1546,62.319,4.75,-4.176545618853924
4.1546,62.319,4.753125000000001,-4.102231644354889
4.1546,62.319,4.7562500000000005,-4.042617036666229
4.1546,62.319,4.759375,-4.006798690139863
4.1546,62.319,4.7625,-3.984283906677965
4.1546,62.319,4.765625,-3.981255217508262
4.1546,62.319,4.768750000000001,-4.001123199816514
4.1546,62.319,4.7718750000000005,-4.029832066947562
4.1546,62.319,4.775,-4.077692485908535
4.1546,62.319,4.778125,-4.136329404450633
4.1546,62.319,4.78125,-4.203349607017838
4.1546,62.319,4.784375000000001,-4.28295986475672
4.1546,62.319,4.7875000000000005,-4.358926212794287
4.1546,62.319,4.790625,-4.437886544529207
4.1546,62.319,4.79375,-4.503845859638546
4.1546,62.319,4.796875,-4.5625519084153074
4.1546,62.319,4.800000000000001,-4.597340607536861
4.1546,62.319,4.8031250000000005,-4.618752851229061
4.1546,62.319,4.80625,-4.620805535586083
4.1546,62.319,4.809375,-4.59429899457621
4.1546,62.319,4.8125,-4.54630144431824
4.1546,62.319,4.815625000000001,-4.483465943030534
4.1546,62.319,4.8187500000000005,-4.40918258169593
4.1546,62.319,4.821875,-4.326102236732363
4.1546,62.319,4.825,-4.2321667378792736
4.1546,62.319,4.828125,-4.145763709758456
4.1546,62.319,4.831250000000001,-4.065940639871065
4.1546,62.319,4.8343750000000005,-3.9910275335276157
4.1546,62.319,4.8375,-3.9308724070274623
4.1546,62.319,4.840625,-3.888992736028844
4.1546,62.319,4.84375,-3.8617366351549176
4.1546,62.319,4.846875000000001,-3.854258676063798
4.1546,62.319,4.8500000000000005,-3.864805036442312
4.1546,62.319,4.853125,-3.8951969881476027
4.1546,62.319,4.85625,-3.9447411831154096
4.1546,62.319,4.859375,-4.01430652908801
4.1546,62.319,4.862500000000001,-4.102226883944701
4.1546,62.319,4.8656250000000005,-4.207377705375159
4.1546,62.319,4.86875,-4.329750483054767
4.1546,62.319,4.871875,-4.462698043364698
4.1546,62.319,4.875,-4.600397073893023
4.1546,62.319,4.878125000000001,-4.73628233552927
4.1546,62.319,4.8812500000000005,-4.869001822468285
4.1546,62.319,4.884375,-4.986527067662504
4.1546,62.319,4.8875,-5.087865020850547
4.1546,62.319,4.890625,-5.158667964113214
4.1546,62.319,4.893750000000001,-5.195669192792593
4.1546,62.319,4.8968750000000005,-5.197512877289129
4.1546,62.319,4.9,-5.166739820837899
4.1546,62.319,4.903125,-5.107137455657932
4.1546,62.319,4.90625,-5.02304599536278
4.1546,62.319,4.909375000000001,-4.915433805850509
4.1546,62.319,4.9125000000000005,-4.801067877412236
4.1546,62.319,4.915625,-4.680056907731641
4.1546,62.319,4.91875,-4.564115096414833
4.1546,62.319,4.921875,-4.454351219180406
4.1546,62.319,4.925000000000001,-4.3508210529693585
4.1546,62.319,4.9281250000000005,-4.265762382544328
4.1546,62.319,4.93125,-4.193245645554937
4.1546,62.319,4.934375,-4.142703508479018
4.1546,62.319,4.9375,-4.110298276522312
4.1546,62.319,4.940625000000001,-4.098255277031208
4.1546,62.319,4.9437500000000005,-4.111701858886377
4.1546,62.319,4.946875,-4.139037645559636
4.1546,62.319,4.95,-4.1903920518376
4.1546,62.319,4.953125,-4.260380480221512
4.1546,62.319,4.956250000000001,-4.349255569867038
4.1546,62.319,4.9593750000000005,-4.454517250214381
4.1546,62.319,4.9625,-4.581417852452131
4.1546,62.319,4.965625,-4.7162532106519395
4.1546,62.319,4.96875,-4.860297693011811
4.1546,62.319,4.971875000000001,-5.00446690900332
4.1546,62.319,4.9750000000000005,-5.148011897501908
4.1546,62.319,4.978125,-5.2851091801668915
4.1546,62.319,4.98125,-5.398363207937127
4.1546,62.319,4.984375,-5.49203052900249
4.1546,62.319,4.987500000000001,-5.557854801247331
4.1546,62.319,4.9906250000000005,-5.5887440090800276
4.1546,62.319,4.99375,-5.584940636234489
4.1546,62.319,4.996875,-5.551086784377417
4.1546,62.319,5,-5.494015108521588
4.1546,62.319,5.003125000000001,-5.407371444518421
4.1546,62.319,5.0062500000000005,-5.3226612089042415
4.1546,62.319,5.009375,-5.232023451389321
4.1546,62.319,5.0125,-5.140618602024217
4.1546,62.319,5.015625,-5.049924085912889
4.1546,62.319,5.018750000000001,-4.9755370549582425
4.1546,62.319,5.0218750000000005,-4.91345747446039
4.1546,62.319,5.025,-4.867518567656001
4.1546,62.319,5.028125,-4.84475005190791
4.1546,62.319,5.03125,-4.8502600519123735
4.1546,62.319,5.034375000000001,-4.870548184457978
4.1546,62.319,5.0375000000000005,-4.914115445474573
4.1546,62.319,5.040625,-4.979395929637858
4.1546,62.319,5.04375,-5.073408490302265
4.1546,62.319,5.046875,-5.185235615675178
4.1546,62.319,5.050000000000001,-5.316291571189733
4.1546,62.319,5.0531250000000005,-5.469386699548511
4.1546,62.319,5.05625,-5.631495291904379
4.1546,62.319,5.059375,-5.811345842152539
4.1546,62.319,5.0625,-6.001812836503952
4.1546,62.319,5.065625000000001,-6.1887037089578545
4.1546,62.319,5.0687500000000005,-6.369357821459386
4.1546,62.319,5.071875,-6.540894281818109
4.1546,62.319,5.075,-6.669513487889478
4.1546,62.319,5.078125,-6.754717470610851
4.1546,62.319,5.081250000000001,-6.773085784279839
4.1546,62.319,5.0843750000000005,-6.751938559805037
4.1546,62.319,5.0875,-6.688425257476217
4.1546,62.319,5.090625,-6.579811879148564
4.1546,62.319,5.09375,-6.457360737134966
4.1546,62.319,5.096875000000001,-6.3184646659252675
4.1546,62.319,5.1000000000000005,-6.1704023713074365
4.1546,62.319,5.103125,-5.993783818162017
4.1546,62.319,5.10625,-5.815809527011606
4.1546,62.319,5.109375,-5.645723542566059
4.1546,62.319,5.112500000000001,-5.495083118243364
4.1546,62.319,5.1156250000000005,-5.368675692298207
4.1546,62.319,5.11875,-5.2760960482281005
4.1546,62.319,5.121875,-5.200876898272824
4.1546,62.319,5.125,-5.156085642971825
4.1546,62.319,5.128125000000001,-5.135620903717361
4.1546,62.319,5.1312500000000005,-5.145765033971684
4.1546,62.319,5.134375,-5.173248393895355
4.1546,62.319,5.1375,-5.231043235778654
4.1546,62.319,5.140625,-5.30707429434401
4.1546,62.319,5.143750000000001,-5.40445268352605
4.1546,62.319,5.1468750000000005,-5.515331824295744
4.1546,62.319,5.15,-5.635806297189734
4.1546,62.319,5.153125,-5.771700917477981
4.1546,62.319,5.15625,-5.90578339077538
4.1546,62.319,5.159375000000001,-6.03653168250625
4.1546,62.319,5.1625000000000005,-6.148912161868879
4.1546,62.319,5.165625,-6.248437814901214
4.1546,62.319,5.16875,-6.3199615518187535
4.1546,62.319,5.171875,-6.363686368114468
4.1546,62.319,5.175000000000001,-6.381349111658679
4.1546,62.319,5.1781250000000005,-6.360550582571359
4.1546,62.319,5.18125,-6.312752872097337
4.1546,62.319,5.184375,-6.239979052907304
4.1546,62.319,5.1875,-6.139638256508948
4.1546,62.319,5.190625000000001,-6.028417176934199
4.1546,62.319,5.1937500000000005,-5.922117107960557
4.1546,62.319,5.196875,-5.8237651758944935
4.1546,62.319,5.2,-5.728574015423572
4.1546,62.319,5.203125,-5.649301796600862
4.1546,62.319,5.206250000000001,-5.574508791197104
4.1546,62.319,5.2093750000000005,-5.510862336855836
4.1546,62.319,5.2125,-5.450168757766765
4.1546,62.319,5.215625,-5.41808034147634
4.1546,62.319,5.21875,-5.403100396659722
4.1546,62.319,5.221875000000001,-5.433235392022744
4.1546,62.319,5.2250000000000005,-5.478468000935806
4.1546,62.319,5.228125,-5.568519361196431
4.1546,62.319,5.23125,-5.699908107416505
4.1546,62.319,5.234375,-5.850639499521489
4.1546,62.319,5.237500000000001,-6.039405810793576
4.1546,62.319,5.2406250000000005,-6.266992530875956
4.1546,62.319,5.24375,-6.539729369252597
4.1546,62.319,5.246875,-6.847744235983102
4.1546,62.319,5.25,-7.193652821347625
4.1546,62.319,5.253125000000001,-7.635321932043966
4.1546,62.319,5.2562500000000005,-8.165536151943074
4.1546,62.319,5.259375,-8.89998698101585
4.1546,62.319,5.2625,-10.009603888733924
4.1546,62.319,5.265625,-11.596045203536743
4.1546,62.319,5.268750000000001,-12.204632611767307
4.1546,62.319,5.2718750000000005,-10.576342432522024
4.1546,62.319,5.275,-9.046707689287187
4.1546,62.319,5.278125,-8.181419540517595
4.1546,62.319,5.28125,-7.6589510770354305
4.1546,62.319,5.284375000000001,-7.27361040982761
4.1546,62.319,5.2875000000000005,-6.952529402207269
4.1546,62.319,5.290625,-6.672008344391558
4.1546,62.319,5.29375,-6.430027442199283
4.1546,62.319,5.296875,-6.221293878119312
4.1546,62.319,5.300000000000001,-6.0512457132027695
4.1546,62.319,5.3031250000000005,-5.912769771652235
4.1546,62.319,5.30625,-5.803774039303027
4.1546,62.319,5.309375,-5.73727020642825
4.1546,62.319,5.3125,-5.687564787643283
4.1546,62.319,5.315625000000001,-5.66998052639681
4.1546,62.319,5.3187500000000005,-5.687075601669244
4.1546,62.319,5.321875,-5.72438386902789
4.1546,62.319,5.325,-5.780239318788424
4.1546,62.319,5.328125,-5.857890947392387
4.1546,62.319,5.331250000000001,-5.950036425950399
4.1546,62.319,5.3343750000000005,-6.058938605272797
4.1546,62.319,5.3375,-6.172947094592763
4.1546,62.319,5.340625,-6.309913819187694
4.1546,62.319,5.34375,-6.431974620641652
4.1546,62.319,5.346875000000001,-6.546801860752218
4.1546,62.319,5.3500000000000005,-6.654760480744426
4.1546,62.319,5.353125,-6.737571137576932
4.1546,62.319,5.35625,-6.791008949881779
4.1546,62.319,5.359375,-6.790727016339245
4.1546,62.319,5.362500000000001,-6.772866626711615
4.1546,62.319,5.3656250000000005,-6.710001077867788
4.1546,62.319,5.36875,-6.597818800152636
4.1546,62.319,5.371875,-6.453287693201285
4.1546,62.319,5.375,-6.29690396020054
4.1546,62.319,5.378125000000001,-6.120316413666412
4.1546,62.319,5.3812500000000005,-5.9388145983420255
4.1546,62.319,5.384375,-5.759514992410227
4.1546,62.319,5.3875,-5.59613504503782
4.1546,62.319,5.390625,-5.454742374506322
4.1546,62.319,5.393750000000001,-5.330271429692889
4.1546,62.319,5.3968750000000005,-5.238689677820529
4.1546,62.319,5.4,-5.187449762450187
4.1546,62.319,5.403125,-5.147289496031137
4.1546,62.319,5.40625,-5.145864397671664
4.1546,62.319,5.409375000000001,-5.177130419333747
4.1546,62.319,5.4125000000000005,-5.222725398342045
4.1546,62.319,5.415625,-5.30612119063592
4.1546,62.319,5.41875,-5.411778116175958
4.1546,62.319,5.421875,-5.529392988781252
4.1546,62.319,5.425000000000001,-5.666699764134535
4.1546,62.319,5.4281250000000005,-5.822218724519081
4.1546,62.319,5.43125,-5.988854466366009
4.1546,62.319,5.434375,-6.159459783687192
4.1546,62.319,5.4375,-6.338962862483478
4.1546,62.319,5.440625000000001,-6.4973315624972585
4.1546,62.319,5.4437500000000005,-6.653594937309073
4.1546,62.319,5.446875,-6.766762753882547
4.1546,62.319,5.45,-6.841846378228613
4.1546,62.319,5.453125,-6.872053889952628
4.1546,62.319,5.456250000000001,-6.858650875880069
4.1546,62.319,5.4593750000000005,-6.805342486823759
4.1546,62.319,5.4625,-6.698304409193576
4.1546,62.319,5.465625,-6.567508211958655
4.1546,62.319,5.46875,-6.414904765614487
4.1546,62.319,5.471875000000001,-6.2404368131640915
4.1546,62.319,5.4750000000000005,-6.059175144312771
4.1546,62.319,5.478125,-5.894737575144539
4.1546,62.319,5.48125,-5.733564654525592
4.1546,62.319,5.484375,-5.595548027229608
4.1546,62.319,5.487500000000001,-5.483249224123473
4.1546,62.319,5.4906250000000005,-5.394852443860523
4.1546,62.319,5.49375,-5.34010581670023
4.1546,62.319,5.496875,-5.305742164241776
4.1546,62.319,5.5,-5.305452442454422
4.1546,62.319,5.503125000000001,-5.322623223354021
4.1546,62.319,5.5062500000000005,-5.361550013113092
4.1546,62.319,5.509375,-5.428065338795907
4.1546,62.319,5.5125,-5.509320986866589
4.1546,62.319,5.515625,-5.606244493863097
4.1546,62.319,5.518750000000001,-5.717081050541564
4.1546,62.319,5.5218750000000005,-5.831724506134751
4.1546,62.319,5.525,-5.942024946953559
4.1546,62.319,5.528125,-6.040597242263174
4.1546,62.319,5.53125,-6.120045969032266
4.1546,62.319,5.534375000000001,-6.178019400478897
4.1546,62.319,5.5375000000000005,-6.202959027155322
4.1546,62.319,5.540625,-6.189093899343332
4.1546,62.319,5.54375,-6.133147552508653
4.1546,62.319,5.546875,-6.044573617660161
4.1546,62.319,5.550000000000001,-5.922919030039221
4.1546,62.319,5.5531250000000005,-5.774426899697527
4.1546,62.319,5.55625,-5.611297094898731
4.1546,62.319,5.559375,-5.442680326521895
4.1546,62.319,5.5625,-5.266228279340947
4.1546,62.319,5.565625000000001,-5.099577997096308
4.1546,62.319,5.5687500000000005,-4.952128550385526
4.1546,62.319,5.571875,-4.820017572271492
4.1546,62.319,5.575,-4.713070205903364
4.1546,62.319,5.578125,-4.630463336724602
4.1546,62.319,5.581250000000001,-4.577225398723011
4.1546,62.319,5.5843750000000005,-4.54303887665711
4.1546,62.319,5.5875,-4.539756650932325
4.1546,62.319,5.590625,-4.561480178029934
4.1546,62.319,5.59375,-4.607879289739094
4.1546,62.319,5.596875000000001,-4.677756246400129
4.1546,62.319,5.6000000000000005,-4.763458625983641
4.1546,62.319,5.603125,-4.867561504669464
4.1546,62.319,5.60625,-4.993441074135488
4.1546,62.319,5.609375,-5.124586062973941
4.1546,62.319,5.612500000000001,-5.2699659900173135
4.1546,62.319,5.6156250000000005,-5.416448539117846
4.1546,62.319,5.61875,-5.554376577999146
4.1546,62.319,5.621875,-5.685721284166218
4.1546,62.319,5.625,-5.792564431484898
4.1546,62.319,5.628125000000001,-5.879598976359848
4.1546,62.319,5.6312500000000005,-5.929608491376839
4.1546,62.319,5.634375,-5.947472681644137
4.1546,62.319,5.6375,-5.911300142676939
4.1546,62.319,5.640625,-5.837846466504146
4.1546,62.319,5.643750000000001,-5.727250558308632
4.1546,62.319,5.6468750000000005,-5.590161106174502
4.1546,62.319,5.65,-5.429362301586539
4.1546,62.319,5.653125,-5.2596127638293115
4.1546,62.319,5.65625,-5.081856256927734
4.1546,62.319,5.659375000000001,-4.924417125728252
4.1546,62.319,5.6625000000000005,-4.77405828688949
4.1546,62.319,5.665625,-4.647613816362708
4.1546,62.319,5.66875,-4.550313353888223
4.1546,62.319,5.671875,-4.4664350223487155
4.1546,62.319,5.675000000000001,-4.420081428947102
4.1546,62.319,5.6781250000000005,-4.397152817579297
4.1546,62.319,5.68125,-4.394509370598324
4.1546,62.319,5.684375,-4.426486235850464
4.1546,62.319,5.6875,-4.469640727625438
4.1546,62.319,5.690625000000001,-4.544073103705807
4.1546,62.319,5.6937500000000005,-4.624572078495973
4.1546,62.319,5.696875,-4.716849564023519
4.1546,62.319,5.7,-4.815218865275991
4.1546,62.319,5.703125,-4.912592010904737
4.1546,62.319,5.706250000000001,-4.999406796729579
4.1546,62.319,5.7093750000000005,-5.076398556611121
4.1546,62.319,5.7125,-5.135894451034561
4.1546,62.319,5.715625,-5.173837589751315
4.1546,62.319,5.71875,-5.16735963761266
4.1546,62.319,5.721875000000001,-5.143010626096515
4.1546,62.319,5.7250000000000005,-5.08330596849495
4.1546,62.319,5.728125,-4.9887925968828135
4.1546,62.319,5.73125,-4.867787515616876
4.1546,62.319,5.734375,-4.724199467071214
4.1546,62.319,5.737500000000001,-4.5633935211626495
4.1546,62.319,5.7406250000000005,-4.396011228028251
4.1546,62.319,5.74375,-4.231633350065166
4.1546,62.319,5.746875,-4.079165659850611
4.1546,62.319,5.75,-3.9290866437392595
4.1546,62.319,5.753125000000001,-3.7992783858431167
4.1546,62.319,5.7562500000000005,-3.6929092037964018
4.1546,62.319,5.759375,-3.6076309380676603
4.1546,62.319,5.7625,-3.5484373985099382
4.1546,62.319,5.765625,-3.513655035973693
4.1546,62.319,5.768750000000001,-3.5096055412539733
4.1546,62.319,5.7718750000000005,-3.5236556273759785
4.1546,62.319,5.775,-3.566852532583249
4.1546,62.319,5.778125,-3.629489002700031
4.1546,62.319,5.78125,-3.707178606728412
4.1546,62.319,5.784375000000001,-3.804377266775578
4.1546,62.319,5.7875000000000005,-3.9137247018222525
4.1546,62.319,5.790625,-4.025336266585619
4.1546,62.319,5.79375,-4.149420245996398
4.1546,62.319,5.796875,-4.257180606995113
4.1546,62.319,5.800000000000001,-4.364329936528503
4.1546,62.319,5.8031250000000005,-4.452964162882383
4.1546,62.319,5.80625,-4.52221891646988
4.1546,62.319,5.809375,-4.563953926795731
4.1546,62.319,5.8125,-4.574650429164187
4.1546,62.319,5.815625000000001,-4.543458159855463
4.1546,62.319,5.8187500000000005,-4.488191136979296
4.1546,62.319,5.821875,-4.406780882763553
4.1546,62.319,5.825,-4.302121516392024
4.1546,62.319,5.828125,-4.182368457373955
4.1546,62.319,5.831250000000001,-4.0480524829031115
4.1546,62.319,5.8343750000000005,-3.91156638913493
4.1546,62.319,5.8375,-3.7766865199997075
4.1546,62.319,5.840625,-3.6568908871948653
4.1546,62.319,5.84375,-3.5499667830256088
4.1546,62.319,5.846875000000001,-3.469037422817061
4.1546,62.319,5.8500000000000005,-3.4108785527137413
4.1546,62.319,5.853125,-3.373810568086773
4.1546,62.319,5.85625,-3.36328388277861
4.1546,62.319,5.859375,-3.3780933324382056
4.1546,62.319,5.862500000000001,-3.4135670306207966
4.1546,62.319,5.8656250000000005,-3.4656843546057443
4.1546,62.319,5.86875,-3.5424877264933867
4.1546,62.319,5.871875,-3.6321791766640765
4.1546,62.319,5.875,-3.7240205106647384
4.1546,62.319,5.878125000000001,-3.8240171154422113
4.1546,62.319,5.8812500000000005,-3.9281210162631828
4.1546,62.319,5.884375,-4.029577976739073
4.1546,62.319,5.8875,-4.1213587447122935
4.1546,62.319,5.890625,-4.205199494382435
4.1546,62.319,5.893750000000001,-4.272109453065094
4.1546,62.319,5.8968750000000005,-4.307075672054861
4.1546,62.319,5.9,-4.320782965436586
4.1546,62.319,5.903125,-4.2863955278401535
4.1546,62.319,5.90625,-4.227254580183933
4.1546,62.319,5.909375000000001,-4.123820957621524
4.1546,62.319,5.9125000000000005,-3.993988338274814
4.1546,62.319,5.915625,-3.841636318823647
4.1546,62.319,5.91875,-3.6769953167764284
4.1546,62.319,5.921875,-3.5003997018932282
4.1546,62.319,5.925000000000001,-3.328808328778149
4.1546,62.319,5.9281250000000005,-3.1730777788906854
4.1546,62.319,5.93125,-3.028126448118243
4.1546,62.319,5.934375,-2.9060339116424116
4.1546,62.319,5.9375,-2.815932010193736
4.1546,62.319,5.940625000000001,-2.7450432092920134
4.1546,62.319,5.9437500000000005,-2.7091347484838835
4.1546,62.319,5.946875,-2.6974512270045583
4.1546,62.319,5.95,-2.7113085717122094
4.1546,62.319,5.953125,-2.749087244442829
4.1546,62.319,5.956250000000001,-2.8130417326117456
4.1546,62.319,5.9593750000000005,-2.894191225379549
4.1546,62.319,5.9625,-2.9946094474804097
4.1546,62.319,5.965625,-3.1067272390286127
4.1546,62.319,5.96875,-3.225576543743303
4.1546,62.319,5.971875000000001,-3.361396058417147
4.1546,62.319,5.9750000000000005,-3.4973401687881718
4.1546,62.319,5.978125,-3.62971093681254
4.1546,62.319,5.98125,-3.7554940036529243
4.1546,62.319,5.984375,-3.8569971571937245
4.1546,62.319,5.987500000000001,-3.9307094343887714
4.1546,62.319,5.9906250000000005,-3.9904972887916705
4.1546,62.319,5.99375,-4.016313484922919
4.1546,62.319,5.996875,-4.013764135745367
4.1546,62.319,6,-3.9819590658815764
