"Current","Field","Frequency","Spectra"
2.7404,41.106,1,-1.4294093734027526
2.7404,41.106,1.003125,-1.3840826562560595
2.7404,41.106,1.00625,-1.3495418068915312
2.7404,41.106,1.0093750000000001,-1.325747582333972
2.7404,41.106,1.0125,-1.3141730767346762
2.7404,41.106,1.015625,-1.313374187747102
2.7404,41.106,1.01875,-1.3305229467439799
2.7404,41.106,1.021875,-1.3499566869061652
2.7404,41.106,1.0250000000000001,-1.3884922052892366
2.7404,41.106,1.028125,-1.4383174829516168
2.7404,41.106,1.03125,-1.4945486210019496
2.7404,41.106,1.034375,-1.5605778869725608
2.7404,41.106,1.0375,-1.630394029716217
2.7404,41.106,1.0406250000000001,-1.6997653252401328
2.7404,41.106,1.04375,-1.7686781582386255
2.7404,41.106,1.046875,-1.833488028465049
2.7404,41.106,1.05,-1.8995358427154936
2.7404,41.106,1.053125,-1.953960040690093
2.7404,41.106,1.0562500000000001,-1.9990879948010776
2.7404,41.106,1.059375,-2.0368624934323605
2.7404,41.106,1.0625,-2.063323486652605
2.7404,41.106,1.065625,-2.0769439943140453
2.7404,41.106,1.06875,-2.082664855274808
2.7404,41.106,1.0718750000000001,-2.07550664074093
2.7404,41.106,1.0750000000000002,-2.0600002047809594
2.7404,41.106,1.078125,-2.032643757376147
2.7404,41.106,1.08125,-1.993858499022077
2.7404,41.106,1.084375,-1.9455275768320066
2.7404,41.106,1.0875000000000001,-1.8900161956675074
2.7404,41.106,1.0906250000000002,-1.833120666597495
2.7404,41.106,1.09375,-1.7817519495083356
2.7404,41.106,1.096875,-1.7152769750653878
2.7404,41.106,1.1,-1.664115050091799
2.7404,41.106,1.1031250000000001,-1.6192692359041618
2.7404,41.106,1.1062500000000002,-1.568926963205751
2.7404,41.106,1.109375,-1.5351357209909586
2.7404,41.106,1.1125,-1.5154192657382735
2.7404,41.106,1.115625,-1.5095108787237768
2.7404,41.106,1.1187500000000001,-1.5184923247163684
2.7404,41.106,1.1218750000000002,-1.532532397356584
2.7404,41.106,1.125,-1.5590203047269349
2.7404,41.106,1.128125,-1.592924610680611
2.7404,41.106,1.13125,-1.6310420519949667
2.7404,41.106,1.1343750000000001,-1.6711874835827647
2.7404,41.106,1.1375000000000002,-1.7118582191829381
2.7404,41.106,1.140625,-1.7486922261597448
2.7404,41.106,1.14375,-1.7736376172666248
2.7404,41.106,1.146875,-1.7978460300236487
2.7404,41.106,1.1500000000000001,-1.8115819793529908
2.7404,41.106,1.1531250000000002,-1.8195790408544554
2.7404,41.106,1.15625,-1.8122419284958768
2.7404,41.106,1.159375,-1.8015039567609936
2.7404,41.106,1.1625,-1.779822294824588
2.7404,41.106,1.1656250000000001,-1.752704531451847
2.7404,41.106,1.1687500000000002,-1.7200143658836917
2.7404,41.106,1.171875,-1.687078438896234
2.7404,41.106,1.175,-1.6458074841897687
2.7404,41.106,1.178125,-1.604670331094893
2.7404,41.106,1.1812500000000001,-1.5654944450609911
2.7404,41.106,1.1843750000000002,-1.5261350475748787
2.7404,41.106,1.1875,-1.491659311887289
2.7404,41.106,1.190625,-1.462429076679391
2.7404,41.106,1.19375,-1.445082053415612
2.7404,41.106,1.1968750000000001,-1.4294752896779368
2.7404,41.106,1.2000000000000002,-1.4271734337686002
2.7404,41.106,1.203125,-1.4352906414227673
2.7404,41.106,1.20625,-1.457523405342932
2.7404,41.106,1.209375,-1.4909692241534809
2.7404,41.106,1.2125000000000001,-1.5397424507309554
2.7404,41.106,1.2156250000000002,-1.5998609807960085
2.7404,41.106,1.21875,-1.6586332010770268
2.7404,41.106,1.221875,-1.73038881391022
2.7404,41.106,1.225,-1.8034671935808855
2.7404,41.106,1.2281250000000001,-1.8803336924605343
2.7404,41.106,1.2312500000000002,-1.9518129167220533
2.7404,41.106,1.234375,-2.0150931587444703
2.7404,41.106,1.2375,-2.067740322489426
2.7404,41.106,1.240625,-2.1111325875651814
2.7404,41.106,1.2437500000000001,-2.150546645386428
2.7404,41.106,1.2468750000000002,-2.175488990196435
2.7404,41.106,1.25,-2.184954558588201
2.7404,41.106,1.253125,-2.1796838611351834
2.7404,41.106,1.25625,-2.1544220875460627
2.7404,41.106,1.2593750000000001,-2.1144417024797675
2.7404,41.106,1.2625000000000002,-2.081750382061514
2.7404,41.106,1.265625,-2.040390943908964
2.7404,41.106,1.26875,-1.991308830826242
2.7404,41.106,1.271875,-1.9314645274407023
2.7404,41.106,1.2750000000000001,-1.8684295623738059
2.7404,41.106,1.2781250000000002,-1.8045760352114395
2.7404,41.106,1.28125,-1.7526766444383708
2.7404,41.106,1.284375,-1.7127206679263662
2.7404,41.106,1.2875,-1.6753688421050867
2.7404,41.106,1.2906250000000001,-1.647589281166255
2.7404,41.106,1.2937500000000002,-1.6335884199481283
2.7404,41.106,1.296875,-1.630731329817905
2.7404,41.106,1.3,-1.6384050927093938
2.7404,41.106,1.303125,-1.6670092113663981
2.7404,41.106,1.3062500000000001,-1.700903003495995
2.7404,41.106,1.3093750000000002,-1.7451554499064916
2.7404,41.106,1.3125,-1.7916168577410625
2.7404,41.106,1.315625,-1.8463832013105386
2.7404,41.106,1.31875,-1.8981072278573667
2.7404,41.106,1.3218750000000001,-1.9495945930089769
2.7404,41.106,1.3250000000000002,-1.991821074756002
2.7404,41.106,1.328125,-2.0293403712570908
2.7404,41.106,1.33125,-2.0544352627367823
2.7404,41.106,1.334375,-2.069147935589636
2.7404,41.106,1.3375000000000001,-2.0714484884639943
2.7404,41.106,1.3406250000000002,-2.0669243767323713
2.7404,41.106,1.34375,-2.0504719652692973
2.7404,41.106,1.346875,-2.026046796383998
2.7404,41.106,1.35,-1.9930186452060297
2.7404,41.106,1.3531250000000001,-1.9508560191049824
2.7404,41.106,1.3562500000000002,-1.9050592282521563
2.7404,41.106,1.359375,-1.8574686787782588
2.7404,41.106,1.3625,-1.7998641210324517
2.7404,41.106,1.365625,-1.7454013212346584
2.7404,41.106,1.3687500000000001,-1.6915902164587044
2.7404,41.106,1.3718750000000002,-1.6400099204113836
2.7404,41.106,1.375,-1.5988848013721957
2.7404,41.106,1.378125,-1.5644312819224828
2.7404,41.106,1.38125,-1.537375685040681
2.7404,41.106,1.3843750000000001,-1.5213677944449255
2.7404,41.106,1.3875000000000002,-1.518508605034881
2.7404,41.106,1.390625,-1.5291459183632805
2.7404,41.106,1.39375,-1.5589608614676669
2.7404,41.106,1.396875,-1.6021159149522348
2.7404,41.106,1.4000000000000001,-1.66197368072994
2.7404,41.106,1.4031250000000002,-1.7206935484318666
2.7404,41.106,1.40625,-1.7933602112228277
2.7404,41.106,1.409375,-1.8692815791796922
2.7404,41.106,1.4125,-1.9482943050246224
2.7404,41.106,1.4156250000000001,-2.0241181791606397
2.7404,41.106,1.4187500000000002,-2.094302788233362
2.7404,41.106,1.421875,-2.1548282906367175
2.7404,41.106,1.425,-2.201358396823894
2.7404,41.106,1.428125,-2.2370206223934312
2.7404,41.106,1.4312500000000001,-2.263087552353362
2.7404,41.106,1.4343750000000002,-2.274673140858449
2.7404,41.106,1.4375,-2.2727327077599293
2.7404,41.106,1.440625,-2.259610563380603
2.7404,41.106,1.44375,-2.2387388340275
2.7404,41.106,1.4468750000000001,-2.2061961707512694
2.7404,41.106,1.4500000000000002,-2.169031627427909
2.7404,41.106,1.453125,-2.126214699262761
2.7404,41.106,1.45625,-2.0787855552602035
2.7404,41.106,1.459375,-2.0300449284080404
2.7404,41.106,1.4625000000000001,-1.984457400717328
2.7404,41.106,1.4656250000000002,-1.938543344939083
2.7404,41.106,1.46875,-1.9023579119167902
2.7404,41.106,1.471875,-1.8676131476786249
2.7404,41.106,1.475,-1.845825853112837
2.7404,41.106,1.4781250000000001,-1.826437759825539
2.7404,41.106,1.4812500000000002,-1.8214397999379581
2.7404,41.106,1.484375,-1.8264499980986875
2.7404,41.106,1.4875,-1.8421229381638704
2.7404,41.106,1.490625,-1.8711783794080408
2.7404,41.106,1.4937500000000001,-1.9093190970425276
2.7404,41.106,1.4968750000000002,-1.9544216829995111
2.7404,41.106,1.5,-2.0022290596765573
2.7404,41.106,1.503125,-2.0563269154940276
2.7404,41.106,1.50625,-2.107574238206849
2.7404,41.106,1.5093750000000001,-2.1588206658190905
2.7404,41.106,1.5125000000000002,-2.208586044698711
2.7404,41.106,1.515625,-2.2442978783442884
2.7404,41.106,1.51875,-2.2814676518038994
2.7404,41.106,1.521875,-2.297007862196076
2.7404,41.106,1.5250000000000001,-2.2997243587569756
2.7404,41.106,1.5281250000000002,-2.29081251318982
2.7404,41.106,1.53125,-2.271164878504752
2.7404,41.106,1.534375,-2.2424863832841195
2.7404,41.106,1.5375,-2.2033110928521986
2.7404,41.106,1.5406250000000001,-2.1572385137073686
2.7404,41.106,1.5437500000000002,-2.1024354362558166
2.7404,41.106,1.546875,-2.0427620021416883
2.7404,41.106,1.55,-1.9808770900908539
2.7404,41.106,1.553125,-1.9237005597515515
2.7404,41.106,1.5562500000000001,-1.8654424761141366
2.7404,41.106,1.5593750000000002,-1.8178380865456192
2.7404,41.106,1.5625,-1.7754942498764126
2.7404,41.106,1.565625,-1.7438128456878879
2.7404,41.106,1.56875,-1.7261366466702508
2.7404,41.106,1.5718750000000001,-1.723129179143935
2.7404,41.106,1.5750000000000002,-1.7302853549174515
2.7404,41.106,1.578125,-1.752344614042215
2.7404,41.106,1.58125,-1.7853904543087786
2.7404,41.106,1.584375,-1.830462107395151
2.7404,41.106,1.5875000000000001,-1.8868130339768543
2.7404,41.106,1.5906250000000002,-1.9469535950308912
2.7404,41.106,1.59375,-2.0106983702761925
2.7404,41.106,1.596875,-2.0739963199443343
2.7404,41.106,1.6,-2.135370012160164
2.7404,41.106,1.6031250000000001,-2.186316340469504
2.7404,41.106,1.6062500000000002,-2.234731384214143
2.7404,41.106,1.609375,-2.2752538764447534
2.7404,41.106,1.6125,-2.3064731959308573
2.7404,41.106,1.615625,-2.3263218833706145
2.7404,41.106,1.6187500000000001,-2.3382975215283595
2.7404,41.106,1.6218750000000002,-2.339476789982973
2.7404,41.106,1.625,-2.332412177237798
2.7404,41.106,1.628125,-2.313330024281239
2.7404,41.106,1.63125,-2.2897831531666
2.7404,41.106,1.6343750000000001,-2.2589424793751554
2.7404,41.106,1.6375000000000002,-2.2259968832414434
2.7404,41.106,1.640625,-2.1894757771977122
2.7404,41.106,1.64375,-2.1479780434959066
2.7404,41.106,1.646875,-2.110695138261956
2.7404,41.106,1.6500000000000001,-2.0757129484312093
2.7404,41.106,1.6531250000000002,-2.0485822250181904
2.7404,41.106,1.65625,-2.0312384245487745
2.7404,41.106,1.659375,-2.0269239313944682
2.7404,41.106,1.6625,-2.0302332390924467
2.7404,41.106,1.6656250000000001,-2.0306493862908352
2.7404,41.106,1.6687500000000002,-2.03881987345948
2.7404,41.106,1.671875,-2.0694877665765947
2.7404,41.106,1.675,-2.105422876755369
2.7404,41.106,1.678125,-2.1555045165018845
2.7404,41.106,1.6812500000000001,-2.205327888055286
2.7404,41.106,1.6843750000000002,-2.260318680087445
2.7404,41.106,1.6875,-2.3155215169452967
2.7404,41.106,1.690625,-2.362408324863421
2.7404,41.106,1.69375,-2.4047981777541194
2.7404,41.106,1.6968750000000001,-2.4359726866789986
2.7404,41.106,1.7000000000000002,-2.4611418600668835
2.7404,41.106,1.703125,-2.4717364572502634
2.7404,41.106,1.70625,-2.4729169300224116
2.7404,41.106,1.709375,-2.463459822037697
2.7404,41.106,1.7125000000000001,-2.445611515697317
2.7404,41.106,1.7156250000000002,-2.4211637273702467
2.7404,41.106,1.71875,-2.3855687200790947
2.7404,41.106,1.721875,-2.3443867361097883
2.7404,41.106,1.725,-2.2995911946207377
2.7404,41.106,1.7281250000000001,-2.250836619856108
2.7404,41.106,1.7312500000000002,-2.200850812786312
2.7404,41.106,1.734375,-2.149991762765114
2.7404,41.106,1.7375,-2.1026601883162392
2.7404,41.106,1.740625,-2.058094748467146
2.7404,41.106,1.7437500000000001,-2.0161518728644454
2.7404,41.106,1.7468750000000002,-1.982318966380353
2.7404,41.106,1.75,-1.9571834846851932
2.7404,41.106,1.753125,-1.9399093230284972
2.7404,41.106,1.75625,-1.9350906206265528
2.7404,41.106,1.7593750000000001,-1.944893631054223
2.7404,41.106,1.7625000000000002,-1.966749736405197
2.7404,41.106,1.765625,-2.0028296282404763
2.7404,41.106,1.76875,-2.0466368425493897
2.7404,41.106,1.771875,-2.099750319128542
2.7404,41.106,1.7750000000000001,-2.157634900613316
2.7404,41.106,1.7781250000000002,-2.2166043432366664
2.7404,41.106,1.78125,-2.28042859539786
2.7404,41.106,1.784375,-2.336931946783615
2.7404,41.106,1.7875,-2.389138807178714
2.7404,41.106,1.7906250000000001,-2.4293229994574217
2.7404,41.106,1.7937500000000002,-2.459238275479565
2.7404,41.106,1.7968750000000002,-2.4749423169292104
2.7404,41.106,1.8,-2.4800943109208657
2.7404,41.106,1.803125,-2.4725195274013436
2.7404,41.106,1.8062500000000001,-2.4550816950549397
2.7404,41.106,1.8093750000000002,-2.4306551740685256
2.7404,41.106,1.8125000000000002,-2.3943978582919656
2.7404,41.106,1.815625,-2.357015406247745
2.7404,41.106,1.81875,-2.3127186996521707
2.7404,41.106,1.8218750000000001,-2.2714506995819006
2.7404,41.106,1.8250000000000002,-2.227548667960422
2.7404,41.106,1.8281250000000002,-2.191235354110563
2.7404,41.106,1.83125,-2.1589761726842567
2.7404,41.106,1.834375,-2.1321456163778545
2.7404,41.106,1.8375000000000001,-2.1146727131951124
2.7404,41.106,1.8406250000000002,-2.10733511980481
2.7404,41.106,1.8437500000000002,-2.114744089718576
2.7404,41.106,1.846875,-2.1304156943933243
2.7404,41.106,1.85,-2.154935541695294
2.7404,41.106,1.8531250000000001,-2.197503588658061
2.7404,41.106,1.8562500000000002,-2.2436605454257013
2.7404,41.106,1.8593750000000002,-2.3023213762700663
2.7404,41.106,1.8625,-2.3668469182998013
2.7404,41.106,1.865625,-2.4341104863259853
2.7404,41.106,1.8687500000000001,-2.5002514469848114
2.7404,41.106,1.8718750000000002,-2.5638225656659035
2.7404,41.106,1.8750000000000002,-2.6229723717378044
2.7404,41.106,1.878125,-2.673632851617809
2.7404,41.106,1.88125,-2.711539879206538
2.7404,41.106,1.8843750000000001,-2.7400058689261773
2.7404,41.106,1.8875000000000002,-2.7563967913938936
2.7404,41.106,1.8906250000000002,-2.75935262284672
2.7404,41.106,1.89375,-2.7483487898902137
2.7404,41.106,1.896875,-2.723755414498466
2.7404,41.106,1.9000000000000001,-2.6860914345772127
2.7404,41.106,1.9031250000000002,-2.6405934496213663
2.7404,41.106,1.9062500000000002,-2.5843463345928375
2.7404,41.106,1.909375,-2.526889306894517
2.7404,41.106,1.9125,-2.4617282437106414
2.7404,41.106,1.9156250000000001,-2.394191388121918
2.7404,41.106,1.9187500000000002,-2.3281236383883748
2.7404,41.106,1.9218750000000002,-2.26522960334752
2.7404,41.106,1.925,-2.2092508143973792
2.7404,41.106,1.928125,-2.1566822283532776
2.7404,41.106,1.9312500000000001,-2.1186979457028263
2.7404,41.106,1.9343750000000002,-2.089630266329467
2.7404,41.106,1.9375000000000002,-2.074413015944626
2.7404,41.106,1.940625,-2.074339030251951
2.7404,41.106,1.94375,-2.0892529414238794
2.7404,41.106,1.9468750000000001,-2.1152378565463916
2.7404,41.106,1.9500000000000002,-2.1584641488299643
2.7404,41.106,1.9531250000000002,-2.2100939068434364
2.7404,41.106,1.95625,-2.2740514678898145
2.7404,41.106,1.959375,-2.3390022351185666
2.7404,41.106,1.9625000000000001,-2.406718286253508
2.7404,41.106,1.9656250000000002,-2.474760502115994
2.7404,41.106,1.9687500000000002,-2.537477491537308
2.7404,41.106,1.971875,-2.5912340930145907
2.7404,41.106,1.975,-2.635522744487017
2.7404,41.106,1.9781250000000001,-2.6719445294912503
2.7404,41.106,1.9812500000000002,-2.697064549337978
2.7404,41.106,1.9843750000000002,-2.7082280055779764
2.7404,41.106,1.9875,-2.7131710861776
2.7404,41.106,1.990625,-2.7051393967061794
2.7404,41.106,1.9937500000000001,-2.685728297193675
2.7404,41.106,1.9968750000000002,-2.658809616843785
2.7404,41.106,2,-2.6252765018098225
2.7404,41.106,2.0031250000000003,-2.5793365391137675
2.7404,41.106,2.00625,-2.533066969426516
2.7404,41.106,2.009375,-2.4813056744566313
2.7404,41.106,2.0125,-2.4290054592959947
2.7404,41.106,2.015625,-2.3750519176051053
2.7404,41.106,2.0187500000000003,-2.3235853748051563
2.7404,41.106,2.021875,-2.2813492271500166
2.7404,41.106,2.025,-2.2494569515023017
2.7404,41.106,2.028125,-2.2321479873336827
2.7404,41.106,2.03125,-2.2298338711694545
2.7404,41.106,2.0343750000000003,-2.2478817660664943
2.7404,41.106,2.0375,-2.2857347787955056
2.7404,41.106,2.040625,-2.333237062043059
2.7404,41.106,2.04375,-2.3942514460488686
2.7404,41.106,2.046875,-2.465662322275191
2.7404,41.106,2.0500000000000003,-2.539633502982726
2.7404,41.106,2.053125,-2.61599814366754
2.7404,41.106,2.05625,-2.6918740622861326
2.7404,41.106,2.059375,-2.760064705189422
2.7404,41.106,2.0625,-2.8158077822460204
2.7404,41.106,2.0656250000000003,-2.8558733543570596
2.7404,41.106,2.06875,-2.8860336155370496
2.7404,41.106,2.071875,-2.896866552028863
2.7404,41.106,2.075,-2.8921604581050913
2.7404,41.106,2.078125,-2.8737223835946137
2.7404,41.106,2.0812500000000003,-2.8440820367882753
2.7404,41.106,2.084375,-2.8029694992066556
2.7404,41.106,2.0875,-2.749120319976276
2.7404,41.106,2.090625,-2.691586946886726
2.7404,41.106,2.09375,-2.6302522096056085
2.7404,41.106,2.0968750000000003,-2.564179824379899
2.7404,41.106,2.1,-2.5018329944438813
2.7404,41.106,2.103125,-2.43912179219449
2.7404,41.106,2.10625,-2.3846386865251223
2.7404,41.106,2.109375,-2.3384631118186046
2.7404,41.106,2.1125000000000003,-2.3055228658912426
2.7404,41.106,2.115625,-2.280826859669424
2.7404,41.106,2.11875,-2.271434068544405
2.7404,41.106,2.121875,-2.2771742728631303
2.7404,41.106,2.125,-2.304742065417022
2.7404,41.106,2.1281250000000003,-2.3509779889577835
2.7404,41.106,2.13125,-2.4116317951341304
2.7404,41.106,2.134375,-2.4931443184677393
2.7404,41.106,2.1375,-2.5857356818895303
2.7404,41.106,2.140625,-2.6890282722718335
2.7404,41.106,2.1437500000000003,-2.7970708925427235
2.7404,41.106,2.146875,-2.904184263311716
2.7404,41.106,2.1500000000000004,-3.013366297046644
2.7404,41.106,2.153125,-3.1093922912679837
2.7404,41.106,2.15625,-3.192998249318428
2.7404,41.106,2.1593750000000003,-3.2621192408790884
2.7404,41.106,2.1625,-3.3133559858143724
2.7404,41.106,2.1656250000000004,-3.345963845710029
2.7404,41.106,2.16875,-3.3591347860667122
2.7404,41.106,2.171875,-3.3630679189918427
2.7404,41.106,2.1750000000000003,-3.3485288943453346
2.7404,41.106,2.178125,-3.3279778480810784
2.7404,41.106,2.1812500000000004,-3.297902465976968
2.7404,41.106,2.184375,-3.261205602686875
2.7404,41.106,2.1875,-3.216457139123661
2.7404,41.106,2.1906250000000003,-3.173370272709172
2.7404,41.106,2.19375,-3.130323583317536
2.7404,41.106,2.1968750000000004,-3.0878431172793723
2.7404,41.106,2.2,-3.0541066129555268
2.7404,41.106,2.203125,-3.0275169176405043
2.7404,41.106,2.2062500000000003,-3.002293970034862
2.7404,41.106,2.209375,-2.9825814053700705
2.7404,41.106,2.2125000000000004,-2.9684154096418958
2.7404,41.106,2.215625,-2.960378112037442
2.7404,41.106,2.21875,-2.956161567028251
2.7404,41.106,2.2218750000000003,-2.9666785806271374
2.7404,41.106,2.225,-2.983863967179203
2.7404,41.106,2.2281250000000004,-3.01370601913618
2.7404,41.106,2.23125,-3.0493701512938136
2.7404,41.106,2.234375,-3.0934370930160178
2.7404,41.106,2.2375000000000003,-3.1359655264027393
2.7404,41.106,2.240625,-3.1786305822455905
2.7404,41.106,2.2437500000000004,-3.2195642591824796
2.7404,41.106,2.246875,-3.2535311281232184
2.7404,41.106,2.25,-3.2803902727987295
2.7404,41.106,2.2531250000000003,-3.2958795592696117
2.7404,41.106,2.25625,-3.3020482023973092
2.7404,41.106,2.2593750000000004,-3.29991466756973
2.7404,41.106,2.2625,-3.2760230969832844
2.7404,41.106,2.265625,-3.241337208243005
2.7404,41.106,2.2687500000000003,-3.194004532717367
2.7404,41.106,2.271875,-3.137288890428506
2.7404,41.106,2.2750000000000004,-3.068905801338703
2.7404,41.106,2.278125,-2.9910311147421877
2.7404,41.106,2.28125,-2.911221747409641
2.7404,41.106,2.2843750000000003,-2.829496651735985
2.7404,41.106,2.2875,-2.74369533728348
2.7404,41.106,2.2906250000000004,-2.6637862885063495
2.7404,41.106,2.29375,-2.586358320837684
2.7404,41.106,2.296875,-2.5155751803995416
2.7404,41.106,2.3000000000000003,-2.459263288554982
2.7404,41.106,2.303125,-2.415391817064458
2.7404,41.106,2.3062500000000004,-2.388446600706612
2.7404,41.106,2.309375,-2.3757266034680926
2.7404,41.106,2.3125,-2.3787083780124476
2.7404,41.106,2.3156250000000003,-2.4034588795074256
2.7404,41.106,2.31875,-2.4404430300220836
2.7404,41.106,2.3218750000000004,-2.495201785532207
2.7404,41.106,2.325,-2.559758239183461
2.7404,41.106,2.328125,-2.634228813449457
2.7404,41.106,2.3312500000000003,-2.711601272311432
2.7404,41.106,2.334375,-2.7847095209247414
2.7404,41.106,2.3375000000000004,-2.855470823580895
2.7404,41.106,2.340625,-2.916185364448949
2.7404,41.106,2.34375,-2.9648789622435694
2.7404,41.106,2.3468750000000003,-2.995828300771289
2.7404,41.106,2.35,-3.0150563781110145
2.7404,41.106,2.3531250000000004,-3.0174359861122446
2.7404,41.106,2.35625,-2.9998861848452822
2.7404,41.106,2.359375,-2.9701563003642457
2.7404,41.106,2.3625000000000003,-2.9264025653944263
2.7404,41.106,2.365625,-2.8693562227806577
2.7404,41.106,2.3687500000000004,-2.801295878519423
2.7404,41.106,2.371875,-2.725919720852397
2.7404,41.106,2.375,-2.6462157540429576
2.7404,41.106,2.3781250000000003,-2.56391765972455
2.7404,41.106,2.38125,-2.480424743582941
2.7404,41.106,2.3843750000000004,-2.398444723851148
2.7404,41.106,2.3875,-2.323361306637869
2.7404,41.106,2.390625,-2.2528814061713645
2.7404,41.106,2.3937500000000003,-2.193591398297992
2.7404,41.106,2.396875,-2.1513016198339536
2.7404,41.106,2.4000000000000004,-2.122384912331627
2.7404,41.106,2.403125,-2.1136333756184724
2.7404,41.106,2.40625,-2.1266706114310527
2.7404,41.106,2.4093750000000003,-2.1645612990152987
2.7404,41.106,2.4125,-2.221615990046607
2.7404,41.106,2.4156250000000004,-2.3032423054989386
2.7404,41.106,2.41875,-2.4113787215420386
2.7404,41.106,2.421875,-2.5484328348535024
2.7404,41.106,2.4250000000000003,-2.737604888961152
2.7404,41.106,2.428125,-3.050550334207451
2.7404,41.106,2.4312500000000004,-3.7519568356296635
2.7404,41.106,2.434375,-4.309888081320087
2.7404,41.106,2.4375,-3.503898590241692
2.7404,41.106,2.4406250000000003,-3.19052442563126
2.7404,41.106,2.44375,-3.0944819980346816
2.7404,41.106,2.4468750000000004,-3.044376471742302
2.7404,41.106,2.45,-3.006753978533525
2.7404,41.106,2.453125,-2.9620763533748034
2.7404,41.106,2.4562500000000003,-2.905479217837695
2.7404,41.106,2.459375,-2.839922993366508
2.7404,41.106,2.4625000000000004,-2.7649292946764525
2.7404,41.106,2.465625,-2.6802349953190947
2.7404,41.106,2.46875,-2.5937515371195397
2.7404,41.106,2.4718750000000003,-2.507588351185297
2.7404,41.106,2.475,-2.42445869920423
2.7404,41.106,2.4781250000000004,-2.344399768082397
2.7404,41.106,2.48125,-2.2726007425542694
2.7404,41.106,2.484375,-2.210886739452992
2.7404,41.106,2.4875000000000003,-2.1610259414694792
2.7404,41.106,2.490625,-2.123685818329447
2.7404,41.106,2.4937500000000004,-2.103165772155626
2.7404,41.106,2.496875,-2.101601953608122
2.7404,41.106,2.5,-2.115440235225254
2.7404,41.106,2.5031250000000003,-2.140803914076218
2.7404,41.106,2.50625,-2.188674113140375
2.7404,41.106,2.5093750000000004,-2.2487377482322044
2.7404,41.106,2.5125,-2.3174817774889496
2.7404,41.106,2.515625,-2.3958125126724155
2.7404,41.106,2.5187500000000003,-2.482071135119777
2.7404,41.106,2.521875,-2.5614030841587567
2.7404,41.106,2.5250000000000004,-2.644021393380375
2.7404,41.106,2.528125,-2.7139562281757454
2.7404,41.106,2.53125,-2.7748371337484903
2.7404,41.106,2.5343750000000003,-2.818225578182265
2.7404,41.106,2.5375,-2.8474792144230983
2.7404,41.106,2.5406250000000004,-2.8581464412444273
2.7404,41.106,2.54375,-2.850601982788625
2.7404,41.106,2.546875,-2.8254957554688187
2.7404,41.106,2.5500000000000003,-2.7881400857206096
2.7404,41.106,2.553125,-2.732299948654387
2.7404,41.106,2.5562500000000004,-2.660811946547593
2.7404,41.106,2.559375,-2.5844283779017116
2.7404,41.106,2.5625,-2.500264619058493
2.7404,41.106,2.5656250000000003,-2.411721159885501
2.7404,41.106,2.56875,-2.3242763404256968
2.7404,41.106,2.5718750000000004,-2.2471235220157526
2.7404,41.106,2.575,-2.177516241525093
2.7404,41.106,2.578125,-2.1213691529083705
2.7404,41.106,2.5812500000000003,-2.0792816232845994
2.7404,41.106,2.584375,-2.0569657263635053
2.7404,41.106,2.5875000000000004,-2.0531639359040414
2.7404,41.106,2.590625,-2.0726055323798858
2.7404,41.106,2.59375,-2.1079535868665142
2.7404,41.106,2.5968750000000003,-2.1708397518040403
2.7404,41.106,2.6,-2.242609614127024
2.7404,41.106,2.6031250000000004,-2.327530679094627
2.7404,41.106,2.60625,-2.4214289904050754
2.7404,41.106,2.609375,-2.5147449886518167
2.7404,41.106,2.6125000000000003,-2.6056405600286863
2.7404,41.106,2.615625,-2.689007735162248
2.7404,41.106,2.6187500000000004,-2.7619822426735863
2.7404,41.106,2.621875,-2.822234228477656
2.7404,41.106,2.625,-2.8676360877355394
2.7404,41.106,2.6281250000000003,-2.8966731863069226
2.7404,41.106,2.63125,-2.910413676539743
2.7404,41.106,2.6343750000000004,-2.9094572742095686
2.7404,41.106,2.6375,-2.890593461477336
2.7404,41.106,2.640625,-2.862880984872156
2.7404,41.106,2.6437500000000003,-2.8230774691087257
2.7404,41.106,2.646875,-2.778424830939249
2.7404,41.106,2.6500000000000004,-2.726634789667392
2.7404,41.106,2.653125,-2.6684787892654187
2.7404,41.106,2.65625,-2.610400987172591
2.7404,41.106,2.6593750000000003,-2.5509840450309924
2.7404,41.106,2.6625,-2.4915579879170395
2.7404,41.106,2.6656250000000004,-2.4402446501121284
2.7404,41.106,2.66875,-2.3965690752258078
2.7404,41.106,2.671875,-2.36499885890205
2.7404,41.106,2.6750000000000003,-2.342964876559894
2.7404,41.106,2.678125,-2.3384191164413997
2.7404,41.106,2.6812500000000004,-2.3483079546964376
2.7404,41.106,2.684375,-2.374863659610332
2.7404,41.106,2.6875,-2.415715166675971
2.7404,41.106,2.6906250000000003,-2.467162400296173
2.7404,41.106,2.69375,-2.5355183814003497
2.7404,41.106,2.6968750000000004,-2.6132096270506953
2.7404,41.106,2.7,-2.6953298103898238
2.7404,41.106,2.703125,-2.7792109689761606
2.7404,41.106,2.7062500000000003,-2.859319081780644
2.7404,41.106,2.709375,-2.933624157941547
2.7404,41.106,2.7125000000000004,-2.996114871787544
2.7404,41.106,2.715625,-3.043280763579877
2.7404,41.106,2.71875,-3.0739781039153606
2.7404,41.106,2.7218750000000003,-3.0976137092708815
2.7404,41.106,2.725,-3.101862242336737
2.7404,41.106,2.7281250000000004,-3.0972177800629233
2.7404,41.106,2.73125,-3.08362318688404
2.7404,41.106,2.734375,-3.0436695940012406
2.7404,41.106,2.7375000000000003,-3.0052311029171492
2.7404,41.106,2.740625,-2.9589195757403894
2.7404,41.106,2.7437500000000004,-2.93028909182314
2.7404,41.106,2.746875,-2.931491539785292
2.7404,41.106,2.75,-2.9162049336445097
2.7404,41.106,2.7531250000000003,-2.8656971286460404
2.7404,41.106,2.75625,-2.7677813004897205
2.7404,41.106,2.7593750000000004,-2.7047094764458963
2.7404,41.106,2.7625,-2.6230902809294494
2.7404,41.106,2.765625,-2.568939972368173
2.7404,41.106,2.7687500000000003,-2.5488404866852625
2.7404,41.106,2.771875,-2.535767072368907
2.7404,41.106,2.7750000000000004,-2.5457593620839387
2.7404,41.106,2.778125,-2.5823225764833757
2.7404,41.106,2.78125,-2.6319513390266103
2.7404,41.106,2.7843750000000003,-2.693119869966351
2.7404,41.106,2.7875,-2.763565807090683
2.7404,41.106,2.7906250000000004,-2.83933855032034
2.7404,41.106,2.79375,-2.922639074121861
2.7404,41.106,2.796875,-2.9993048603810286
2.7404,41.106,2.8000000000000003,-3.0746847285343177
2.7404,41.106,2.803125,-3.138705058492812
2.7404,41.106,2.8062500000000004,-3.194454668916923
2.7404,41.106,2.809375,-3.2346053109961885
2.7404,41.106,2.8125,-3.2575391945496284
2.7404,41.106,2.8156250000000003,-3.2641214257298556
2.7404,41.106,2.81875,-3.2580568291556893
2.7404,41.106,2.8218750000000004,-3.235929127984817
2.7404,41.106,2.825,-3.2051778729720883
2.7404,41.106,2.828125,-3.160442477367153
2.7404,41.106,2.8312500000000003,-3.1080325720756403
2.7404,41.106,2.834375,-3.0476768184681298
2.7404,41.106,2.8375000000000004,-2.983192296555771
2.7404,41.106,2.840625,-2.9218248271226943
2.7404,41.106,2.84375,-2.8632841490864154
2.7404,41.106,2.8468750000000003,-2.810060079690819
2.7404,41.106,2.85,-2.7569797447089286
2.7404,41.106,2.8531250000000004,-2.722450409717502
2.7404,41.106,2.85625,-2.7090838267201134
2.7404,41.106,2.859375,-2.7002499558388537
2.7404,41.106,2.8625000000000003,-2.706277241015524
2.7404,41.106,2.865625,-2.7278797343686434
2.7404,41.106,2.8687500000000004,-2.7660166535197255
2.7404,41.106,2.871875,-2.8244210414926814
2.7404,41.106,2.875,-2.888325885820573
2.7404,41.106,2.8781250000000003,-2.9690529498179212
2.7404,41.106,2.88125,-3.0392986111312768
2.7404,41.106,2.8843750000000004,-3.1058124302524384
2.7404,41.106,2.8875,-3.178552339167619
2.7404,41.106,2.890625,-3.2383638679805586
2.7404,41.106,2.8937500000000003,-3.2945754216379592
2.7404,41.106,2.896875,-3.3386798117920167
2.7404,41.106,2.9000000000000004,-3.369466811655046
2.7404,41.106,2.903125,-3.3889361772377145
2.7404,41.106,2.90625,-3.3905694493276464
2.7404,41.106,2.9093750000000003,-3.376721229120256
2.7404,41.106,2.9125,-3.35709728690536
2.7404,41.106,2.9156250000000004,-3.3270894585247697
2.7404,41.106,2.91875,-3.284757183649954
2.7404,41.106,2.921875,-3.2364529373257773
2.7404,41.106,2.9250000000000003,-3.1810913204943763
2.7404,41.106,2.928125,-3.1228405099021614
2.7404,41.106,2.9312500000000004,-3.0591046779253355
2.7404,41.106,2.934375,-2.9991076349987376
2.7404,41.106,2.9375,-2.9400051643553784
2.7404,41.106,2.9406250000000003,-2.885764821289145
2.7404,41.106,2.94375,-2.841618898591762
2.7404,41.106,2.9468750000000004,-2.807221861020442
2.7404,41.106,2.95,-2.785470143202646
2.7404,41.106,2.953125,-2.7797430117421937
2.7404,41.106,2.9562500000000003,-2.7855801659180317
2.7404,41.106,2.959375,-2.8105956948378745
2.7404,41.106,2.9625000000000004,-2.849821970724949
2.7404,41.106,2.965625,-2.9052956537214896
2.7404,41.106,2.96875,-2.9750141794809917
2.7404,41.106,2.9718750000000003,-3.053295292016655
2.7404,41.106,2.975,-3.1342550594607577
2.7404,41.106,2.9781250000000004,-3.215714941885979
2.7404,41.106,2.98125,-3.289003438846985
2.7404,41.106,2.984375,-3.355172821523773
2.7404,41.106,2.9875000000000003,-3.403470289989528
2.7404,41.106,2.990625,-3.429367112081007
2.7404,41.106,2.9937500000000004,-3.444755637007348
2.7404,41.106,2.996875,-3.4470036103899027
2.7404,41.106,3,-3.4253161037495334
2.7404,41.106,3.0031250000000003,-3.39190667281596
2.7404,41.106,3.00625,-3.3448689966616394
2.7404,41.106,3.0093750000000004,-3.287395969522451
2.7404,41.106,3.0125,-3.227092905301718
2.7404,41.106,3.015625,-3.1632212655167864
2.7404,41.106,3.0187500000000003,-3.099037943880057
2.7404,41.106,3.021875,-3.0369010485624286
2.7404,41.106,3.0250000000000004,-2.9799602777254
2.7404,41.106,3.028125,-2.9323929727588895
2.7404,41.106,3.03125,-2.891309121005478
2.7404,41.106,3.0343750000000003,-2.862202035429908
2.7404,41.106,3.0375,-2.8470344696438667
2.7404,41.106,3.0406250000000004,-2.8460804665059407
2.7404,41.106,3.04375,-2.8578302127166646
2.7404,41.106,3.046875,-2.8925981295396985
2.7404,41.106,3.0500000000000003,-2.9331393464896127
2.7404,41.106,3.053125,-2.9870906412742686
2.7404,41.106,3.0562500000000004,-3.0483471260052672
2.7404,41.106,3.059375,-3.1195545267058122
2.7404,41.106,3.0625,-3.193479228680058
2.7404,41.106,3.0656250000000003,-3.271561719945165
2.7404,41.106,3.06875,-3.345462836517432
2.7404,41.106,3.0718750000000004,-3.414479676880539
2.7404,41.106,3.075,-3.469351435981035
2.7404,41.106,3.078125,-3.509372445931207
2.7404,41.106,3.0812500000000003,-3.540457973033586
2.7404,41.106,3.084375,-3.556871653838096
2.7404,41.106,3.0875000000000004,-3.5621558426197746
2.7404,41.106,3.090625,-3.550609603693709
2.7404,41.106,3.09375,-3.525621094892579
2.7404,41.106,3.0968750000000003,-3.4922426916987073
2.7404,41.106,3.1,-3.4663014517991533
2.7404,41.106,3.1031250000000004,-3.431205265819148
2.7404,41.106,3.10625,-3.365243361107039
2.7404,41.106,3.109375,-3.2921634981331263
2.7404,41.106,3.1125000000000003,-3.228666393865751
2.7404,41.106,3.115625,-3.1539944974987666
2.7404,41.106,3.1187500000000004,-3.0930357831608384
2.7404,41.106,3.121875,-3.0384899808444126
2.7404,41.106,3.125,-2.989782282351391
2.7404,41.106,3.1281250000000003,-2.95712776817243
2.7404,41.106,3.13125,-2.933445582136112
2.7404,41.106,3.1343750000000004,-2.9314746846638324
2.7404,41.106,3.1375,-2.944806391737944
2.7404,41.106,3.140625,-2.977425899745951
2.7404,41.106,3.1437500000000003,-3.026451613519257
2.7404,41.106,3.146875,-3.0846240906854394
2.7404,41.106,3.1500000000000004,-3.156773993414907
2.7404,41.106,3.153125,-3.2311509039232735
2.7404,41.106,3.15625,-3.313522210835345
2.7404,41.106,3.1593750000000003,-3.3907409070729413
2.7404,41.106,3.1625,-3.46549558468074
2.7404,41.106,3.1656250000000004,-3.527921543614561
2.7404,41.106,3.16875,-3.5802857772200825
2.7404,41.106,3.171875,-3.6225186550576782
2.7404,41.106,3.1750000000000003,-3.6438403607515015
2.7404,41.106,3.178125,-3.652554968423461
2.7404,41.106,3.1812500000000004,-3.6464838494161893
2.7404,41.106,3.184375,-3.6303678897783853
2.7404,41.106,3.1875,-3.603768050723835
2.7404,41.106,3.1906250000000003,-3.5623495711893076
2.7404,41.106,3.19375,-3.5188636251435366
2.7404,41.106,3.1968750000000004,-3.467357327863096
2.7404,41.106,3.2,-3.4142832102826444
2.7404,41.106,3.203125,-3.354662846496251
2.7404,41.106,3.2062500000000003,-3.2993674800889714
2.7404,41.106,3.209375,-3.249032264005206
2.7404,41.106,3.2125000000000004,-3.206859090976944
2.7404,41.106,3.215625,-3.166686687838882
2.7404,41.106,3.21875,-3.1350726501240977
2.7404,41.106,3.2218750000000003,-3.1231651071649984
2.7404,41.106,3.225,-3.1221153865389017
2.7404,41.106,3.2281250000000004,-3.1344345240655946
2.7404,41.106,3.23125,-3.1567450801415804
2.7404,41.106,3.234375,-3.1943266877545424
2.7404,41.106,3.2375000000000003,-3.2530493361515065
2.7404,41.106,3.240625,-3.312047179478645
2.7404,41.106,3.2437500000000004,-3.38529912296596
2.7404,41.106,3.246875,-3.4574238971673217
2.7404,41.106,3.25,-3.530896029687049
2.7404,41.106,3.2531250000000003,-3.601949903441197
2.7404,41.106,3.25625,-3.6611302998372564
2.7404,41.106,3.2593750000000004,-3.716928148490692
2.7404,41.106,3.2625,-3.7526130168901837
2.7404,41.106,3.265625,-3.773013457985992
2.7404,41.106,3.2687500000000003,-3.78939385352592
2.7404,41.106,3.271875,-3.7837892153961867
2.7404,41.106,3.2750000000000004,-3.7606522867620518
2.7404,41.106,3.278125,-3.726454386705385
2.7404,41.106,3.28125,-3.683039726447575
2.7404,41.106,3.2843750000000003,-3.636785123505877
2.7404,41.106,3.2875,-3.5827082310956286
2.7404,41.106,3.2906250000000004,-3.532182405688168
2.7404,41.106,3.29375,-3.4824840905930015
2.7404,41.106,3.296875,-3.4427671793285524
2.7404,41.106,3.3000000000000003,-3.4042331898941636
2.7404,41.106,3.303125,-3.377046596887661
2.7404,41.106,3.3062500000000004,-3.3572195907535813
2.7404,41.106,3.309375,-3.346721639443918
2.7404,41.106,3.3125,-3.3482747443580223
2.7404,41.106,3.3156250000000003,-3.3636200841205643
2.7404,41.106,3.31875,-3.39150784011707
2.7404,41.106,3.3218750000000004,-3.4272715216054825
2.7404,41.106,3.325,-3.4784645357769555
2.7404,41.106,3.328125,-3.538350188450009
2.7404,41.106,3.3312500000000003,-3.6087809782176516
2.7404,41.106,3.334375,-3.6835233422384284
2.7404,41.106,3.3375000000000004,-3.7624081948001424
2.7404,41.106,3.340625,-3.839792684345234
2.7404,41.106,3.34375,-3.911445187864266
2.7404,41.106,3.3468750000000003,-3.980806521992972
2.7404,41.106,3.35,-4.045514634566874
2.7404,41.106,3.3531250000000004,-4.088620319111187
2.7404,41.106,3.35625,-4.12014633519181
2.7404,41.106,3.359375,-4.138304509532947
2.7404,41.106,3.3625000000000003,-4.14366394606743
2.7404,41.106,3.365625,-4.1359935898303615
2.7404,41.106,3.3687500000000004,-4.111399854580377
2.7404,41.106,3.371875,-4.082419533127731
2.7404,41.106,3.375,-4.039582609833418
2.7404,41.106,3.3781250000000003,-3.984365943317611
2.7404,41.106,3.38125,-3.935743743751204
2.7404,41.106,3.3843750000000004,-3.886309204637403
2.7404,41.106,3.3875,-3.838031219328469
2.7404,41.106,3.390625,-3.7968365051798902
2.7404,41.106,3.3937500000000003,-3.763842220651102
2.7404,41.106,3.396875,-3.741549832067621
2.7404,41.106,3.4000000000000004,-3.732470734564215
2.7404,41.106,3.403125,-3.7414807397536642
2.7404,41.106,3.40625,-3.772618899001807
2.7404,41.106,3.4093750000000003,-3.815825897518972
2.7404,41.106,3.4125,-3.8799002856948865
2.7404,41.106,3.4156250000000004,-3.9642921113794327
2.7404,41.106,3.41875,-4.053447513560002
2.7404,41.106,3.421875,-4.156408344649662
2.7404,41.106,3.4250000000000003,-4.253566426737954
2.7404,41.106,3.428125,-4.365717620267067
2.7404,41.106,3.4312500000000004,-4.4716929572230635
2.7404,41.106,3.434375,-4.558433520991273
2.7404,41.106,3.4375,-4.643652593478237
2.7404,41.106,3.4406250000000003,-4.714868678115381
2.7404,41.106,3.44375,-4.768720617663548
2.7404,41.106,3.4468750000000004,-4.810314539935826
2.7404,41.106,3.45,-4.8341675754958855
2.7404,41.106,3.453125,-4.850974509850932
2.7404,41.106,3.4562500000000003,-4.853528509394501
2.7404,41.106,3.459375,-4.850764883749757
2.7404,41.106,3.4625000000000004,-4.848480116639712
2.7404,41.106,3.465625,-4.844398205758378
2.7404,41.106,3.46875,-4.844152949090283
2.7404,41.106,3.4718750000000003,-4.8541603455468465
2.7404,41.106,3.475,-4.8755066734599515
2.7404,41.106,3.4781250000000004,-4.914184891194001
2.7404,41.106,3.48125,-4.976848494435865
2.7404,41.106,3.484375,-5.0638802399512155
2.7404,41.106,3.4875000000000003,-5.1820144283574265
2.7404,41.106,3.490625,-5.33457315075124
2.7404,41.106,3.4937500000000004,-5.524245844005417
2.7404,41.106,3.496875,-5.748437516642725
2.7404,41.106,3.5,-6.004906067814764
2.7404,41.106,3.5031250000000003,-6.288127583857753
2.7404,41.106,3.50625,-6.596686117042884
2.7404,41.106,3.5093750000000004,-6.915214861953648
2.7404,41.106,3.5125,-7.218202041196823
2.7404,41.106,3.515625,-7.477760198725925
2.7404,41.106,3.5187500000000003,-7.686900888282681
2.7404,41.106,3.521875,-7.832892307495165
2.7404,41.106,3.5250000000000004,-7.934962101631241
2.7404,41.106,3.528125,-7.969517110392189
2.7404,41.106,3.53125,-7.958548549113972
2.7404,41.106,3.5343750000000003,-7.885374391297189
2.7404,41.106,3.5375,-7.769174781814357
2.7404,41.106,3.5406250000000004,-7.618965767249217
2.7404,41.106,3.54375,-7.43649497475489
2.7404,41.106,3.546875,-7.23382990196328
2.7404,41.106,3.5500000000000003,-7.019135030227671
2.7404,41.106,3.553125,-6.806029684093885
2.7404,41.106,3.5562500000000004,-6.596898343382054
2.7404,41.106,3.559375,-6.394380055184868
2.7404,41.106,3.5625,-6.2099678526444615
2.7404,41.106,3.5656250000000003,-6.043376264279276
2.7404,41.106,3.56875,-5.891838029131129
2.7404,41.106,3.5718750000000004,-5.761768112908912
2.7404,41.106,3.575,-5.64731034786448
2.7404,41.106,3.5781250000000004,-5.549255406207987
2.7404,41.106,3.5812500000000003,-5.474190573662484
2.7404,41.106,3.584375,-5.420986625724509
2.7404,41.106,3.5875000000000004,-5.37899254882916
2.7404,41.106,3.590625,-5.350072378087136
2.7404,41.106,3.5937500000000004,-5.33475291722339
2.7404,41.106,3.5968750000000003,-5.334908898502302
2.7404,41.106,3.6,-5.345427142383951
2.7404,41.106,3.6031250000000004,-5.36976193583083
2.7404,41.106,3.60625,-5.392598846509992
2.7404,41.106,3.6093750000000004,-5.425305715958732
2.7404,41.106,3.6125000000000003,-5.464971123266591
2.7404,41.106,3.615625,-5.51879247271631
2.7404,41.106,3.6187500000000004,-5.5477863981633755
2.7404,41.106,3.621875,-5.5734890289030945
2.7404,41.106,3.6250000000000004,-5.591719350469129
2.7404,41.106,3.6281250000000003,-5.591872996908424
2.7404,41.106,3.63125,-5.5799951501329375
2.7404,41.106,3.6343750000000004,-5.57275610585799
2.7404,41.106,3.6375,-5.559272756904342
2.7404,41.106,3.6406250000000004,-5.557652894905997
2.7404,41.106,3.6437500000000003,-5.56682238905845
2.7404,41.106,3.646875,-5.583754704724404
2.7404,41.106,3.6500000000000004,-5.5445818396274955
2.7404,41.106,3.653125,-5.500600978325369
2.7404,41.106,3.6562500000000004,-5.468850604676367
2.7404,41.106,3.6593750000000003,-5.455045363779256
2.7404,41.106,3.6625,-5.460759134117863
2.7404,41.106,3.6656250000000004,-5.482232687154767
2.7404,41.106,3.66875,-5.518899247131617
2.7404,41.106,3.6718750000000004,-5.5702231555440695
2.7404,41.106,3.6750000000000003,-5.633999565196152
2.7404,41.106,3.678125,-5.703028628012085
2.7404,41.106,3.6812500000000004,-5.7841609260863365
2.7404,41.106,3.684375,-5.865891761386543
2.7404,41.106,3.6875000000000004,-5.953812409662946
2.7404,41.106,3.6906250000000003,-6.046590572018822
2.7404,41.106,3.69375,-6.138450654666041
2.7404,41.106,3.6968750000000004,-6.228692940861382
2.7404,41.106,3.7,-6.319748060403866
2.7404,41.106,3.7031250000000004,-6.389557473807161
2.7404,41.106,3.7062500000000003,-6.4516339187469915
2.7404,41.106,3.709375,-6.49097739545219
2.7404,41.106,3.7125000000000004,-6.516986073539814
2.7404,41.106,3.715625,-6.506589505549181
2.7404,41.106,3.7187500000000004,-6.509119489186308
2.7404,41.106,3.7218750000000003,-6.51001305449543
2.7404,41.106,3.725,-6.477081834370562
2.7404,41.106,3.7281250000000004,-6.423303422647733
2.7404,41.106,3.73125,-6.35873887565743
2.7404,41.106,3.7343750000000004,-6.288441401013718
2.7404,41.106,3.7375000000000003,-6.203689321354425
2.7404,41.106,3.740625,-6.130761608608437
2.7404,41.106,3.7437500000000004,-6.065241888696914
2.7404,41.106,3.746875,-6.002898251727414
2.7404,41.106,3.7500000000000004,-5.941346074931481
2.7404,41.106,3.7531250000000003,-5.89492461944804
2.7404,41.106,3.75625,-5.864313916099711
2.7404,41.106,3.7593750000000004,-5.843420177795867
2.7404,41.106,3.7625,-5.841880726240123
2.7404,41.106,3.7656250000000004,-5.861136065246746
2.7404,41.106,3.7687500000000003,-5.90305915875893
2.7404,41.106,3.771875,-5.9605762852169155
2.7404,41.106,3.7750000000000004,-6.039324133939102
2.7404,41.106,3.778125,-6.12552468287963
2.7404,41.106,3.7812500000000004,-6.240373478205163
2.7404,41.106,3.7843750000000003,-6.350668021597431
2.7404,41.106,3.7875,-6.4646111496034555
2.7404,41.106,3.7906250000000004,-6.576772346784247
2.7404,41.106,3.79375,-6.673270933427478
2.7404,41.106,3.7968750000000004,-6.756692513199697
2.7404,41.106,3.8000000000000003,-6.816189340239166
2.7404,41.106,3.803125,-6.8500341169622025
2.7404,41.106,3.8062500000000004,-6.860731722646987
2.7404,41.106,3.809375,-6.8560936322683546
2.7404,41.106,3.8125000000000004,-6.82353304532596
2.7404,41.106,3.8156250000000003,-6.769648203124675
2.7404,41.106,3.81875,-6.710537240400859
2.7404,41.106,3.8218750000000004,-6.630752756372017
2.7404,41.106,3.825,-6.547975298790815
2.7404,41.106,3.8281250000000004,-6.476710238438922
2.7404,41.106,3.8312500000000003,-6.415843098827537
2.7404,41.106,3.834375,-6.365646092177033
2.7404,41.106,3.8375000000000004,-6.325463608708838
2.7404,41.106,3.840625,-6.30930667438054
2.7404,41.106,3.8437500000000004,-6.319018337550533
2.7404,41.106,3.8468750000000003,-6.335800532410811
2.7404,41.106,3.85,-6.368432101194409
2.7404,41.106,3.8531250000000004,-6.424019286677995
2.7404,41.106,3.85625,-6.493219018833144
2.7404,41.106,3.8593750000000004,-6.583234016768904
2.7404,41.106,3.8625000000000003,-6.684064574917546
2.7404,41.106,3.865625,-6.800601162680543
2.7404,41.106,3.8687500000000004,-6.926606629839462
2.7404,41.106,3.871875,-7.061140348964676
2.7404,41.106,3.8750000000000004,-7.200393694674606
2.7404,41.106,3.8781250000000003,-7.34139105614298
2.7404,41.106,3.88125,-7.470859904920878
2.7404,41.106,3.8843750000000004,-7.597225703244398
2.7404,41.106,3.8875,-7.703917578977913
2.7404,41.106,3.8906250000000004,-7.787230280494985
2.7404,41.106,3.8937500000000003,-7.843815039180915
2.7404,41.106,3.896875,-7.878158675678318
2.7404,41.106,3.9000000000000004,-7.876107851372483
2.7404,41.106,3.903125,-7.85837525604984
2.7404,41.106,3.9062500000000004,-7.815352598710562
2.7404,41.106,3.9093750000000003,-7.752751552735089
2.7404,41.106,3.9125,-7.6877086219743305
2.7404,41.106,3.9156250000000004,-7.6107720162362655
2.7404,41.106,3.91875,-7.541971525833706
2.7404,41.106,3.9218750000000004,-7.479477083338606
2.7404,41.106,3.9250000000000003,-7.420341829143098
2.7404,41.106,3.928125,-7.378188759112382
2.7404,41.106,3.9312500000000004,-7.357816968984695
2.7404,41.106,3.934375,-7.35600571505803
2.7404,41.106,3.9375000000000004,-7.377689672969529
2.7404,41.106,3.9406250000000003,-7.41839870621228
2.7404,41.106,3.94375,-7.484676913217418
2.7404,41.106,3.9468750000000004,-7.583375349570018
2.7404,41.106,3.95,-7.696703180935748
2.7404,41.106,3.9531250000000004,-7.838356207817624
2.7404,41.106,3.9562500000000003,-8.002502996077258
2.7404,41.106,3.959375,-8.175668222941827
2.7404,41.106,3.9625000000000004,-8.355178104346358
2.7404,41.106,3.965625,-8.539778294087693
2.7404,41.106,3.9687500000000004,-8.722135802629134
2.7404,41.106,3.9718750000000003,-8.884778247100607
2.7404,41.106,3.975,-9.026272563395825
2.7404,41.106,3.9781250000000004,-9.136835476211436
2.7404,41.106,3.98125,-9.215859953373824
2.7404,41.106,3.9843750000000004,-9.250098500137602
2.7404,41.106,3.9875000000000003,-9.250718967266998
2.7404,41.106,3.990625,-9.227294406863644
2.7404,41.106,3.9937500000000004,-9.168428022581399
2.7404,41.106,3.996875,-9.095598251962036
2.7404,41.106,4,-9.007753994035758
2.7404,41.106,4.003125,-8.920363560984262
2.7404,41.106,4.0062500000000005,-8.831773154640477
2.7404,41.106,4.009375,-8.755011400655917
2.7404,41.106,4.0125,-8.689612564479694
2.7404,41.106,4.015625,-8.649067230610733
2.7404,41.106,4.01875,-8.622045268925225
2.7404,41.106,4.0218750000000005,-8.61937555888437
2.7404,41.106,4.025,-8.653526292331378
2.7404,41.106,4.028125,-8.715378022407577
2.7404,41.106,4.03125,-8.802330623412637
2.7404,41.106,4.034375,-8.930480458148239
2.7404,41.106,4.0375000000000005,-9.08496130610793
2.7404,41.106,4.040625,-9.276435735163838
2.7404,41.106,4.04375,-9.492252130674526
2.7404,41.106,4.046875,-9.72910365955409
2.7404,41.106,4.05,-9.988139346208252
2.7404,41.106,4.0531250000000005,-10.257721108176206
2.7404,41.106,4.05625,-10.523371441294005
2.7404,41.106,4.059375,-10.769350139315222
2.7404,41.106,4.0625,-10.990386877304195
2.7404,41.106,4.065625,-11.157664465516184
2.7404,41.106,4.0687500000000005,-11.268689761911176
2.7404,41.106,4.071875,-11.326155991385034
2.7404,41.106,4.075,-11.318825463844853
2.7404,41.106,4.078125,-11.223607246125997
2.7404,41.106,4.08125,-11.033739304725106
2.7404,41.106,4.0843750000000005,-10.74482508219037
2.7404,41.106,4.0875,-10.468925614075848
2.7404,41.106,4.090625,-10.24565813547962
2.7404,41.106,4.09375,-10.07086735587049
2.7404,41.106,4.096875,-9.92380268975096
2.7404,41.106,4.1000000000000005,-9.800308959679334
2.7404,41.106,4.103125,-9.693266597060326
2.7404,41.106,4.10625,-9.61389136314378
2.7404,41.106,4.109375,-9.55606211927316
2.7404,41.106,4.1125,-9.54362986562985
2.7404,41.106,4.1156250000000005,-9.5577811274739
2.7404,41.106,4.11875,-9.612878732453156
2.7404,41.106,4.121875,-9.707593932318622
2.7404,41.106,4.125,-9.832085351092967
2.7404,41.106,4.128125,-9.99380244723357
2.7404,41.106,4.1312500000000005,-10.180068979735546
2.7404,41.106,4.134375,-10.402094059835239
2.7404,41.106,4.1375,-10.640148815135696
2.7404,41.106,4.140625,-10.89082961602803
2.7404,41.106,4.14375,-11.139160306727312
2.7404,41.106,4.1468750000000005,-11.371694907294893
2.7404,41.106,4.15,-11.562628519311273
2.7404,41.106,4.153125,-11.725678497927438
2.7404,41.106,4.15625,-11.816839090831833
2.7404,41.106,4.159375,-11.84203663153436
2.7404,41.106,4.1625000000000005,-11.79226726588302
2.7404,41.106,4.165625,-11.681445359798616
2.7404,41.106,4.16875,-11.51740423135545
2.7404,41.106,4.171875,-11.303728950053571
2.7404,41.106,4.175,-11.065988944266534
2.7404,41.106,4.1781250000000005,-10.827887262609062
2.7404,41.106,4.18125,-10.586526218457859
2.7404,41.106,4.184375,-10.352220579628526
2.7404,41.106,4.1875,-10.140431187948158
2.7404,41.106,4.190625,-9.959762802221087
2.7404,41.106,4.1937500000000005,-9.813611963006576
2.7404,41.106,4.196875,-9.691368785436747
2.7404,41.106,4.2,-9.618725886289559
2.7404,41.106,4.203125,-9.577124368284476
2.7404,41.106,4.20625,-9.569052820466474
2.7404,41.106,4.2093750000000005,-9.605373068708472
2.7404,41.106,4.2125,-9.673206957136397
2.7404,41.106,4.215625,-9.783381906096654
2.7404,41.106,4.21875,-9.939034118207642
2.7404,41.106,4.221875,-10.125684194285586
2.7404,41.106,4.2250000000000005,-10.350238360353593
2.7404,41.106,4.228125,-10.585270092359755
2.7404,41.106,4.23125,-10.842617150626797
2.7404,41.106,4.234375,-11.110477822468209
2.7404,41.106,4.2375,-11.366558587463992
2.7404,41.106,4.2406250000000005,-11.601237418325434
2.7404,41.106,4.24375,-11.786715663856054
2.7404,41.106,4.246875,-11.925504997519187
2.7404,41.106,4.25,-11.995665137250608
2.7404,41.106,4.253125,-11.979881819161157
2.7404,41.106,4.2562500000000005,-11.898335386506023
2.7404,41.106,4.259375,-11.750259052502877
2.7404,41.106,4.2625,-11.556791413276422
2.7404,41.106,4.265625,-11.330187551389608
2.7404,41.106,4.26875,-11.081302122344889
2.7404,41.106,4.2718750000000005,-10.839278424896314
2.7404,41.106,4.275,-10.593350898290414
2.7404,41.106,4.278125,-10.372687395336936
2.7404,41.106,4.28125,-10.175187455737031
2.7404,41.106,4.284375000000001,-9.996990468680213
2.7404,41.106,4.2875000000000005,-9.862584775702283
2.7404,41.106,4.290625,-9.75085322533279
2.7404,41.106,4.29375,-9.686755173970406
2.7404,41.106,4.296875,-9.660381387059433
2.7404,41.106,4.300000000000001,-9.662782297584236
2.7404,41.106,4.3031250000000005,-9.712091582128155
2.7404,41.106,4.30625,-9.787846337851597
2.7404,41.106,4.309375,-9.89834435451151
2.7404,41.106,4.3125,-10.043492668569627
2.7404,41.106,4.315625000000001,-10.217952521765527
2.7404,41.106,4.3187500000000005,-10.405120899428265
2.7404,41.106,4.321875,-10.600204695194142
2.7404,41.106,4.325,-10.789010464321521
2.7404,41.106,4.328125,-10.96837289765132
2.7404,41.106,4.331250000000001,-11.097823540345626
2.7404,41.106,4.3343750000000005,-11.184896942270107
2.7404,41.106,4.3375,-11.216409557298784
2.7404,41.106,4.340625,-11.176591125353312
2.7404,41.106,4.34375,-11.079148400899381
2.7404,41.106,4.346875000000001,-10.919396375768605
2.7404,41.106,4.3500000000000005,-10.704598566213443
2.7404,41.106,4.353125,-10.429427438497695
2.7404,41.106,4.35625,-10.116298952071418
2.7404,41.106,4.359375,-9.822110265931148
2.7404,41.106,4.362500000000001,-9.495681582214479
2.7404,41.106,4.3656250000000005,-9.19040251879571
2.7404,41.106,4.36875,-8.921065950343364
2.7404,41.106,4.371875,-8.693428043269039
2.7404,41.106,4.375,-8.507374631296125
2.7404,41.106,4.378125000000001,-8.359426554940738
2.7404,41.106,4.3812500000000005,-8.242696695830295
2.7404,41.106,4.384375,-8.165943028675072
2.7404,41.106,4.3875,-8.125493500162213
2.7404,41.106,4.390625,-8.125854505081941
2.7404,41.106,4.393750000000001,-8.155011729128374
2.7404,41.106,4.3968750000000005,-8.217176418282575
2.7404,41.106,4.4,-8.30850245321013
2.7404,41.106,4.403125,-8.438758999240747
2.7404,41.106,4.40625,-8.596673921120345
2.7404,41.106,4.409375000000001,-8.773850517454832
2.7404,41.106,4.4125000000000005,-8.970995470723828
2.7404,41.106,4.415625,-9.174767661287964
2.7404,41.106,4.41875,-9.372945499948939
2.7404,41.106,4.421875,-9.543505146599902
2.7404,41.106,4.425000000000001,-9.704903828201317
2.7404,41.106,4.4281250000000005,-9.826534921034462
2.7404,41.106,4.43125,-9.941213982477601
2.7404,41.106,4.434375,-10.02368449070995
2.7404,41.106,4.4375,-9.947037128924643
2.7404,41.106,4.440625000000001,-9.74649320822277
2.7404,41.106,4.4437500000000005,-9.543416542249842
2.7404,41.106,4.446875,-9.315620756880008
2.7404,41.106,4.45,-9.074738765838013
2.7404,41.106,4.453125,-8.82751196707661
2.7404,41.106,4.456250000000001,-8.58315604687001
2.7404,41.106,4.4593750000000005,-8.363729476228322
2.7404,41.106,4.4625,-8.181827904916952
2.7404,41.106,4.465625,-8.01083268691325
2.7404,41.106,4.46875,-7.881059708586204
2.7404,41.106,4.471875000000001,-7.7807209282850405
2.7404,41.106,4.4750000000000005,-7.715478941332153
2.7404,41.106,4.478125,-7.670365172239474
2.7404,41.106,4.48125,-7.666002048312083
2.7404,41.106,4.484375,-7.6849228922033905
2.7404,41.106,4.487500000000001,-7.735873091510977
2.7404,41.106,4.4906250000000005,-7.822891225584904
2.7404,41.106,4.49375,-7.926818525218454
2.7404,41.106,4.496875,-8.057722514919723
2.7404,41.106,4.5,-8.201398285413122
2.7404,41.106,4.503125000000001,-8.357393691475895
2.7404,41.106,4.5062500000000005,-8.500557685949108
2.7404,41.106,4.509375,-8.645621697977154
2.7404,41.106,4.5125,-8.760232381865636
2.7404,41.106,4.515625,-8.845173813280017
2.7404,41.106,4.518750000000001,-8.894923766110402
2.7404,41.106,4.5218750000000005,-8.89014062847058
2.7404,41.106,4.525,-8.836686530244698
2.7404,41.106,4.528125,-8.746469768128195
2.7404,41.106,4.53125,-8.604031052061972
2.7404,41.106,4.534375000000001,-8.46324823770759
2.7404,41.106,4.5375000000000005,-8.348248327299657
2.7404,41.106,4.540625,-8.257514162673544
2.7404,41.106,4.54375,-8.069472332599862
2.7404,41.106,4.546875,-7.807164707402682
2.7404,41.106,4.550000000000001,-7.560560286804056
2.7404,41.106,4.5531250000000005,-7.332349579337347
2.7404,41.106,4.55625,-7.13895447700653
2.7404,41.106,4.559375,-6.981764695358121
2.7404,41.106,4.5625,-6.848600252202352
2.7404,41.106,4.565625000000001,-6.74736532745564
2.7404,41.106,4.5687500000000005,-6.669528236118753
2.7404,41.106,4.571875,-6.622138452910793
2.7404,41.106,4.575,-6.595609733515858
2.7404,41.106,4.578125,-6.597720218139792
2.7404,41.106,4.581250000000001,-6.639729757552205
2.7404,41.106,4.5843750000000005,-6.69345109035386
2.7404,41.106,4.5875,-6.78308076737872
2.7404,41.106,4.590625,-6.88828143431495
2.7404,41.106,4.59375,-7.017281624039149
2.7404,41.106,4.596875000000001,-7.155664192703114
2.7404,41.106,4.6000000000000005,-7.301290170708818
2.7404,41.106,4.603125,-7.443399583241401
2.7404,41.106,4.60625,-7.584951150298586
2.7404,41.106,4.609375,-7.69441333199136
2.7404,41.106,4.612500000000001,-7.781070646062557
2.7404,41.106,4.6156250000000005,-7.839470618272456
2.7404,41.106,4.61875,-7.854185738991228
2.7404,41.106,4.621875,-7.830033432569667
2.7404,41.106,4.625,-7.761905136945421
2.7404,41.106,4.628125000000001,-7.6566300234215525
2.7404,41.106,4.6312500000000005,-7.520522771696335
2.7404,41.106,4.634375,-7.3671623153651105
2.7404,41.106,4.6375,-7.196008138727379
2.7404,41.106,4.640625,-7.029520860585189
2.7404,41.106,4.643750000000001,-6.856055631748939
2.7404,41.106,4.6468750000000005,-6.692283773608688
2.7404,41.106,4.65,-6.543218075570415
2.7404,41.106,4.653125,-6.40724000098324
2.7404,41.106,4.65625,-6.295752975832355
2.7404,41.106,4.659375000000001,-6.199005309714068
2.7404,41.106,4.6625000000000005,-6.122552771192039
2.7404,41.106,4.665625,-6.06735357669101
2.7404,41.106,4.66875,-6.037960778615654
2.7404,41.106,4.671875,-6.029783475568031
2.7404,41.106,4.675000000000001,-6.03664390025429
2.7404,41.106,4.6781250000000005,-6.042855882395712
2.7404,41.106,4.68125,-6.048516609528729
2.7404,41.106,4.684375,-6.121705456230301
2.7404,41.106,4.6875,-6.250338145662515
2.7404,41.106,4.690625000000001,-6.366615004332834
2.7404,41.106,4.6937500000000005,-6.477923446336812
2.7404,41.106,4.696875,-6.566531946903521
2.7404,41.106,4.7,-6.634808249935308
2.7404,41.106,4.703125,-6.67714496602466
2.7404,41.106,4.706250000000001,-6.6942594395580235
2.7404,41.106,4.7093750000000005,-6.663647533300596
2.7404,41.106,4.7125,-6.601648021541258
2.7404,41.106,4.715625,-6.498857310208831
2.7404,41.106,4.71875,-6.362118993164476
2.7404,41.106,4.721875000000001,-6.195947535574642
2.7404,41.106,4.7250000000000005,-6.016887470430053
2.7404,41.106,4.728125,-5.825792354005164
2.7404,41.106,4.73125,-5.632716652279013
2.7404,41.106,4.734375,-5.4407357955997355
2.7404,41.106,4.737500000000001,-5.262509507627406
2.7404,41.106,4.7406250000000005,-5.099694780245257
2.7404,41.106,4.74375,-4.954266922506257
2.7404,41.106,4.746875,-4.826021018457563
2.7404,41.106,4.75,-4.724273471264352
2.7404,41.106,4.753125000000001,-4.642517959264344
2.7404,41.106,4.7562500000000005,-4.578086701268691
2.7404,41.106,4.759375,-4.542479541524206
2.7404,41.106,4.7625,-4.5219977396543225
2.7404,41.106,4.765625,-4.5279092850780165
2.7404,41.106,4.768750000000001,-4.547359057847712
2.7404,41.106,4.7718750000000005,-4.589585649667176
2.7404,41.106,4.775,-4.649314421838757
2.7404,41.106,4.778125,-4.717934636726529
2.7404,41.106,4.78125,-4.798203727903944
2.7404,41.106,4.784375000000001,-4.890138865200627
2.7404,41.106,4.7875000000000005,-4.9782304988188635
2.7404,41.106,4.790625,-5.070555796398039
2.7404,41.106,4.79375,-5.14693562433566
2.7404,41.106,4.796875,-5.215665193470647
2.7404,41.106,4.800000000000001,-5.257736414842659
2.7404,41.106,4.8031250000000005,-5.278667674048295
2.7404,41.106,4.80625,-5.280674594201211
2.7404,41.106,4.809375,-5.25048160161017
2.7404,41.106,4.8125,-5.192835515255431
2.7404,41.106,4.815625000000001,-5.120837251725597
2.7404,41.106,4.8187500000000005,-5.027354552995008
2.7404,41.106,4.821875,-4.929988348499932
2.7404,41.106,4.825,-4.826589542790675
2.7404,41.106,4.828125,-4.720266073914697
2.7404,41.106,4.831250000000001,-4.6247086202072465
2.7404,41.106,4.8343750000000005,-4.536115671185042
2.7404,41.106,4.8375,-4.4620417932354615
2.7404,41.106,4.840625,-4.404446956029679
2.7404,41.106,4.84375,-4.366991333839108
2.7404,41.106,4.846875000000001,-4.352454835171643
2.7404,41.106,4.8500000000000005,-4.354088054686126
2.7404,41.106,4.853125,-4.375251663597104
2.7404,41.106,4.85625,-4.422424181638297
2.7404,41.106,4.859375,-4.486263897527737
2.7404,41.106,4.862500000000001,-4.573119226493639
2.7404,41.106,4.8656250000000005,-4.675578810561855
2.7404,41.106,4.86875,-4.797518518663754
2.7404,41.106,4.871875,-4.930955563842752
2.7404,41.106,4.875,-5.078387992385814
2.7404,41.106,4.878125000000001,-5.21395731332313
2.7404,41.106,4.8812500000000005,-5.349368365479265
2.7404,41.106,4.884375,-5.474058714449681
2.7404,41.106,4.8875,-5.573198969249663
2.7404,41.106,4.890625,-5.645048899678863
2.7404,41.106,4.893750000000001,-5.683007656109282
2.7404,41.106,4.8968750000000005,-5.685611442402107
2.7404,41.106,4.9,-5.642097138950427
2.7404,41.106,4.903125,-5.571014658864718
2.7404,41.106,4.90625,-5.4708880718978055
2.7404,41.106,4.909375000000001,-5.34892951724474
2.7404,41.106,4.9125000000000005,-5.217546499298544
2.7404,41.106,4.915625,-5.079792397982972
2.7404,41.106,4.91875,-4.940239225622721
2.7404,41.106,4.921875,-4.809954643485353
2.7404,41.106,4.925000000000001,-4.695662439093367
2.7404,41.106,4.9281250000000005,-4.593625644235256
2.7404,41.106,4.93125,-4.504751767046053
2.7404,41.106,4.934375,-4.438279715154448
2.7404,41.106,4.9375,-4.395459191299173
2.7404,41.106,4.940625000000001,-4.3745679939073465
2.7404,41.106,4.9437500000000005,-4.377376468276502
2.7404,41.106,4.946875,-4.398643933960331
2.7404,41.106,4.95,-4.441946826344594
2.7404,41.106,4.953125,-4.505543662621122
2.7404,41.106,4.956250000000001,-4.592469828244475
2.7404,41.106,4.9593750000000005,-4.697748188899978
2.7404,41.106,4.9625,-4.8111620586326005
2.7404,41.106,4.965625,-4.949707206701686
2.7404,41.106,4.96875,-5.093446450001423
2.7404,41.106,4.971875000000001,-5.238904095198448
2.7404,41.106,4.9750000000000005,-5.381787405131164
2.7404,41.106,4.978125,-5.518748042242053
2.7404,41.106,4.98125,-5.62998110843291
2.7404,41.106,4.984375,-5.717954507282408
2.7404,41.106,4.987500000000001,-5.783830941481698
2.7404,41.106,4.9906250000000005,-5.815399556709778
2.7404,41.106,4.99375,-5.808435134088788
2.7404,41.106,4.996875,-5.7695640631584135
2.7404,41.106,5,-5.70721894134092
2.7404,41.106,5.003125000000001,-5.609976841456658
2.7404,41.106,5.0062500000000005,-5.521138375023717
2.7404,41.106,5.009375,-5.420667607360787
2.7404,41.106,5.0125,-5.317579678546405
2.7404,41.106,5.015625,-5.220153117443296
2.7404,41.106,5.018750000000001,-5.133183904504184
2.7404,41.106,5.0218750000000005,-5.06559704064858
2.7404,41.106,5.025,-5.0091039082931275
2.7404,41.106,5.028125,-4.978923500834314
2.7404,41.106,5.03125,-4.975960856714337
2.7404,41.106,5.034375000000001,-4.989521380040591
2.7404,41.106,5.0375000000000005,-5.031428707473139
2.7404,41.106,5.040625,-5.097687363601061
2.7404,41.106,5.04375,-5.186920522456042
2.7404,41.106,5.046875,-5.29723601339122
2.7404,41.106,5.050000000000001,-5.4176786052636725
2.7404,41.106,5.0531250000000005,-5.576439504676936
2.7404,41.106,5.05625,-5.7393185345257445
2.7404,41.106,5.059375,-5.918650248263038
2.7404,41.106,5.0625,-6.109324525284206
2.7404,41.106,5.065625000000001,-6.299881846231065
2.7404,41.106,5.0687500000000005,-6.47494190322446
2.7404,41.106,5.071875,-6.622869417940835
2.7404,41.106,5.075,-6.773647543245235
2.7404,41.106,5.078125,-6.857628005385673
2.7404,41.106,5.081250000000001,-6.890837146674064
2.7404,41.106,5.0843750000000005,-6.901216215390312
2.7404,41.106,5.0875,-6.836525147259329
2.7404,41.106,5.090625,-6.742728784830334
2.7404,41.106,5.09375,-6.61314485135605
2.7404,41.106,5.096875000000001,-6.472924787387548
2.7404,41.106,5.1000000000000005,-6.317789475522192
2.7404,41.106,5.103125,-6.139453181490778
2.7404,41.106,5.10625,-5.954168273729637
2.7404,41.106,5.109375,-5.785388371492834
2.7404,41.106,5.112500000000001,-5.630714168241557
2.7404,41.106,5.1156250000000005,-5.504102973327818
2.7404,41.106,5.11875,-5.409701112725736
2.7404,41.106,5.121875,-5.33384103084551
2.7404,41.106,5.125,-5.283680992814773
2.7404,41.106,5.128125000000001,-5.256938039836848
2.7404,41.106,5.1312500000000005,-5.269128498343712
2.7404,41.106,5.134375,-5.301513200565483
2.7404,41.106,5.1375,-5.353668486541005
2.7404,41.106,5.140625,-5.434664200904073
2.7404,41.106,5.143750000000001,-5.535306734012212
2.7404,41.106,5.1468750000000005,-5.646909966647197
2.7404,41.106,5.15,-5.777224050910069
2.7404,41.106,5.153125,-5.907235394408859
2.7404,41.106,5.15625,-6.045807179123565
2.7404,41.106,5.159375000000001,-6.181544373964161
2.7404,41.106,5.1625000000000005,-6.302789703294772
2.7404,41.106,5.165625,-6.411886537075514
2.7404,41.106,5.16875,-6.48838016431691
2.7404,41.106,5.171875,-6.538108422049504
2.7404,41.106,5.175000000000001,-6.557604988934942
2.7404,41.106,5.1781250000000005,-6.546069645633582
2.7404,41.106,5.18125,-6.497926376425511
2.7404,41.106,5.184375,-6.423108386045634
2.7404,41.106,5.1875,-6.3300347010332105
2.7404,41.106,5.190625000000001,-6.224710532974356
2.7404,41.106,5.1937500000000005,-6.106334270245864
2.7404,41.106,5.196875,-6.001525614221794
2.7404,41.106,5.2,-5.909640685468559
2.7404,41.106,5.203125,-5.827069163860399
2.7404,41.106,5.206250000000001,-5.753091372918573
2.7404,41.106,5.2093750000000005,-5.688970787169534
2.7404,41.106,5.2125,-5.618124878061103
2.7404,41.106,5.215625,-5.567480747804038
2.7404,41.106,5.21875,-5.55719621722281
2.7404,41.106,5.221875000000001,-5.584311608267055
2.7404,41.106,5.2250000000000005,-5.629028107476978
2.7404,41.106,5.228125,-5.72332869020447
2.7404,41.106,5.23125,-5.848065057462351
2.7404,41.106,5.234375,-6.005495161350068
2.7404,41.106,5.237500000000001,-6.205233233118268
2.7404,41.106,5.2406250000000005,-6.428644644707805
2.7404,41.106,5.24375,-6.705426460834324
2.7404,41.106,5.246875,-7.018113518838453
2.7404,41.106,5.25,-7.379740095100958
2.7404,41.106,5.253125000000001,-7.8164719137945715
2.7404,41.106,5.2562500000000005,-8.370187788320342
2.7404,41.106,5.259375,-9.11602211734715
2.7404,41.106,5.2625,-10.227778056009463
2.7404,41.106,5.265625,-11.755986409186294
2.7404,41.106,5.268750000000001,-12.29225980560032
2.7404,41.106,5.2718750000000005,-10.682966060618526
2.7404,41.106,5.275,-9.18581256911661
2.7404,41.106,5.278125,-8.348309775362164
2.7404,41.106,5.28125,-7.825600948101135
2.7404,41.106,5.284375000000001,-7.450873916633373
2.7404,41.106,5.2875000000000005,-7.133135009853967
2.7404,41.106,5.290625,-6.847388119130065
2.7404,41.106,5.29375,-6.608157270494974
2.7404,41.106,5.296875,-6.3989331315600095
2.7404,41.106,5.300000000000001,-6.224171209870733
2.7404,41.106,5.3031250000000005,-6.089469660614824
2.7404,41.106,5.30625,-5.9769499654687905
2.7404,41.106,5.309375,-5.9138474968183585
2.7404,41.106,5.3125,-5.864914583421697
2.7404,41.106,5.315625000000001,-5.851699380148828
2.7404,41.106,5.3187500000000005,-5.8652498742390335
2.7404,41.106,5.321875,-5.910542763601407
2.7404,41.106,5.325,-5.970941369973884
2.7404,41.106,5.328125,-6.057191100079136
2.7404,41.106,5.331250000000001,-6.160508380472269
2.7404,41.106,5.3343750000000005,-6.276021652928404
2.7404,41.106,5.3375,-6.400959575368823
2.7404,41.106,5.340625,-6.544328371479495
2.7404,41.106,5.34375,-6.685902547500378
2.7404,41.106,5.346875000000001,-6.814124741489435
2.7404,41.106,5.3500000000000005,-6.941867798837005
2.7404,41.106,5.353125,-7.033713682749632
2.7404,41.106,5.35625,-7.104922262096442
2.7404,41.106,5.359375,-7.119970565444795
2.7404,41.106,5.362500000000001,-7.099033241066576
2.7404,41.106,5.3656250000000005,-7.049867457307268
2.7404,41.106,5.36875,-6.936713508237488
2.7404,41.106,5.371875,-6.797612577027666
2.7404,41.106,5.375,-6.6408782121453305
2.7404,41.106,5.378125000000001,-6.465685665412312
2.7404,41.106,5.3812500000000005,-6.278076412573546
2.7404,41.106,5.384375,-6.088912599686031
2.7404,41.106,5.3875,-5.9280947409469364
2.7404,41.106,5.390625,-5.781266742566743
2.7404,41.106,5.393750000000001,-5.656097809005789
2.7404,41.106,5.3968750000000005,-5.559435353211375
2.7404,41.106,5.4,-5.496237139776485
2.7404,41.106,5.403125,-5.457860569789144
2.7404,41.106,5.40625,-5.4519464232267625
2.7404,41.106,5.409375000000001,-5.479986329193692
2.7404,41.106,5.4125000000000005,-5.540960273927937
2.7404,41.106,5.415625,-5.617154446176239
2.7404,41.106,5.41875,-5.72198416123796
2.7404,41.106,5.421875,-5.852856886999032
2.7404,41.106,5.425000000000001,-5.99791273537736
2.7404,41.106,5.4281250000000005,-6.16251431205562
2.7404,41.106,5.43125,-6.362279845997061
2.7404,41.106,5.434375,-6.5450485246956704
2.7404,41.106,5.4375,-6.735061957178965
2.7404,41.106,5.440625000000001,-6.908707772234559
2.7404,41.106,5.4437500000000005,-7.067588323798334
2.7404,41.106,5.446875,-7.202585014852703
2.7404,41.106,5.45,-7.29008472675943
2.7404,41.106,5.453125,-7.335949207052503
2.7404,41.106,5.456250000000001,-7.324772020416271
2.7404,41.106,5.4593750000000005,-7.269515130444301
2.7404,41.106,5.4625,-7.160945541357807
2.7404,41.106,5.465625,-7.015491913134774
2.7404,41.106,5.46875,-6.849648901894464
2.7404,41.106,5.471875000000001,-6.652503305865986
2.7404,41.106,5.4750000000000005,-6.458114867850564
2.7404,41.106,5.478125,-6.265520734843716
2.7404,41.106,5.48125,-6.079309396675611
2.7404,41.106,5.484375,-5.9163323841293245
2.7404,41.106,5.487500000000001,-5.776921359477117
2.7404,41.106,5.4906250000000005,-5.667606105479791
2.7404,41.106,5.49375,-5.577100920930124
2.7404,41.106,5.496875,-5.527486978463569
2.7404,41.106,5.5,-5.5005707336362075
2.7404,41.106,5.503125000000001,-5.502577386174488
2.7404,41.106,5.5062500000000005,-5.5252861592517
2.7404,41.106,5.509375,-5.577073293496912
2.7404,41.106,5.5125,-5.648455072377402
2.7404,41.106,5.515625,-5.734988322278908
2.7404,41.106,5.518750000000001,-5.836986626655546
2.7404,41.106,5.5218750000000005,-5.940874570900576
2.7404,41.106,5.525,-6.041992180366
2.7404,41.106,5.528125,-6.1432275026759715
2.7404,41.106,5.53125,-6.225018751319369
2.7404,41.106,5.534375000000001,-6.275672096040315
2.7404,41.106,5.5375000000000005,-6.296112082350303
2.7404,41.106,5.540625,-6.282005597542951
2.7404,41.106,5.54375,-6.225347571590221
2.7404,41.106,5.546875,-6.137186706869557
2.7404,41.106,5.550000000000001,-6.007000109730482
2.7404,41.106,5.5531250000000005,-5.853198104536672
2.7404,41.106,5.55625,-5.686086045773048
2.7404,41.106,5.559375,-5.499186354015055
2.7404,41.106,5.5625,-5.3211321374763285
2.7404,41.106,5.565625000000001,-5.146482854606642
2.7404,41.106,5.5687500000000005,-4.983629943426589
2.7404,41.106,5.571875,-4.842976232487944
2.7404,41.106,5.575,-4.723648367064872
2.7404,41.106,5.578125,-4.637784348285729
2.7404,41.106,5.581250000000001,-4.572704844934164
2.7404,41.106,5.5843750000000005,-4.530241241417437
2.7404,41.106,5.5875,-4.520129861403859
2.7404,41.106,5.590625,-4.5294358352081865
2.7404,41.106,5.59375,-4.569284010649809
2.7404,41.106,5.596875000000001,-4.6332578877688215
2.7404,41.106,5.6000000000000005,-4.7167108228364825
2.7404,41.106,5.603125,-4.8211070593218395
2.7404,41.106,5.60625,-4.939011002027093
2.7404,41.106,5.609375,-5.069388743794393
2.7404,41.106,5.612500000000001,-5.207764199784205
2.7404,41.106,5.6156250000000005,-5.345570111248826
2.7404,41.106,5.61875,-5.49019896850907
2.7404,41.106,5.621875,-5.628085323845489
2.7404,41.106,5.625,-5.740543308134257
2.7404,41.106,5.628125000000001,-5.826191533800324
2.7404,41.106,5.6312500000000005,-5.88809801372467
2.7404,41.106,5.634375,-5.903209022480878
2.7404,41.106,5.6375,-5.8794421774607635
2.7404,41.106,5.640625,-5.816026271818541
2.7404,41.106,5.643750000000001,-5.713526455818983
2.7404,41.106,5.6468750000000005,-5.580180063256581
2.7404,41.106,5.65,-5.424737738915261
2.7404,41.106,5.653125,-5.2513498872744835
2.7404,41.106,5.65625,-5.085899957004959
2.7404,41.106,5.659375000000001,-4.927233422036516
2.7404,41.106,5.6625000000000005,-4.778942957862908
2.7404,41.106,5.665625,-4.649593786011097
2.7404,41.106,5.66875,-4.549931919505476
2.7404,41.106,5.671875,-4.473207251138323
2.7404,41.106,5.675000000000001,-4.422581168423624
2.7404,41.106,5.6781250000000005,-4.394729975555146
2.7404,41.106,5.68125,-4.404181412761922
2.7404,41.106,5.684375,-4.428755990655423
2.7404,41.106,5.6875,-4.480916640606653
2.7404,41.106,5.690625000000001,-4.550675683686837
2.7404,41.106,5.6937500000000005,-4.6348861316362076
2.7404,41.106,5.696875,-4.728164410653032
2.7404,41.106,5.7,-4.823615239895518
2.7404,41.106,5.703125,-4.921409940141747
2.7404,41.106,5.706250000000001,-5.016694839124208
2.7404,41.106,5.7093750000000005,-5.095882216684857
2.7404,41.106,5.7125,-5.1581840731881154
2.7404,41.106,5.715625,-5.198280219980882
2.7404,41.106,5.71875,-5.19740261234825
2.7404,41.106,5.721875000000001,-5.173340201965042
2.7404,41.106,5.7250000000000005,-5.117841100120422
2.7404,41.106,5.728125,-5.0286737087983004
2.7404,41.106,5.73125,-4.912866273049315
2.7404,41.106,5.734375,-4.765957648129043
2.7404,41.106,5.737500000000001,-4.6061952128731845
2.7404,41.106,5.7406250000000005,-4.437244417911704
2.7404,41.106,5.74375,-4.274319105659617
2.7404,41.106,5.746875,-4.1210606114860795
2.7404,41.106,5.75,-3.968816822212862
2.7404,41.106,5.753125000000001,-3.828699336805777
2.7404,41.106,5.7562500000000005,-3.7144923284617173
2.7404,41.106,5.759375,-3.6287310774847836
2.7404,41.106,5.7625,-3.571933868377241
2.7404,41.106,5.765625,-3.5338597769328666
2.7404,41.106,5.768750000000001,-3.5254201575392843
2.7404,41.106,5.7718750000000005,-3.5351309999634655
2.7404,41.106,5.775,-3.57401806177453
2.7404,41.106,5.778125,-3.6346172652865683
2.7404,41.106,5.78125,-3.71774633469179
2.7404,41.106,5.784375000000001,-3.808112489010216
2.7404,41.106,5.7875000000000005,-3.9187234050761073
2.7404,41.106,5.790625,-4.030435901137192
2.7404,41.106,5.79375,-4.14785716333863
2.7404,41.106,5.796875,-4.265865933829044
2.7404,41.106,5.800000000000001,-4.361709118982628
2.7404,41.106,5.8031250000000005,-4.463731590714651
2.7404,41.106,5.80625,-4.523458904420014
2.7404,41.106,5.809375,-4.568852101704235
2.7404,41.106,5.8125,-4.583205123676764
2.7404,41.106,5.815625000000001,-4.560951955061435
2.7404,41.106,5.8187500000000005,-4.504794630068007
2.7404,41.106,5.821875,-4.424499771049552
2.7404,41.106,5.825,-4.315520918885312
2.7404,41.106,5.828125,-4.195507682518959
2.7404,41.106,5.831250000000001,-4.055370560809477
2.7404,41.106,5.8343750000000005,-3.921736756789559
2.7404,41.106,5.8375,-3.786621770148928
2.7404,41.106,5.840625,-3.6678205073688814
2.7404,41.106,5.84375,-3.5659176436383726
2.7404,41.106,5.846875000000001,-3.480666666134779
2.7404,41.106,5.8500000000000005,-3.4183906577626026
2.7404,41.106,5.853125,-3.378408482905959
2.7404,41.106,5.85625,-3.362076382466659
2.7404,41.106,5.859375,-3.375952972725213
2.7404,41.106,5.862500000000001,-3.4104312050090364
2.7404,41.106,5.8656250000000005,-3.4636838981907774
2.7404,41.106,5.86875,-3.540358797432436
2.7404,41.106,5.871875,-3.6309259431105017
2.7404,41.106,5.875,-3.7252381066311906
2.7404,41.106,5.878125000000001,-3.8171609175901344
2.7404,41.106,5.8812500000000005,-3.9160025349254997
2.7404,41.106,5.884375,-4.021027468577434
2.7404,41.106,5.8875,-4.11825775165083
2.7404,41.106,5.890625,-4.207218343880197
2.7404,41.106,5.893750000000001,-4.265793967030248
2.7404,41.106,5.8968750000000005,-4.311234327692414
2.7404,41.106,5.9,-4.315316852438303
2.7404,41.106,5.903125,-4.291784326613824
2.7404,41.106,5.90625,-4.228242418757554
2.7404,41.106,5.909375000000001,-4.126349856477123
2.7404,41.106,5.9125000000000005,-4.004658916001615
2.7404,41.106,5.915625,-3.850307460357307
2.7404,41.106,5.91875,-3.6840157140444756
2.7404,41.106,5.921875,-3.5084494175492513
2.7404,41.106,5.925000000000001,-3.3362749879237983
2.7404,41.106,5.9281250000000005,-3.176405625021994
2.7404,41.106,5.93125,-3.0341024208691794
2.7404,41.106,5.934375,-2.907405570653423
2.7404,41.106,5.9375,-2.8135744952666313
2.7404,41.106,5.940625000000001,-2.7484825386554808
2.7404,41.106,5.9437500000000005,-2.7067472411460503
2.7404,41.106,5.946875,-2.6958073226108237
2.7404,41.106,5.95,-2.7104516919623927
2.7404,41.106,5.953125,-2.74786110616534
2.7404,41.106,5.956250000000001,-2.8066540657793064
2.7404,41.106,5.9593750000000005,-2.889631693973045
2.7404,41.106,5.9625,-2.9911103761131037
2.7404,41.106,5.965625,-3.0986473340943945
2.7404,41.106,5.96875,-3.223143692226049
2.7404,41.106,5.971875000000001,-3.3552478143648656
2.7404,41.106,5.9750000000000005,-3.4891410232793527
2.7404,41.106,5.978125,-3.621538019671476
2.7404,41.106,5.98125,-3.744446911696981
2.7404,41.106,5.984375,-3.851316929644079
2.7404,41.106,5.987500000000001,-3.925140118499199
2.7404,41.106,5.9906250000000005,-3.980966947890161
2.7404,41.106,5.99375,-4.007824337236676
2.7404,41.106,5.996875,-4.010026473280019
2.7404,41.106,6,-3.9891849772013623
