"Current","Field","Frequency","Spectra"
4.3111,64.666,1,-1.434820407877666
4.3111,64.666,1.003125,-1.3913443669418575
4.3111,64.666,1.00625,-1.3556473599454146
4.3111,64.666,1.0093750000000001,-1.3317197239768561
4.3111,64.666,1.0125,-1.320363193456684
4.3111,64.666,1.015625,-1.3208711493636138
4.3111,64.666,1.01875,-1.3361760065952064
4.3111,64.666,1.021875,-1.356479066762521
4.3111,64.666,1.0250000000000001,-1.395969759450988
4.3111,64.666,1.028125,-1.4459166213524957
4.3111,64.666,1.03125,-1.5034081401338362
4.3111,64.666,1.034375,-1.5685417665609176
4.3111,64.666,1.0375,-1.639345992581844
4.3111,64.666,1.0406250000000001,-1.7091159978022288
4.3111,64.666,1.04375,-1.776725028732945
4.3111,64.666,1.046875,-1.8433198269572322
4.3111,64.666,1.05,-1.9100395369375809
4.3111,64.666,1.053125,-1.9618174523440235
4.3111,64.666,1.0562500000000001,-2.0073325054317097
4.3111,64.666,1.059375,-2.0445372368224843
4.3111,64.666,1.0625,-2.070973673737048
4.3111,64.666,1.065625,-2.08361989093611
4.3111,64.666,1.06875,-2.0920084032911066
4.3111,64.666,1.0718750000000001,-2.083084859357872
4.3111,64.666,1.0750000000000002,-2.0675952715787345
4.3111,64.666,1.078125,-2.0394411984687086
4.3111,64.666,1.08125,-2.0016926874461536
4.3111,64.666,1.084375,-1.9530392981854052
4.3111,64.666,1.0875000000000001,-1.8982279154480308
4.3111,64.666,1.0906250000000002,-1.8382399362915263
4.3111,64.666,1.09375,-1.7875035134002752
4.3111,64.666,1.096875,-1.722685175968879
4.3111,64.666,1.1,-1.6722187705506
4.3111,64.666,1.1031250000000001,-1.6260467678370183
4.3111,64.666,1.1062500000000002,-1.5775381510883681
4.3111,64.666,1.109375,-1.5447852719190265
4.3111,64.666,1.1125,-1.5244558644374773
4.3111,64.666,1.115625,-1.5175813257319701
4.3111,64.666,1.1187500000000001,-1.525543637158606
4.3111,64.666,1.1218750000000002,-1.5437798599940147
4.3111,64.666,1.125,-1.56529426871561
4.3111,64.666,1.128125,-1.6018463333728175
4.3111,64.666,1.13125,-1.6389244624151222
4.3111,64.666,1.1343750000000001,-1.6793770781839215
4.3111,64.666,1.1375000000000002,-1.7216531056007167
4.3111,64.666,1.140625,-1.7585565648436199
4.3111,64.666,1.14375,-1.7838824072590485
4.3111,64.666,1.146875,-1.8094984825023444
4.3111,64.666,1.1500000000000001,-1.8216077272575524
4.3111,64.666,1.1531250000000002,-1.8284877127671835
4.3111,64.666,1.15625,-1.8211406810083015
4.3111,64.666,1.159375,-1.8093525008652114
4.3111,64.666,1.1625,-1.7863478328075586
4.3111,64.666,1.1656250000000001,-1.7589480741579906
4.3111,64.666,1.1687500000000002,-1.729009014542115
4.3111,64.666,1.171875,-1.6938038426711528
4.3111,64.666,1.175,-1.6536923716148886
4.3111,64.666,1.178125,-1.6128319664575477
4.3111,64.666,1.1812500000000001,-1.5719058608995957
4.3111,64.666,1.1843750000000002,-1.5349608624702669
4.3111,64.666,1.1875,-1.4981088956038866
4.3111,64.666,1.190625,-1.4686532948541862
4.3111,64.666,1.19375,-1.449201577907573
4.3111,64.666,1.1968750000000001,-1.4348838160493094
4.3111,64.666,1.2000000000000002,-1.4327935288916216
4.3111,64.666,1.203125,-1.4431647793813704
4.3111,64.666,1.20625,-1.4640356042337588
4.3111,64.666,1.209375,-1.5001995965465396
4.3111,64.666,1.2125000000000001,-1.5475904687474376
4.3111,64.666,1.2156250000000002,-1.603748543934229
4.3111,64.666,1.21875,-1.6656713549542976
4.3111,64.666,1.221875,-1.7349972611805953
4.3111,64.666,1.225,-1.8103952245917034
4.3111,64.666,1.2281250000000001,-1.8878933186377334
4.3111,64.666,1.2312500000000002,-1.958661240491821
4.3111,64.666,1.234375,-2.0204437305983713
4.3111,64.666,1.2375,-2.0733168517022054
4.3111,64.666,1.240625,-2.1171316398065145
4.3111,64.666,1.2437500000000001,-2.1575468555613084
4.3111,64.666,1.2468750000000002,-2.1835880710121405
4.3111,64.666,1.25,-2.19524650898833
4.3111,64.666,1.253125,-2.187746409144821
4.3111,64.666,1.25625,-2.158673734612177
4.3111,64.666,1.2593750000000001,-2.121894744230558
4.3111,64.666,1.2625000000000002,-2.0882012665090564
4.3111,64.666,1.265625,-2.0455066715994223
4.3111,64.666,1.26875,-1.9973715150816118
4.3111,64.666,1.271875,-1.9362589561258978
4.3111,64.666,1.2750000000000001,-1.87500585781708
4.3111,64.666,1.2781250000000002,-1.8128812364370557
4.3111,64.666,1.28125,-1.75844601930882
4.3111,64.666,1.284375,-1.7180971080047869
4.3111,64.666,1.2875,-1.6843898436816493
4.3111,64.666,1.2906250000000001,-1.6538550431800823
4.3111,64.666,1.2937500000000002,-1.6386977146689488
4.3111,64.666,1.296875,-1.637948581937638
4.3111,64.666,1.3,-1.643577836759647
4.3111,64.666,1.303125,-1.6734982393292575
4.3111,64.666,1.3062500000000001,-1.7076347079183236
4.3111,64.666,1.3093750000000002,-1.7492809543517207
4.3111,64.666,1.3125,-1.8000143174996857
4.3111,64.666,1.315625,-1.85610140585423
4.3111,64.666,1.31875,-1.9086218584772365
4.3111,64.666,1.3218750000000001,-1.9582692529447565
4.3111,64.666,1.3250000000000002,-2.0000188966595416
4.3111,64.666,1.328125,-2.0361485002373962
4.3111,64.666,1.33125,-2.060343830369858
4.3111,64.666,1.334375,-2.074938234889328
4.3111,64.666,1.3375000000000001,-2.0795380845328646
4.3111,64.666,1.3406250000000002,-2.0757422689978995
4.3111,64.666,1.34375,-2.0598161508353092
4.3111,64.666,1.346875,-2.0347874798030703
4.3111,64.666,1.35,-2.0007784883872146
4.3111,64.666,1.3531250000000001,-1.9600309936983498
4.3111,64.666,1.3562500000000002,-1.9156027457038558
4.3111,64.666,1.359375,-1.8661370640734196
4.3111,64.666,1.3625,-1.8093358906611277
4.3111,64.666,1.365625,-1.7560630418982701
4.3111,64.666,1.3687500000000001,-1.7014981112901437
4.3111,64.666,1.3718750000000002,-1.6524460614532313
4.3111,64.666,1.375,-1.60929264912124
4.3111,64.666,1.378125,-1.5740204647028635
4.3111,64.666,1.38125,-1.547953245740987
4.3111,64.666,1.3843750000000001,-1.5324905593106732
4.3111,64.666,1.3875000000000002,-1.5290811984303754
4.3111,64.666,1.390625,-1.539986610274372
4.3111,64.666,1.39375,-1.571241634945614
4.3111,64.666,1.396875,-1.614854201514568
4.3111,64.666,1.4000000000000001,-1.6741082218289114
4.3111,64.666,1.4031250000000002,-1.734339240664228
4.3111,64.666,1.40625,-1.8031897432427981
4.3111,64.666,1.409375,-1.8795457778651226
4.3111,64.666,1.4125,-1.9592672042664463
4.3111,64.666,1.4156250000000001,-2.035628220944385
4.3111,64.666,1.4187500000000002,-2.1061824583792697
4.3111,64.666,1.421875,-2.1641156321613044
4.3111,64.666,1.425,-2.213874252849411
4.3111,64.666,1.428125,-2.248052843371919
4.3111,64.666,1.4312500000000001,-2.27297922110165
4.3111,64.666,1.4343750000000002,-2.2841428315052106
4.3111,64.666,1.4375,-2.2806177910029892
4.3111,64.666,1.440625,-2.270635943957216
4.3111,64.666,1.44375,-2.248102029325121
4.3111,64.666,1.4468750000000001,-2.2167899900348162
4.3111,64.666,1.4500000000000002,-2.177679456391125
4.3111,64.666,1.453125,-2.1346445806283194
4.3111,64.666,1.45625,-2.088711825727636
4.3111,64.666,1.459375,-2.0379923239821576
4.3111,64.666,1.4625000000000001,-1.9942897030567281
4.3111,64.666,1.4656250000000002,-1.951438201944255
4.3111,64.666,1.46875,-1.9109946438950098
4.3111,64.666,1.471875,-1.8767005523833966
4.3111,64.666,1.475,-1.8536664941563352
4.3111,64.666,1.4781250000000001,-1.8367001926637165
4.3111,64.666,1.4812500000000002,-1.8320290428474144
4.3111,64.666,1.484375,-1.8349006809620152
4.3111,64.666,1.4875,-1.8545111000000163
4.3111,64.666,1.490625,-1.8784463524115325
4.3111,64.666,1.4937500000000001,-1.9169685916817691
4.3111,64.666,1.4968750000000002,-1.9617236436564933
4.3111,64.666,1.5,-2.0111537643423874
4.3111,64.666,1.503125,-2.064836339885314
4.3111,64.666,1.50625,-2.116254741969436
4.3111,64.666,1.5093750000000001,-2.1701688390501235
4.3111,64.666,1.5125000000000002,-2.2142934483281165
4.3111,64.666,1.515625,-2.253606509416873
4.3111,64.666,1.51875,-2.287058133477252
4.3111,64.666,1.521875,-2.30345155132944
4.3111,64.666,1.5250000000000001,-2.3061716812608797
4.3111,64.666,1.5281250000000002,-2.2997791539222834
4.3111,64.666,1.53125,-2.277186007038642
4.3111,64.666,1.534375,-2.2496185294322557
4.3111,64.666,1.5375,-2.2112710489126517
4.3111,64.666,1.5406250000000001,-2.162792068928291
4.3111,64.666,1.5437500000000002,-2.1100914582740424
4.3111,64.666,1.546875,-2.0483695051480866
4.3111,64.666,1.55,-1.9875978061021196
4.3111,64.666,1.553125,-1.928150005474055
4.3111,64.666,1.5562500000000001,-1.873199106465024
4.3111,64.666,1.5593750000000002,-1.8251880386718082
4.3111,64.666,1.5625,-1.7806866971921764
4.3111,64.666,1.565625,-1.7502861506766405
4.3111,64.666,1.56875,-1.7311397403787898
4.3111,64.666,1.5718750000000001,-1.727560679073412
4.3111,64.666,1.5750000000000002,-1.7362181581821334
4.3111,64.666,1.578125,-1.761234671960981
4.3111,64.666,1.58125,-1.791170205202176
4.3111,64.666,1.584375,-1.8355169656231989
4.3111,64.666,1.5875000000000001,-1.8911957555139145
4.3111,64.666,1.5906250000000002,-1.9514339229242004
4.3111,64.666,1.59375,-2.014052514517542
4.3111,64.666,1.596875,-2.0776566670460044
4.3111,64.666,1.6,-2.1394724675276713
4.3111,64.666,1.6031250000000001,-2.1924378690201007
4.3111,64.666,1.6062500000000002,-2.2375148804393623
4.3111,64.666,1.609375,-2.279611382446686
4.3111,64.666,1.6125,-2.309679552334659
4.3111,64.666,1.615625,-2.330895953056769
4.3111,64.666,1.6187500000000001,-2.3419546163474427
4.3111,64.666,1.6218750000000002,-2.3428138134395686
4.3111,64.666,1.625,-2.3332196891786428
4.3111,64.666,1.628125,-2.3163566823041783
4.3111,64.666,1.63125,-2.293766645445464
4.3111,64.666,1.6343750000000001,-2.263998731270054
4.3111,64.666,1.6375000000000002,-2.2306286043708337
4.3111,64.666,1.640625,-2.191789457206372
4.3111,64.666,1.64375,-2.154022607706244
4.3111,64.666,1.646875,-2.1152439789934174
4.3111,64.666,1.6500000000000001,-2.0788109845496283
4.3111,64.666,1.6531250000000002,-2.0520008682592596
4.3111,64.666,1.65625,-2.034525240455243
4.3111,64.666,1.659375,-2.0267713841419916
4.3111,64.666,1.6625,-2.031493142545279
4.3111,64.666,1.6656250000000001,-2.033332457502925
4.3111,64.666,1.6687500000000002,-2.0434548410823714
4.3111,64.666,1.671875,-2.0699317880323647
4.3111,64.666,1.675,-2.1082759439575414
4.3111,64.666,1.678125,-2.154253527946954
4.3111,64.666,1.6812500000000001,-2.2049328859966995
4.3111,64.666,1.6843750000000002,-2.2605232039957484
4.3111,64.666,1.6875,-2.316188494875952
4.3111,64.666,1.690625,-2.364718382188773
4.3111,64.666,1.69375,-2.4048772972685466
4.3111,64.666,1.6968750000000001,-2.4374765121180446
4.3111,64.666,1.7000000000000002,-2.458212404849514
4.3111,64.666,1.703125,-2.471803207739078
4.3111,64.666,1.70625,-2.4707488090565626
4.3111,64.666,1.709375,-2.4636774209446415
4.3111,64.666,1.7125000000000001,-2.4456854712039195
4.3111,64.666,1.7156250000000002,-2.4189822495599254
4.3111,64.666,1.71875,-2.383922386531724
4.3111,64.666,1.721875,-2.3446579381687402
4.3111,64.666,1.725,-2.298958963212706
4.3111,64.666,1.7281250000000001,-2.2466799337582413
4.3111,64.666,1.7312500000000002,-2.199520928154903
4.3111,64.666,1.734375,-2.1478271608281836
4.3111,64.666,1.7375,-2.0996444543150004
4.3111,64.666,1.740625,-2.055601830726434
4.3111,64.666,1.7437500000000001,-2.0162685994997256
4.3111,64.666,1.7468750000000002,-1.9813559825315248
4.3111,64.666,1.75,-1.9535562989525612
4.3111,64.666,1.753125,-1.9363241269926599
4.3111,64.666,1.75625,-1.9316900875992262
4.3111,64.666,1.7593750000000001,-1.9429537525096707
4.3111,64.666,1.7625000000000002,-1.9614743964357564
4.3111,64.666,1.765625,-1.9979058793441458
4.3111,64.666,1.76875,-2.039753002253225
4.3111,64.666,1.771875,-2.090177310733133
4.3111,64.666,1.7750000000000001,-2.147313578049195
4.3111,64.666,1.7781250000000002,-2.2063125092280265
4.3111,64.666,1.78125,-2.266088765192128
4.3111,64.666,1.784375,-2.324809558464744
4.3111,64.666,1.7875,-2.3737215270400465
4.3111,64.666,1.7906250000000001,-2.4134224250285605
4.3111,64.666,1.7937500000000002,-2.4406226019976835
4.3111,64.666,1.7968750000000002,-2.4601508281671434
4.3111,64.666,1.8,-2.4641657056525874
4.3111,64.666,1.803125,-2.453450712716651
4.3111,64.666,1.8062500000000001,-2.4339757776261894
4.3111,64.666,1.8093750000000002,-2.4095894839932095
4.3111,64.666,1.8125000000000002,-2.3756722292079577
4.3111,64.666,1.815625,-2.3364847556573864
4.3111,64.666,1.81875,-2.2919943214330027
4.3111,64.666,1.8218750000000001,-2.250374209949346
4.3111,64.666,1.8250000000000002,-2.2076373962501856
4.3111,64.666,1.8281250000000002,-2.167490722034324
4.3111,64.666,1.83125,-2.133785701735717
4.3111,64.666,1.834375,-2.1065169380984647
4.3111,64.666,1.8375000000000001,-2.087532846633388
4.3111,64.666,1.8406250000000002,-2.078085961931155
4.3111,64.666,1.8437500000000002,-2.086014090747762
4.3111,64.666,1.846875,-2.1018545099547414
4.3111,64.666,1.85,-2.124937744542178
4.3111,64.666,1.8531250000000001,-2.1637466910826437
4.3111,64.666,1.8562500000000002,-2.2096714309667136
4.3111,64.666,1.8593750000000002,-2.2659000978282076
4.3111,64.666,1.8625,-2.3298706346317957
4.3111,64.666,1.865625,-2.396453344444028
4.3111,64.666,1.8687500000000001,-2.459812963978574
4.3111,64.666,1.8718750000000002,-2.5245411431033626
4.3111,64.666,1.8750000000000002,-2.582149611412094
4.3111,64.666,1.878125,-2.631652491991661
4.3111,64.666,1.88125,-2.668398931843651
4.3111,64.666,1.8843750000000001,-2.6961178166434645
4.3111,64.666,1.8875000000000002,-2.712531897317999
4.3111,64.666,1.8906250000000002,-2.7147477388897623
4.3111,64.666,1.89375,-2.7024374095695833
4.3111,64.666,1.896875,-2.675926042546111
4.3111,64.666,1.9000000000000001,-2.636409117468128
4.3111,64.666,1.9031250000000002,-2.590030720191784
4.3111,64.666,1.9062500000000002,-2.5336732215634856
4.3111,64.666,1.909375,-2.476459124304765
4.3111,64.666,1.9125,-2.408344500998341
4.3111,64.666,1.9156250000000001,-2.3403894487392196
4.3111,64.666,1.9187500000000002,-2.270566115146854
4.3111,64.666,1.9218750000000002,-2.205940256733838
4.3111,64.666,1.925,-2.1494157910668035
4.3111,64.666,1.928125,-2.095410758644919
4.3111,64.666,1.9312500000000001,-2.0558681249172883
4.3111,64.666,1.9343750000000002,-2.0304218023435365
4.3111,64.666,1.9375000000000002,-2.014255261788535
4.3111,64.666,1.940625,-2.0129133104009567
4.3111,64.666,1.94375,-2.030077304639847
4.3111,64.666,1.9468750000000001,-2.0566099096776407
4.3111,64.666,1.9500000000000002,-2.098626390572087
4.3111,64.666,1.9531250000000002,-2.148898728822965
4.3111,64.666,1.95625,-2.2096611183851085
4.3111,64.666,1.959375,-2.2758812222082625
4.3111,64.666,1.9625000000000001,-2.337744454255613
4.3111,64.666,1.9656250000000002,-2.401801052528056
4.3111,64.666,1.9687500000000002,-2.456560762704306
4.3111,64.666,1.971875,-2.504420394230902
4.3111,64.666,1.975,-2.5403472574881967
4.3111,64.666,1.9781250000000001,-2.5649894134848026
4.3111,64.666,1.9812500000000002,-2.5790642357320284
4.3111,64.666,1.9843750000000002,-2.5775029127454685
4.3111,64.666,1.9875,-2.5676445832302104
4.3111,64.666,1.990625,-2.545973371370841
4.3111,64.666,1.9937500000000001,-2.5122845260322118
4.3111,64.666,1.9968750000000002,-2.4705128493903143
4.3111,64.666,2,-2.425029331510073
4.3111,64.666,2.0031250000000003,-2.3751181588601105
4.3111,64.666,2.00625,-2.3215761840042113
4.3111,64.666,2.009375,-2.2691193741103763
4.3111,64.666,2.0125,-2.2216250560218427
4.3111,64.666,2.015625,-2.177815919837301
4.3111,64.666,2.0187500000000003,-2.1380884221725074
4.3111,64.666,2.021875,-2.1146504690717767
4.3111,64.666,2.025,-2.09978286155497
4.3111,64.666,2.028125,-2.1015112525165853
4.3111,64.666,2.03125,-2.1177976023346465
4.3111,64.666,2.0343750000000003,-2.15457366739868
4.3111,64.666,2.0375,-2.205590291918335
4.3111,64.666,2.040625,-2.2685591461308845
4.3111,64.666,2.04375,-2.3368880078031857
4.3111,64.666,2.046875,-2.416189347572962
4.3111,64.666,2.0500000000000003,-2.4989256058143052
4.3111,64.666,2.053125,-2.5783331564234917
4.3111,64.666,2.05625,-2.653706187457698
4.3111,64.666,2.059375,-2.7211224900108677
4.3111,64.666,2.0625,-2.7744753595389353
4.3111,64.666,2.0656250000000003,-2.812717895400981
4.3111,64.666,2.06875,-2.837210965249975
4.3111,64.666,2.071875,-2.846638126363886
4.3111,64.666,2.075,-2.8388761104988385
4.3111,64.666,2.078125,-2.818988311929147
4.3111,64.666,2.0812500000000003,-2.786006454029099
4.3111,64.666,2.084375,-2.740945523285145
4.3111,64.666,2.0875,-2.688358980163226
4.3111,64.666,2.090625,-2.6282015524059297
4.3111,64.666,2.09375,-2.563247450736611
4.3111,64.666,2.0968750000000003,-2.492472729982149
4.3111,64.666,2.1,-2.4257526768489064
4.3111,64.666,2.103125,-2.3574359066037784
4.3111,64.666,2.10625,-2.2973416601778878
4.3111,64.666,2.109375,-2.2415996972344616
4.3111,64.666,2.1125000000000003,-2.1937562292361585
4.3111,64.666,2.115625,-2.151753385095296
4.3111,64.666,2.11875,-2.122804158374942
4.3111,64.666,2.121875,-2.10723365506616
4.3111,64.666,2.125,-2.1102249580600354
4.3111,64.666,2.1281250000000003,-2.12682941972505
4.3111,64.666,2.13125,-2.161429442659857
4.3111,64.666,2.134375,-2.20932102614074
4.3111,64.666,2.1375,-2.271948852121854
4.3111,64.666,2.140625,-2.3433704993887945
4.3111,64.666,2.1437500000000003,-2.415663234815892
4.3111,64.666,2.146875,-2.493471903966223
4.3111,64.666,2.1500000000000004,-2.5687648645269876
4.3111,64.666,2.153125,-2.6322099778483317
4.3111,64.666,2.15625,-2.6872618629961553
4.3111,64.666,2.1593750000000003,-2.72924839597707
4.3111,64.666,2.1625,-2.751601542653759
4.3111,64.666,2.1656250000000004,-2.7554044278625693
4.3111,64.666,2.16875,-2.743261214103016
4.3111,64.666,2.171875,-2.7157497857543147
4.3111,64.666,2.1750000000000003,-2.67321193645337
4.3111,64.666,2.178125,-2.6174671479159475
4.3111,64.666,2.1812500000000004,-2.5555246862509056
4.3111,64.666,2.184375,-2.484678673529116
4.3111,64.666,2.1875,-2.4133849804714202
4.3111,64.666,2.1906250000000003,-2.3431861894739776
4.3111,64.666,2.19375,-2.2731054992498376
4.3111,64.666,2.1968750000000004,-2.2092568890172295
4.3111,64.666,2.2,-2.155005812894558
4.3111,64.666,2.203125,-2.1163349742274757
4.3111,64.666,2.2062500000000003,-2.088935934214762
4.3111,64.666,2.209375,-2.0767759554446057
4.3111,64.666,2.2125000000000004,-2.0790432157813306
4.3111,64.666,2.215625,-2.098540269514903
4.3111,64.666,2.21875,-2.137950525032347
4.3111,64.666,2.2218750000000003,-2.1920753685322367
4.3111,64.666,2.225,-2.2604651397892446
4.3111,64.666,2.2281250000000004,-2.345736905272421
4.3111,64.666,2.23125,-2.4346147447569093
4.3111,64.666,2.234375,-2.5285013573219537
4.3111,64.666,2.2375000000000003,-2.6262694813655703
4.3111,64.666,2.240625,-2.7202091082661277
4.3111,64.666,2.2437500000000004,-2.804623700550139
4.3111,64.666,2.246875,-2.8815272064767457
4.3111,64.666,2.25,-2.9507290223324296
4.3111,64.666,2.2531250000000003,-3.00210592830467
4.3111,64.666,2.25625,-3.0380761762420687
4.3111,64.666,2.2593750000000004,-3.062026566958318
4.3111,64.666,2.2625,-3.0668687415088156
4.3111,64.666,2.265625,-3.0595089505955224
4.3111,64.666,2.2687500000000003,-3.0381725931924892
4.3111,64.666,2.271875,-3.007882057930284
4.3111,64.666,2.2750000000000004,-2.9722802542735742
4.3111,64.666,2.278125,-2.926108998822337
4.3111,64.666,2.28125,-2.879745894484003
4.3111,64.666,2.2843750000000003,-2.833426570026943
4.3111,64.666,2.2875,-2.787910137337899
4.3111,64.666,2.2906250000000004,-2.746301518318927
4.3111,64.666,2.29375,-2.716579581424981
4.3111,64.666,2.296875,-2.696679997446139
4.3111,64.666,2.3000000000000003,-2.6917375066955036
4.3111,64.666,2.303125,-2.7024130443457084
4.3111,64.666,2.3062500000000004,-2.7324467239952606
4.3111,64.666,2.309375,-2.7754116254866705
4.3111,64.666,2.3125,-2.840021256988469
4.3111,64.666,2.3156250000000003,-2.9213521315605364
4.3111,64.666,2.31875,-3.0140337770104626
4.3111,64.666,2.3218750000000004,-3.122728438311161
4.3111,64.666,2.325,-3.237669968641434
4.3111,64.666,2.328125,-3.357182610917251
4.3111,64.666,2.3312500000000003,-3.4751725508856257
4.3111,64.666,2.334375,-3.59143803461806
4.3111,64.666,2.3375000000000004,-3.688794625626299
4.3111,64.666,2.340625,-3.7765562983813057
4.3111,64.666,2.34375,-3.8461506800746577
4.3111,64.666,2.3468750000000003,-3.9004851291893945
4.3111,64.666,2.35,-3.9368537038734774
4.3111,64.666,2.3531250000000004,-3.9547437100246254
4.3111,64.666,2.35625,-3.954728842717616
4.3111,64.666,2.359375,-3.9399068514894853
4.3111,64.666,2.3625000000000003,-3.914682169040998
4.3111,64.666,2.365625,-3.875470884255354
4.3111,64.666,2.3687500000000004,-3.824923832221727
4.3111,64.666,2.371875,-3.7701638524877468
4.3111,64.666,2.375,-3.704065860042889
4.3111,64.666,2.3781250000000003,-3.634660624115702
4.3111,64.666,2.38125,-3.5627580033473776
4.3111,64.666,2.3843750000000004,-3.4893463240851395
4.3111,64.666,2.3875,-3.414588224032255
4.3111,64.666,2.390625,-3.3455648994862663
4.3111,64.666,2.3937500000000003,-3.283936647563622
4.3111,64.666,2.396875,-3.2364058380011302
4.3111,64.666,2.4000000000000004,-3.199293536339953
4.3111,64.666,2.403125,-3.1802544719907315
4.3111,64.666,2.40625,-3.1798553534217278
4.3111,64.666,2.4093750000000003,-3.2035991704901896
4.3111,64.666,2.4125,-3.244981883241043
4.3111,64.666,2.4156250000000004,-3.304396139330075
4.3111,64.666,2.41875,-3.3898189942458146
4.3111,64.666,2.421875,-3.5002922179389895
4.3111,64.666,2.4250000000000003,-3.6610114788967367
4.3111,64.666,2.428125,-3.9531096330894435
4.3111,64.666,2.4312500000000004,-4.597796466847536
4.3111,64.666,2.434375,-5.020274820561581
4.3111,64.666,2.4375,-4.322041286895381
4.3111,64.666,2.4406250000000003,-4.003967914042113
4.3111,64.666,2.44375,-3.879721827926967
4.3111,64.666,2.4468750000000004,-3.80920388347537
4.3111,64.666,2.45,-3.749735974930814
4.3111,64.666,2.453125,-3.6817787737822973
4.3111,64.666,2.4562500000000003,-3.6079932276392714
4.3111,64.666,2.459375,-3.526989108014579
4.3111,64.666,2.4625000000000004,-3.4371763455661823
4.3111,64.666,2.465625,-3.3416099827083343
4.3111,64.666,2.46875,-3.2466901700959276
4.3111,64.666,2.4718750000000003,-3.154552842843911
4.3111,64.666,2.475,-3.067229337931651
4.3111,64.666,2.4781250000000004,-2.9851414378010195
4.3111,64.666,2.48125,-2.912857868751995
4.3111,64.666,2.484375,-2.8497369758636646
4.3111,64.666,2.4875000000000003,-2.800156969996724
4.3111,64.666,2.490625,-2.7635716016137373
4.3111,64.666,2.4937500000000004,-2.7441680175967544
4.3111,64.666,2.496875,-2.741633635444966
4.3111,64.666,2.5,-2.7550427289521533
4.3111,64.666,2.5031250000000003,-2.7815563587517826
4.3111,64.666,2.50625,-2.8254499333348946
4.3111,64.666,2.5093750000000004,-2.8790885853207704
4.3111,64.666,2.5125,-2.9451122940482826
4.3111,64.666,2.515625,-3.016966675467611
4.3111,64.666,2.5187500000000003,-3.094234991626767
4.3111,64.666,2.521875,-3.169702118419997
4.3111,64.666,2.5250000000000004,-3.2380931293374253
4.3111,64.666,2.528125,-3.3019756561445153
4.3111,64.666,2.53125,-3.3526564951107107
4.3111,64.666,2.5343750000000003,-3.3864498930333364
4.3111,64.666,2.5375,-3.4060389970940164
4.3111,64.666,2.5406250000000004,-3.403193163745262
4.3111,64.666,2.54375,-3.38737132280973
4.3111,64.666,2.546875,-3.353523686322639
4.3111,64.666,2.5500000000000003,-3.306152951813728
4.3111,64.666,2.553125,-3.243938375031189
4.3111,64.666,2.5562500000000004,-3.1683228404522485
4.3111,64.666,2.559375,-3.0845850524246905
4.3111,64.666,2.5625,-2.995519197736485
4.3111,64.666,2.5656250000000003,-2.9042192936418756
4.3111,64.666,2.56875,-2.8166950537161672
4.3111,64.666,2.5718750000000004,-2.735531978033962
4.3111,64.666,2.575,-2.6701491264368404
4.3111,64.666,2.578125,-2.611866324391659
4.3111,64.666,2.5812500000000003,-2.573238242899279
4.3111,64.666,2.584375,-2.553576438729735
4.3111,64.666,2.5875000000000004,-2.554390897030397
4.3111,64.666,2.590625,-2.57459713288724
4.3111,64.666,2.59375,-2.6129587813189254
4.3111,64.666,2.5968750000000003,-2.673507285414527
4.3111,64.666,2.6,-2.749846547883921
4.3111,64.666,2.6031250000000004,-2.8334334134625676
4.3111,64.666,2.60625,-2.9215805300546323
4.3111,64.666,2.609375,-3.016250057355196
4.3111,64.666,2.6125000000000003,-3.098804394543638
4.3111,64.666,2.615625,-3.175782340483579
4.3111,64.666,2.6187500000000004,-3.24059792821405
4.3111,64.666,2.621875,-3.2930045154281213
4.3111,64.666,2.625,-3.3317483421717418
4.3111,64.666,2.6281250000000003,-3.351363984191758
4.3111,64.666,2.63125,-3.355639025985164
4.3111,64.666,2.6343750000000004,-3.3459634203509
4.3111,64.666,2.6375,-3.3197187807661104
4.3111,64.666,2.640625,-3.281809666355049
4.3111,64.666,2.6437500000000003,-3.2367624285232868
4.3111,64.666,2.646875,-3.183167268157037
4.3111,64.666,2.6500000000000004,-3.12105939121135
4.3111,64.666,2.653125,-3.060172777464782
4.3111,64.666,2.65625,-2.995773915638131
4.3111,64.666,2.6593750000000003,-2.9310712735353226
4.3111,64.666,2.6625,-2.8704377823083114
4.3111,64.666,2.6656250000000004,-2.815463781425204
4.3111,64.666,2.66875,-2.7678246720380106
4.3111,64.666,2.671875,-2.7319034760624734
4.3111,64.666,2.6750000000000003,-2.711885798575102
4.3111,64.666,2.678125,-2.704325008563938
4.3111,64.666,2.6812500000000004,-2.715639634650155
4.3111,64.666,2.684375,-2.7382798715549326
4.3111,64.666,2.6875,-2.775353857040039
4.3111,64.666,2.6906250000000003,-2.826548188887977
4.3111,64.666,2.69375,-2.8951732974993902
4.3111,64.666,2.6968750000000004,-2.9677802221561937
4.3111,64.666,2.7,-3.0489321687924686
4.3111,64.666,2.703125,-3.1281814911069485
4.3111,64.666,2.7062500000000003,-3.2054552581658498
4.3111,64.666,2.709375,-3.277597811142354
4.3111,64.666,2.7125000000000004,-3.3397433796613916
4.3111,64.666,2.715625,-3.38242297672994
4.3111,64.666,2.71875,-3.4188373294429346
4.3111,64.666,2.7218750000000003,-3.4399110466121954
4.3111,64.666,2.725,-3.451633928884765
4.3111,64.666,2.7281250000000004,-3.44520476946885
4.3111,64.666,2.73125,-3.4396632239417806
4.3111,64.666,2.734375,-3.4250866604154955
4.3111,64.666,2.7375000000000003,-3.39494138437881
4.3111,64.666,2.740625,-3.3238369491464943
4.3111,64.666,2.7437500000000004,-3.296318541140556
4.3111,64.666,2.746875,-3.279441456772026
4.3111,64.666,2.75,-3.236595707951632
4.3111,64.666,2.7531250000000003,-3.163953665384243
4.3111,64.666,2.75625,-3.084306036499473
4.3111,64.666,2.7593750000000004,-3.022159633233193
4.3111,64.666,2.7625,-2.9841210040760844
4.3111,64.666,2.765625,-2.963680085872043
4.3111,64.666,2.7687500000000003,-2.9590709910070956
4.3111,64.666,2.771875,-2.975430044973439
4.3111,64.666,2.7750000000000004,-3.0088904217290557
4.3111,64.666,2.778125,-3.0573807334683716
4.3111,64.666,2.78125,-3.1206572176760377
4.3111,64.666,2.7843750000000003,-3.1944070932193473
4.3111,64.666,2.7875,-3.282521430560792
4.3111,64.666,2.7906250000000004,-3.378472311708411
4.3111,64.666,2.79375,-3.4695124765933305
4.3111,64.666,2.796875,-3.564289789789198
4.3111,64.666,2.8000000000000003,-3.650428487430886
4.3111,64.666,2.803125,-3.7266441534244676
4.3111,64.666,2.8062500000000004,-3.7861787101530497
4.3111,64.666,2.809375,-3.8319079372532117
4.3111,64.666,2.8125,-3.858681562382147
4.3111,64.666,2.8156250000000003,-3.870052275697006
4.3111,64.666,2.81875,-3.8601351270954276
4.3111,64.666,2.8218750000000004,-3.842743665689732
4.3111,64.666,2.825,-3.8090577382392468
4.3111,64.666,2.828125,-3.766554814252717
4.3111,64.666,2.8312500000000003,-3.712336988381282
4.3111,64.666,2.834375,-3.653940817510576
4.3111,64.666,2.8375000000000004,-3.593143875049591
4.3111,64.666,2.840625,-3.5380971688337244
4.3111,64.666,2.84375,-3.4839917067342663
4.3111,64.666,2.8468750000000003,-3.438732664115337
4.3111,64.666,2.85,-3.404812069324816
4.3111,64.666,2.8531250000000004,-3.381522330278233
4.3111,64.666,2.85625,-3.3729080177137574
4.3111,64.666,2.859375,-3.3788565236402452
4.3111,64.666,2.8625000000000003,-3.399793501922587
4.3111,64.666,2.865625,-3.4416885389302605
4.3111,64.666,2.8687500000000004,-3.4978665666785007
4.3111,64.666,2.871875,-3.563093284395297
4.3111,64.666,2.875,-3.6435193714584315
4.3111,64.666,2.8781250000000003,-3.731797463341376
4.3111,64.666,2.88125,-3.8205093407104522
4.3111,64.666,2.8843750000000004,-3.904962335428607
4.3111,64.666,2.8875,-3.994412836563757
4.3111,64.666,2.890625,-4.069573041161705
4.3111,64.666,2.8937500000000003,-4.136515603014437
4.3111,64.666,2.896875,-4.188712029758123
4.3111,64.666,2.9000000000000004,-4.228929422239288
4.3111,64.666,2.903125,-4.258678054465062
4.3111,64.666,2.90625,-4.265784129042269
4.3111,64.666,2.9093750000000003,-4.261719214611118
4.3111,64.666,2.9125,-4.25222774652786
4.3111,64.666,2.9156250000000004,-4.227334929390402
4.3111,64.666,2.91875,-4.197913386706052
4.3111,64.666,2.921875,-4.165284960936994
4.3111,64.666,2.9250000000000003,-4.122890840444022
4.3111,64.666,2.928125,-4.085293440480768
4.3111,64.666,2.9312500000000004,-4.044566867976259
4.3111,64.666,2.934375,-4.007910330592184
4.3111,64.666,2.9375,-3.978526585131019
4.3111,64.666,2.9406250000000003,-3.9617184608566447
4.3111,64.666,2.94375,-3.9518371033048867
4.3111,64.666,2.9468750000000004,-3.95844458442353
4.3111,64.666,2.95,-3.9810505973180677
4.3111,64.666,2.953125,-4.016364525683407
4.3111,64.666,2.9562500000000003,-4.068842747379931
4.3111,64.666,2.959375,-4.13739108108878
4.3111,64.666,2.9625000000000004,-4.218819721018036
4.3111,64.666,2.965625,-4.315898807778146
4.3111,64.666,2.96875,-4.417724544461838
4.3111,64.666,2.9718750000000003,-4.52597065870653
4.3111,64.666,2.975,-4.627828241069932
4.3111,64.666,2.9781250000000004,-4.718127609493944
4.3111,64.666,2.98125,-4.800862080653255
4.3111,64.666,2.984375,-4.855286167938317
4.3111,64.666,2.9875000000000003,-4.88999629601382
4.3111,64.666,2.990625,-4.908127660490674
4.3111,64.666,2.9937500000000004,-4.892498637040581
4.3111,64.666,2.996875,-4.858953420356701
4.3111,64.666,3,-4.801114665802541
4.3111,64.666,3.0031250000000003,-4.729921673739845
4.3111,64.666,3.00625,-4.635083198109744
4.3111,64.666,3.0093750000000004,-4.535891473253975
4.3111,64.666,3.0125,-4.427773400838824
4.3111,64.666,3.015625,-4.321469682114528
4.3111,64.666,3.0187500000000003,-4.21353617504624
4.3111,64.666,3.021875,-4.1132107651828145
4.3111,64.666,3.0250000000000004,-4.015512188627964
4.3111,64.666,3.028125,-3.9301303495430764
4.3111,64.666,3.03125,-3.854765711215359
4.3111,64.666,3.0343750000000003,-3.7922451838091082
4.3111,64.666,3.0375,-3.748618542186895
4.3111,64.666,3.0406250000000004,-3.7159191276534957
4.3111,64.666,3.04375,-3.698878691450372
4.3111,64.666,3.046875,-3.704429953977637
4.3111,64.666,3.0500000000000003,-3.720133445073604
4.3111,64.666,3.053125,-3.7507429665175267
4.3111,64.666,3.0562500000000004,-3.790760207371739
4.3111,64.666,3.059375,-3.8391639982740378
4.3111,64.666,3.0625,-3.8929009128038983
4.3111,64.666,3.0656250000000003,-3.947002310778819
4.3111,64.666,3.06875,-4.00324637608912
4.3111,64.666,3.0718750000000004,-4.054268984461195
4.3111,64.666,3.075,-4.097349799206423
4.3111,64.666,3.078125,-4.12755196955642
4.3111,64.666,3.0812500000000003,-4.146357543241535
4.3111,64.666,3.084375,-4.150363145464697
4.3111,64.666,3.0875000000000004,-4.142449144461395
4.3111,64.666,3.090625,-4.121666719232966
4.3111,64.666,3.09375,-4.086125536804363
4.3111,64.666,3.0968750000000003,-4.0383040562073385
4.3111,64.666,3.1,-3.9861123204690956
4.3111,64.666,3.1031250000000004,-3.927268506229707
4.3111,64.666,3.10625,-3.8617840313326193
4.3111,64.666,3.109375,-3.80173261653793
4.3111,64.666,3.1125000000000003,-3.7379654732373884
4.3111,64.666,3.115625,-3.677699640050637
4.3111,64.666,3.1187500000000004,-3.614918992373115
4.3111,64.666,3.121875,-3.552425970835331
4.3111,64.666,3.125,-3.50186584697596
4.3111,64.666,3.1281250000000003,-3.4647836497086537
4.3111,64.666,3.13125,-3.444564711019422
4.3111,64.666,3.1343750000000004,-3.4421341941144146
4.3111,64.666,3.1375,-3.4596482851021193
4.3111,64.666,3.140625,-3.4900431067481295
4.3111,64.666,3.1437500000000003,-3.5388644232980293
4.3111,64.666,3.146875,-3.6047557600445512
4.3111,64.666,3.1500000000000004,-3.6765447840089234
4.3111,64.666,3.153125,-3.759620957369187
4.3111,64.666,3.15625,-3.8410136014237795
4.3111,64.666,3.1593750000000003,-3.9210221516991624
4.3111,64.666,3.1625,-3.9998560943286727
4.3111,64.666,3.1656250000000004,-4.067312590371067
4.3111,64.666,3.16875,-4.121539555583351
4.3111,64.666,3.171875,-4.158985865375518
4.3111,64.666,3.1750000000000003,-4.185965672256316
4.3111,64.666,3.178125,-4.194538194883924
4.3111,64.666,3.1812500000000004,-4.189746461389168
4.3111,64.666,3.184375,-4.172112277409596
4.3111,64.666,3.1875,-4.14219485351929
4.3111,64.666,3.1906250000000003,-4.109922100905047
4.3111,64.666,3.19375,-4.064202388636681
4.3111,64.666,3.1968750000000004,-4.017447990011536
4.3111,64.666,3.2,-3.967978909261361
4.3111,64.666,3.203125,-3.9161882995956625
4.3111,64.666,3.2062500000000003,-3.8668471072885433
4.3111,64.666,3.209375,-3.822969533944291
4.3111,64.666,3.2125000000000004,-3.791606801990665
4.3111,64.666,3.215625,-3.7624936744950026
4.3111,64.666,3.21875,-3.7457427787293684
4.3111,64.666,3.2218750000000003,-3.7427491371542585
4.3111,64.666,3.225,-3.750638454135257
4.3111,64.666,3.2281250000000004,-3.7719957417114403
4.3111,64.666,3.23125,-3.8058854943274243
4.3111,64.666,3.234375,-3.85648672586191
4.3111,64.666,3.2375000000000003,-3.923397846098506
4.3111,64.666,3.240625,-3.9951766431754248
4.3111,64.666,3.2437500000000004,-4.073143226936099
4.3111,64.666,3.246875,-4.151741240296005
4.3111,64.666,3.25,-4.22273669263803
4.3111,64.666,3.2531250000000003,-4.290221901809963
4.3111,64.666,3.25625,-4.349053341148088
4.3111,64.666,3.2593750000000004,-4.399580641048672
4.3111,64.666,3.2625,-4.433197249861186
4.3111,64.666,3.265625,-4.450999593395151
4.3111,64.666,3.2687500000000003,-4.458288716324844
4.3111,64.666,3.271875,-4.45174594796525
4.3111,64.666,3.2750000000000004,-4.432325763366103
4.3111,64.666,3.278125,-4.404510564941917
4.3111,64.666,3.28125,-4.371349200965451
4.3111,64.666,3.2843750000000003,-4.3339901288054605
4.3111,64.666,3.2875,-4.293830707368967
4.3111,64.666,3.2906250000000004,-4.260446872405669
4.3111,64.666,3.29375,-4.231092829177415
4.3111,64.666,3.296875,-4.199473698628133
4.3111,64.666,3.3000000000000003,-4.178506296130159
4.3111,64.666,3.303125,-4.165479921711402
4.3111,64.666,3.3062500000000004,-4.161145344951164
4.3111,64.666,3.309375,-4.169543061530037
4.3111,64.666,3.3125,-4.184829695728255
4.3111,64.666,3.3156250000000003,-4.2097968208564644
4.3111,64.666,3.31875,-4.250684255125667
4.3111,64.666,3.3218750000000004,-4.301936763451613
4.3111,64.666,3.325,-4.364746356623356
4.3111,64.666,3.328125,-4.4371007690811215
4.3111,64.666,3.3312500000000003,-4.51394849879308
4.3111,64.666,3.334375,-4.602450197973548
4.3111,64.666,3.3375000000000004,-4.685942417841984
4.3111,64.666,3.340625,-4.775320331971243
4.3111,64.666,3.34375,-4.852730954967877
4.3111,64.666,3.3468750000000003,-4.930095189326105
4.3111,64.666,3.35,-4.999858219313319
4.3111,64.666,3.3531250000000004,-5.056110325669985
4.3111,64.666,3.35625,-5.094011051130694
4.3111,64.666,3.359375,-5.1194713128673905
4.3111,64.666,3.3625000000000003,-5.134985180719194
4.3111,64.666,3.365625,-5.136990394109759
4.3111,64.666,3.3687500000000004,-5.131351226193867
4.3111,64.666,3.371875,-5.116712833666899
4.3111,64.666,3.375,-5.091787928300735
4.3111,64.666,3.3781250000000003,-5.06391250645048
4.3111,64.666,3.38125,-5.033226416432251
4.3111,64.666,3.3843750000000004,-5.007145069734856
4.3111,64.666,3.3875,-4.9781585669933115
4.3111,64.666,3.390625,-4.960864668825985
4.3111,64.666,3.3937500000000003,-4.948711957684692
4.3111,64.666,3.396875,-4.948186521017097
4.3111,64.666,3.4000000000000004,-4.956719864884205
4.3111,64.666,3.403125,-4.9802417111450294
4.3111,64.666,3.40625,-5.026604693908039
4.3111,64.666,3.4093750000000003,-5.072616045486686
4.3111,64.666,3.4125,-5.142061767878432
4.3111,64.666,3.4156250000000004,-5.224445144854143
4.3111,64.666,3.41875,-5.305320464581291
4.3111,64.666,3.421875,-5.3996221317722535
4.3111,64.666,3.4250000000000003,-5.4814065583388105
4.3111,64.666,3.428125,-5.566953309458947
4.3111,64.666,3.4312500000000004,-5.639037271019367
4.3111,64.666,3.434375,-5.694174729610766
4.3111,64.666,3.4375,-5.743665157022031
4.3111,64.666,3.4406250000000003,-5.768578755096344
4.3111,64.666,3.44375,-5.77798587051241
4.3111,64.666,3.4468750000000004,-5.766214816106915
4.3111,64.666,3.45,-5.7349621665180095
4.3111,64.666,3.453125,-5.689881151080417
4.3111,64.666,3.4562500000000003,-5.629693771812318
4.3111,64.666,3.459375,-5.559774283239581
4.3111,64.666,3.4625000000000004,-5.49220928469475
4.3111,64.666,3.465625,-5.409730716156868
4.3111,64.666,3.46875,-5.334315857253435
4.3111,64.666,3.4718750000000003,-5.257090978783006
4.3111,64.666,3.475,-5.178179723375776
4.3111,64.666,3.4781250000000004,-5.105867875585387
4.3111,64.666,3.48125,-5.038924480490819
4.3111,64.666,3.484375,-4.9815807009911985
4.3111,64.666,3.4875000000000003,-4.938862915844711
4.3111,64.666,3.490625,-4.903841042330466
4.3111,64.666,3.4937500000000004,-4.888507170944334
4.3111,64.666,3.496875,-4.8823539893246535
4.3111,64.666,3.5,-4.899769192693106
4.3111,64.666,3.5031250000000003,-4.945736303061274
4.3111,64.666,3.50625,-5.005868433768242
4.3111,64.666,3.5093750000000004,-5.089980049774828
4.3111,64.666,3.5125,-5.173744675490299
4.3111,64.666,3.515625,-5.245218009697233
4.3111,64.666,3.5187500000000003,-5.299603347765201
4.3111,64.666,3.521875,-5.349087279491434
4.3111,64.666,3.5250000000000004,-5.4006171144816415
4.3111,64.666,3.528125,-5.4480845696833
4.3111,64.666,3.53125,-5.482754251359707
4.3111,64.666,3.5343750000000003,-5.506037291348801
4.3111,64.666,3.5375,-5.515925277521819
4.3111,64.666,3.5406250000000004,-5.508909163406744
4.3111,64.666,3.54375,-5.4797382462668685
4.3111,64.666,3.546875,-5.440478135130448
4.3111,64.666,3.5500000000000003,-5.385977626683215
4.3111,64.666,3.553125,-5.32165601448444
4.3111,64.666,3.5562500000000004,-5.25262092209799
4.3111,64.666,3.559375,-5.17901263158929
4.3111,64.666,3.5625,-5.114734745638424
4.3111,64.666,3.5656250000000003,-5.0493701898699435
4.3111,64.666,3.56875,-4.9899443573947995
4.3111,64.666,3.5718750000000004,-4.9448763283380215
4.3111,64.666,3.575,-4.908756649933675
4.3111,64.666,3.5781250000000004,-4.877960198351198
4.3111,64.666,3.5812500000000003,-4.868843190186849
4.3111,64.666,3.584375,-4.8712705563729095
4.3111,64.666,3.5875000000000004,-4.891073331210577
4.3111,64.666,3.590625,-4.922382426508837
4.3111,64.666,3.5937500000000004,-4.965082878825003
4.3111,64.666,3.5968750000000003,-5.025596323095993
4.3111,64.666,3.6,-5.088253138429248
4.3111,64.666,3.6031250000000004,-5.1663239180009874
4.3111,64.666,3.60625,-5.252750622556328
4.3111,64.666,3.6093750000000004,-5.342684635804328
4.3111,64.666,3.6125000000000003,-5.434690426313443
4.3111,64.666,3.615625,-5.519256628499365
4.3111,64.666,3.6187500000000004,-5.588956201713781
4.3111,64.666,3.621875,-5.638256049049891
4.3111,64.666,3.6250000000000004,-5.672309492294845
4.3111,64.666,3.6281250000000003,-5.695108904061632
4.3111,64.666,3.63125,-5.700294063926822
4.3111,64.666,3.6343750000000004,-5.69846830127351
4.3111,64.666,3.6375,-5.694127250309263
4.3111,64.666,3.6406250000000004,-5.687679164156089
4.3111,64.666,3.6437500000000003,-5.696736251975788
4.3111,64.666,3.646875,-5.700239674561953
4.3111,64.666,3.6500000000000004,-5.660589805435671
4.3111,64.666,3.653125,-5.589448539424842
4.3111,64.666,3.6562500000000004,-5.520252074204347
4.3111,64.666,3.6593750000000003,-5.47105860663323
4.3111,64.666,3.6625,-5.4333214205177285
4.3111,64.666,3.6656250000000004,-5.407302377376201
4.3111,64.666,3.66875,-5.4035749723223105
4.3111,64.666,3.6718750000000004,-5.413902398215091
4.3111,64.666,3.6750000000000003,-5.44010067599288
4.3111,64.666,3.678125,-5.477326697966224
4.3111,64.666,3.6812500000000004,-5.537925918126821
4.3111,64.666,3.684375,-5.60871139865271
4.3111,64.666,3.6875000000000004,-5.685213733518629
4.3111,64.666,3.6906250000000003,-5.771189349223671
4.3111,64.666,3.69375,-5.863456718941586
4.3111,64.666,3.6968750000000004,-5.967338558192097
4.3111,64.666,3.7,-6.074895130049257
4.3111,64.666,3.7031250000000004,-6.171674977530387
4.3111,64.666,3.7062500000000003,-6.269517530160641
4.3111,64.666,3.709375,-6.3527654390963315
4.3111,64.666,3.7125000000000004,-6.423683584026606
4.3111,64.666,3.715625,-6.481410824173196
4.3111,64.666,3.7187500000000004,-6.524252367373756
4.3111,64.666,3.7218750000000003,-6.547184012846955
4.3111,64.666,3.725,-6.548218672985281
4.3111,64.666,3.7281250000000004,-6.520119433093346
4.3111,64.666,3.73125,-6.486673918216543
4.3111,64.666,3.7343750000000004,-6.4476634933526045
4.3111,64.666,3.7375000000000003,-6.3921303382588155
4.3111,64.666,3.740625,-6.354298313947203
4.3111,64.666,3.7437500000000004,-6.315407692125051
4.3111,64.666,3.746875,-6.273515243094053
4.3111,64.666,3.7500000000000004,-6.24441871851271
4.3111,64.666,3.7531250000000003,-6.219070218402408
4.3111,64.666,3.75625,-6.207051134800845
4.3111,64.666,3.7593750000000004,-6.211622328161096
4.3111,64.666,3.7625,-6.235644657941388
4.3111,64.666,3.7656250000000004,-6.279096954383505
4.3111,64.666,3.7687500000000003,-6.338213521462906
4.3111,64.666,3.771875,-6.416229970667042
4.3111,64.666,3.7750000000000004,-6.513250338747254
4.3111,64.666,3.778125,-6.621949997199328
4.3111,64.666,3.7812500000000004,-6.74530722964362
4.3111,64.666,3.7843750000000003,-6.879377248236546
4.3111,64.666,3.7875,-7.011729564318322
4.3111,64.666,3.7906250000000004,-7.138951529858559
4.3111,64.666,3.79375,-7.2517384272681955
4.3111,64.666,3.7968750000000004,-7.357578545814829
4.3111,64.666,3.8000000000000003,-7.429969410516486
4.3111,64.666,3.803125,-7.487965916271414
4.3111,64.666,3.8062500000000004,-7.515479274383851
4.3111,64.666,3.809375,-7.513493536989758
4.3111,64.666,3.8125000000000004,-7.483425916957477
4.3111,64.666,3.8156250000000003,-7.427194862355337
4.3111,64.666,3.81875,-7.363341947106714
4.3111,64.666,3.8218750000000004,-7.2780610513370805
4.3111,64.666,3.825,-7.190784371416278
4.3111,64.666,3.8281250000000004,-7.105330214345099
4.3111,64.666,3.8312500000000003,-7.018889753595045
4.3111,64.666,3.834375,-6.946537899390181
4.3111,64.666,3.8375000000000004,-6.8856752090960995
4.3111,64.666,3.840625,-6.847210709867436
4.3111,64.666,3.8437500000000004,-6.823316575010762
4.3111,64.666,3.8468750000000003,-6.814695776954821
4.3111,64.666,3.85,-6.81832801742814
4.3111,64.666,3.8531250000000004,-6.836909455154291
4.3111,64.666,3.85625,-6.881940577689274
4.3111,64.666,3.8593750000000004,-6.949613339586611
4.3111,64.666,3.8625000000000003,-7.029022874988337
4.3111,64.666,3.865625,-7.1301942106563665
4.3111,64.666,3.8687500000000004,-7.244383390899712
4.3111,64.666,3.871875,-7.37095985249407
4.3111,64.666,3.8750000000000004,-7.504688156173151
4.3111,64.666,3.8781250000000003,-7.645250115080405
4.3111,64.666,3.88125,-7.782766553130651
4.3111,64.666,3.8843750000000004,-7.913222635974897
4.3111,64.666,3.8875,-8.021808128012829
4.3111,64.666,3.8906250000000004,-8.114409837192792
4.3111,64.666,3.8937500000000003,-8.174028109277495
4.3111,64.666,3.896875,-8.209610032908351
4.3111,64.666,3.9000000000000004,-8.216505476499433
4.3111,64.666,3.903125,-8.190513756279834
4.3111,64.666,3.9062500000000004,-8.13584070475255
4.3111,64.666,3.9093750000000003,-8.062845849268763
4.3111,64.666,3.9125,-7.967778107023422
4.3111,64.666,3.9156250000000004,-7.868777466987314
4.3111,64.666,3.91875,-7.761946122133643
4.3111,64.666,3.9218750000000004,-7.656993341614137
4.3111,64.666,3.9250000000000003,-7.558418882385726
4.3111,64.666,3.928125,-7.471648622207608
4.3111,64.666,3.9312500000000004,-7.40305305790902
4.3111,64.666,3.934375,-7.347575696018601
4.3111,64.666,3.9375000000000004,-7.311951674921534
4.3111,64.666,3.9406250000000003,-7.299813560479947
4.3111,64.666,3.94375,-7.310310620964421
4.3111,64.666,3.9468750000000004,-7.3529548334075425
4.3111,64.666,3.95,-7.413823524158404
4.3111,64.666,3.9531250000000004,-7.503554784406771
4.3111,64.666,3.9562500000000003,-7.62227185561787
4.3111,64.666,3.959375,-7.7516092342006555
4.3111,64.666,3.9625000000000004,-7.9045626418031745
4.3111,64.666,3.965625,-8.056250196319803
4.3111,64.666,3.9687500000000004,-8.220745617610115
4.3111,64.666,3.9718750000000003,-8.378118151959757
4.3111,64.666,3.975,-8.520112426742818
4.3111,64.666,3.9781250000000004,-8.646969000478789
4.3111,64.666,3.98125,-8.74031422570356
4.3111,64.666,3.9843750000000004,-8.798530640440669
4.3111,64.666,3.9875000000000003,-8.823486220122842
4.3111,64.666,3.990625,-8.819081468209063
4.3111,64.666,3.9937500000000004,-8.774982649766228
4.3111,64.666,3.996875,-8.717549550668602
4.3111,64.666,4,-8.627040807056373
4.3111,64.666,4.003125,-8.532332881386134
4.3111,64.666,4.0062500000000005,-8.425684705501208
4.3111,64.666,4.009375,-8.330530183514893
4.3111,64.666,4.0125,-8.23363555549437
4.3111,64.666,4.015625,-8.15082284702801
4.3111,64.666,4.01875,-8.079789399405232
4.3111,64.666,4.0218750000000005,-8.033226530783296
4.3111,64.666,4.025,-8.011720884433103
4.3111,64.666,4.028125,-8.007931778748187
4.3111,64.666,4.03125,-8.037423596739874
4.3111,64.666,4.034375,-8.090048317385046
4.3111,64.666,4.0375000000000005,-8.164482615825618
4.3111,64.666,4.040625,-8.275118854737734
4.3111,64.666,4.04375,-8.41370035820267
4.3111,64.666,4.046875,-8.568434092704408
4.3111,64.666,4.05,-8.751292959439358
4.3111,64.666,4.0531250000000005,-8.944344632984155
4.3111,64.666,4.05625,-9.15379438622206
4.3111,64.666,4.059375,-9.345156285287851
4.3111,64.666,4.0625,-9.533707421186234
4.3111,64.666,4.065625,-9.699855315393279
4.3111,64.666,4.0687500000000005,-9.828178506710458
4.3111,64.666,4.071875,-9.905631965230544
4.3111,64.666,4.075,-9.92465657839815
4.3111,64.666,4.078125,-9.878119020898938
4.3111,64.666,4.08125,-9.759179104628977
4.3111,64.666,4.0843750000000005,-9.570421741837299
4.3111,64.666,4.0875,-9.351976035085645
4.3111,64.666,4.090625,-9.142288470541063
4.3111,64.666,4.09375,-8.94731386094763
4.3111,64.666,4.096875,-8.77190195232399
4.3111,64.666,4.1000000000000005,-8.619502300531908
4.3111,64.666,4.103125,-8.486772593316976
4.3111,64.666,4.10625,-8.368825552990863
4.3111,64.666,4.109375,-8.2696784280508
4.3111,64.666,4.1125,-8.216282129562112
4.3111,64.666,4.1156250000000005,-8.180906704092305
4.3111,64.666,4.11875,-8.172685570891412
4.3111,64.666,4.121875,-8.201403571473817
4.3111,64.666,4.125,-8.260185628776087
4.3111,64.666,4.128125,-8.354961804863398
4.3111,64.666,4.1312500000000005,-8.479130456805391
4.3111,64.666,4.134375,-8.629150022283227
4.3111,64.666,4.1375,-8.80560316744261
4.3111,64.666,4.140625,-8.989426539339663
4.3111,64.666,4.14375,-9.192820109989157
4.3111,64.666,4.1468750000000005,-9.400654162465674
4.3111,64.666,4.15,-9.599429676895241
4.3111,64.666,4.153125,-9.767001788016419
4.3111,64.666,4.15625,-9.899707312996401
4.3111,64.666,4.159375,-9.990456889119503
4.3111,64.666,4.1625000000000005,-10.018558567818141
4.3111,64.666,4.165625,-9.995212384468582
4.3111,64.666,4.16875,-9.919427260226817
4.3111,64.666,4.171875,-9.794143886468635
4.3111,64.666,4.175,-9.632791368234905
4.3111,64.666,4.1781250000000005,-9.453628941836131
4.3111,64.666,4.18125,-9.258726410486277
4.3111,64.666,4.184375,-9.062492841410887
4.3111,64.666,4.1875,-8.87947962718722
4.3111,64.666,4.190625,-8.703195354851031
4.3111,64.666,4.1937500000000005,-8.562113266118356
4.3111,64.666,4.196875,-8.43578873278915
4.3111,64.666,4.2,-8.34284193326017
4.3111,64.666,4.203125,-8.287805146775884
4.3111,64.666,4.20625,-8.256424965263108
4.3111,64.666,4.2093750000000005,-8.258066769179111
4.3111,64.666,4.2125,-8.290435061514813
4.3111,64.666,4.215625,-8.364209195568602
4.3111,64.666,4.21875,-8.466047527777484
4.3111,64.666,4.221875,-8.606677741172232
4.3111,64.666,4.2250000000000005,-8.780012519816477
4.3111,64.666,4.228125,-8.967594956363458
4.3111,64.666,4.23125,-9.181135179377112
4.3111,64.666,4.234375,-9.408701072606476
4.3111,64.666,4.2375,-9.628479859797208
4.3111,64.666,4.2406250000000005,-9.846975749553748
4.3111,64.666,4.24375,-10.030408588080938
4.3111,64.666,4.246875,-10.188905842664166
4.3111,64.666,4.25,-10.300187702650765
4.3111,64.666,4.253125,-10.345061464361915
4.3111,64.666,4.2562500000000005,-10.340429374769508
4.3111,64.666,4.259375,-10.283047415207921
4.3111,64.666,4.2625,-10.163499107974554
4.3111,64.666,4.265625,-10.010368814212743
4.3111,64.666,4.26875,-9.838575134947739
4.3111,64.666,4.2718750000000005,-9.653318090235116
4.3111,64.666,4.275,-9.454772333170162
4.3111,64.666,4.278125,-9.265507021340994
4.3111,64.666,4.28125,-9.096158373002636
4.3111,64.666,4.284375000000001,-8.93837404520905
4.3111,64.666,4.2875000000000005,-8.804565343518195
4.3111,64.666,4.290625,-8.708084389764553
4.3111,64.666,4.29375,-8.634511001520849
4.3111,64.666,4.296875,-8.595184547940848
4.3111,64.666,4.300000000000001,-8.584926845940913
4.3111,64.666,4.3031250000000005,-8.61806648973012
4.3111,64.666,4.30625,-8.676255087915779
4.3111,64.666,4.309375,-8.766123892933598
4.3111,64.666,4.3125,-8.887083324391954
4.3111,64.666,4.315625000000001,-9.034181871524721
4.3111,64.666,4.3187500000000005,-9.192900118131218
4.3111,64.666,4.321875,-9.378818109929146
4.3111,64.666,4.325,-9.55391466735711
4.3111,64.666,4.328125,-9.72953819477414
4.3111,64.666,4.331250000000001,-9.866165166597492
4.3111,64.666,4.3343750000000005,-9.972997894517231
4.3111,64.666,4.3375,-10.050045591972452
4.3111,64.666,4.340625,-10.047213963881411
4.3111,64.666,4.34375,-10.001472349059402
4.3111,64.666,4.346875000000001,-9.894722972462489
4.3111,64.666,4.3500000000000005,-9.726098296315733
4.3111,64.666,4.353125,-9.499215296587126
4.3111,64.666,4.35625,-9.249129549446229
4.3111,64.666,4.359375,-8.977074580244963
4.3111,64.666,4.362500000000001,-8.697088717262304
4.3111,64.666,4.3656250000000005,-8.425387012471294
4.3111,64.666,4.36875,-8.192592495386426
4.3111,64.666,4.371875,-7.988738904970999
4.3111,64.666,4.375,-7.825461857264817
4.3111,64.666,4.378125000000001,-7.6980162814233974
4.3111,64.666,4.3812500000000005,-7.608340290083941
4.3111,64.666,4.384375,-7.544661554214363
4.3111,64.666,4.3875,-7.514223963599117
4.3111,64.666,4.390625,-7.514354635197643
4.3111,64.666,4.393750000000001,-7.551069424920201
4.3111,64.666,4.3968750000000005,-7.611441720420883
4.3111,64.666,4.4,-7.704698125881251
4.3111,64.666,4.403125,-7.834291877909885
4.3111,64.666,4.40625,-7.987478412312223
4.3111,64.666,4.409375000000001,-8.15697505941304
4.3111,64.666,4.4125000000000005,-8.345352475228696
4.3111,64.666,4.415625,-8.543427766612448
4.3111,64.666,4.41875,-8.746214053248552
4.3111,64.666,4.421875,-8.936433189966314
4.3111,64.666,4.425000000000001,-9.105532647482573
4.3111,64.666,4.4281250000000005,-9.261873740049351
4.3111,64.666,4.43125,-9.39607409844033
4.3111,64.666,4.434375,-9.504329804496779
4.3111,64.666,4.4375,-9.43794231879881
4.3111,64.666,4.440625000000001,-9.273043600902362
4.3111,64.666,4.4437500000000005,-9.102130020094577
4.3111,64.666,4.446875,-8.90878724047036
4.3111,64.666,4.45,-8.685614315965655
4.3111,64.666,4.453125,-8.460101999013332
4.3111,64.666,4.456250000000001,-8.239681401413272
4.3111,64.666,4.4593750000000005,-8.03654198872744
4.3111,64.666,4.4625,-7.849187762334843
4.3111,64.666,4.465625,-7.687578521240611
4.3111,64.666,4.46875,-7.556648099093911
4.3111,64.666,4.471875000000001,-7.4540855461030535
4.3111,64.666,4.4750000000000005,-7.378570008602168
4.3111,64.666,4.478125,-7.328397464507651
4.3111,64.666,4.48125,-7.305910466359002
4.3111,64.666,4.484375,-7.313578181674863
4.3111,64.666,4.487500000000001,-7.349647487601555
4.3111,64.666,4.4906250000000005,-7.4124186260898375
4.3111,64.666,4.49375,-7.507814716863828
4.3111,64.666,4.496875,-7.609989298854
4.3111,64.666,4.5,-7.736562622240425
4.3111,64.666,4.503125000000001,-7.8695837476975425
4.3111,64.666,4.5062500000000005,-8.006372026438829
4.3111,64.666,4.509375,-8.13329554514851
4.3111,64.666,4.5125,-8.247510557050852
4.3111,64.666,4.515625,-8.32973021219549
4.3111,64.666,4.518750000000001,-8.379927480748492
4.3111,64.666,4.5218750000000005,-8.382750856127625
4.3111,64.666,4.525,-8.34538938349838
4.3111,64.666,4.528125,-8.272367977255614
4.3111,64.666,4.53125,-8.160077203970232
4.3111,64.666,4.534375000000001,-8.0401765418396
4.3111,64.666,4.5375000000000005,-7.954822746858696
4.3111,64.666,4.540625,-7.8572549110834355
4.3111,64.666,4.54375,-7.635056974327377
4.3111,64.666,4.546875,-7.350241139876774
4.3111,64.666,4.550000000000001,-7.082224882545289
4.3111,64.666,4.5531250000000005,-6.850462948831003
4.3111,64.666,4.55625,-6.644902211230866
4.3111,64.666,4.559375,-6.4719693222388
4.3111,64.666,4.5625,-6.321562793645387
4.3111,64.666,4.565625000000001,-6.200565671808373
4.3111,64.666,4.5687500000000005,-6.107158293636209
4.3111,64.666,4.571875,-6.03708733175396
4.3111,64.666,4.575,-5.997520015142769
4.3111,64.666,4.578125,-5.983780072165267
4.3111,64.666,4.581250000000001,-5.9998433914646725
4.3111,64.666,4.5843750000000005,-6.035816849661196
4.3111,64.666,4.5875,-6.099671058284591
4.3111,64.666,4.590625,-6.186985069024997
4.3111,64.666,4.59375,-6.289705283059214
4.3111,64.666,4.596875000000001,-6.408525302330652
4.3111,64.666,4.6000000000000005,-6.536955398930838
4.3111,64.666,4.603125,-6.663641000927093
4.3111,64.666,4.60625,-6.7841843824438
4.3111,64.666,4.609375,-6.883947620948277
4.3111,64.666,4.612500000000001,-6.973691410383199
4.3111,64.666,4.6156250000000005,-7.027627013430773
4.3111,64.666,4.61875,-7.045840684394155
4.3111,64.666,4.621875,-7.025942208992721
4.3111,64.666,4.625,-6.96419427784037
4.3111,64.666,4.628125000000001,-6.8790440730150495
4.3111,64.666,4.6312500000000005,-6.755015005033824
4.3111,64.666,4.634375,-6.6084309204007585
4.3111,64.666,4.6375,-6.463577568780351
4.3111,64.666,4.640625,-6.301289721537574
4.3111,64.666,4.643750000000001,-6.138629666880739
4.3111,64.666,4.6468750000000005,-5.982547748358387
4.3111,64.666,4.65,-5.839137566456067
4.3111,64.666,4.653125,-5.700692686254464
4.3111,64.666,4.65625,-5.587687130846622
4.3111,64.666,4.659375000000001,-5.487694850559165
4.3111,64.666,4.6625000000000005,-5.404067337807578
4.3111,64.666,4.665625,-5.336414128418763
4.3111,64.666,4.66875,-5.291910714925242
4.3111,64.666,4.671875,-5.270260730575279
4.3111,64.666,4.675000000000001,-5.2595449924821205
4.3111,64.666,4.6781250000000005,-5.248035376940154
4.3111,64.666,4.68125,-5.250486644621146
4.3111,64.666,4.684375,-5.315848886668329
4.3111,64.666,4.6875,-5.426378242331564
4.3111,64.666,4.690625000000001,-5.515882058797369
4.3111,64.666,4.6937500000000005,-5.5978199724347055
4.3111,64.666,4.696875,-5.6643844921015205
4.3111,64.666,4.7,-5.7182884063363595
4.3111,64.666,4.703125,-5.7492574922110435
4.3111,64.666,4.706250000000001,-5.760971283783638
4.3111,64.666,4.7093750000000005,-5.737886892323615
4.3111,64.666,4.7125,-5.681185369200749
4.3111,64.666,4.715625,-5.5925589736051045
4.3111,64.666,4.71875,-5.4823308113398355
4.3111,64.666,4.721875000000001,-5.340927780572589
4.3111,64.666,4.7250000000000005,-5.185285262612032
4.3111,64.666,4.728125,-5.025484257104942
4.3111,64.666,4.73125,-4.8540570849086855
4.3111,64.666,4.734375,-4.694091442559344
4.3111,64.666,4.737500000000001,-4.539474646669875
4.3111,64.666,4.7406250000000005,-4.398923063848622
4.3111,64.666,4.74375,-4.271942538888373
4.3111,64.666,4.746875,-4.166884601546909
4.3111,64.666,4.75,-4.08037819038385
4.3111,64.666,4.753125000000001,-4.010240840507884
4.3111,64.666,4.7562500000000005,-3.9563861559132163
4.3111,64.666,4.759375,-3.927957573773319
4.3111,64.666,4.7625,-3.916672902868132
4.3111,64.666,4.765625,-3.9213081578963367
4.3111,64.666,4.768750000000001,-3.945101314955246
4.3111,64.666,4.7718750000000005,-3.97946231671995
4.3111,64.666,4.775,-4.032589397475485
4.3111,64.666,4.778125,-4.095175992968211
4.3111,64.666,4.78125,-4.166651221938705
4.3111,64.666,4.784375000000001,-4.248780139689892
4.3111,64.666,4.7875000000000005,-4.327464049729592
4.3111,64.666,4.790625,-4.404519178892363
4.3111,64.666,4.79375,-4.47525927143073
4.3111,64.666,4.796875,-4.537263209058956
4.3111,64.666,4.800000000000001,-4.5717804347959206
4.3111,64.666,4.8031250000000005,-4.596510323197497
4.3111,64.666,4.80625,-4.595956423940684
4.3111,64.666,4.809375,-4.5675852292420425
4.3111,64.666,4.8125,-4.526184467486125
4.3111,64.666,4.815625000000001,-4.466170308527528
4.3111,64.666,4.8187500000000005,-4.387712416677303
4.3111,64.666,4.821875,-4.306343158909881
4.3111,64.666,4.825,-4.2170903475257155
4.3111,64.666,4.828125,-4.134917611446939
4.3111,64.666,4.831250000000001,-4.052829953032399
4.3111,64.666,4.8343750000000005,-3.9796407862980523
4.3111,64.666,4.8375,-3.926071611711845
4.3111,64.666,4.840625,-3.8813376398334687
4.3111,64.666,4.84375,-3.857110440440279
4.3111,64.666,4.846875000000001,-3.8510916875253702
4.3111,64.666,4.8500000000000005,-3.863316359909355
4.3111,64.666,4.853125,-3.8961668346922593
4.3111,64.666,4.85625,-3.943420342495198
4.3111,64.666,4.859375,-4.0148409156193345
4.3111,64.666,4.862500000000001,-4.104577312425326
4.3111,64.666,4.8656250000000005,-4.207348686923992
4.3111,64.666,4.86875,-4.330339663714364
4.3111,64.666,4.871875,-4.462512286040903
4.3111,64.666,4.875,-4.603404162789364
4.3111,64.666,4.878125000000001,-4.733556916128546
4.3111,64.666,4.8812500000000005,-4.86935961767315
4.3111,64.666,4.884375,-4.98776512534615
4.3111,64.666,4.8875,-5.087942866524676
4.3111,64.666,4.890625,-5.1579942723576435
4.3111,64.666,4.893750000000001,-5.195599148527963
4.3111,64.666,4.8968750000000005,-5.203582891054066
4.3111,64.666,4.9,-5.175681225641096
4.3111,64.666,4.903125,-5.1134009397239
4.3111,64.666,4.90625,-5.029759884809004
4.3111,64.666,4.909375000000001,-4.9253423126348075
4.3111,64.666,4.9125000000000005,-4.816012875751358
4.3111,64.666,4.915625,-4.695331031646227
4.3111,64.666,4.91875,-4.578836896591406
4.3111,64.666,4.921875,-4.471042672804273
4.3111,64.666,4.925000000000001,-4.374439803843982
4.3111,64.666,4.9281250000000005,-4.289869352813012
4.3111,64.666,4.93125,-4.22105647892612
4.3111,64.666,4.934375,-4.173423884710236
4.3111,64.666,4.9375,-4.139315605644586
4.3111,64.666,4.940625000000001,-4.132820033239813
4.3111,64.666,4.9437500000000005,-4.147642131421371
4.3111,64.666,4.946875,-4.181627879933559
4.3111,64.666,4.95,-4.235143788365728
4.3111,64.666,4.953125,-4.308668315777806
4.3111,64.666,4.956250000000001,-4.401796602008318
4.3111,64.666,4.9593750000000005,-4.510834809547243
4.3111,64.666,4.9625,-4.63830644513605
4.3111,64.666,4.965625,-4.778254573499093
4.3111,64.666,4.96875,-4.918848673852207
4.3111,64.666,4.971875000000001,-5.07050232109174
4.3111,64.666,4.9750000000000005,-5.217507259673509
4.3111,64.666,4.978125,-5.351134949859463
4.3111,64.666,4.98125,-5.466866031772998
4.3111,64.666,4.984375,-5.559083848348335
4.3111,64.666,4.987500000000001,-5.618521430975786
4.3111,64.666,4.9906250000000005,-5.6519217227047935
4.3111,64.666,4.99375,-5.643338400482002
4.3111,64.666,4.996875,-5.607420005925995
4.3111,64.666,5,-5.55221102492673
4.3111,64.666,5.003125000000001,-5.46257350047247
4.3111,64.666,5.0062500000000005,-5.383225666158039
4.3111,64.666,5.009375,-5.28369135681481
4.3111,64.666,5.0125,-5.188737604718224
4.3111,64.666,5.015625,-5.098696386462781
4.3111,64.666,5.018750000000001,-5.021453490907057
4.3111,64.666,5.0218750000000005,-4.955813637287269
4.3111,64.666,5.025,-4.9074648399460585
4.3111,64.666,5.028125,-4.881425104759231
4.3111,64.666,5.03125,-4.881229961965536
4.3111,64.666,5.034375000000001,-4.895572159023187
4.3111,64.666,5.0375000000000005,-4.9415013406268535
4.3111,64.666,5.040625,-5.009270867086094
4.3111,64.666,5.04375,-5.099717655157368
4.3111,64.666,5.046875,-5.2063706398292995
4.3111,64.666,5.050000000000001,-5.332461462190548
4.3111,64.666,5.0531250000000005,-5.4787111987835155
4.3111,64.666,5.05625,-5.63694960716259
4.3111,64.666,5.059375,-5.811554255586374
4.3111,64.666,5.0625,-5.993222022677389
4.3111,64.666,5.065625000000001,-6.179542386106839
4.3111,64.666,5.0687500000000005,-6.357901791472925
4.3111,64.666,5.071875,-6.522832515484675
4.3111,64.666,5.075,-6.652903493021349
4.3111,64.666,5.078125,-6.724471370746718
4.3111,64.666,5.081250000000001,-6.7406182666740655
4.3111,64.666,5.0843750000000005,-6.717959633870444
4.3111,64.666,5.0875,-6.65562735089083
4.3111,64.666,5.090625,-6.550231914863626
4.3111,64.666,5.09375,-6.420483242252981
4.3111,64.666,5.096875000000001,-6.274018813384629
4.3111,64.666,5.1000000000000005,-6.125003162068082
4.3111,64.666,5.103125,-5.952928326992703
4.3111,64.666,5.10625,-5.7738267049571865
4.3111,64.666,5.109375,-5.606195221288546
4.3111,64.666,5.112500000000001,-5.455896372357083
4.3111,64.666,5.1156250000000005,-5.334668387004829
4.3111,64.666,5.11875,-5.237414014423939
4.3111,64.666,5.121875,-5.156347642237814
4.3111,64.666,5.125,-5.116255441860912
4.3111,64.666,5.128125000000001,-5.099452077288173
4.3111,64.666,5.1312500000000005,-5.109098998361033
4.3111,64.666,5.134375,-5.136992218822654
4.3111,64.666,5.1375,-5.193790203037253
4.3111,64.666,5.140625,-5.273011927408458
4.3111,64.666,5.143750000000001,-5.3654643876165125
4.3111,64.666,5.1468750000000005,-5.4766143765861965
4.3111,64.666,5.15,-5.601912511076073
4.3111,64.666,5.153125,-5.729574287814398
4.3111,64.666,5.15625,-5.86940150990623
4.3111,64.666,5.159375000000001,-6.000051307698939
4.3111,64.666,5.1625000000000005,-6.111905328519109
4.3111,64.666,5.165625,-6.211718704530639
4.3111,64.666,5.16875,-6.279089065497149
4.3111,64.666,5.171875,-6.32777436161069
4.3111,64.666,5.175000000000001,-6.3453806987203585
4.3111,64.666,5.1781250000000005,-6.330889941870731
4.3111,64.666,5.18125,-6.282130301703724
4.3111,64.666,5.184375,-6.206720675400607
4.3111,64.666,5.1875,-6.114378378786105
4.3111,64.666,5.190625000000001,-6.009574195808711
4.3111,64.666,5.1937500000000005,-5.897719339236628
4.3111,64.666,5.196875,-5.800554404832098
4.3111,64.666,5.2,-5.710259037643002
4.3111,64.666,5.203125,-5.626740735902875
4.3111,64.666,5.206250000000001,-5.5587606898254505
4.3111,64.666,5.2093750000000005,-5.490391424810618
4.3111,64.666,5.2125,-5.4314669127088795
4.3111,64.666,5.215625,-5.388984110735957
4.3111,64.666,5.21875,-5.3843969752044885
4.3111,64.666,5.221875000000001,-5.407686988841762
4.3111,64.666,5.2250000000000005,-5.456926937850119
4.3111,64.666,5.228125,-5.546919093472537
4.3111,64.666,5.23125,-5.672916003504758
4.3111,64.666,5.234375,-5.821527986147564
4.3111,64.666,5.237500000000001,-6.012740462298208
4.3111,64.666,5.2406250000000005,-6.240569927860012
4.3111,64.666,5.24375,-6.503889257331781
4.3111,64.666,5.246875,-6.813335938894553
4.3111,64.666,5.25,-7.156212089287623
4.3111,64.666,5.253125000000001,-7.590850911305996
4.3111,64.666,5.2562500000000005,-8.12087744402035
4.3111,64.666,5.259375,-8.843559684259496
4.3111,64.666,5.2625,-9.948209797385584
4.3111,64.666,5.265625,-11.495793647666988
4.3111,64.666,5.268750000000001,-12.117663317061018
4.3111,64.666,5.2718750000000005,-10.539420126195665
4.3111,64.666,5.275,-9.031866884081856
4.3111,64.666,5.278125,-8.16989148170661
4.3111,64.666,5.28125,-7.624835809271984
4.3111,64.666,5.284375000000001,-7.228295867884044
4.3111,64.666,5.2875000000000005,-6.899797179708936
4.3111,64.666,5.290625,-6.624581146320331
4.3111,64.666,5.29375,-6.375353603939926
4.3111,64.666,5.296875,-6.16680465674423
4.3111,64.666,5.300000000000001,-5.998559349508974
4.3111,64.666,5.3031250000000005,-5.857860211673319
4.3111,64.666,5.30625,-5.754301063540709
4.3111,64.666,5.309375,-5.678418965001217
4.3111,64.666,5.3125,-5.637668956960954
4.3111,64.666,5.315625000000001,-5.624252266509995
4.3111,64.666,5.3187500000000005,-5.633940089359992
4.3111,64.666,5.321875,-5.671565148126031
4.3111,64.666,5.325,-5.731431010154349
4.3111,64.666,5.328125,-5.808046611217029
4.3111,64.666,5.331250000000001,-5.9028832748287865
4.3111,64.666,5.3343750000000005,-6.002492053788893
4.3111,64.666,5.3375,-6.1243396824498495
4.3111,64.666,5.340625,-6.248007444874691
4.3111,64.666,5.34375,-6.3788807492822475
4.3111,64.666,5.346875000000001,-6.504388142683133
4.3111,64.666,5.3500000000000005,-6.605889934939205
4.3111,64.666,5.353125,-6.687644033101471
4.3111,64.666,5.35625,-6.735740517229081
4.3111,64.666,5.359375,-6.750308091065126
4.3111,64.666,5.362500000000001,-6.723824415598796
4.3111,64.666,5.3656250000000005,-6.654079259342617
4.3111,64.666,5.36875,-6.553734091620216
4.3111,64.666,5.371875,-6.405358105184429
4.3111,64.666,5.375,-6.251390532798963
4.3111,64.666,5.378125000000001,-6.074777254037671
4.3111,64.666,5.3812500000000005,-5.896435368596059
4.3111,64.666,5.384375,-5.723090688051469
4.3111,64.666,5.3875,-5.571147773932797
4.3111,64.666,5.390625,-5.426257199053673
4.3111,64.666,5.393750000000001,-5.309588695740964
4.3111,64.666,5.3968750000000005,-5.228713426160361
4.3111,64.666,5.4,-5.167925211906709
4.3111,64.666,5.403125,-5.138031626704845
4.3111,64.666,5.40625,-5.1378565141571215
4.3111,64.666,5.409375000000001,-5.165300140891715
4.3111,64.666,5.4125000000000005,-5.2271085202731875
4.3111,64.666,5.415625,-5.309862078902877
4.3111,64.666,5.41875,-5.400378272673211
4.3111,64.666,5.421875,-5.531799586535836
4.3111,64.666,5.425000000000001,-5.670845291896298
4.3111,64.666,5.4281250000000005,-5.828639234329228
4.3111,64.666,5.43125,-6.0001269045880745
4.3111,64.666,5.434375,-6.174815615572994
4.3111,64.666,5.4375,-6.344199915368259
4.3111,64.666,5.440625000000001,-6.50918322633541
4.3111,64.666,5.4437500000000005,-6.650322283890637
4.3111,64.666,5.446875,-6.764015526242229
4.3111,64.666,5.45,-6.842908589672176
4.3111,64.666,5.453125,-6.87679395359038
4.3111,64.666,5.456250000000001,-6.864922203808287
4.3111,64.666,5.4593750000000005,-6.80004557134734
4.3111,64.666,5.4625,-6.711892153122835
4.3111,64.666,5.465625,-6.571941111258019
4.3111,64.666,5.46875,-6.416357080098615
4.3111,64.666,5.471875000000001,-6.240214255461166
4.3111,64.666,5.4750000000000005,-6.070549014446551
4.3111,64.666,5.478125,-5.89820280408728
4.3111,64.666,5.48125,-5.746327672411812
4.3111,64.666,5.484375,-5.603681006685529
4.3111,64.666,5.487500000000001,-5.4911124898593
4.3111,64.666,5.4906250000000005,-5.406626752949533
4.3111,64.666,5.49375,-5.348423320157151
4.3111,64.666,5.496875,-5.317857293217534
4.3111,64.666,5.5,-5.315267276064354
4.3111,64.666,5.503125000000001,-5.3318906336695395
4.3111,64.666,5.5062500000000005,-5.376733449033548
4.3111,64.666,5.509375,-5.447151472020256
4.3111,64.666,5.5125,-5.529410783211382
4.3111,64.666,5.515625,-5.626256048836047
4.3111,64.666,5.518750000000001,-5.735057517031244
4.3111,64.666,5.5218750000000005,-5.853386873240022
4.3111,64.666,5.525,-5.959601922069134
4.3111,64.666,5.528125,-6.061875261189362
4.3111,64.666,5.53125,-6.142516040165999
4.3111,64.666,5.534375000000001,-6.198013063563551
4.3111,64.666,5.5375000000000005,-6.216855097526864
4.3111,64.666,5.540625,-6.203975793433524
4.3111,64.666,5.54375,-6.149288918599979
4.3111,64.666,5.546875,-6.057306074613626
4.3111,64.666,5.550000000000001,-5.939950710871546
4.3111,64.666,5.5531250000000005,-5.793093002646261
4.3111,64.666,5.55625,-5.627209257149222
4.3111,64.666,5.559375,-5.449854386386757
4.3111,64.666,5.5625,-5.273468519744412
4.3111,64.666,5.565625000000001,-5.114805705247969
4.3111,64.666,5.5687500000000005,-4.960456456099439
4.3111,64.666,5.571875,-4.8331044210298275
4.3111,64.666,5.575,-4.722730764048628
4.3111,64.666,5.578125,-4.639378692685624
4.3111,64.666,5.581250000000001,-4.583564280181351
4.3111,64.666,5.5843750000000005,-4.555723764813411
4.3111,64.666,5.5875,-4.548942930349042
4.3111,64.666,5.590625,-4.570006068961719
4.3111,64.666,5.59375,-4.618991083751288
4.3111,64.666,5.596875000000001,-4.685472205022952
4.3111,64.666,5.6000000000000005,-4.777867821289438
4.3111,64.666,5.603125,-4.879344130865503
4.3111,64.666,5.60625,-4.997559085314219
4.3111,64.666,5.609375,-5.13108754419593
4.3111,64.666,5.612500000000001,-5.275376862988978
4.3111,64.666,5.6156250000000005,-5.415893285256135
4.3111,64.666,5.61875,-5.550624660633639
4.3111,64.666,5.621875,-5.685018299247996
4.3111,64.666,5.625,-5.793919540183447
4.3111,64.666,5.628125000000001,-5.87968982117976
4.3111,64.666,5.6312500000000005,-5.933451388809781
4.3111,64.666,5.634375,-5.9407151853651055
4.3111,64.666,5.6375,-5.912581927376496
4.3111,64.666,5.640625,-5.8418875328852184
4.3111,64.666,5.643750000000001,-5.727925848769273
4.3111,64.666,5.6468750000000005,-5.587631252059312
4.3111,64.666,5.65,-5.425429582798853
4.3111,64.666,5.653125,-5.251848590041266
4.3111,64.666,5.65625,-5.0788450066439115
4.3111,64.666,5.659375000000001,-4.916028038838044
4.3111,64.666,5.6625000000000005,-4.772210050548587
4.3111,64.666,5.665625,-4.640903191460713
4.3111,64.666,5.66875,-4.5484270051940205
4.3111,64.666,5.671875,-4.4735235029353895
4.3111,64.666,5.675000000000001,-4.4209418251232115
4.3111,64.666,5.6781250000000005,-4.39371845318399
4.3111,64.666,5.68125,-4.401569592685355
4.3111,64.666,5.684375,-4.4299982290626785
4.3111,64.666,5.6875,-4.478323045417298
4.3111,64.666,5.690625000000001,-4.554884298722197
4.3111,64.666,5.6937500000000005,-4.632064619500315
4.3111,64.666,5.696875,-4.723905884550096
4.3111,64.666,5.7,-4.819904797965176
4.3111,64.666,5.703125,-4.92177651051794
4.3111,64.666,5.706250000000001,-5.009636046042035
4.3111,64.666,5.7093750000000005,-5.085806806999228
4.3111,64.666,5.7125,-5.139439198627348
4.3111,64.666,5.715625,-5.17787380750239
4.3111,64.666,5.71875,-5.172820347898911
4.3111,64.666,5.721875000000001,-5.148162035274687
4.3111,64.666,5.7250000000000005,-5.093638911386766
4.3111,64.666,5.728125,-4.9940213600212795
4.3111,64.666,5.73125,-4.874807374272327
4.3111,64.666,5.734375,-4.730025218591404
4.3111,64.666,5.737500000000001,-4.573458455995795
4.3111,64.666,5.7406250000000005,-4.401711257035909
4.3111,64.666,5.74375,-4.240340770130563
4.3111,64.666,5.746875,-4.081162083211563
4.3111,64.666,5.75,-3.9341581056497987
4.3111,64.666,5.753125000000001,-3.802023397575014
4.3111,64.666,5.7562500000000005,-3.6928139655665992
4.3111,64.666,5.759375,-3.6088508081053963
4.3111,64.666,5.7625,-3.551013540086005
4.3111,64.666,5.765625,-3.5197681567261463
4.3111,64.666,5.768750000000001,-3.510619616892554
4.3111,64.666,5.7718750000000005,-3.5340473534609416
4.3111,64.666,5.775,-3.5755059451451414
4.3111,64.666,5.778125,-3.6343186147916478
4.3111,64.666,5.78125,-3.7146439676518916
4.3111,64.666,5.784375000000001,-3.8133334192310904
4.3111,64.666,5.7875000000000005,-3.923258436894152
4.3111,64.666,5.790625,-4.040203742806064
4.3111,64.666,5.79375,-4.156612266153415
4.3111,64.666,5.796875,-4.270117478688275
4.3111,64.666,5.800000000000001,-4.36847501174288
4.3111,64.666,5.8031250000000005,-4.463837959898041
4.3111,64.666,5.80625,-4.528392494538795
4.3111,64.666,5.809375,-4.570523653717865
4.3111,64.666,5.8125,-4.5815600846659175
4.3111,64.666,5.815625000000001,-4.556337324092307
4.3111,64.666,5.8187500000000005,-4.5024323600852005
4.3111,64.666,5.821875,-4.418494143541504
4.3111,64.666,5.825,-4.3141283381319635
4.3111,64.666,5.828125,-4.187863626585972
4.3111,64.666,5.831250000000001,-4.055021866681642
4.3111,64.666,5.8343750000000005,-3.920614457521388
4.3111,64.666,5.8375,-3.7848570076118353
4.3111,64.666,5.840625,-3.6625377929101828
4.3111,64.666,5.84375,-3.564936850254505
4.3111,64.666,5.846875000000001,-3.4741191176505066
4.3111,64.666,5.8500000000000005,-3.41552500424561
4.3111,64.666,5.853125,-3.3818272124130733
4.3111,64.666,5.85625,-3.372158525269036
4.3111,64.666,5.859375,-3.382460440496056
4.3111,64.666,5.862500000000001,-3.4182599604727044
4.3111,64.666,5.8656250000000005,-3.4734115028505492
4.3111,64.666,5.86875,-3.552275166100533
4.3111,64.666,5.871875,-3.640042247396576
4.3111,64.666,5.875,-3.73684707628089
4.3111,64.666,5.878125000000001,-3.8382624839345802
4.3111,64.666,5.8812500000000005,-3.9356070607898372
4.3111,64.666,5.884375,-4.0355160675909145
4.3111,64.666,5.8875,-4.1277229153497
4.3111,64.666,5.890625,-4.2085219779488074
4.3111,64.666,5.893750000000001,-4.276840218591155
4.3111,64.666,5.8968750000000005,-4.3148640927693345
4.3111,64.666,5.9,-4.3240144929290745
4.3111,64.666,5.903125,-4.292071379902938
4.3111,64.666,5.90625,-4.2334756758337395
4.3111,64.666,5.909375000000001,-4.133593124386171
4.3111,64.666,5.9125000000000005,-4.004161248964358
4.3111,64.666,5.915625,-3.853340338665332
4.3111,64.666,5.91875,-3.686979910171309
4.3111,64.666,5.921875,-3.506565172089448
4.3111,64.666,5.925000000000001,-3.3315946074834497
4.3111,64.666,5.9281250000000005,-3.1762720787398413
4.3111,64.666,5.93125,-3.0362580014725933
4.3111,64.666,5.934375,-2.9101021693846847
4.3111,64.666,5.9375,-2.8234604943251718
4.3111,64.666,5.940625000000001,-2.752075001041981
4.3111,64.666,5.9437500000000005,-2.713579405582754
4.3111,64.666,5.946875,-2.703317541194793
4.3111,64.666,5.95,-2.7151182030304604
4.3111,64.666,5.953125,-2.757943886124459
4.3111,64.666,5.956250000000001,-2.8220406308264243
4.3111,64.666,5.9593750000000005,-2.903518656457435
4.3111,64.666,5.9625,-3.004812586491549
4.3111,64.666,5.965625,-3.1128799978762167
4.3111,64.666,5.96875,-3.2377571591809295
4.3111,64.666,5.971875000000001,-3.3695688237765915
4.3111,64.666,5.9750000000000005,-3.5037129371407816
4.3111,64.666,5.978125,-3.6357866728685173
4.3111,64.666,5.98125,-3.7614664722244795
4.3111,64.666,5.984375,-3.8631420842001356
4.3111,64.666,5.987500000000001,-3.943078451658824
4.3111,64.666,5.9906250000000005,-3.9913317696965027
4.3111,64.666,5.99375,-4.025547871190691
4.3111,64.666,5.996875,-4.024477100437097
4.3111,64.666,6,-3.9953012242169708
