"Current","Field","Frequency","Spectra"
4.0006,60.009,1,-1.4310219150879644
4.0006,60.009,1.003125,-1.387749482956626
4.0006,60.009,1.00625,-1.351545888355837
4.0006,60.009,1.0093750000000001,-1.3282164405292465
4.0006,60.009,1.0125,-1.3163146098109246
4.0006,60.009,1.015625,-1.317963329164672
4.0006,60.009,1.01875,-1.3314030783980435
4.0006,60.009,1.021875,-1.3532931502975583
4.0006,60.009,1.0250000000000001,-1.391824012923819
4.0006,60.009,1.028125,-1.4396837201636572
4.0006,60.009,1.03125,-1.4991097997526561
4.0006,60.009,1.034375,-1.5640369894637
4.0006,60.009,1.0375,-1.6337890002277273
4.0006,60.009,1.0406250000000001,-1.7052319476713844
4.0006,60.009,1.04375,-1.7730124526923068
4.0006,60.009,1.046875,-1.8401683144738539
4.0006,60.009,1.05,-1.9051094744588248
4.0006,60.009,1.053125,-1.9575364953627308
4.0006,60.009,1.0562500000000001,-2.0049149288255546
4.0006,60.009,1.059375,-2.040829502928455
4.0006,60.009,1.0625,-2.06731364625717
4.0006,60.009,1.065625,-2.0843235526780814
4.0006,60.009,1.06875,-2.088495628728438
4.0006,60.009,1.0718750000000001,-2.0814440809272057
4.0006,60.009,1.0750000000000002,-2.0631301427981645
4.0006,60.009,1.078125,-2.035405348115419
4.0006,60.009,1.08125,-1.9994442049936474
4.0006,60.009,1.084375,-1.9515824388418355
4.0006,60.009,1.0875000000000001,-1.8965111338883889
4.0006,60.009,1.0906250000000002,-1.8381223325213063
4.0006,60.009,1.09375,-1.7854136025187148
4.0006,60.009,1.096875,-1.7202683966897367
4.0006,60.009,1.1,-1.668228002205919
4.0006,60.009,1.1031250000000001,-1.624504234191721
4.0006,60.009,1.1062500000000002,-1.57104610848665
4.0006,60.009,1.109375,-1.5402793031858035
4.0006,60.009,1.1125,-1.5195537181211556
4.0006,60.009,1.115625,-1.5133529757370785
4.0006,60.009,1.1187500000000001,-1.5221318457817912
4.0006,60.009,1.1218750000000002,-1.5390884892562582
4.0006,60.009,1.125,-1.5628774050213075
4.0006,60.009,1.128125,-1.5955987707367438
4.0006,60.009,1.13125,-1.6322146590842972
4.0006,60.009,1.1343750000000001,-1.6753027521193056
4.0006,60.009,1.1375000000000002,-1.7172558746071882
4.0006,60.009,1.140625,-1.7518362659200806
4.0006,60.009,1.14375,-1.778022048883178
4.0006,60.009,1.146875,-1.801950589178794
4.0006,60.009,1.1500000000000001,-1.8170405445644646
4.0006,60.009,1.1531250000000002,-1.8224410716014408
4.0006,60.009,1.15625,-1.8181563511308896
4.0006,60.009,1.159375,-1.8047210742212383
4.0006,60.009,1.1625,-1.7847631927510554
4.0006,60.009,1.1656250000000001,-1.756101417144123
4.0006,60.009,1.1687500000000002,-1.7248077124900896
4.0006,60.009,1.171875,-1.6901116225292234
4.0006,60.009,1.175,-1.6508305150192815
4.0006,60.009,1.178125,-1.6100376358598374
4.0006,60.009,1.1812500000000001,-1.5684304536987292
4.0006,60.009,1.1843750000000002,-1.5308914825575617
4.0006,60.009,1.1875,-1.4950112476182889
4.0006,60.009,1.190625,-1.4676905461542298
4.0006,60.009,1.19375,-1.4453583812619264
4.0006,60.009,1.1968750000000001,-1.4312139594839879
4.0006,60.009,1.2000000000000002,-1.4294465186605865
4.0006,60.009,1.203125,-1.438879667900856
4.0006,60.009,1.20625,-1.463797361719951
4.0006,60.009,1.209375,-1.4968554819808297
4.0006,60.009,1.2125000000000001,-1.5403904296473037
4.0006,60.009,1.2156250000000002,-1.5995204359654438
4.0006,60.009,1.21875,-1.6616745857746045
4.0006,60.009,1.221875,-1.7296197165688496
4.0006,60.009,1.225,-1.8069337993787502
4.0006,60.009,1.2281250000000001,-1.8807006093139953
4.0006,60.009,1.2312500000000002,-1.9547015299497068
4.0006,60.009,1.234375,-2.0177515878102708
4.0006,60.009,1.2375,-2.0689391397709427
4.0006,60.009,1.240625,-2.1128193704698908
4.0006,60.009,1.2437500000000001,-2.152859662267689
4.0006,60.009,1.2468750000000002,-2.1767740179714665
4.0006,60.009,1.25,-2.1906835521188746
4.0006,60.009,1.253125,-2.1813177345672137
4.0006,60.009,1.25625,-2.1558132006273447
4.0006,60.009,1.2593750000000001,-2.1182704478967707
4.0006,60.009,1.2625000000000002,-2.0836277480411396
4.0006,60.009,1.265625,-2.0441497864866496
4.0006,60.009,1.26875,-1.9919757808819911
4.0006,60.009,1.271875,-1.9332762802678642
4.0006,60.009,1.2750000000000001,-1.8728633501738865
4.0006,60.009,1.2781250000000002,-1.8089587621376793
4.0006,60.009,1.28125,-1.7530900218232945
4.0006,60.009,1.284375,-1.7165482417311528
4.0006,60.009,1.2875,-1.680305678909067
4.0006,60.009,1.2906250000000001,-1.6525812260146953
4.0006,60.009,1.2937500000000002,-1.6365194829871965
4.0006,60.009,1.296875,-1.6333110975891447
4.0006,60.009,1.3,-1.6389652414852822
4.0006,60.009,1.303125,-1.670659074824583
4.0006,60.009,1.3062500000000001,-1.7043450641107025
4.0006,60.009,1.3093750000000002,-1.745304880632164
4.0006,60.009,1.3125,-1.7953776707550078
4.0006,60.009,1.315625,-1.8507373679626418
4.0006,60.009,1.31875,-1.9037577258132807
4.0006,60.009,1.3218750000000001,-1.9507900560791323
4.0006,60.009,1.3250000000000002,-1.997645407797091
4.0006,60.009,1.328125,-2.030482403866517
4.0006,60.009,1.33125,-2.057133546469074
4.0006,60.009,1.334375,-2.070198940259302
4.0006,60.009,1.3375000000000001,-2.0759310658083794
4.0006,60.009,1.3406250000000002,-2.0734804977743932
4.0006,60.009,1.34375,-2.054379875416621
4.0006,60.009,1.346875,-2.029252051265061
4.0006,60.009,1.35,-1.996967000937785
4.0006,60.009,1.3531250000000001,-1.9557957975247309
4.0006,60.009,1.3562500000000002,-1.9101964124654616
4.0006,60.009,1.359375,-1.8611788395469064
4.0006,60.009,1.3625,-1.8042993950972395
4.0006,60.009,1.365625,-1.7507376744195784
4.0006,60.009,1.3687500000000001,-1.6961463839884714
4.0006,60.009,1.3718750000000002,-1.6455356389522902
4.0006,60.009,1.375,-1.6055613633676489
4.0006,60.009,1.378125,-1.569590633817012
4.0006,60.009,1.38125,-1.5434212306050699
4.0006,60.009,1.3843750000000001,-1.5271234811656929
4.0006,60.009,1.3875000000000002,-1.524447648557998
4.0006,60.009,1.390625,-1.5379175520931296
4.0006,60.009,1.39375,-1.5664491729252774
4.0006,60.009,1.396875,-1.6098793486245082
4.0006,60.009,1.4000000000000001,-1.6692886736093329
4.0006,60.009,1.4031250000000002,-1.7279995759738949
4.0006,60.009,1.40625,-1.7979232298348742
4.0006,60.009,1.409375,-1.877479931397653
4.0006,60.009,1.4125,-1.9558925031988192
4.0006,60.009,1.4156250000000001,-2.030453842678388
4.0006,60.009,1.4187500000000002,-2.1016116340465842
4.0006,60.009,1.421875,-2.1619744944466817
4.0006,60.009,1.425,-2.2079209535158673
4.0006,60.009,1.428125,-2.2432479553745157
4.0006,60.009,1.4312500000000001,-2.268814964962408
4.0006,60.009,1.4343750000000002,-2.2774757705186994
4.0006,60.009,1.4375,-2.2768422117766436
4.0006,60.009,1.440625,-2.26517991401123
4.0006,60.009,1.44375,-2.242452386368026
4.0006,60.009,1.4468750000000001,-2.2128406123273408
4.0006,60.009,1.4500000000000002,-2.1736996690749946
4.0006,60.009,1.453125,-2.1291724474890508
4.0006,60.009,1.45625,-2.0831687016130602
4.0006,60.009,1.459375,-2.033264699788731
4.0006,60.009,1.4625000000000001,-1.9873004083681842
4.0006,60.009,1.4656250000000002,-1.9452866206629387
4.0006,60.009,1.46875,-1.905083475081798
4.0006,60.009,1.471875,-1.871865812703628
4.0006,60.009,1.475,-1.8458367513494047
4.0006,60.009,1.4781250000000001,-1.8317506052035508
4.0006,60.009,1.4812500000000002,-1.8260274214844217
4.0006,60.009,1.484375,-1.8297412509709285
4.0006,60.009,1.4875,-1.8475213014096843
4.0006,60.009,1.490625,-1.8737029390737137
4.0006,60.009,1.4937500000000001,-1.9136623307127267
4.0006,60.009,1.4968750000000002,-1.9586046762961375
4.0006,60.009,1.5,-2.0078538236114962
4.0006,60.009,1.503125,-2.059903539440829
4.0006,60.009,1.50625,-2.114208646811574
4.0006,60.009,1.5093750000000001,-2.164549479339202
4.0006,60.009,1.5125000000000002,-2.209685582559979
4.0006,60.009,1.515625,-2.250271055695388
4.0006,60.009,1.51875,-2.284682769526243
4.0006,60.009,1.521875,-2.30067835151998
4.0006,60.009,1.5250000000000001,-2.3022360884475432
4.0006,60.009,1.5281250000000002,-2.2953159417324906
4.0006,60.009,1.53125,-2.274929172612111
4.0006,60.009,1.534375,-2.2444630500932514
4.0006,60.009,1.5375,-2.2059020548253776
4.0006,60.009,1.5406250000000001,-2.15851581730464
4.0006,60.009,1.5437500000000002,-2.104278176170371
4.0006,60.009,1.546875,-2.044359563946852
4.0006,60.009,1.55,-1.983218834119275
4.0006,60.009,1.553125,-1.9226489251354115
4.0006,60.009,1.5562500000000001,-1.8673701581133204
4.0006,60.009,1.5593750000000002,-1.817402936813624
4.0006,60.009,1.5625,-1.7750500059988104
4.0006,60.009,1.565625,-1.7443131735156139
4.0006,60.009,1.56875,-1.7263317048200053
4.0006,60.009,1.5718750000000001,-1.7220196330749935
4.0006,60.009,1.5750000000000002,-1.7311861969907811
4.0006,60.009,1.578125,-1.7507886516192839
4.0006,60.009,1.58125,-1.7845041885921789
4.0006,60.009,1.584375,-1.8293371781511873
4.0006,60.009,1.5875000000000001,-1.8865325323779847
4.0006,60.009,1.5906250000000002,-1.9467865191551839
4.0006,60.009,1.59375,-2.0088002182553195
4.0006,60.009,1.596875,-2.072663117055713
4.0006,60.009,1.6,-2.135030434188824
4.0006,60.009,1.6031250000000001,-2.1868688705948403
4.0006,60.009,1.6062500000000002,-2.2348671153114563
4.0006,60.009,1.609375,-2.2745057392802766
4.0006,60.009,1.6125,-2.306569481866565
4.0006,60.009,1.615625,-2.324997278933857
4.0006,60.009,1.6187500000000001,-2.337344903146192
4.0006,60.009,1.6218750000000002,-2.338862519055545
4.0006,60.009,1.625,-2.330018936373705
4.0006,60.009,1.628125,-2.312199733358145
4.0006,60.009,1.63125,-2.288278786098669
4.0006,60.009,1.6343750000000001,-2.259024309397823
4.0006,60.009,1.6375000000000002,-2.2239569559410137
4.0006,60.009,1.640625,-2.1883984736941913
4.0006,60.009,1.64375,-2.148509655272516
4.0006,60.009,1.646875,-2.1077691048869
4.0006,60.009,1.6500000000000001,-2.074194640680551
4.0006,60.009,1.6531250000000002,-2.046437648943339
4.0006,60.009,1.65625,-2.0291989599621543
4.0006,60.009,1.659375,-2.019870714081183
4.0006,60.009,1.6625,-2.0226937695369087
4.0006,60.009,1.6656250000000001,-2.026971776120235
4.0006,60.009,1.6687500000000002,-2.0403141114929784
4.0006,60.009,1.671875,-2.064899886887241
4.0006,60.009,1.675,-2.104882093590211
4.0006,60.009,1.678125,-2.151082519280632
4.0006,60.009,1.6812500000000001,-2.2015343196057193
4.0006,60.009,1.6843750000000002,-2.253587925469035
4.0006,60.009,1.6875,-2.3112535864079455
4.0006,60.009,1.690625,-2.3562745725174574
4.0006,60.009,1.69375,-2.3989902277957347
4.0006,60.009,1.6968750000000001,-2.431549966928335
4.0006,60.009,1.7000000000000002,-2.454900352750239
4.0006,60.009,1.703125,-2.467565426001052
4.0006,60.009,1.70625,-2.4673449441605646
4.0006,60.009,1.709375,-2.4586756907148106
4.0006,60.009,1.7125000000000001,-2.443234176270053
4.0006,60.009,1.7156250000000002,-2.416379068819993
4.0006,60.009,1.71875,-2.380662148150637
4.0006,60.009,1.721875,-2.337892698292862
4.0006,60.009,1.725,-2.2935638210736005
4.0006,60.009,1.7281250000000001,-2.244688253291108
4.0006,60.009,1.7312500000000002,-2.1931922217312874
4.0006,60.009,1.734375,-2.141017683863738
4.0006,60.009,1.7375,-2.0945476870395967
4.0006,60.009,1.740625,-2.050560980761112
4.0006,60.009,1.7437500000000001,-2.009321507211646
4.0006,60.009,1.7468750000000002,-1.9721747760405752
4.0006,60.009,1.75,-1.9465874853775937
4.0006,60.009,1.753125,-1.930549000249617
4.0006,60.009,1.75625,-1.9255746298043919
4.0006,60.009,1.7593750000000001,-1.9358474388587357
4.0006,60.009,1.7625000000000002,-1.9549243008929529
4.0006,60.009,1.765625,-1.9905938428609338
4.0006,60.009,1.76875,-2.033231055191339
4.0006,60.009,1.771875,-2.084294311679272
4.0006,60.009,1.7750000000000001,-2.1436925449987534
4.0006,60.009,1.7781250000000002,-2.200889689816559
4.0006,60.009,1.78125,-2.2609908034659516
4.0006,60.009,1.784375,-2.3195700271100264
4.0006,60.009,1.7875,-2.3699888596714884
4.0006,60.009,1.7906250000000001,-2.41052623841111
4.0006,60.009,1.7937500000000002,-2.437299011639387
4.0006,60.009,1.7968750000000002,-2.4512738115245787
4.0006,60.009,1.8,-2.4609329315803303
4.0006,60.009,1.803125,-2.4517032102723855
4.0006,60.009,1.8062500000000001,-2.430512968703863
4.0006,60.009,1.8093750000000002,-2.404090414253243
4.0006,60.009,1.8125000000000002,-2.3705423383919104
4.0006,60.009,1.815625,-2.331060852715457
4.0006,60.009,1.81875,-2.2865641917953266
4.0006,60.009,1.8218750000000001,-2.2454240442519917
4.0006,60.009,1.8250000000000002,-2.200391907555392
4.0006,60.009,1.8281250000000002,-2.160025527315529
4.0006,60.009,1.83125,-2.1276458285714104
4.0006,60.009,1.834375,-2.0984486458959055
4.0006,60.009,1.8375000000000001,-2.0821870854593434
4.0006,60.009,1.8406250000000002,-2.0708067704219117
4.0006,60.009,1.8437500000000002,-2.0770613345841165
4.0006,60.009,1.846875,-2.0932046590689493
4.0006,60.009,1.85,-2.117068535777646
4.0006,60.009,1.8531250000000001,-2.1554114709377
4.0006,60.009,1.8562500000000002,-2.2012037233068846
4.0006,60.009,1.8593750000000002,-2.256362146107331
4.0006,60.009,1.8625,-2.3204912578890506
4.0006,60.009,1.865625,-2.3853080040418675
4.0006,60.009,1.8687500000000001,-2.454507888468095
4.0006,60.009,1.8718750000000002,-2.515003154123931
4.0006,60.009,1.8750000000000002,-2.5735024653435823
4.0006,60.009,1.878125,-2.6211344646264267
4.0006,60.009,1.88125,-2.6592062451761573
4.0006,60.009,1.8843750000000001,-2.689151449076224
4.0006,60.009,1.8875000000000002,-2.7038828772332772
4.0006,60.009,1.8906250000000002,-2.7053459641214443
4.0006,60.009,1.89375,-2.6924799391068714
4.0006,60.009,1.896875,-2.663051576883624
4.0006,60.009,1.9000000000000001,-2.6292128471816305
4.0006,60.009,1.9031250000000002,-2.581637636023429
4.0006,60.009,1.9062500000000002,-2.524775925021115
4.0006,60.009,1.909375,-2.466006210603671
4.0006,60.009,1.9125,-2.3974619507435038
4.0006,60.009,1.9156250000000001,-2.330014365071877
4.0006,60.009,1.9187500000000002,-2.2604262386157528
4.0006,60.009,1.9218750000000002,-2.1962110638391694
4.0006,60.009,1.925,-2.1370459060361453
4.0006,60.009,1.928125,-2.084524443127934
4.0006,60.009,1.9312500000000001,-2.042930473282749
4.0006,60.009,1.9343750000000002,-2.0147945474708924
4.0006,60.009,1.9375000000000002,-1.9985383509431973
4.0006,60.009,1.940625,-1.999558096809878
4.0006,60.009,1.94375,-2.0130491634658068
4.0006,60.009,1.9468750000000001,-2.0431417746028364
4.0006,60.009,1.9500000000000002,-2.0829359371476013
4.0006,60.009,1.9531250000000002,-2.1366106306951305
4.0006,60.009,1.95625,-2.1980687587634593
4.0006,60.009,1.959375,-2.262106783096238
4.0006,60.009,1.9625000000000001,-2.327268692967353
4.0006,60.009,1.9656250000000002,-2.3931564480773373
4.0006,60.009,1.9687500000000002,-2.450131524894585
4.0006,60.009,1.971875,-2.4980383997407056
4.0006,60.009,1.975,-2.5362061299858887
4.0006,60.009,1.9781250000000001,-2.5601390372072377
4.0006,60.009,1.9812500000000002,-2.573895068506074
4.0006,60.009,1.9843750000000002,-2.5742289382467316
4.0006,60.009,1.9875,-2.560843403264336
4.0006,60.009,1.990625,-2.5389841265467443
4.0006,60.009,1.9937500000000001,-2.5033208850211803
4.0006,60.009,1.9968750000000002,-2.4604716783014573
4.0006,60.009,2,-2.4144564925594594
4.0006,60.009,2.0031250000000003,-2.360764983947929
4.0006,60.009,2.00625,-2.302776570559712
4.0006,60.009,2.009375,-2.2484677704952465
4.0006,60.009,2.0125,-2.200525882833502
4.0006,60.009,2.015625,-2.156921663435126
4.0006,60.009,2.0187500000000003,-2.1191266027204816
4.0006,60.009,2.021875,-2.091587447410748
4.0006,60.009,2.025,-2.0759039223692213
4.0006,60.009,2.028125,-2.074308657337362
4.0006,60.009,2.03125,-2.089821179152285
4.0006,60.009,2.0343750000000003,-2.1225943400412053
4.0006,60.009,2.0375,-2.1712707074643625
4.0006,60.009,2.040625,-2.232327704884925
4.0006,60.009,2.04375,-2.3042492171377753
4.0006,60.009,2.046875,-2.3870905678048935
4.0006,60.009,2.0500000000000003,-2.4686119732475054
4.0006,60.009,2.053125,-2.554438061439419
4.0006,60.009,2.05625,-2.6366124055212214
4.0006,60.009,2.059375,-2.7078746901056134
4.0006,60.009,2.0625,-2.76338130372923
4.0006,60.009,2.0656250000000003,-2.807349830647994
4.0006,60.009,2.06875,-2.8348794627515783
4.0006,60.009,2.071875,-2.8475138516462914
4.0006,60.009,2.075,-2.84450479614919
4.0006,60.009,2.078125,-2.826486142309032
4.0006,60.009,2.0812500000000003,-2.793947190491589
4.0006,60.009,2.084375,-2.7488641728327727
4.0006,60.009,2.0875,-2.695664927145816
4.0006,60.009,2.090625,-2.6329067621140583
4.0006,60.009,2.09375,-2.5697032543897214
4.0006,60.009,2.0968750000000003,-2.499565023597041
4.0006,60.009,2.1,-2.4329283377810196
4.0006,60.009,2.103125,-2.366058656445143
4.0006,60.009,2.10625,-2.305061008587596
4.0006,60.009,2.109375,-2.2540482145700884
4.0006,60.009,2.1125000000000003,-2.205116333730721
4.0006,60.009,2.115625,-2.171934473900249
4.0006,60.009,2.11875,-2.144310756878178
4.0006,60.009,2.121875,-2.1305619421850728
4.0006,60.009,2.125,-2.1335354948520426
4.0006,60.009,2.1281250000000003,-2.1537948120099597
4.0006,60.009,2.13125,-2.1875923682415017
4.0006,60.009,2.134375,-2.2356810056651795
4.0006,60.009,2.1375,-2.2947687236994034
4.0006,60.009,2.140625,-2.3622738978232114
4.0006,60.009,2.1437500000000003,-2.4324734505023735
4.0006,60.009,2.146875,-2.5047371239223977
4.0006,60.009,2.1500000000000004,-2.5769239700692137
4.0006,60.009,2.153125,-2.637915060605645
4.0006,60.009,2.15625,-2.689094290319755
4.0006,60.009,2.1593750000000003,-2.7273411687649114
4.0006,60.009,2.1625,-2.7473063714822605
4.0006,60.009,2.1656250000000004,-2.748511448028417
4.0006,60.009,2.16875,-2.734722749890217
4.0006,60.009,2.171875,-2.7070885546672323
4.0006,60.009,2.1750000000000003,-2.6608444875550523
4.0006,60.009,2.178125,-2.6024412451709167
4.0006,60.009,2.1812500000000004,-2.5398662437153203
4.0006,60.009,2.184375,-2.469134891277208
4.0006,60.009,2.1875,-2.39810629683273
4.0006,60.009,2.1906250000000003,-2.3213652716208575
4.0006,60.009,2.19375,-2.2511483271591577
4.0006,60.009,2.1968750000000004,-2.1862372727908532
4.0006,60.009,2.2,-2.132525001578137
4.0006,60.009,2.203125,-2.090465745683993
4.0006,60.009,2.2062500000000003,-2.0608895615591067
4.0006,60.009,2.209375,-2.047260964123732
4.0006,60.009,2.2125000000000004,-2.045602224546875
4.0006,60.009,2.215625,-2.06322310134221
4.0006,60.009,2.21875,-2.0992732611778777
4.0006,60.009,2.2218750000000003,-2.150093086301589
4.0006,60.009,2.225,-2.216749113500086
4.0006,60.009,2.2281250000000004,-2.296579499127972
4.0006,60.009,2.23125,-2.3834706484946446
4.0006,60.009,2.234375,-2.4762516974545195
4.0006,60.009,2.2375000000000003,-2.570009950680237
4.0006,60.009,2.240625,-2.6589497525012282
4.0006,60.009,2.2437500000000004,-2.745192700021313
4.0006,60.009,2.246875,-2.820844049297819
4.0006,60.009,2.25,-2.885274229462423
4.0006,60.009,2.2531250000000003,-2.936167239286357
4.0006,60.009,2.25625,-2.9726954249312074
4.0006,60.009,2.2593750000000004,-2.993072110109823
4.0006,60.009,2.2625,-2.999801536718854
4.0006,60.009,2.265625,-2.9871131746130586
4.0006,60.009,2.2687500000000003,-2.9649308664924057
4.0006,60.009,2.271875,-2.931333293158765
4.0006,60.009,2.2750000000000004,-2.889758181799005
4.0006,60.009,2.278125,-2.8423951482580696
4.0006,60.009,2.28125,-2.7945197553854855
4.0006,60.009,2.2843750000000003,-2.7447775646189125
4.0006,60.009,2.2875,-2.690018162246703
4.0006,60.009,2.2906250000000004,-2.6493157115150536
4.0006,60.009,2.29375,-2.618629638726393
4.0006,60.009,2.296875,-2.6011534317175693
4.0006,60.009,2.3000000000000003,-2.6021294505277575
4.0006,60.009,2.303125,-2.623003661624006
4.0006,60.009,2.3062500000000004,-2.672065279133651
4.0006,60.009,2.309375,-2.7462733545721547
4.0006,60.009,2.3125,-2.8510717063352105
4.0006,60.009,2.3156250000000003,-2.984987064146244
4.0006,60.009,2.31875,-3.1455747325384777
4.0006,60.009,2.3218750000000004,-3.330283293704378
4.0006,60.009,2.325,-3.5371112964538827
4.0006,60.009,2.328125,-3.7526729335741655
4.0006,60.009,2.3312500000000003,-3.9597237843764677
4.0006,60.009,2.334375,-4.1471977357714565
4.0006,60.009,2.3375000000000004,-4.303327876386069
4.0006,60.009,2.340625,-4.410123216521901
4.0006,60.009,2.34375,-4.468490130251218
4.0006,60.009,2.3468750000000003,-4.478131348907825
4.0006,60.009,2.35,-4.447722791031646
4.0006,60.009,2.3531250000000004,-4.378522790749621
4.0006,60.009,2.35625,-4.285085251442155
4.0006,60.009,2.359375,-4.176437226983972
4.0006,60.009,2.3625000000000003,-4.05967283802073
4.0006,60.009,2.365625,-3.936608137754827
4.0006,60.009,2.3687500000000004,-3.807948031547878
4.0006,60.009,2.371875,-3.6827902405641133
4.0006,60.009,2.375,-3.556637397944445
4.0006,60.009,2.3781250000000003,-3.4342399299128528
4.0006,60.009,2.38125,-3.317910756786391
4.0006,60.009,2.3843750000000004,-3.2086378986638864
4.0006,60.009,2.3875,-3.1079190031230794
4.0006,60.009,2.390625,-3.016919643853176
4.0006,60.009,2.3937500000000003,-2.9398205721909436
4.0006,60.009,2.396875,-2.8785179085831434
4.0006,60.009,2.4000000000000004,-2.841535501080374
4.0006,60.009,2.403125,-2.8234920290437326
4.0006,60.009,2.40625,-2.8296956776038504
4.0006,60.009,2.4093750000000003,-2.8594265979111007
4.0006,60.009,2.4125,-2.911265033053671
4.0006,60.009,2.4156250000000004,-2.985348432697968
4.0006,60.009,2.41875,-3.084420509765579
4.0006,60.009,2.421875,-3.2109309766049265
4.0006,60.009,2.4250000000000003,-3.389727900507209
4.0006,60.009,2.428125,-3.6984131267028064
4.0006,60.009,2.4312500000000004,-4.376047087031424
4.0006,60.009,2.434375,-4.774127179141595
4.0006,60.009,2.4375,-4.086832680993972
4.0006,60.009,2.4406250000000003,-3.7795471503894733
4.0006,60.009,2.44375,-3.6712464897251413
4.0006,60.009,2.4468750000000004,-3.6107153076029115
4.0006,60.009,2.45,-3.5582502131687894
4.0006,60.009,2.453125,-3.500359077593309
4.0006,60.009,2.4562500000000003,-3.433238228797321
4.0006,60.009,2.459375,-3.3577681193382642
4.0006,60.009,2.4625000000000004,-3.2709235063511004
4.0006,60.009,2.465625,-3.1796889163136766
4.0006,60.009,2.46875,-3.0899765303038498
4.0006,60.009,2.4718750000000003,-2.9989677767207104
4.0006,60.009,2.475,-2.911137136136952
4.0006,60.009,2.4781250000000004,-2.8312217206912944
4.0006,60.009,2.48125,-2.7595193001080656
4.0006,60.009,2.484375,-2.6983244796269927
4.0006,60.009,2.4875000000000003,-2.6473348184999845
4.0006,60.009,2.490625,-2.6140408148452043
4.0006,60.009,2.4937500000000004,-2.592825269901335
4.0006,60.009,2.496875,-2.5891358214574955
4.0006,60.009,2.5,-2.6069134518313675
4.0006,60.009,2.5031250000000003,-2.636895642511436
4.0006,60.009,2.50625,-2.6797117596456377
4.0006,60.009,2.5093750000000004,-2.7349656493706305
4.0006,60.009,2.5125,-2.803490598838085
4.0006,60.009,2.515625,-2.8793629179497957
4.0006,60.009,2.5187500000000003,-2.955003994810693
4.0006,60.009,2.521875,-3.0309972110856123
4.0006,60.009,2.5250000000000004,-3.0998707977622337
4.0006,60.009,2.528125,-3.162767788516641
4.0006,60.009,2.53125,-3.216740607449651
4.0006,60.009,2.5343750000000003,-3.2484322779971766
4.0006,60.009,2.5375,-3.2643482212236714
4.0006,60.009,2.5406250000000004,-3.265085176865549
4.0006,60.009,2.54375,-3.2439142962318885
4.0006,60.009,2.546875,-3.2057532764877457
4.0006,60.009,2.5500000000000003,-3.1541137126612115
4.0006,60.009,2.553125,-3.089247317090382
4.0006,60.009,2.5562500000000004,-3.008808247963825
4.0006,60.009,2.559375,-2.918129069588849
4.0006,60.009,2.5625,-2.8254410239747454
4.0006,60.009,2.5656250000000003,-2.7295383043511157
4.0006,60.009,2.56875,-2.635346750455165
4.0006,60.009,2.5718750000000004,-2.548974735941279
4.0006,60.009,2.575,-2.4744629027547234
4.0006,60.009,2.578125,-2.411613233247173
4.0006,60.009,2.5812500000000003,-2.364501883925217
4.0006,60.009,2.584375,-2.3398819781156726
4.0006,60.009,2.5875000000000004,-2.334147774701472
4.0006,60.009,2.590625,-2.347362490954412
4.0006,60.009,2.59375,-2.3810850621279704
4.0006,60.009,2.5968750000000003,-2.432330318666111
4.0006,60.009,2.6,-2.50737154198367
4.0006,60.009,2.6031250000000004,-2.588930646953
4.0006,60.009,2.60625,-2.677961228534631
4.0006,60.009,2.609375,-2.7686587177236994
4.0006,60.009,2.6125000000000003,-2.8546611426640958
4.0006,60.009,2.615625,-2.933137266471215
4.0006,60.009,2.6187500000000004,-2.9992009314050194
4.0006,60.009,2.621875,-3.058079428721319
4.0006,60.009,2.625,-3.0985277479665916
4.0006,60.009,2.6281250000000003,-3.1260204182974016
4.0006,60.009,2.63125,-3.134460537234606
4.0006,60.009,2.6343750000000004,-3.127658372096416
4.0006,60.009,2.6375,-3.1030425593360245
4.0006,60.009,2.640625,-3.0753528323752444
4.0006,60.009,2.6437500000000003,-3.0329865481213636
4.0006,60.009,2.646875,-2.9825973865433912
4.0006,60.009,2.6500000000000004,-2.9300385548077985
4.0006,60.009,2.653125,-2.8726047153004286
4.0006,60.009,2.65625,-2.810751910483393
4.0006,60.009,2.6593750000000003,-2.7512470108852978
4.0006,60.009,2.6625,-2.6920401621076313
4.0006,60.009,2.6656250000000004,-2.6452328659522886
4.0006,60.009,2.66875,-2.6009868766816218
4.0006,60.009,2.671875,-2.568291136329122
4.0006,60.009,2.6750000000000003,-2.5509730556023786
4.0006,60.009,2.678125,-2.548365471741632
4.0006,60.009,2.6812500000000004,-2.5605717280874796
4.0006,60.009,2.684375,-2.587593536137123
4.0006,60.009,2.6875,-2.6325532772463935
4.0006,60.009,2.6906250000000003,-2.6910956036230016
4.0006,60.009,2.69375,-2.7575311615156894
4.0006,60.009,2.6968750000000004,-2.8366009865826407
4.0006,60.009,2.7,-2.9207368296063874
4.0006,60.009,2.703125,-3.0035582578377267
4.0006,60.009,2.7062500000000003,-3.083176560885048
4.0006,60.009,2.709375,-3.156935404692531
4.0006,60.009,2.7125000000000004,-3.223229837677693
4.0006,60.009,2.715625,-3.266829903607524
4.0006,60.009,2.71875,-3.3021881901639416
4.0006,60.009,2.7218750000000003,-3.322510735731255
4.0006,60.009,2.725,-3.3299186782642973
4.0006,60.009,2.7281250000000004,-3.322931513461474
4.0006,60.009,2.73125,-3.3229040351566645
4.0006,60.009,2.734375,-3.307935975407681
4.0006,60.009,2.7375000000000003,-3.280966459603915
4.0006,60.009,2.740625,-3.2479309832781276
4.0006,60.009,2.7437500000000004,-3.2223304134066995
4.0006,60.009,2.746875,-3.1877429392676144
4.0006,60.009,2.75,-3.1284193949603583
4.0006,60.009,2.7531250000000003,-3.0581950154332533
4.0006,60.009,2.75625,-2.986511469020944
4.0006,60.009,2.7593750000000004,-2.9140287409383614
4.0006,60.009,2.7625,-2.877147478495367
4.0006,60.009,2.765625,-2.8381724854454955
4.0006,60.009,2.7687500000000003,-2.8221610639010586
4.0006,60.009,2.771875,-2.8213632631563663
4.0006,60.009,2.7750000000000004,-2.842734405310959
4.0006,60.009,2.778125,-2.883633854038874
4.0006,60.009,2.78125,-2.937098898024443
4.0006,60.009,2.7843750000000003,-3.0063261379400847
4.0006,60.009,2.7875,-3.080427471488888
4.0006,60.009,2.7906250000000004,-3.1664126838472058
4.0006,60.009,2.79375,-3.2515466548835716
4.0006,60.009,2.796875,-3.3372561266880925
4.0006,60.009,2.8000000000000003,-3.4173165539035595
4.0006,60.009,2.803125,-3.489227144230496
4.0006,60.009,2.8062500000000004,-3.548799503899536
4.0006,60.009,2.809375,-3.593635696731956
4.0006,60.009,2.8125,-3.6218172284101535
4.0006,60.009,2.8156250000000003,-3.638232883830559
4.0006,60.009,2.81875,-3.635885260687023
4.0006,60.009,2.8218750000000004,-3.62454351489282
4.0006,60.009,2.825,-3.6013284617108314
4.0006,60.009,2.828125,-3.5671516305792723
4.0006,60.009,2.8312500000000003,-3.5290234190672853
4.0006,60.009,2.834375,-3.4833470594584313
4.0006,60.009,2.8375000000000004,-3.4384785621893683
4.0006,60.009,2.840625,-3.398327777535157
4.0006,60.009,2.84375,-3.3629123612130596
4.0006,60.009,2.8468750000000003,-3.3370785541371264
4.0006,60.009,2.85,-3.319851691326022
4.0006,60.009,2.8531250000000004,-3.317217535273195
4.0006,60.009,2.85625,-3.3365333431163173
4.0006,60.009,2.859375,-3.3657234412761854
4.0006,60.009,2.8625000000000003,-3.4143250404393855
4.0006,60.009,2.865625,-3.480535168726745
4.0006,60.009,2.8687500000000004,-3.5618983237754414
4.0006,60.009,2.871875,-3.6558111445772696
4.0006,60.009,2.875,-3.7612870158925187
4.0006,60.009,2.8781250000000003,-3.8771860531039892
4.0006,60.009,2.88125,-3.9896614277822655
4.0006,60.009,2.8843750000000004,-4.099474583545527
4.0006,60.009,2.8875,-4.205593486980887
4.0006,60.009,2.890625,-4.299693475888668
4.0006,60.009,2.8937500000000003,-4.385436782006101
4.0006,60.009,2.896875,-4.452440004021458
4.0006,60.009,2.9000000000000004,-4.50633757297489
4.0006,60.009,2.903125,-4.548503471025937
4.0006,60.009,2.90625,-4.567485414227818
4.0006,60.009,2.9093750000000003,-4.579157541906195
4.0006,60.009,2.9125,-4.58193455500577
4.0006,60.009,2.9156250000000004,-4.578184792408133
4.0006,60.009,2.91875,-4.572324656063557
4.0006,60.009,2.921875,-4.5622494379773935
4.0006,60.009,2.9250000000000003,-4.5565676064202885
4.0006,60.009,2.928125,-4.555907922598892
4.0006,60.009,2.9312500000000004,-4.5582702174416125
4.0006,60.009,2.934375,-4.571296180513239
4.0006,60.009,2.9375,-4.592292761353471
4.0006,60.009,2.9406250000000003,-4.628065927592135
4.0006,60.009,2.94375,-4.673830790529106
4.0006,60.009,2.9468750000000004,-4.730362581128596
4.0006,60.009,2.95,-4.79240251439606
4.0006,60.009,2.953125,-4.868734846681399
4.0006,60.009,2.9562500000000003,-4.938482672158107
4.0006,60.009,2.959375,-5.007818252984287
4.0006,60.009,2.9625000000000004,-5.072963177880416
4.0006,60.009,2.965625,-5.131148499939389
4.0006,60.009,2.96875,-5.173656328498336
4.0006,60.009,2.9718750000000003,-5.203724055777696
4.0006,60.009,2.975,-5.213442595102444
4.0006,60.009,2.9781250000000004,-5.2107083148049815
4.0006,60.009,2.98125,-5.188164464603069
4.0006,60.009,2.984375,-5.146964743446682
4.0006,60.009,2.9875000000000003,-5.089693284212227
4.0006,60.009,2.990625,-5.019695340510436
4.0006,60.009,2.9937500000000004,-4.933223727381797
4.0006,60.009,2.996875,-4.830668136702589
4.0006,60.009,3,-4.719284232770821
4.0006,60.009,3.0031250000000003,-4.602123662864735
4.0006,60.009,3.00625,-4.473138646295544
4.0006,60.009,3.0093750000000004,-4.346347690575106
4.0006,60.009,3.0125,-4.216165321230173
4.0006,60.009,3.015625,-4.092274472859859
4.0006,60.009,3.0187500000000003,-3.974762751518833
4.0006,60.009,3.021875,-3.863239889647752
4.0006,60.009,3.0250000000000004,-3.7621891870567743
4.0006,60.009,3.028125,-3.6726793468614134
4.0006,60.009,3.03125,-3.598151150507969
4.0006,60.009,3.0343750000000003,-3.5398882492494774
4.0006,60.009,3.0375,-3.4967102893929667
4.0006,60.009,3.0406250000000004,-3.466021793803982
4.0006,60.009,3.04375,-3.4579870303880913
4.0006,60.009,3.046875,-3.4677207608830765
4.0006,60.009,3.0500000000000003,-3.4859427932588622
4.0006,60.009,3.053125,-3.5197925967030135
4.0006,60.009,3.0562500000000004,-3.5694284726545704
4.0006,60.009,3.059375,-3.6215701816488495
4.0006,60.009,3.0625,-3.6801584460803434
4.0006,60.009,3.0656250000000003,-3.740966862465474
4.0006,60.009,3.06875,-3.801264316367401
4.0006,60.009,3.0718750000000004,-3.8561415908777357
4.0006,60.009,3.075,-3.901062800160775
4.0006,60.009,3.078125,-3.934033703360729
4.0006,60.009,3.0812500000000003,-3.9515070442177325
4.0006,60.009,3.084375,-3.9627427318896995
4.0006,60.009,3.0875000000000004,-3.9505235581203517
4.0006,60.009,3.090625,-3.9319215395014613
4.0006,60.009,3.09375,-3.898852512168904
4.0006,60.009,3.0968750000000003,-3.8500228871920235
4.0006,60.009,3.1,-3.7993552346926034
4.0006,60.009,3.1031250000000004,-3.7387576545439276
4.0006,60.009,3.10625,-3.6731571169751183
4.0006,60.009,3.109375,-3.605422629471588
4.0006,60.009,3.1125000000000003,-3.5407551827159827
4.0006,60.009,3.115625,-3.4744548209791843
4.0006,60.009,3.1187500000000004,-3.407624096451353
4.0006,60.009,3.121875,-3.3466906827384095
4.0006,60.009,3.125,-3.291800216928743
4.0006,60.009,3.1281250000000003,-3.2491659227658753
4.0006,60.009,3.13125,-3.2231818225467395
4.0006,60.009,3.1343750000000004,-3.214705356923951
4.0006,60.009,3.1375,-3.2255874420653825
4.0006,60.009,3.140625,-3.2489062618857254
4.0006,60.009,3.1437500000000003,-3.294429961607805
4.0006,60.009,3.146875,-3.3508080133924585
4.0006,60.009,3.1500000000000004,-3.4206605970099297
4.0006,60.009,3.153125,-3.4922151508239714
4.0006,60.009,3.15625,-3.5738659527662646
4.0006,60.009,3.1593750000000003,-3.6566826357703235
4.0006,60.009,3.1625,-3.7320468271159966
4.0006,60.009,3.1656250000000004,-3.7976500559346977
4.0006,60.009,3.16875,-3.8533039052514733
4.0006,60.009,3.171875,-3.8953744092107625
4.0006,60.009,3.1750000000000003,-3.9216272650849406
4.0006,60.009,3.178125,-3.933546082022619
4.0006,60.009,3.1812500000000004,-3.9314499274549686
4.0006,60.009,3.184375,-3.9164282931140146
4.0006,60.009,3.1875,-3.889350077119598
4.0006,60.009,3.1906250000000003,-3.8554072917775137
4.0006,60.009,3.19375,-3.812419612304403
4.0006,60.009,3.1968750000000004,-3.7661007048273243
4.0006,60.009,3.2,-3.714206643730095
4.0006,60.009,3.203125,-3.6601155686751143
4.0006,60.009,3.2062500000000003,-3.6108379091086418
4.0006,60.009,3.209375,-3.5608487292294573
4.0006,60.009,3.2125000000000004,-3.5200734721889306
4.0006,60.009,3.215625,-3.489668664084378
4.0006,60.009,3.21875,-3.466787694602054
4.0006,60.009,3.2218750000000003,-3.4580759794645974
4.0006,60.009,3.225,-3.461609088283897
4.0006,60.009,3.2281250000000004,-3.483164715554544
4.0006,60.009,3.23125,-3.512565250414985
4.0006,60.009,3.234375,-3.56014396162169
4.0006,60.009,3.2375000000000003,-3.6231236451527264
4.0006,60.009,3.240625,-3.694316334983526
4.0006,60.009,3.2437500000000004,-3.7814511153094026
4.0006,60.009,3.246875,-3.861259773231721
4.0006,60.009,3.25,-3.936324306574643
4.0006,60.009,3.2531250000000003,-4.009510151114528
4.0006,60.009,3.25625,-4.067848207889119
4.0006,60.009,3.2593750000000004,-4.12617642678266
4.0006,60.009,3.2625,-4.166152343823973
4.0006,60.009,3.265625,-4.193527636812295
4.0006,60.009,3.2687500000000003,-4.216625667093417
4.0006,60.009,3.271875,-4.222249081308819
4.0006,60.009,3.2750000000000004,-4.214759403352934
4.0006,60.009,3.278125,-4.202702702022864
4.0006,60.009,3.28125,-4.184471412560543
4.0006,60.009,3.2843750000000003,-4.158173497618264
4.0006,60.009,3.2875,-4.135532251628388
4.0006,60.009,3.2906250000000004,-4.116027203650229
4.0006,60.009,3.29375,-4.100850529443696
4.0006,60.009,3.296875,-4.087917773248801
4.0006,60.009,3.3000000000000003,-4.083307941920282
4.0006,60.009,3.303125,-4.087188297249128
4.0006,60.009,3.3062500000000004,-4.101130754135493
4.0006,60.009,3.309375,-4.123255436482486
4.0006,60.009,3.3125,-4.158392529807836
4.0006,60.009,3.3156250000000003,-4.209316819404344
4.0006,60.009,3.31875,-4.269430458729062
4.0006,60.009,3.3218750000000004,-4.345681473269751
4.0006,60.009,3.325,-4.432085486005831
4.0006,60.009,3.328125,-4.5306526249148185
4.0006,60.009,3.3312500000000003,-4.632403575636658
4.0006,60.009,3.334375,-4.744093337375956
4.0006,60.009,3.3375000000000004,-4.855685108478836
4.0006,60.009,3.340625,-4.971464066330074
4.0006,60.009,3.34375,-5.073243629133051
4.0006,60.009,3.3468750000000003,-5.177176320428849
4.0006,60.009,3.35,-5.268334682215288
4.0006,60.009,3.3531250000000004,-5.343194023632752
4.0006,60.009,3.35625,-5.4122276023136155
4.0006,60.009,3.359375,-5.463806712266402
4.0006,60.009,3.3625000000000003,-5.502971214391098
4.0006,60.009,3.365625,-5.532934834680887
4.0006,60.009,3.3687500000000004,-5.553195910474075
4.0006,60.009,3.371875,-5.566944994582466
4.0006,60.009,3.375,-5.5730226270496805
4.0006,60.009,3.3781250000000003,-5.569977242559213
4.0006,60.009,3.38125,-5.566945994860145
4.0006,60.009,3.3843750000000004,-5.556143632857909
4.0006,60.009,3.3875,-5.537051219670274
4.0006,60.009,3.390625,-5.513233542947786
4.0006,60.009,3.3937500000000003,-5.482695828295831
4.0006,60.009,3.396875,-5.450939725303891
4.0006,60.009,3.4000000000000004,-5.415297910261282
4.0006,60.009,3.403125,-5.393873781647543
4.0006,60.009,3.40625,-5.387459628344251
4.0006,60.009,3.4093750000000003,-5.375808252665512
4.0006,60.009,3.4125,-5.378995018951254
4.0006,60.009,3.4156250000000004,-5.400360045721304
4.0006,60.009,3.41875,-5.424051004648099
4.0006,60.009,3.421875,-5.450118974220698
4.0006,60.009,3.4250000000000003,-5.4782453489803
4.0006,60.009,3.428125,-5.514633134288255
4.0006,60.009,3.4312500000000004,-5.535231612032897
4.0006,60.009,3.434375,-5.55143523210321
4.0006,60.009,3.4375,-5.565968996258914
4.0006,60.009,3.4406250000000003,-5.558952299398565
4.0006,60.009,3.44375,-5.544806327485954
4.0006,60.009,3.4468750000000004,-5.517909770468518
4.0006,60.009,3.45,-5.479030169174214
4.0006,60.009,3.453125,-5.432321677869773
4.0006,60.009,3.4562500000000003,-5.378280761828932
4.0006,60.009,3.459375,-5.319050045219186
4.0006,60.009,3.4625000000000004,-5.255193696565588
4.0006,60.009,3.465625,-5.188905926498882
4.0006,60.009,3.46875,-5.1185776743356115
4.0006,60.009,3.4718750000000003,-5.05153937283308
4.0006,60.009,3.475,-4.986860020374497
4.0006,60.009,3.4781250000000004,-4.924857199133826
4.0006,60.009,3.48125,-4.867560720549809
4.0006,60.009,3.484375,-4.824445837316107
4.0006,60.009,3.4875000000000003,-4.787474038918106
4.0006,60.009,3.490625,-4.7646366478168165
4.0006,60.009,3.4937500000000004,-4.758710502166773
4.0006,60.009,3.496875,-4.761941703656263
4.0006,60.009,3.5,-4.788229175430489
4.0006,60.009,3.5031250000000003,-4.835981823265902
4.0006,60.009,3.50625,-4.906680061634991
4.0006,60.009,3.5093750000000004,-4.993672138411794
4.0006,60.009,3.5125,-5.08840076345935
4.0006,60.009,3.515625,-5.167192848281487
4.0006,60.009,3.5187500000000003,-5.23150853882407
4.0006,60.009,3.521875,-5.284957844428474
4.0006,60.009,3.5250000000000004,-5.335256210481804
4.0006,60.009,3.528125,-5.382678557962981
4.0006,60.009,3.53125,-5.423257269818222
4.0006,60.009,3.5343750000000003,-5.446942174539933
4.0006,60.009,3.5375,-5.453459645640076
4.0006,60.009,3.5406250000000004,-5.447246431643351
4.0006,60.009,3.54375,-5.425938603693254
4.0006,60.009,3.546875,-5.386077756033155
4.0006,60.009,3.5500000000000003,-5.336677763662779
4.0006,60.009,3.553125,-5.272745630222122
4.0006,60.009,3.5562500000000004,-5.2059841032420735
4.0006,60.009,3.559375,-5.137159742777455
4.0006,60.009,3.5625,-5.070577536159742
4.0006,60.009,3.5656250000000003,-5.010408854390947
4.0006,60.009,3.56875,-4.957001835110445
4.0006,60.009,3.5718750000000004,-4.9124552250423195
4.0006,60.009,3.575,-4.8778372153794
4.0006,60.009,3.5781250000000004,-4.855193359641479
4.0006,60.009,3.5812500000000003,-4.852721323710459
4.0006,60.009,3.584375,-4.863329312737072
4.0006,60.009,3.5875000000000004,-4.885097403209232
4.0006,60.009,3.590625,-4.923383797827563
4.0006,60.009,3.5937500000000004,-4.972300271064416
4.0006,60.009,3.5968750000000003,-5.037647712198372
4.0006,60.009,3.6,-5.1111865876809315
4.0006,60.009,3.6031250000000004,-5.197243500844987
4.0006,60.009,3.60625,-5.29659385725104
4.0006,60.009,3.6093750000000004,-5.401677090720787
4.0006,60.009,3.6125000000000003,-5.507247701129021
4.0006,60.009,3.615625,-5.605642721768521
4.0006,60.009,3.6187500000000004,-5.6871615752751286
4.0006,60.009,3.621875,-5.744889184979183
4.0006,60.009,3.6250000000000004,-5.796008243358825
4.0006,60.009,3.6281250000000003,-5.834277362151022
4.0006,60.009,3.63125,-5.856614536105842
4.0006,60.009,3.6343750000000004,-5.865980874131611
4.0006,60.009,3.6375,-5.872776375367026
4.0006,60.009,3.6406250000000004,-5.884519697799334
4.0006,60.009,3.6437500000000003,-5.91157455639004
4.0006,60.009,3.646875,-5.93246727805207
4.0006,60.009,3.6500000000000004,-5.920418909599271
4.0006,60.009,3.653125,-5.876273614149436
4.0006,60.009,3.6562500000000004,-5.832463990247395
4.0006,60.009,3.6593750000000003,-5.801485954453004
4.0006,60.009,3.6625,-5.782944873239608
4.0006,60.009,3.6656250000000004,-5.773815181492804
4.0006,60.009,3.66875,-5.779011034329117
4.0006,60.009,3.6718750000000004,-5.799021767754091
4.0006,60.009,3.6750000000000003,-5.832502922794577
4.0006,60.009,3.678125,-5.8795833675184355
4.0006,60.009,3.6812500000000004,-5.935230859332755
4.0006,60.009,3.684375,-6.002882686848921
4.0006,60.009,3.6875000000000004,-6.077305088835211
4.0006,60.009,3.6906250000000003,-6.161749648615153
4.0006,60.009,3.69375,-6.254215306539033
4.0006,60.009,3.6968750000000004,-6.351881329747044
4.0006,60.009,3.7,-6.453962401887235
4.0006,60.009,3.7031250000000004,-6.546722085845378
4.0006,60.009,3.7062500000000003,-6.639072305235709
4.0006,60.009,3.709375,-6.72402136946173
4.0006,60.009,3.7125000000000004,-6.790794623105403
4.0006,60.009,3.715625,-6.849696112577068
4.0006,60.009,3.7187500000000004,-6.885812671418469
4.0006,60.009,3.7218750000000003,-6.903004818060642
4.0006,60.009,3.725,-6.896586755181724
4.0006,60.009,3.7281250000000004,-6.8616513312778435
4.0006,60.009,3.73125,-6.817208812840139
4.0006,60.009,3.7343750000000004,-6.765225475340523
4.0006,60.009,3.7375000000000003,-6.692092399772403
4.0006,60.009,3.740625,-6.640130975738719
4.0006,60.009,3.7437500000000004,-6.579884092455586
4.0006,60.009,3.746875,-6.513230035500667
4.0006,60.009,3.7500000000000004,-6.45089840882306
4.0006,60.009,3.7531250000000003,-6.3960911000176655
4.0006,60.009,3.75625,-6.355692478742856
4.0006,60.009,3.7593750000000004,-6.327422581583013
4.0006,60.009,3.7625,-6.317256001857267
4.0006,60.009,3.7656250000000004,-6.325321867394729
4.0006,60.009,3.7687500000000003,-6.346983480000876
4.0006,60.009,3.771875,-6.391292983515019
4.0006,60.009,3.7750000000000004,-6.446947084916111
4.0006,60.009,3.778125,-6.524364014619656
4.0006,60.009,3.7812500000000004,-6.608910888023284
4.0006,60.009,3.7843750000000003,-6.705532221139237
4.0006,60.009,3.7875,-6.804922758164851
4.0006,60.009,3.7906250000000004,-6.90127533590577
4.0006,60.009,3.79375,-6.986525629311765
4.0006,60.009,3.7968750000000004,-7.061355277873897
4.0006,60.009,3.8000000000000003,-7.113314966491082
4.0006,60.009,3.803125,-7.149956953325035
4.0006,60.009,3.8062500000000004,-7.158744179897121
4.0006,60.009,3.809375,-7.145329785250815
4.0006,60.009,3.8125000000000004,-7.107304802960568
4.0006,60.009,3.8156250000000003,-7.040750175629556
4.0006,60.009,3.81875,-6.968842540713713
4.0006,60.009,3.8218750000000004,-6.881727816522746
4.0006,60.009,3.825,-6.7772142299946445
4.0006,60.009,3.8281250000000004,-6.686678022086445
4.0006,60.009,3.8312500000000003,-6.592360154602678
4.0006,60.009,3.834375,-6.507414878681487
4.0006,60.009,3.8375000000000004,-6.433709088044757
4.0006,60.009,3.840625,-6.374300793364687
4.0006,60.009,3.8437500000000004,-6.337177900701532
4.0006,60.009,3.8468750000000003,-6.3093585137989425
4.0006,60.009,3.85,-6.287715653695617
4.0006,60.009,3.8531250000000004,-6.293931491590904
4.0006,60.009,3.85625,-6.314221351927216
4.0006,60.009,3.8593750000000004,-6.358497019479339
4.0006,60.009,3.8625000000000003,-6.4181852206267775
4.0006,60.009,3.865625,-6.502344496958884
4.0006,60.009,3.8687500000000004,-6.594945771427193
4.0006,60.009,3.871875,-6.706387696543493
4.0006,60.009,3.8750000000000004,-6.831165576469921
4.0006,60.009,3.8781250000000003,-6.9619005577554365
4.0006,60.009,3.88125,-7.092978798611625
4.0006,60.009,3.8843750000000004,-7.221248637786852
4.0006,60.009,3.8875,-7.335123844415163
4.0006,60.009,3.8906250000000004,-7.4341760576206
4.0006,60.009,3.8937500000000003,-7.504714070455894
4.0006,60.009,3.896875,-7.5567694810799235
4.0006,60.009,3.9000000000000004,-7.575718129424388
4.0006,60.009,3.903125,-7.565877536941702
4.0006,60.009,3.9062500000000004,-7.534438102345265
4.0006,60.009,3.9093750000000003,-7.480609930087036
4.0006,60.009,3.9125,-7.4156171713364945
4.0006,60.009,3.9156250000000004,-7.330742136070323
4.0006,60.009,3.91875,-7.248786484803603
4.0006,60.009,3.9218750000000004,-7.162304836948648
4.0006,60.009,3.9250000000000003,-7.083396888397023
4.0006,60.009,3.928125,-7.00845828032461
4.0006,60.009,3.9312500000000004,-6.954849169188593
4.0006,60.009,3.934375,-6.911818212611424
4.0006,60.009,3.9375000000000004,-6.886175436473958
4.0006,60.009,3.9406250000000003,-6.8861062124229875
4.0006,60.009,3.94375,-6.897293677597407
4.0006,60.009,3.9468750000000004,-6.940202551074268
4.0006,60.009,3.95,-7.00318515933103
4.0006,60.009,3.9531250000000004,-7.0908408198252735
4.0006,60.009,3.9562500000000003,-7.203381447384169
4.0006,60.009,3.959375,-7.328657673740127
4.0006,60.009,3.9625000000000004,-7.469729384033526
4.0006,60.009,3.965625,-7.62092124079103
4.0006,60.009,3.9687500000000004,-7.7756808256992365
4.0006,60.009,3.9718750000000003,-7.9203076254950275
4.0006,60.009,3.975,-8.057469590732554
4.0006,60.009,3.9781250000000004,-8.176678629654049
4.0006,60.009,3.98125,-8.262305835119953
4.0006,60.009,3.9843750000000004,-8.322821202445189
4.0006,60.009,3.9875000000000003,-8.346729068436717
4.0006,60.009,3.990625,-8.341768628247937
4.0006,60.009,3.9937500000000004,-8.30455421224758
4.0006,60.009,3.996875,-8.24996847481822
4.0006,60.009,4,-8.177577292705326
4.0006,60.009,4.003125,-8.093436061124374
4.0006,60.009,4.0062500000000005,-7.999449926303458
4.0006,60.009,4.009375,-7.913788089129889
4.0006,60.009,4.0125,-7.832671268583994
4.0006,60.009,4.015625,-7.760843812546135
4.0006,60.009,4.01875,-7.706736456881394
4.0006,60.009,4.0218750000000005,-7.67877687161583
4.0006,60.009,4.025,-7.671090903876987
4.0006,60.009,4.028125,-7.680881998049841
4.0006,60.009,4.03125,-7.71947597188249
4.0006,60.009,4.034375,-7.788748552962295
4.0006,60.009,4.0375000000000005,-7.884460482153005
4.0006,60.009,4.040625,-8.003171950469183
4.0006,60.009,4.04375,-8.151847898148283
4.0006,60.009,4.046875,-8.318097102284362
4.0006,60.009,4.05,-8.504447924127179
4.0006,60.009,4.0531250000000005,-8.699882897034684
4.0006,60.009,4.05625,-8.907772472930262
4.0006,60.009,4.059375,-9.102416520164672
4.0006,60.009,4.0625,-9.283403663443403
4.0006,60.009,4.065625,-9.447339581607967
4.0006,60.009,4.0687500000000005,-9.570686257100439
4.0006,60.009,4.071875,-9.643218326283401
4.0006,60.009,4.075,-9.658832552736566
4.0006,60.009,4.078125,-9.613695748108986
4.0006,60.009,4.08125,-9.51316206003041
4.0006,60.009,4.0843750000000005,-9.354161468384259
4.0006,60.009,4.0875,-9.179965185282107
4.0006,60.009,4.090625,-8.998892580809882
4.0006,60.009,4.09375,-8.814766719352342
4.0006,60.009,4.096875,-8.652261425513858
4.0006,60.009,4.1000000000000005,-8.51222773920007
4.0006,60.009,4.103125,-8.382653631925045
4.0006,60.009,4.10625,-8.279324488360627
4.0006,60.009,4.109375,-8.205623356092111
4.0006,60.009,4.1125,-8.154678699644831
4.0006,60.009,4.1156250000000005,-8.122119958346026
4.0006,60.009,4.11875,-8.1278014563195
4.0006,60.009,4.121875,-8.166011087171785
4.0006,60.009,4.125,-8.235672273197675
4.0006,60.009,4.128125,-8.331132168662323
4.0006,60.009,4.1312500000000005,-8.454960285664887
4.0006,60.009,4.134375,-8.609165850239325
4.0006,60.009,4.1375,-8.781785236221399
4.0006,60.009,4.140625,-8.970044092231479
4.0006,60.009,4.14375,-9.16970304888401
4.0006,60.009,4.1468750000000005,-9.366549446268833
4.0006,60.009,4.15,-9.541558906409767
4.0006,60.009,4.153125,-9.69387120188665
4.0006,60.009,4.15625,-9.818162754884963
4.0006,60.009,4.159375,-9.88704440065984
4.0006,60.009,4.1625000000000005,-9.899590380216157
4.0006,60.009,4.165625,-9.860971784386921
4.0006,60.009,4.16875,-9.778435498448653
4.0006,60.009,4.171875,-9.643029769983224
4.0006,60.009,4.175,-9.476873252400745
4.0006,60.009,4.1781250000000005,-9.287971809683025
4.0006,60.009,4.18125,-9.093597486954524
4.0006,60.009,4.184375,-8.899558066538514
4.0006,60.009,4.1875,-8.713095134720255
4.0006,60.009,4.190625,-8.548820522507079
4.0006,60.009,4.1937500000000005,-8.406195021505384
4.0006,60.009,4.196875,-8.27887448347488
4.0006,60.009,4.2,-8.194092565644587
4.0006,60.009,4.203125,-8.139845058417201
4.0006,60.009,4.20625,-8.105733081242258
4.0006,60.009,4.2093750000000005,-8.117496305302698
4.0006,60.009,4.2125,-8.152962305050831
4.0006,60.009,4.215625,-8.225202963661394
4.0006,60.009,4.21875,-8.33195968978752
4.0006,60.009,4.221875,-8.46640653226222
4.0006,60.009,4.2250000000000005,-8.636829396296674
4.0006,60.009,4.228125,-8.822857896527653
4.0006,60.009,4.23125,-9.029966495088914
4.0006,60.009,4.234375,-9.247908039864448
4.0006,60.009,4.2375,-9.467242931918106
4.0006,60.009,4.2406250000000005,-9.671377265727813
4.0006,60.009,4.24375,-9.852673630247226
4.0006,60.009,4.246875,-9.992099549344845
4.0006,60.009,4.25,-10.086083608911933
4.0006,60.009,4.253125,-10.117985931989198
4.0006,60.009,4.2562500000000005,-10.102656665244641
4.0006,60.009,4.259375,-10.029687077166676
4.0006,60.009,4.2625,-9.909067645708868
4.0006,60.009,4.265625,-9.76241949604542
4.0006,60.009,4.26875,-9.583258390825316
4.0006,60.009,4.2718750000000005,-9.400791880514635
4.0006,60.009,4.275,-9.208495724190566
4.0006,60.009,4.278125,-9.026032230921803
4.0006,60.009,4.28125,-8.85840267095628
4.0006,60.009,4.284375000000001,-8.707521679623598
4.0006,60.009,4.2875000000000005,-8.583513276481314
4.0006,60.009,4.290625,-8.488036740442661
4.0006,60.009,4.29375,-8.419426137084747
4.0006,60.009,4.296875,-8.377486744677899
4.0006,60.009,4.300000000000001,-8.37541052091209
4.0006,60.009,4.3031250000000005,-8.404101594354042
4.0006,60.009,4.30625,-8.465831199388512
4.0006,60.009,4.309375,-8.54752185773878
4.0006,60.009,4.3125,-8.669619092783226
4.0006,60.009,4.315625000000001,-8.811294900287912
4.0006,60.009,4.3187500000000005,-8.96687608434121
4.0006,60.009,4.321875,-9.133287768993526
4.0006,60.009,4.325,-9.301479522421932
4.0006,60.009,4.328125,-9.458386811654275
4.0006,60.009,4.331250000000001,-9.593370115311624
4.0006,60.009,4.3343750000000005,-9.688563753730193
4.0006,60.009,4.3375,-9.743764397813155
4.0006,60.009,4.340625,-9.731564463622554
4.0006,60.009,4.34375,-9.67126752807278
4.0006,60.009,4.346875000000001,-9.567877796112516
4.0006,60.009,4.3500000000000005,-9.395645403296939
4.0006,60.009,4.353125,-9.183194481308364
4.0006,60.009,4.35625,-8.945670613503516
4.0006,60.009,4.359375,-8.69219639269109
4.0006,60.009,4.362500000000001,-8.422640579803689
4.0006,60.009,4.3656250000000005,-8.170191426836412
4.0006,60.009,4.36875,-7.952754630282056
4.0006,60.009,4.371875,-7.770996812067599
4.0006,60.009,4.375,-7.629737607117816
4.0006,60.009,4.378125000000001,-7.522664674380197
4.0006,60.009,4.3812500000000005,-7.450906724499429
4.0006,60.009,4.384375,-7.410313472696869
4.0006,60.009,4.3875,-7.3970089175647
4.0006,60.009,4.390625,-7.42004612884971
4.0006,60.009,4.393750000000001,-7.478518605624053
4.0006,60.009,4.3968750000000005,-7.561770922006711
4.0006,60.009,4.4,-7.674441911155789
4.0006,60.009,4.403125,-7.829930228534127
4.0006,60.009,4.40625,-8.000763441676742
4.0006,60.009,4.409375000000001,-8.193499374420641
4.0006,60.009,4.4125000000000005,-8.400886149258925
4.0006,60.009,4.415625,-8.625048116150145
4.0006,60.009,4.41875,-8.835895128855212
4.0006,60.009,4.421875,-9.039114080933023
4.0006,60.009,4.425000000000001,-9.221806342779301
4.0006,60.009,4.4281250000000005,-9.378514384362443
4.0006,60.009,4.43125,-9.5105798145121
4.0006,60.009,4.434375,-9.613742400201414
4.0006,60.009,4.4375,-9.559687286195055
4.0006,60.009,4.440625000000001,-9.406677530361023
4.0006,60.009,4.4437500000000005,-9.241898361125916
4.0006,60.009,4.446875,-9.059597842526335
4.0006,60.009,4.45,-8.850398185496614
4.0006,60.009,4.453125,-8.64042402878826
4.0006,60.009,4.456250000000001,-8.419701370437398
4.0006,60.009,4.4593750000000005,-8.222181471842347
4.0006,60.009,4.4625,-8.04943735528424
4.0006,60.009,4.465625,-7.891903481362428
4.0006,60.009,4.46875,-7.770753393227693
4.0006,60.009,4.471875000000001,-7.6690697866597
4.0006,60.009,4.4750000000000005,-7.600176278166292
4.0006,60.009,4.478125,-7.554410790197075
4.0006,60.009,4.48125,-7.539231021827801
4.0006,60.009,4.484375,-7.554263533108035
4.0006,60.009,4.487500000000001,-7.595899186908804
4.0006,60.009,4.4906250000000005,-7.6609671539823685
4.0006,60.009,4.49375,-7.756599214999812
4.0006,60.009,4.496875,-7.870900768599761
4.0006,60.009,4.5,-7.999486090118354
4.0006,60.009,4.503125000000001,-8.135610752172347
4.0006,60.009,4.5062500000000005,-8.270326023698825
4.0006,60.009,4.509375,-8.398925570434002
4.0006,60.009,4.5125,-8.509950898334646
4.0006,60.009,4.515625,-8.59234067253258
4.0006,60.009,4.518750000000001,-8.637323650579873
4.0006,60.009,4.5218750000000005,-8.634102727031012
4.0006,60.009,4.525,-8.592479487670197
4.0006,60.009,4.528125,-8.508341598492166
4.0006,60.009,4.53125,-8.380718451807356
4.0006,60.009,4.534375000000001,-8.267137875694422
4.0006,60.009,4.5375000000000005,-8.183905960953412
4.0006,60.009,4.540625,-8.0955125747752
4.0006,60.009,4.54375,-7.87623563230019
4.0006,60.009,4.546875,-7.589912256944411
4.0006,60.009,4.550000000000001,-7.33280563815012
4.0006,60.009,4.5531250000000005,-7.108132202225602
4.0006,60.009,4.55625,-6.911444032592611
4.0006,60.009,4.559375,-6.747321087309177
4.0006,60.009,4.5625,-6.607425303870614
4.0006,60.009,4.565625000000001,-6.494860788712936
4.0006,60.009,4.5687500000000005,-6.413744999911387
4.0006,60.009,4.571875,-6.3551760309692025
4.0006,60.009,4.575,-6.32449608183234
4.0006,60.009,4.578125,-6.320632736620171
4.0006,60.009,4.581250000000001,-6.3443825093636175
4.0006,60.009,4.5843750000000005,-6.395700650523769
4.0006,60.009,4.5875,-6.469145256463128
4.0006,60.009,4.590625,-6.567602647311073
4.0006,60.009,4.59375,-6.6796531780939
4.0006,60.009,4.596875000000001,-6.810621779233759
4.0006,60.009,4.6000000000000005,-6.947689162898222
4.0006,60.009,4.603125,-7.0759967750774235
4.0006,60.009,4.60625,-7.206847334806399
4.0006,60.009,4.609375,-7.316626943740686
4.0006,60.009,4.612500000000001,-7.402970342402555
4.0006,60.009,4.6156250000000005,-7.462021267806234
4.0006,60.009,4.61875,-7.482009847074873
4.0006,60.009,4.621875,-7.4636986960859915
4.0006,60.009,4.625,-7.4050268719256875
4.0006,60.009,4.628125000000001,-7.307468505901245
4.0006,60.009,4.6312500000000005,-7.179256568126244
4.0006,60.009,4.634375,-7.029472510937824
4.0006,60.009,4.6375,-6.869882381806791
4.0006,60.009,4.640625,-6.69769216602417
4.0006,60.009,4.643750000000001,-6.530495956546338
4.0006,60.009,4.6468750000000005,-6.365700518108076
4.0006,60.009,4.65,-6.214085057209939
4.0006,60.009,4.653125,-6.073469840428613
4.0006,60.009,4.65625,-5.946648405336198
4.0006,60.009,4.659375000000001,-5.843063062071031
4.0006,60.009,4.6625000000000005,-5.755924505983318
4.0006,60.009,4.665625,-5.686197191375076
4.0006,60.009,4.66875,-5.6417854650488595
4.0006,60.009,4.671875,-5.6198766701924905
4.0006,60.009,4.675000000000001,-5.605926105557094
4.0006,60.009,4.6781250000000005,-5.601328509012621
4.0006,60.009,4.68125,-5.595635882515536
4.0006,60.009,4.684375,-5.659568892783421
4.0006,60.009,4.6875,-5.776906747190407
4.0006,60.009,4.690625000000001,-5.866441543535087
4.0006,60.009,4.6937500000000005,-5.952752589020903
4.0006,60.009,4.696875,-6.021931424159198
4.0006,60.009,4.7,-6.072686875164985
4.0006,60.009,4.703125,-6.109872008109615
4.0006,60.009,4.706250000000001,-6.106257120302373
4.0006,60.009,4.7093750000000005,-6.081284803255497
4.0006,60.009,4.7125,-6.01323985740276
4.0006,60.009,4.715625,-5.9163129617429
4.0006,60.009,4.71875,-5.789248364711941
4.0006,60.009,4.721875000000001,-5.632947226823644
4.0006,60.009,4.7250000000000005,-5.462514812112858
4.0006,60.009,4.728125,-5.286326271978927
4.0006,60.009,4.73125,-5.102682059065119
4.0006,60.009,4.734375,-4.922552960872206
4.0006,60.009,4.737500000000001,-4.7506119039963455
4.0006,60.009,4.7406250000000005,-4.593831002648151
4.0006,60.009,4.74375,-4.452088750684792
4.0006,60.009,4.746875,-4.334717100502686
4.0006,60.009,4.75,-4.234416557433124
4.0006,60.009,4.753125000000001,-4.1555496226975155
4.0006,60.009,4.7562500000000005,-4.090914436490289
4.0006,60.009,4.759375,-4.0515795917229225
4.0006,60.009,4.7625,-4.02721612425772
4.0006,60.009,4.765625,-4.026209886413975
4.0006,60.009,4.768750000000001,-4.038180259605734
4.0006,60.009,4.7718750000000005,-4.069746207004459
4.0006,60.009,4.775,-4.116968484524216
4.0006,60.009,4.778125,-4.17125538077144
4.0006,60.009,4.78125,-4.238592210545054
4.0006,60.009,4.784375000000001,-4.316066563829456
4.0006,60.009,4.7875000000000005,-4.390511097772966
4.0006,60.009,4.790625,-4.465742441981276
4.0006,60.009,4.79375,-4.529176960594925
4.0006,60.009,4.796875,-4.589747443045743
4.0006,60.009,4.800000000000001,-4.6219382966419555
4.0006,60.009,4.8031250000000005,-4.642405793815075
4.0006,60.009,4.80625,-4.638525057111339
4.0006,60.009,4.809375,-4.612131138385912
4.0006,60.009,4.8125,-4.560413907829831
4.0006,60.009,4.815625000000001,-4.493632920782179
4.0006,60.009,4.8187500000000005,-4.414058192730123
4.0006,60.009,4.821875,-4.326326565488266
4.0006,60.009,4.825,-4.229687962110903
4.0006,60.009,4.828125,-4.141225854594594
4.0006,60.009,4.831250000000001,-4.052967385153684
4.0006,60.009,4.8343750000000005,-3.9709933858863944
4.0006,60.009,4.8375,-3.912083792027143
4.0006,60.009,4.840625,-3.8612676261966827
4.0006,60.009,4.84375,-3.8320429298131673
4.0006,60.009,4.846875000000001,-3.8200745438586177
4.0006,60.009,4.8500000000000005,-3.8251506869036307
4.0006,60.009,4.853125,-3.8510334452478028
4.0006,60.009,4.85625,-3.892783951663536
4.0006,60.009,4.859375,-3.9540816174684745
4.0006,60.009,4.862500000000001,-4.040459227624176
4.0006,60.009,4.8656250000000005,-4.142939763577093
4.0006,60.009,4.86875,-4.259815024288402
4.0006,60.009,4.871875,-4.386536364764836
4.0006,60.009,4.875,-4.519484272132031
4.0006,60.009,4.878125000000001,-4.656343439558915
4.0006,60.009,4.8812500000000005,-4.777938174961259
4.0006,60.009,4.884375,-4.89462245930142
4.0006,60.009,4.8875,-4.994118786920265
4.0006,60.009,4.890625,-5.066334870771963
4.0006,60.009,4.893750000000001,-5.105185555570976
4.0006,60.009,4.8968750000000005,-5.1095949602202095
4.0006,60.009,4.9,-5.07926164648733
4.0006,60.009,4.903125,-5.02331296662998
4.0006,60.009,4.90625,-4.936598767481811
4.0006,60.009,4.909375000000001,-4.839627378773416
4.0006,60.009,4.9125000000000005,-4.732036111927106
4.0006,60.009,4.915625,-4.613245421214994
4.0006,60.009,4.91875,-4.498970638866018
4.0006,60.009,4.921875,-4.391728554343746
4.0006,60.009,4.925000000000001,-4.2944618527886895
4.0006,60.009,4.9281250000000005,-4.210233924588359
4.0006,60.009,4.93125,-4.140881019691411
4.0006,60.009,4.934375,-4.091679969493075
4.0006,60.009,4.9375,-4.061896375002585
4.0006,60.009,4.940625000000001,-4.052714411256403
4.0006,60.009,4.9437500000000005,-4.066453294484385
4.0006,60.009,4.946875,-4.095290432661326
4.0006,60.009,4.95,-4.145126372918097
4.0006,60.009,4.953125,-4.216264818208203
4.0006,60.009,4.956250000000001,-4.306281450958457
4.0006,60.009,4.9593750000000005,-4.411260355064547
4.0006,60.009,4.9625,-4.5302954697465605
4.0006,60.009,4.965625,-4.666944787893581
4.0006,60.009,4.96875,-4.8092779985609635
4.0006,60.009,4.971875000000001,-4.949800669089622
4.0006,60.009,4.9750000000000005,-5.094805082309434
4.0006,60.009,4.978125,-5.226360804323399
4.0006,60.009,4.98125,-5.338994718289359
4.0006,60.009,4.984375,-5.427990191787985
4.0006,60.009,4.987500000000001,-5.492232590330968
4.0006,60.009,4.9906250000000005,-5.5150682733729814
4.0006,60.009,4.99375,-5.512312394431308
4.0006,60.009,4.996875,-5.479183362829831
4.0006,60.009,5,-5.42528899339676
4.0006,60.009,5.003125000000001,-5.33960652696002
4.0006,60.009,5.0062500000000005,-5.259580642857636
4.0006,60.009,5.009375,-5.166250354281852
4.0006,60.009,5.0125,-5.077109112643878
4.0006,60.009,5.015625,-4.983299916023761
4.0006,60.009,5.018750000000001,-4.914461927114831
4.0006,60.009,5.0218750000000005,-4.849670254968211
4.0006,60.009,5.025,-4.8078131048402355
4.0006,60.009,5.028125,-4.785126578334534
4.0006,60.009,5.03125,-4.785890678969366
4.0006,60.009,5.034375000000001,-4.815330921878166
4.0006,60.009,5.0375000000000005,-4.860026196044255
4.0006,60.009,5.040625,-4.9344623724071965
4.0006,60.009,5.04375,-5.0331238555763935
4.0006,60.009,5.046875,-5.144321303103419
4.0006,60.009,5.050000000000001,-5.283510555958833
4.0006,60.009,5.0531250000000005,-5.431071740158201
4.0006,60.009,5.05625,-5.6005663286825635
4.0006,60.009,5.059375,-5.780155160165041
4.0006,60.009,5.0625,-5.969317133535807
4.0006,60.009,5.065625000000001,-6.156935435748775
4.0006,60.009,5.0687500000000005,-6.347015161387026
4.0006,60.009,5.071875,-6.521118789730411
4.0006,60.009,5.075,-6.660388735984116
4.0006,60.009,5.078125,-6.736900058783383
4.0006,60.009,5.081250000000001,-6.759092917216632
4.0006,60.009,5.0843750000000005,-6.734497984554309
4.0006,60.009,5.0875,-6.6713132436227305
4.0006,60.009,5.090625,-6.574235320240593
4.0006,60.009,5.09375,-6.45438371122982
4.0006,60.009,5.096875000000001,-6.3136076141167505
4.0006,60.009,5.1000000000000005,-6.171650902909509
4.0006,60.009,5.103125,-6.009272792310448
4.0006,60.009,5.10625,-5.82895749764225
4.0006,60.009,5.109375,-5.667544442471676
4.0006,60.009,5.112500000000001,-5.520010638759125
4.0006,60.009,5.1156250000000005,-5.402975328927787
4.0006,60.009,5.11875,-5.31130980228315
4.0006,60.009,5.121875,-5.241659164709894
4.0006,60.009,5.125,-5.202955079835373
4.0006,60.009,5.128125000000001,-5.190621348356616
4.0006,60.009,5.1312500000000005,-5.199510186236065
4.0006,60.009,5.134375,-5.241331072280689
4.0006,60.009,5.1375,-5.298487868999119
4.0006,60.009,5.140625,-5.387365216007858
4.0006,60.009,5.143750000000001,-5.484147092321371
4.0006,60.009,5.1468750000000005,-5.604204657566479
4.0006,60.009,5.15,-5.732865058014922
4.0006,60.009,5.153125,-5.867152417270952
4.0006,60.009,5.15625,-6.007933820480353
4.0006,60.009,5.159375000000001,-6.140684068023447
4.0006,60.009,5.1625000000000005,-6.2596906465890845
4.0006,60.009,5.165625,-6.3666478702204525
4.0006,60.009,5.16875,-6.439767080692681
4.0006,60.009,5.171875,-6.487728820602823
4.0006,60.009,5.175000000000001,-6.5044658572829075
4.0006,60.009,5.1781250000000005,-6.491583108299545
4.0006,60.009,5.18125,-6.440939538088397
4.0006,60.009,5.184375,-6.365013851980406
4.0006,60.009,5.1875,-6.273216361829644
4.0006,60.009,5.190625000000001,-6.169615754237996
4.0006,60.009,5.1937500000000005,-6.054456654243923
4.0006,60.009,5.196875,-5.955577156568639
4.0006,60.009,5.2,-5.863610623103527
4.0006,60.009,5.203125,-5.779460982950355
4.0006,60.009,5.206250000000001,-5.7034451641036
4.0006,60.009,5.2093750000000005,-5.625243945933528
4.0006,60.009,5.2125,-5.562989641052763
4.0006,60.009,5.215625,-5.517578521744348
4.0006,60.009,5.21875,-5.505304019049902
4.0006,60.009,5.221875000000001,-5.539549139383783
4.0006,60.009,5.2250000000000005,-5.584116470012924
4.0006,60.009,5.228125,-5.680214948283431
4.0006,60.009,5.23125,-5.804924152373186
4.0006,60.009,5.234375,-5.959657162450532
4.0006,60.009,5.237500000000001,-6.1488979799384715
4.0006,60.009,5.2406250000000005,-6.3854205323341855
4.0006,60.009,5.24375,-6.651003231175022
4.0006,60.009,5.246875,-6.960706738786822
4.0006,60.009,5.25,-7.320141454309455
4.0006,60.009,5.253125000000001,-7.762361969980257
4.0006,60.009,5.2562500000000005,-8.301587239324808
4.0006,60.009,5.259375,-9.03353815564462
4.0006,60.009,5.2625,-10.142451539903611
4.0006,60.009,5.265625,-11.66304245425745
4.0006,60.009,5.268750000000001,-12.248029470412193
4.0006,60.009,5.2718750000000005,-10.642187209349805
4.0006,60.009,5.275,-9.155109096761176
4.0006,60.009,5.278125,-8.295612847620616
4.0006,60.009,5.28125,-7.761719968780557
4.0006,60.009,5.284375000000001,-7.369180605408837
4.0006,60.009,5.2875000000000005,-7.036459850675845
4.0006,60.009,5.290625,-6.757944193063796
4.0006,60.009,5.29375,-6.507866213067093
4.0006,60.009,5.296875,-6.294280289849224
4.0006,60.009,5.300000000000001,-6.1160080544991
4.0006,60.009,5.3031250000000005,-5.968724567573771
4.0006,60.009,5.30625,-5.859032981145276
4.0006,60.009,5.309375,-5.783898678026538
4.0006,60.009,5.3125,-5.734004345625187
4.0006,60.009,5.315625000000001,-5.718441157898476
4.0006,60.009,5.3187500000000005,-5.730398474836092
4.0006,60.009,5.321875,-5.763074917702125
4.0006,60.009,5.325,-5.820860387155932
4.0006,60.009,5.328125,-5.892993640064228
4.0006,60.009,5.331250000000001,-5.982163415664009
4.0006,60.009,5.3343750000000005,-6.092524857296131
4.0006,60.009,5.3375,-6.207210835516448
4.0006,60.009,5.340625,-6.3295476724453295
4.0006,60.009,5.34375,-6.461310625289725
4.0006,60.009,5.346875000000001,-6.581256062211348
4.0006,60.009,5.3500000000000005,-6.690139736128383
4.0006,60.009,5.353125,-6.7710062369514095
4.0006,60.009,5.35625,-6.825480646664194
4.0006,60.009,5.359375,-6.831641084760349
4.0006,60.009,5.362500000000001,-6.805959199582122
4.0006,60.009,5.3656250000000005,-6.746807815716829
4.0006,60.009,5.36875,-6.634836864615692
4.0006,60.009,5.371875,-6.487178213890152
4.0006,60.009,5.375,-6.326825636114947
4.0006,60.009,5.378125000000001,-6.150057008575924
4.0006,60.009,5.3812500000000005,-5.95645132467149
4.0006,60.009,5.384375,-5.7837024650468924
4.0006,60.009,5.3875,-5.623972293935625
4.0006,60.009,5.390625,-5.485465206348472
4.0006,60.009,5.393750000000001,-5.364419174697328
4.0006,60.009,5.3968750000000005,-5.267633363501577
4.0006,60.009,5.4,-5.206577144326388
4.0006,60.009,5.403125,-5.170461715297293
4.0006,60.009,5.40625,-5.169367342377842
4.0006,60.009,5.409375000000001,-5.196241755241288
4.0006,60.009,5.4125000000000005,-5.250433760341593
4.0006,60.009,5.415625,-5.322795371521022
4.0006,60.009,5.41875,-5.423242735906646
4.0006,60.009,5.421875,-5.548689059821569
4.0006,60.009,5.425000000000001,-5.684038376376527
4.0006,60.009,5.4281250000000005,-5.839372938115063
4.0006,60.009,5.43125,-6.008025249517457
4.0006,60.009,5.434375,-6.177183357875446
4.0006,60.009,5.4375,-6.352516159020384
4.0006,60.009,5.440625000000001,-6.512358880551109
4.0006,60.009,5.4437500000000005,-6.651591140170895
4.0006,60.009,5.446875,-6.766397922507742
4.0006,60.009,5.45,-6.845113930483394
4.0006,60.009,5.453125,-6.871635341449748
4.0006,60.009,5.456250000000001,-6.856434489987523
4.0006,60.009,5.4593750000000005,-6.796231484373245
4.0006,60.009,5.4625,-6.704579975585867
4.0006,60.009,5.465625,-6.5679025010090095
4.0006,60.009,5.46875,-6.413691495488929
4.0006,60.009,5.471875000000001,-6.236817708808616
4.0006,60.009,5.4750000000000005,-6.061687141936185
4.0006,60.009,5.478125,-5.891101134856572
4.0006,60.009,5.48125,-5.733892907985997
4.0006,60.009,5.484375,-5.594455606264398
4.0006,60.009,5.487500000000001,-5.477242815405594
4.0006,60.009,5.4906250000000005,-5.389512379577606
4.0006,60.009,5.49375,-5.333240269690044
4.0006,60.009,5.496875,-5.293139192926088
4.0006,60.009,5.5,-5.288434576688333
4.0006,60.009,5.503125000000001,-5.312799292985765
4.0006,60.009,5.5062500000000005,-5.351818622445405
4.0006,60.009,5.509375,-5.417711024062686
4.0006,60.009,5.5125,-5.496478089217931
4.0006,60.009,5.515625,-5.5989858562548225
4.0006,60.009,5.518750000000001,-5.704664760342107
4.0006,60.009,5.5218750000000005,-5.82027021789636
4.0006,60.009,5.525,-5.931139035584614
4.0006,60.009,5.528125,-6.024746789564421
4.0006,60.009,5.53125,-6.110886286560725
4.0006,60.009,5.534375000000001,-6.160973711102509
4.0006,60.009,5.5375000000000005,-6.184617292741722
4.0006,60.009,5.540625,-6.17819640436049
4.0006,60.009,5.54375,-6.120724035939861
4.0006,60.009,5.546875,-6.032174863847515
4.0006,60.009,5.550000000000001,-5.910573881206248
4.0006,60.009,5.5531250000000005,-5.761457046964621
4.0006,60.009,5.55625,-5.59408338145559
4.0006,60.009,5.559375,-5.4268611573544145
4.0006,60.009,5.5625,-5.252682985318975
4.0006,60.009,5.565625000000001,-5.090505500109527
4.0006,60.009,5.5687500000000005,-4.937381097602087
4.0006,60.009,5.571875,-4.8124017517810085
4.0006,60.009,5.575,-4.698276139592962
4.0006,60.009,5.578125,-4.61852297375644
4.0006,60.009,5.581250000000001,-4.568760732150736
4.0006,60.009,5.5843750000000005,-4.536222231044588
4.0006,60.009,5.5875,-4.530996818901159
4.0006,60.009,5.590625,-4.552729227753385
4.0006,60.009,5.59375,-4.603902610014027
4.0006,60.009,5.596875000000001,-4.672738343555757
4.0006,60.009,5.6000000000000005,-4.761431631422609
4.0006,60.009,5.603125,-4.8665141365525635
4.0006,60.009,5.60625,-4.989138268970134
4.0006,60.009,5.609375,-5.117726735660715
4.0006,60.009,5.612500000000001,-5.259242002910983
4.0006,60.009,5.6156250000000005,-5.402595327524413
4.0006,60.009,5.61875,-5.539936238406514
4.0006,60.009,5.621875,-5.6759091941619255
4.0006,60.009,5.625,-5.785590148079157
4.0006,60.009,5.628125000000001,-5.8754052728684805
4.0006,60.009,5.6312500000000005,-5.926216635222302
4.0006,60.009,5.634375,-5.94214476043085
4.0006,60.009,5.6375,-5.912998904529626
4.0006,60.009,5.640625,-5.830992072048135
4.0006,60.009,5.643750000000001,-5.738470891582214
4.0006,60.009,5.6468750000000005,-5.589275416497141
4.0006,60.009,5.65,-5.430450381816064
4.0006,60.009,5.653125,-5.25904790669944
4.0006,60.009,5.65625,-5.089189308112907
4.0006,60.009,5.659375000000001,-4.933016665022868
4.0006,60.009,5.6625000000000005,-4.782042819185865
4.0006,60.009,5.665625,-4.649657182046466
4.0006,60.009,5.66875,-4.559127237381173
4.0006,60.009,5.671875,-4.476159363256327
4.0006,60.009,5.675000000000001,-4.427961328914315
4.0006,60.009,5.6781250000000005,-4.396721542625497
4.0006,60.009,5.68125,-4.405013051713977
4.0006,60.009,5.684375,-4.431269678429377
4.0006,60.009,5.6875,-4.481568190147427
4.0006,60.009,5.690625000000001,-4.550091884588241
4.0006,60.009,5.6937500000000005,-4.633508535746851
4.0006,60.009,5.696875,-4.722547584010114
4.0006,60.009,5.7,-4.819702944821696
4.0006,60.009,5.703125,-4.91809851963854
4.0006,60.009,5.706250000000001,-5.0081835047052135
4.0006,60.009,5.7093750000000005,-5.082833768553216
4.0006,60.009,5.7125,-5.140046986508357
4.0006,60.009,5.715625,-5.174406741917659
4.0006,60.009,5.71875,-5.174109484758954
4.0006,60.009,5.721875000000001,-5.149806597905324
4.0006,60.009,5.7250000000000005,-5.090362127348497
4.0006,60.009,5.728125,-4.995148138342501
4.0006,60.009,5.73125,-4.871187215053945
4.0006,60.009,5.734375,-4.726052706216988
4.0006,60.009,5.737500000000001,-4.573832340998352
4.0006,60.009,5.7406250000000005,-4.398397841080191
4.0006,60.009,5.74375,-4.230714265929054
4.0006,60.009,5.746875,-4.081309603205304
4.0006,60.009,5.75,-3.9349736375802524
4.0006,60.009,5.753125000000001,-3.799524809664888
4.0006,60.009,5.7562500000000005,-3.6917771122206227
4.0006,60.009,5.759375,-3.604814192506372
4.0006,60.009,5.7625,-3.5457116675341185
4.0006,60.009,5.765625,-3.51018448995591
4.0006,60.009,5.768750000000001,-3.5113648410313485
4.0006,60.009,5.7718750000000005,-3.530070400981786
4.0006,60.009,5.775,-3.5650800639890434
4.0006,60.009,5.778125,-3.623217984880224
4.0006,60.009,5.78125,-3.7116494378222846
4.0006,60.009,5.784375000000001,-3.8060540041863913
4.0006,60.009,5.7875000000000005,-3.910765423937306
4.0006,60.009,5.790625,-4.0244989824065245
4.0006,60.009,5.79375,-4.145628212497462
4.0006,60.009,5.796875,-4.259840787516219
4.0006,60.009,5.800000000000001,-4.3611442096395505
4.0006,60.009,5.8031250000000005,-4.455345598580656
4.0006,60.009,5.80625,-4.521767497298695
4.0006,60.009,5.809375,-4.556050619424025
4.0006,60.009,5.8125,-4.576708095339399
4.0006,60.009,5.815625000000001,-4.545980035271907
4.0006,60.009,5.8187500000000005,-4.4954853677395
4.0006,60.009,5.821875,-4.4110029435385565
4.0006,60.009,5.825,-4.307859452344892
4.0006,60.009,5.828125,-4.179859551833084
4.0006,60.009,5.831250000000001,-4.04910791650469
4.0006,60.009,5.8343750000000005,-3.909251776333086
4.0006,60.009,5.8375,-3.777113053994086
4.0006,60.009,5.840625,-3.655456012449198
4.0006,60.009,5.84375,-3.556230564467465
4.0006,60.009,5.846875000000001,-3.4739838111211285
4.0006,60.009,5.8500000000000005,-3.409356218389225
4.0006,60.009,5.853125,-3.3729778140281717
4.0006,60.009,5.85625,-3.35924543520393
4.0006,60.009,5.859375,-3.3754210833429226
4.0006,60.009,5.862500000000001,-3.4104334247466355
4.0006,60.009,5.8656250000000005,-3.467465507552363
4.0006,60.009,5.86875,-3.54384174921831
4.0006,60.009,5.871875,-3.631859430627684
4.0006,60.009,5.875,-3.7295040160122053
4.0006,60.009,5.878125000000001,-3.8342314144030407
4.0006,60.009,5.8812500000000005,-3.928714223523815
4.0006,60.009,5.884375,-4.025614742892779
4.0006,60.009,5.8875,-4.120416728983663
4.0006,60.009,5.890625,-4.208019354344169
4.0006,60.009,5.893750000000001,-4.2736661103930755
4.0006,60.009,5.8968750000000005,-4.309601498521483
4.0006,60.009,5.9,-4.31587577449677
4.0006,60.009,5.903125,-4.289778677132975
4.0006,60.009,5.90625,-4.225871578239983
4.0006,60.009,5.909375000000001,-4.12464877322603
4.0006,60.009,5.9125000000000005,-3.9986584182538087
4.0006,60.009,5.915625,-3.8509033313028027
4.0006,60.009,5.91875,-3.678408014842371
4.0006,60.009,5.921875,-3.502870393931045
4.0006,60.009,5.925000000000001,-3.332459985742081
4.0006,60.009,5.9281250000000005,-3.1704146587713207
4.0006,60.009,5.93125,-3.0303086340808036
4.0006,60.009,5.934375,-2.9068156940565344
4.0006,60.009,5.9375,-2.8121734568736656
4.0006,60.009,5.940625000000001,-2.746130677144504
4.0006,60.009,5.9437500000000005,-2.705756941500834
4.0006,60.009,5.946875,-2.6937468536256324
4.0006,60.009,5.95,-2.709138788075602
4.0006,60.009,5.953125,-2.7496447000606072
4.0006,60.009,5.956250000000001,-2.8134672707880592
4.0006,60.009,5.9593750000000005,-2.899376954051238
4.0006,60.009,5.9625,-2.995702261549684
4.0006,60.009,5.965625,-3.1052716529223408
4.0006,60.009,5.96875,-3.231836391580385
4.0006,60.009,5.971875000000001,-3.3609024858737673
4.0006,60.009,5.9750000000000005,-3.4961656132870615
4.0006,60.009,5.978125,-3.633523470645872
4.0006,60.009,5.98125,-3.7556122067666746
4.0006,60.009,5.984375,-3.8515854533434
4.0006,60.009,5.987500000000001,-3.9318076519729868
4.0006,60.009,5.9906250000000005,-3.98051670090744
4.0006,60.009,5.99375,-4.0190898947963465
4.0006,60.009,5.996875,-4.012318621738885
4.0006,60.009,6,-3.9818466179599032
