"Current","Field","Frequency","Spectra"
9.8772,148.158,1,-0.9188029638258134
9.8772,148.158,1.003125,-0.8757307435919699
9.8772,148.158,1.00625,-0.8371340405721371
9.8772,148.158,1.0093750000000001,-0.8059803236778755
9.8772,148.158,1.0125,-0.7815429654161938
9.8772,148.158,1.015625,-0.7704573314911601
9.8772,148.158,1.01875,-0.7681377117129172
9.8772,148.158,1.021875,-0.7749075609830727
9.8772,148.158,1.0250000000000001,-0.7963227014711494
9.8772,148.158,1.028125,-0.8320358277702088
9.8772,148.158,1.03125,-0.8778136714802953
9.8772,148.158,1.034375,-0.9365396485648816
9.8772,148.158,1.0375,-1.0005349846732605
9.8772,148.158,1.0406250000000001,-1.069657577248507
9.8772,148.158,1.04375,-1.1370772859149962
9.8772,148.158,1.046875,-1.2035556205631255
9.8772,148.158,1.05,-1.2682642883811732
9.8772,148.158,1.053125,-1.3227984723317792
9.8772,148.158,1.0562500000000001,-1.368452317196006
9.8772,148.158,1.059375,-1.40484831978265
9.8772,148.158,1.0625,-1.4323672814286492
9.8772,148.158,1.065625,-1.4449309158705907
9.8772,148.158,1.06875,-1.4461101829851477
9.8772,148.158,1.0718750000000001,-1.4347322245890337
9.8772,148.158,1.0750000000000002,-1.4156390759596091
9.8772,148.158,1.078125,-1.3861202025285724
9.8772,148.158,1.08125,-1.3456508807795462
9.8772,148.158,1.084375,-1.2979863523027872
9.8772,148.158,1.0875000000000001,-1.2432720607182801
9.8772,148.158,1.0906250000000002,-1.1898256800514184
9.8772,148.158,1.09375,-1.140461486826308
9.8772,148.158,1.096875,-1.0838180131403679
9.8772,148.158,1.1,-1.0375241324724633
9.8772,148.158,1.1031250000000001,-0.9980722245173902
9.8772,148.158,1.1062500000000002,-0.9520194188715789
9.8772,148.158,1.109375,-0.9218448150305963
9.8772,148.158,1.1125,-0.9006554276316703
9.8772,148.158,1.115625,-0.8911346818101458
9.8772,148.158,1.1187500000000001,-0.8912132831687174
9.8772,148.158,1.1218750000000002,-0.9001874853985549
9.8772,148.158,1.125,-0.9155151855568744
9.8772,148.158,1.128125,-0.9410188478727135
9.8772,148.158,1.13125,-0.97028785523596
9.8772,148.158,1.1343750000000001,-1.0066014837384774
9.8772,148.158,1.1375000000000002,-1.0479160255170545
9.8772,148.158,1.140625,-1.087444282215815
9.8772,148.158,1.14375,-1.1242159924551631
9.8772,148.158,1.146875,-1.1583393923799277
9.8772,148.158,1.1500000000000001,-1.1905207440251608
9.8772,148.158,1.1531250000000002,-1.2179735335524118
9.8772,148.158,1.15625,-1.2334794855406193
9.8772,148.158,1.159375,-1.240344392219472
9.8772,148.158,1.1625,-1.2356110344762419
9.8772,148.158,1.1656250000000001,-1.2235460057733982
9.8772,148.158,1.1687500000000002,-1.202373519988377
9.8772,148.158,1.171875,-1.17469043151071
9.8772,148.158,1.175,-1.1317428546076445
9.8772,148.158,1.178125,-1.085948771188885
9.8772,148.158,1.1812500000000001,-1.0381474878141335
9.8772,148.158,1.1843750000000002,-0.9841024580170561
9.8772,148.158,1.1875,-0.93250129568334
9.8772,148.158,1.190625,-0.8851177967140383
9.8772,148.158,1.19375,-0.8413753408747517
9.8772,148.158,1.1968750000000001,-0.80816224963127
9.8772,148.158,1.2000000000000002,-0.7840931588151976
9.8772,148.158,1.203125,-0.7738846650232857
9.8772,148.158,1.20625,-0.7818610168395128
9.8772,148.158,1.209375,-0.8019696770825404
9.8772,148.158,1.2125000000000001,-0.8372466292491043
9.8772,148.158,1.2156250000000002,-0.8831688842174533
9.8772,148.158,1.21875,-0.9396784735592334
9.8772,148.158,1.221875,-1.0037476277832227
9.8772,148.158,1.225,-1.0829283754371326
9.8772,148.158,1.2281250000000001,-1.1577531165624892
9.8772,148.158,1.2312500000000002,-1.2325194780394604
9.8772,148.158,1.234375,-1.2987393744081177
9.8772,148.158,1.2375,-1.3571175315345354
9.8772,148.158,1.240625,-1.406636551348113
9.8772,148.158,1.2437500000000001,-1.45694151524099
9.8772,148.158,1.2468750000000002,-1.4927440559891707
9.8772,148.158,1.25,-1.5128813613353909
9.8772,148.158,1.253125,-1.5164654803631874
9.8772,148.158,1.25625,-1.5014659680795415
9.8772,148.158,1.2593750000000001,-1.4746567647865088
9.8772,148.158,1.2625000000000002,-1.4533964951427447
9.8772,148.158,1.265625,-1.4257971718689415
9.8772,148.158,1.26875,-1.3840486029650092
9.8772,148.158,1.271875,-1.3385798355949672
9.8772,148.158,1.2750000000000001,-1.2845981970250504
9.8772,148.158,1.2781250000000002,-1.2275156615747027
9.8772,148.158,1.28125,-1.1793965450980612
9.8772,148.158,1.284375,-1.1428277051000097
9.8772,148.158,1.2875,-1.1035727913641131
9.8772,148.158,1.2906250000000001,-1.0699575703520283
9.8772,148.158,1.2937500000000002,-1.047207363381753
9.8772,148.158,1.296875,-1.0317122372271998
9.8772,148.158,1.3,-1.0272765182482582
9.8772,148.158,1.303125,-1.0388393834228613
9.8772,148.158,1.3062500000000001,-1.0569306678768309
9.8772,148.158,1.3093750000000002,-1.0835221995515818
9.8772,148.158,1.3125,-1.1181816333469057
9.8772,148.158,1.315625,-1.1598729294841834
9.8772,148.158,1.31875,-1.2028147846939494
9.8772,148.158,1.3218750000000001,-1.2466168914120814
9.8772,148.158,1.3250000000000002,-1.2916111462103175
9.8772,148.158,1.328125,-1.3299238642110536
9.8772,148.158,1.33125,-1.3602879761070417
9.8772,148.158,1.334375,-1.3835502864494686
9.8772,148.158,1.3375000000000001,-1.398475239233583
9.8772,148.158,1.3406250000000002,-1.4015615501646947
9.8772,148.158,1.34375,-1.39551381617921
9.8772,148.158,1.346875,-1.3782062977816902
9.8772,148.158,1.35,-1.3504536220046195
9.8772,148.158,1.3531250000000001,-1.3139554857891331
9.8772,148.158,1.3562500000000002,-1.2690681925611522
9.8772,148.158,1.359375,-1.2209990260448158
9.8772,148.158,1.3625,-1.1647294100920482
9.8772,148.158,1.365625,-1.1055247028562296
9.8772,148.158,1.3687500000000001,-1.0465187853927667
9.8772,148.158,1.3718750000000002,-0.9903624250646255
9.8772,148.158,1.375,-0.9445047949202734
9.8772,148.158,1.378125,-0.9030152634192259
9.8772,148.158,1.38125,-0.8686011787994616
9.8772,148.158,1.3843750000000001,-0.8441836931966508
9.8772,148.158,1.3875000000000002,-0.8352872251337946
9.8772,148.158,1.390625,-0.839604757600405
9.8772,148.158,1.39375,-0.8629553161678305
9.8772,148.158,1.396875,-0.90073960249689
9.8772,148.158,1.4000000000000001,-0.9539551411076302
9.8772,148.158,1.4031250000000002,-1.009651614487723
9.8772,148.158,1.40625,-1.0722000851435824
9.8772,148.158,1.409375,-1.1459230208336364
9.8772,148.158,1.4125,-1.2229059313844226
9.8772,148.158,1.4156250000000001,-1.2987342155990351
9.8772,148.158,1.4187500000000002,-1.3723740350208007
9.8772,148.158,1.421875,-1.4338482564556148
9.8772,148.158,1.425,-1.49018710583711
9.8772,148.158,1.428125,-1.5338832822587465
9.8772,148.158,1.4312500000000001,-1.567460113569744
9.8772,148.158,1.4343750000000002,-1.5877551725914507
9.8772,148.158,1.4375,-1.595889701969442
9.8772,148.158,1.440625,-1.5926234680086488
9.8772,148.158,1.44375,-1.5773957707182755
9.8772,148.158,1.4468750000000001,-1.5515018148675224
9.8772,148.158,1.4500000000000002,-1.51711929897647
9.8772,148.158,1.453125,-1.4727913840674982
9.8772,148.158,1.45625,-1.4250023196929218
9.8772,148.158,1.459375,-1.371759010308311
9.8772,148.158,1.4625000000000001,-1.3166292885233895
9.8772,148.158,1.4656250000000002,-1.2657591319877357
9.8772,148.158,1.46875,-1.2195034236552753
9.8772,148.158,1.471875,-1.1792554136757214
9.8772,148.158,1.475,-1.1453514156425721
9.8772,148.158,1.4781250000000001,-1.1269915882195982
9.8772,148.158,1.4812500000000002,-1.1180949182109996
9.8772,148.158,1.484375,-1.1230906928756839
9.8772,148.158,1.4875,-1.1457853210242825
9.8772,148.158,1.490625,-1.1799794306873674
9.8772,148.158,1.4937500000000001,-1.224972832523243
9.8772,148.158,1.4968750000000002,-1.2795627433996901
9.8772,148.158,1.5,-1.333170432897951
9.8772,148.158,1.503125,-1.3909552083497576
9.8772,148.158,1.50625,-1.443206169665296
9.8772,148.158,1.5093750000000001,-1.495007308026168
9.8772,148.158,1.5125000000000002,-1.535383457329476
9.8772,148.158,1.515625,-1.5707268935536833
9.8772,148.158,1.51875,-1.5957341093559991
9.8772,148.158,1.521875,-1.6067370410936666
9.8772,148.158,1.5250000000000001,-1.601949694673588
9.8772,148.158,1.5281250000000002,-1.5915116984061604
9.8772,148.158,1.53125,-1.5693659188928701
9.8772,148.158,1.534375,-1.5378282348315342
9.8772,148.158,1.5375,-1.5023707992073856
9.8772,148.158,1.5406250000000001,-1.4579142050660578
9.8772,148.158,1.5437500000000002,-1.4045560997097954
9.8772,148.158,1.546875,-1.3456598760657945
9.8772,148.158,1.55,-1.285137404911649
9.8772,148.158,1.553125,-1.2226568646800586
9.8772,148.158,1.5562500000000001,-1.1642399494596094
9.8772,148.158,1.5593750000000002,-1.1074141340615982
9.8772,148.158,1.5625,-1.0526070338357798
9.8772,148.158,1.565625,-1.0083062309731412
9.8772,148.158,1.56875,-0.9774089832769619
9.8772,148.158,1.5718750000000001,-0.9612355570835306
9.8772,148.158,1.5750000000000002,-0.9588844245710658
9.8772,148.158,1.578125,-0.9759272220910133
9.8772,148.158,1.58125,-1.0044150236953044
9.8772,148.158,1.584375,-1.0504028322512586
9.8772,148.158,1.5875000000000001,-1.1145005091832434
9.8772,148.158,1.5906250000000002,-1.1872459175989272
9.8772,148.158,1.59375,-1.26826216746481
9.8772,148.158,1.596875,-1.350137689724732
9.8772,148.158,1.6,-1.430957985354311
9.8772,148.158,1.6031250000000001,-1.504962935485773
9.8772,148.158,1.6062500000000002,-1.5723679792009584
9.8772,148.158,1.609375,-1.62557148327084
9.8772,148.158,1.6125,-1.6669582763418096
9.8772,148.158,1.615625,-1.6896884697598122
9.8772,148.158,1.6187500000000001,-1.7009185394681214
9.8772,148.158,1.6218750000000002,-1.6959104056750811
9.8772,148.158,1.625,-1.6792362791811493
9.8772,148.158,1.628125,-1.6496480785346443
9.8772,148.158,1.63125,-1.6114377299307034
9.8772,148.158,1.6343750000000001,-1.5689970707849943
9.8772,148.158,1.6375000000000002,-1.520123276130627
9.8772,148.158,1.640625,-1.4717350757657546
9.8772,148.158,1.64375,-1.4203147310434838
9.8772,148.158,1.646875,-1.3741150006035951
9.8772,148.158,1.6500000000000001,-1.331295999282596
9.8772,148.158,1.6531250000000002,-1.2942439718603582
9.8772,148.158,1.65625,-1.2707827385350858
9.8772,148.158,1.659375,-1.2570612308388507
9.8772,148.158,1.6625,-1.2635345686155806
9.8772,148.158,1.6656250000000001,-1.2702932617393459
9.8772,148.158,1.6687500000000002,-1.269884107753034
9.8772,148.158,1.671875,-1.2918522200945741
9.8772,148.158,1.675,-1.3264336336033447
9.8772,148.158,1.678125,-1.369560262958174
9.8772,148.158,1.6812500000000001,-1.4253457277973072
9.8772,148.158,1.6843750000000002,-1.4851591180774546
9.8772,148.158,1.6875,-1.5481622328067783
9.8772,148.158,1.690625,-1.6110243848783319
9.8772,148.158,1.69375,-1.6685964167776914
9.8772,148.158,1.6968750000000001,-1.7203221218818263
9.8772,148.158,1.7000000000000002,-1.7630812659400559
9.8772,148.158,1.703125,-1.7949642657460099
9.8772,148.158,1.70625,-1.8147914223915562
9.8772,148.158,1.709375,-1.8248081568473082
9.8772,148.158,1.7125000000000001,-1.8215833877338956
9.8772,148.158,1.7156250000000002,-1.803912282355037
9.8772,148.158,1.71875,-1.7739064429788234
9.8772,148.158,1.721875,-1.7297649901096732
9.8772,148.158,1.725,-1.6746343076240278
9.8772,148.158,1.7281250000000001,-1.6149518701439913
9.8772,148.158,1.7312500000000002,-1.543224886213626
9.8772,148.158,1.734375,-1.4694939713967592
9.8772,148.158,1.7375,-1.39707322432678
9.8772,148.158,1.740625,-1.32714297975117
9.8772,148.158,1.7437500000000001,-1.2615099063291586
9.8772,148.158,1.7468750000000002,-1.2012367778180233
9.8772,148.158,1.75,-1.1522659568407787
9.8772,148.158,1.753125,-1.1166923796486692
9.8772,148.158,1.75625,-1.0972745008372151
9.8772,148.158,1.7593750000000001,-1.0959766407648994
9.8772,148.158,1.7625000000000002,-1.111937818221186
9.8772,148.158,1.765625,-1.144970413090502
9.8772,148.158,1.76875,-1.1914723802308704
9.8772,148.158,1.771875,-1.2476391237578586
9.8772,148.158,1.7750000000000001,-1.312928787668316
9.8772,148.158,1.7781250000000002,-1.3846243145656236
9.8772,148.158,1.78125,-1.4562762989555589
9.8772,148.158,1.784375,-1.5306725323736181
9.8772,148.158,1.7875,-1.6010651477063529
9.8772,148.158,1.7906250000000001,-1.659177041699964
9.8772,148.158,1.7937500000000002,-1.7060647746268227
9.8772,148.158,1.7968750000000002,-1.743756183993475
9.8772,148.158,1.8,-1.768747696819466
9.8772,148.158,1.803125,-1.7781515743478047
9.8772,148.158,1.8062500000000001,-1.7772386071689794
9.8772,148.158,1.8093750000000002,-1.7646941286070086
9.8772,148.158,1.8125000000000002,-1.7448520940314283
9.8772,148.158,1.815625,-1.7119226297868348
9.8772,148.158,1.81875,-1.6723679082460718
9.8772,148.158,1.8218750000000001,-1.6252735011575947
9.8772,148.158,1.8250000000000002,-1.5758974453305954
9.8772,148.158,1.8281250000000002,-1.522353709009108
9.8772,148.158,1.83125,-1.4721854414482323
9.8772,148.158,1.834375,-1.4262314035275045
9.8772,148.158,1.8375000000000001,-1.3833202739027928
9.8772,148.158,1.8406250000000002,-1.3494563646829294
9.8772,148.158,1.8437500000000002,-1.3255790332641189
9.8772,148.158,1.846875,-1.3161977208279707
9.8772,148.158,1.85,-1.315848293387558
9.8772,148.158,1.8531250000000001,-1.3312368469313904
9.8772,148.158,1.8562500000000002,-1.361504444961262
9.8772,148.158,1.8593750000000002,-1.4063193084536054
9.8772,148.158,1.8625,-1.4624707542794646
9.8772,148.158,1.865625,-1.526684192336306
9.8772,148.158,1.8687500000000001,-1.5994244680886673
9.8772,148.158,1.8718750000000002,-1.6705323442824291
9.8772,148.158,1.8750000000000002,-1.7402825789956502
9.8772,148.158,1.878125,-1.8089270365038512
9.8772,148.158,1.88125,-1.8640524810082844
9.8772,148.158,1.8843750000000001,-1.911222734855555
9.8772,148.158,1.8875000000000002,-1.94338207812741
9.8772,148.158,1.8906250000000002,-1.9655484239069643
9.8772,148.158,1.89375,-1.9654803094501447
9.8772,148.158,1.896875,-1.951981228514713
9.8772,148.158,1.9000000000000001,-1.9255204428623132
9.8772,148.158,1.9031250000000002,-1.888521508440617
9.8772,148.158,1.9062500000000002,-1.8398358147546146
9.8772,148.158,1.909375,-1.7828812096885058
9.8772,148.158,1.9125,-1.7180755315080587
9.8772,148.158,1.9156250000000001,-1.6459255838190767
9.8772,148.158,1.9187500000000002,-1.5713932917786435
9.8772,148.158,1.9218750000000002,-1.5023618238061731
9.8772,148.158,1.925,-1.4340329216197814
9.8772,148.158,1.928125,-1.371164020036137
9.8772,148.158,1.9312500000000001,-1.3150722161550283
9.8772,148.158,1.9343750000000002,-1.2734266629027682
9.8772,148.158,1.9375000000000002,-1.2429727653173848
9.8772,148.158,1.940625,-1.2245780356630063
9.8772,148.158,1.94375,-1.2251443579197818
9.8772,148.158,1.9468750000000001,-1.236087132550962
9.8772,148.158,1.9500000000000002,-1.2663041012921608
9.8772,148.158,1.9531250000000002,-1.3083125151788801
9.8772,148.158,1.95625,-1.3664670319242251
9.8772,148.158,1.959375,-1.433934031720291
9.8772,148.158,1.9625000000000001,-1.503316995465004
9.8772,148.158,1.9656250000000002,-1.577406979836492
9.8772,148.158,1.9687500000000002,-1.6495553585496878
9.8772,148.158,1.971875,-1.7150299157980733
9.8772,148.158,1.975,-1.772767465978868
9.8772,148.158,1.9781250000000001,-1.8214605761358778
9.8772,148.158,1.9812500000000002,-1.8541221506260608
9.8772,148.158,1.9843750000000002,-1.8712454517924688
9.8772,148.158,1.9875,-1.8785286601004627
9.8772,148.158,1.990625,-1.8710290090096595
9.8772,148.158,1.9937500000000001,-1.8452264283681723
9.8772,148.158,1.9968750000000002,-1.811621092761273
9.8772,148.158,2,-1.7658341660005104
9.8772,148.158,2.0031250000000003,-1.7113405161572326
9.8772,148.158,2.00625,-1.6516126038019232
9.8772,148.158,2.009375,-1.5897112765853247
9.8772,148.158,2.0125,-1.5264148848995318
9.8772,148.158,2.015625,-1.4667179973826383
9.8772,148.158,2.0187500000000003,-1.410191687712052
9.8772,148.158,2.021875,-1.3655975220149053
9.8772,148.158,2.025,-1.3253298846311343
9.8772,148.158,2.028125,-1.3020064186777782
9.8772,148.158,2.03125,-1.2924757105640454
9.8772,148.158,2.0343750000000003,-1.3030781968221925
9.8772,148.158,2.0375,-1.3299907463606429
9.8772,148.158,2.040625,-1.369529995502685
9.8772,148.158,2.04375,-1.4250135406622053
9.8772,148.158,2.046875,-1.4935032199275244
9.8772,148.158,2.0500000000000003,-1.5686067647170068
9.8772,148.158,2.053125,-1.650662251229785
9.8772,148.158,2.05625,-1.7355951855025915
9.8772,148.158,2.059375,-1.8175207376459874
9.8772,148.158,2.0625,-1.8945482946268433
9.8772,148.158,2.0656250000000003,-1.958292322964107
9.8772,148.158,2.06875,-2.009527663627076
9.8772,148.158,2.071875,-2.0479560378937807
9.8772,148.158,2.075,-2.070692452086678
9.8772,148.158,2.078125,-2.079433495690939
9.8772,148.158,2.0812500000000003,-2.0749875421609296
9.8772,148.158,2.084375,-2.0554178435850785
9.8772,148.158,2.0875,-2.0192134563560775
9.8772,148.158,2.090625,-1.9711204178038453
9.8772,148.158,2.09375,-1.9096867355238363
9.8772,148.158,2.0968750000000003,-1.8423101886840847
9.8772,148.158,2.1,-1.771032351949696
9.8772,148.158,2.103125,-1.6977299478520838
9.8772,148.158,2.10625,-1.625965239879836
9.8772,148.158,2.109375,-1.5593727349812694
9.8772,148.158,2.1125000000000003,-1.4939043933723481
9.8772,148.158,2.115625,-1.4354831290103007
9.8772,148.158,2.11875,-1.3840783613042462
9.8772,148.158,2.121875,-1.3473524608507543
9.8772,148.158,2.125,-1.327003173027137
9.8772,148.158,2.1281250000000003,-1.3200251641491159
9.8772,148.158,2.13125,-1.3329557976948756
9.8772,148.158,2.134375,-1.3619395083676071
9.8772,148.158,2.1375,-1.4026301198341453
9.8772,148.158,2.140625,-1.4608235104567107
9.8772,148.158,2.1437500000000003,-1.5278516955238066
9.8772,148.158,2.146875,-1.6015601761834872
9.8772,148.158,2.1500000000000004,-1.6773449305574493
9.8772,148.158,2.153125,-1.7527889563627772
9.8772,148.158,2.15625,-1.823844416169004
9.8772,148.158,2.1593750000000003,-1.8846709759604074
9.8772,148.158,2.1625,-1.9301095517849882
9.8772,148.158,2.1656250000000004,-1.9633625280226297
9.8772,148.158,2.16875,-1.977667958892949
9.8772,148.158,2.171875,-1.9783682799244442
9.8772,148.158,2.1750000000000003,-1.9618684303689893
9.8772,148.158,2.178125,-1.932933559450713
9.8772,148.158,2.1812500000000004,-1.8912831873565563
9.8772,148.158,2.184375,-1.835927128432135
9.8772,148.158,2.1875,-1.7758072802809042
9.8772,148.158,2.1906250000000003,-1.7091621181165098
9.8772,148.158,2.19375,-1.6404656079428133
9.8772,148.158,2.1968750000000004,-1.5660565583544794
9.8772,148.158,2.2,-1.4964251817483742
9.8772,148.158,2.203125,-1.431638237127323
9.8772,148.158,2.2062500000000003,-1.3792999101154078
9.8772,148.158,2.209375,-1.3382084297843266
9.8772,148.158,2.2125000000000004,-1.3102149760687263
9.8772,148.158,2.215625,-1.2966157494077013
9.8772,148.158,2.21875,-1.2994357957962024
9.8772,148.158,2.2218750000000003,-1.3184744236301817
9.8772,148.158,2.225,-1.3564983931082917
9.8772,148.158,2.2281250000000004,-1.4107759394872161
9.8772,148.158,2.23125,-1.4742389418881712
9.8772,148.158,2.234375,-1.549337572444822
9.8772,148.158,2.2375000000000003,-1.629997495291224
9.8772,148.158,2.240625,-1.7112655335796503
9.8772,148.158,2.2437500000000004,-1.7906794493062894
9.8772,148.158,2.246875,-1.8670582100338027
9.8772,148.158,2.25,-1.9342213641179256
9.8772,148.158,2.2531250000000003,-1.9894493372206346
9.8772,148.158,2.25625,-2.0321589103260367
9.8772,148.158,2.2593750000000004,-2.064113127786536
9.8772,148.158,2.2625,-2.0769873037415647
9.8772,148.158,2.265625,-2.073118613290448
9.8772,148.158,2.2687500000000003,-2.0580833652814574
9.8772,148.158,2.271875,-2.0311026777988457
9.8772,148.158,2.2750000000000004,-1.9894402041254742
9.8772,148.158,2.278125,-1.940869411189804
9.8772,148.158,2.28125,-1.8825844491876385
9.8772,148.158,2.2843750000000003,-1.8231595256683732
9.8772,148.158,2.2875,-1.7512024736219123
9.8772,148.158,2.2906250000000004,-1.6828426735737159
9.8772,148.158,2.29375,-1.6147438868414938
9.8772,148.158,2.296875,-1.5459846604055407
9.8772,148.158,2.3000000000000003,-1.490220944495797
9.8772,148.158,2.303125,-1.440165733744746
9.8772,148.158,2.3062500000000004,-1.4041804987600144
9.8772,148.158,2.309375,-1.3788376771581454
9.8772,148.158,2.3125,-1.3681648369781052
9.8772,148.158,2.3156250000000003,-1.3749275456140995
9.8772,148.158,2.31875,-1.396673971660495
9.8772,148.158,2.3218750000000004,-1.4335952338106108
9.8772,148.158,2.325,-1.4843514350474318
9.8772,148.158,2.328125,-1.5482780008057575
9.8772,148.158,2.3312500000000003,-1.6202507474458225
9.8772,148.158,2.334375,-1.6983296997462967
9.8772,148.158,2.3375000000000004,-1.77221192754025
9.8772,148.158,2.340625,-1.8462264343439159
9.8772,148.158,2.34375,-1.9097194182152257
9.8772,148.158,2.3468750000000003,-1.962480167036472
9.8772,148.158,2.35,-2.008947043951434
9.8772,148.158,2.3531250000000004,-2.0337219653307077
9.8772,148.158,2.35625,-2.0475794261867275
9.8772,148.158,2.359375,-2.0446436893940305
9.8772,148.158,2.3625000000000003,-2.0263077308315305
9.8772,148.158,2.365625,-1.9927689740274557
9.8772,148.158,2.3687500000000004,-1.9451265930762163
9.8772,148.158,2.371875,-1.8896395298646154
9.8772,148.158,2.375,-1.825953043371245
9.8772,148.158,2.3781250000000003,-1.7560599788354658
9.8772,148.158,2.38125,-1.6834150727251715
9.8772,148.158,2.3843750000000004,-1.6129345814290788
9.8772,148.158,2.3875,-1.544860405389271
9.8772,148.158,2.390625,-1.4817532371824238
9.8772,148.158,2.3937500000000003,-1.4274093551762785
9.8772,148.158,2.396875,-1.3853110445195704
9.8772,148.158,2.4000000000000004,-1.3635375004550785
9.8772,148.158,2.403125,-1.3546245836494795
9.8772,148.158,2.40625,-1.3700690300180007
9.8772,148.158,2.4093750000000003,-1.403310400905864
9.8772,148.158,2.4125,-1.4569944308983125
9.8772,148.158,2.4156250000000004,-1.5315784920286561
9.8772,148.158,2.41875,-1.6298324857508089
9.8772,148.158,2.421875,-1.7557481772890562
9.8772,148.158,2.4250000000000003,-1.9328965397677664
9.8772,148.158,2.428125,-2.235082718905381
9.8772,148.158,2.4312500000000004,-2.9216006536315184
9.8772,148.158,2.434375,-3.5496318905970137
9.8772,148.158,2.4375,-2.748316895135078
9.8772,148.158,2.4406250000000003,-2.415693955496401
9.8772,148.158,2.44375,-2.314176435319228
9.8772,148.158,2.4468750000000004,-2.2843498537814217
9.8772,148.158,2.45,-2.2560384485215814
9.8772,148.158,2.453125,-2.248526236829889
9.8772,148.158,2.4562500000000003,-2.199139102394512
9.8772,148.158,2.459375,-2.155480470221786
9.8772,148.158,2.4625000000000004,-2.1155454521110184
9.8772,148.158,2.465625,-2.0257305354862183
9.8772,148.158,2.46875,-2.0033247377982404
9.8772,148.158,2.4718750000000003,-1.857737236983536
9.8772,148.158,2.475,-1.9094131780824308
9.8772,148.158,2.4781250000000004,-1.719767260220588
9.8772,148.158,2.48125,-1.6239825033367425
9.8772,148.158,2.484375,-1.6461238655532682
9.8772,148.158,2.4875000000000003,-1.8390534577763986
9.8772,148.158,2.490625,-1.5920371198916525
9.8772,148.158,2.4937500000000004,-1.4446880342789328
9.8772,148.158,2.496875,-1.4205480360545242
9.8772,148.158,2.5,-1.4532395571893275
9.8772,148.158,2.5031250000000003,-1.5270596770358693
9.8772,148.158,2.50625,-1.7497973320299582
9.8772,148.158,2.5093750000000004,-1.8894045966822814
9.8772,148.158,2.5125,-1.7331759593152962
9.8772,148.158,2.515625,-1.6698994959869087
9.8772,148.158,2.5187500000000003,-1.7282075005883615
9.8772,148.158,2.521875,-1.8114546815023258
9.8772,148.158,2.5250000000000004,-1.896279073446157
9.8772,148.158,2.528125,-2.0042259725080322
9.8772,148.158,2.53125,-2.0484112552303952
9.8772,148.158,2.5343750000000003,-2.0988683689614414
9.8772,148.158,2.5375,-2.151174248433115
9.8772,148.158,2.5406250000000004,-2.1990040534301
9.8772,148.158,2.54375,-2.252598324406367
9.8772,148.158,2.546875,-2.478743413784756
9.8772,148.158,2.5500000000000003,-2.9686660065833035
9.8772,148.158,2.553125,-2.6576372304125555
9.8772,148.158,2.5562500000000004,-2.450057007652754
9.8772,148.158,2.559375,-2.3673860667262376
9.8772,148.158,2.5625,-2.0879478371745983
9.8772,148.158,2.5656250000000003,-1.862434803816486
9.8772,148.158,2.56875,-1.6992303662865191
9.8772,148.158,2.5718750000000004,-1.587801050896974
9.8772,148.158,2.575,-1.5086938065573015
9.8772,148.158,2.578125,-1.4498408782675813
9.8772,148.158,2.5812500000000003,-1.403295558260977
9.8772,148.158,2.584375,-1.3782963441720306
9.8772,148.158,2.5875000000000004,-1.3702404707967029
9.8772,148.158,2.590625,-1.3677645297563163
9.8772,148.158,2.59375,-1.3950751489477962
9.8772,148.158,2.5968750000000003,-1.4504871237356742
9.8772,148.158,2.6,-1.5339919787855827
9.8772,148.158,2.6031250000000004,-1.627465283245452
9.8772,148.158,2.60625,-1.716163244728137
9.8772,148.158,2.609375,-1.8063282470077635
9.8772,148.158,2.6125000000000003,-1.8985911578623198
9.8772,148.158,2.615625,-1.9874022935197826
9.8772,148.158,2.6187500000000004,-2.067556961849704
9.8772,148.158,2.621875,-2.1379894242410895
9.8772,148.158,2.625,-2.1941389886301534
9.8772,148.158,2.6281250000000003,-2.234506791889209
9.8772,148.158,2.63125,-2.2520284864745226
9.8772,148.158,2.6343750000000004,-2.254475332983215
9.8772,148.158,2.6375,-2.243802634599401
9.8772,148.158,2.640625,-2.241064016234075
9.8772,148.158,2.6437500000000003,-2.248347283135614
9.8772,148.158,2.646875,-2.1752528942404177
9.8772,148.158,2.6500000000000004,-2.0756620173008318
9.8772,148.158,2.653125,-2.003379582472974
9.8772,148.158,2.65625,-1.9666950428289343
9.8772,148.158,2.6593750000000003,-1.957959814127628
9.8772,148.158,2.6625,-1.910369119889236
9.8772,148.158,2.6656250000000004,-1.874998695204599
9.8772,148.158,2.66875,-1.912442656843851
9.8772,148.158,2.671875,-2.11487598403952
9.8772,148.158,2.6750000000000003,-2.7224281207421
9.8772,148.158,2.678125,-3.924793203725075
9.8772,148.158,2.6812500000000004,-4.314055531856473
9.8772,148.158,2.684375,-3.0148550933910565
9.8772,148.158,2.6875,-2.229344631055046
9.8772,148.158,2.6906250000000003,-1.9526210165767925
9.8772,148.158,2.69375,-1.872697622026632
9.8772,148.158,2.6968750000000004,-1.8738128300782575
9.8772,148.158,2.7,-1.9231495716571525
9.8772,148.158,2.703125,-2.009954976994893
9.8772,148.158,2.7062500000000003,-2.0956556455579527
9.8772,148.158,2.709375,-2.1593881053612165
9.8772,148.158,2.7125000000000004,-2.2185022178638545
9.8772,148.158,2.715625,-2.2786509140364197
9.8772,148.158,2.71875,-2.3348100010888935
9.8772,148.158,2.7218750000000003,-2.382425282057263
9.8772,148.158,2.725,-2.4095075924758276
9.8772,148.158,2.7281250000000004,-2.400231928175106
9.8772,148.158,2.73125,-2.392119216721201
9.8772,148.158,2.734375,-2.379276513790135
9.8772,148.158,2.7375000000000003,-2.380616861993185
9.8772,148.158,2.740625,-2.389488012400404
9.8772,148.158,2.7437500000000004,-2.3591830052314218
9.8772,148.158,2.746875,-2.2961590700777146
9.8772,148.158,2.75,-2.213435506183287
9.8772,148.158,2.7531250000000003,-2.1068206735573907
9.8772,148.158,2.75625,-1.9991955290889398
9.8772,148.158,2.7593750000000004,-1.915721915953081
9.8772,148.158,2.7625,-1.8476030631840605
9.8772,148.158,2.765625,-1.7960152590824985
9.8772,148.158,2.7687500000000003,-1.7597981977977806
9.8772,148.158,2.771875,-1.7373946598588355
9.8772,148.158,2.7750000000000004,-1.7335928165589163
9.8772,148.158,2.778125,-1.7447191488594052
9.8772,148.158,2.78125,-1.7737454558131571
9.8772,148.158,2.7843750000000003,-1.8287349340443237
9.8772,148.158,2.7875,-1.8953518071128461
9.8772,148.158,2.7906250000000004,-1.9676359774662913
9.8772,148.158,2.79375,-2.043795174319641
9.8772,148.158,2.796875,-2.1266815122693323
9.8772,148.158,2.8000000000000003,-2.211251347292439
9.8772,148.158,2.803125,-2.292106882680767
9.8772,148.158,2.8062500000000004,-2.359859062892595
9.8772,148.158,2.809375,-2.4094979933828653
9.8772,148.158,2.8125,-2.4372240585053904
9.8772,148.158,2.8156250000000003,-2.450197657440187
9.8772,148.158,2.81875,-2.4490870617679312
9.8772,148.158,2.8218750000000004,-2.4339831686168707
9.8772,148.158,2.825,-2.408615241144574
9.8772,148.158,2.828125,-2.3695273919971878
9.8772,148.158,2.8312500000000003,-2.3201993457358423
9.8772,148.158,2.834375,-2.261859646799349
9.8772,148.158,2.8375000000000004,-2.19744152037801
9.8772,148.158,2.840625,-2.135143910656235
9.8772,148.158,2.84375,-2.0716360165779526
9.8772,148.158,2.8468750000000003,-2.0123603568801816
9.8772,148.158,2.85,-1.9572449635685116
9.8772,148.158,2.8531250000000004,-1.9115998124071145
9.8772,148.158,2.85625,-1.8796707522386447
9.8772,148.158,2.859375,-1.8609292152670007
9.8772,148.158,2.8625000000000003,-1.8568303019154748
9.8772,148.158,2.865625,-1.8726064656649823
9.8772,148.158,2.8687500000000004,-1.9070134561082974
9.8772,148.158,2.871875,-1.9572150024514376
9.8772,148.158,2.875,-2.0194508373394333
9.8772,148.158,2.8781250000000003,-2.0962606818608505
9.8772,148.158,2.88125,-2.174580327635593
9.8772,148.158,2.8843750000000004,-2.25562572562716
9.8772,148.158,2.8875,-2.3409252563241503
9.8772,148.158,2.890625,-2.427765561028993
9.8772,148.158,2.8937500000000003,-2.510550174390114
9.8772,148.158,2.896875,-2.5778532248600254
9.8772,148.158,2.9000000000000004,-2.632537425080491
9.8772,148.158,2.903125,-2.672755940429589
9.8772,148.158,2.90625,-2.6984950199831994
9.8772,148.158,2.9093750000000003,-2.703530957036241
9.8772,148.158,2.9125,-2.698616420305367
9.8772,148.158,2.9156250000000004,-2.6818638817093983
9.8772,148.158,2.91875,-2.6595219560624397
9.8772,148.158,2.921875,-2.62143741402262
9.8772,148.158,2.9250000000000003,-2.578511050355687
9.8772,148.158,2.928125,-2.5306070840421113
9.8772,148.158,2.9312500000000004,-2.4717137626833825
9.8772,148.158,2.934375,-2.4212917558743445
9.8772,148.158,2.9375,-2.370349596274896
9.8772,148.158,2.9406250000000003,-2.3255904471331093
9.8772,148.158,2.94375,-2.285508417596098
9.8772,148.158,2.9468750000000004,-2.253186220311947
9.8772,148.158,2.95,-2.2362096374325424
9.8772,148.158,2.953125,-2.240320618958695
9.8772,148.158,2.9562500000000003,-2.274642390885456
9.8772,148.158,2.959375,-2.326834168458199
9.8772,148.158,2.9625000000000004,-2.3973966292821434
9.8772,148.158,2.965625,-2.505451017051334
9.8772,148.158,2.96875,-2.631917275963925
9.8772,148.158,2.9718750000000003,-2.755948648493161
9.8772,148.158,2.975,-2.890417730862797
9.8772,148.158,2.9781250000000004,-3.027148996956341
9.8772,148.158,2.98125,-3.146771631994821
9.8772,148.158,2.984375,-3.243159732901258
9.8772,148.158,2.9875000000000003,-3.323933049951821
9.8772,148.158,2.990625,-3.3874261293657657
9.8772,148.158,2.9937500000000004,-3.3978728104605627
9.8772,148.158,2.996875,-3.373694249809382
9.8772,148.158,3,-3.3310370270746157
9.8772,148.158,3.0031250000000003,-3.279599842631752
9.8772,148.158,3.00625,-3.239331637391245
9.8772,148.158,3.0093750000000004,-3.2027230292662074
9.8772,148.158,3.0125,-3.144853949189143
9.8772,148.158,3.015625,-3.065139169185902
9.8772,148.158,3.0187500000000003,-2.9888557875246313
9.8772,148.158,3.021875,-2.9192747970646056
9.8772,148.158,3.0250000000000004,-2.847668281860697
9.8772,148.158,3.028125,-2.7917976359768755
9.8772,148.158,3.03125,-2.7309672553099635
9.8772,148.158,3.0343750000000003,-2.690117728805022
9.8772,148.158,3.0375,-2.6658484052690365
9.8772,148.158,3.0406250000000004,-2.6660356191654393
9.8772,148.158,3.04375,-2.6667232603112154
9.8772,148.158,3.046875,-2.6825169664959745
9.8772,148.158,3.0500000000000003,-2.7212684691558615
9.8772,148.158,3.053125,-2.7792210252950826
9.8772,148.158,3.0562500000000004,-2.853630802904335
9.8772,148.158,3.059375,-2.952750161314572
9.8772,148.158,3.0625,-3.0718300343978515
9.8772,148.158,3.0656250000000003,-3.1827314694687114
9.8772,148.158,3.06875,-3.293913646575444
9.8772,148.158,3.0718750000000004,-3.4100176414437806
9.8772,148.158,3.075,-3.528034785189713
9.8772,148.158,3.078125,-3.6339049107458363
9.8772,148.158,3.0812500000000003,-3.718096592542555
9.8772,148.158,3.084375,-3.7674433909402847
9.8772,148.158,3.0875000000000004,-3.7967906335291257
9.8772,148.158,3.090625,-3.8142191584778184
9.8772,148.158,3.09375,-3.789396427805867
9.8772,148.158,3.0968750000000003,-3.727285507231965
9.8772,148.158,3.1,-3.654436195276099
9.8772,148.158,3.1031250000000004,-3.5668616262523805
9.8772,148.158,3.10625,-3.477344433882731
9.8772,148.158,3.109375,-3.4114222185432985
9.8772,148.158,3.1125000000000003,-3.3585373269489494
9.8772,148.158,3.115625,-3.3081224526601183
9.8772,148.158,3.1187500000000004,-3.2411479113520474
9.8772,148.158,3.121875,-3.162976133166031
9.8772,148.158,3.125,-3.133882036563093
9.8772,148.158,3.1281250000000003,-3.155240673705266
9.8772,148.158,3.13125,-3.1919287463070836
9.8772,148.158,3.1343750000000004,-3.247463804756002
9.8772,148.158,3.1375,-3.330146446309836
9.8772,148.158,3.140625,-3.4062140842255317
9.8772,148.158,3.1437500000000003,-3.4171438085006827
9.8772,148.158,3.146875,-3.399347531797157
9.8772,148.158,3.1500000000000004,-3.4056356320777157
9.8772,148.158,3.153125,-3.3840275343908366
9.8772,148.158,3.15625,-3.3638050520867635
9.8772,148.158,3.1593750000000003,-3.362374035061482
9.8772,148.158,3.1625,-3.3540979341388626
9.8772,148.158,3.1656250000000004,-3.3447514554332707
9.8772,148.158,3.16875,-3.356661504348117
9.8772,148.158,3.171875,-3.3709763115396725
9.8772,148.158,3.1750000000000003,-3.3618996795885914
9.8772,148.158,3.178125,-3.339323841056153
9.8772,148.158,3.1812500000000004,-3.313082402175268
9.8772,148.158,3.184375,-3.267846666178057
9.8772,148.158,3.1875,-3.216648686927271
9.8772,148.158,3.1906250000000003,-3.1739092963986932
9.8772,148.158,3.19375,-3.116438063265422
9.8772,148.158,3.1968750000000004,-3.0504940131400584
9.8772,148.158,3.2,-2.9727606328714047
9.8772,148.158,3.203125,-2.8888615622333385
9.8772,148.158,3.2062500000000003,-2.8150321939975576
9.8772,148.158,3.209375,-2.754989877148831
9.8772,148.158,3.2125000000000004,-2.7229917473231815
9.8772,148.158,3.215625,-2.71815843793759
9.8772,148.158,3.21875,-2.735983414631533
9.8772,148.158,3.2218750000000003,-2.8013483231912013
9.8772,148.158,3.225,-2.9031420976954836
9.8772,148.158,3.2281250000000004,-2.997374809462837
9.8772,148.158,3.23125,-3.0197646951580595
9.8772,148.158,3.234375,-2.9966782051468703
9.8772,148.158,3.2375000000000003,-2.9578878738922314
9.8772,148.158,3.240625,-2.9233026710042145
9.8772,148.158,3.2437500000000004,-2.9120868235369453
9.8772,148.158,3.246875,-2.9252877809101956
9.8772,148.158,3.25,-2.9607521305667515
9.8772,148.158,3.2531250000000003,-3.00706988248737
9.8772,148.158,3.25625,-3.0566995816473725
9.8772,148.158,3.2593750000000004,-3.08659389836544
9.8772,148.158,3.2625,-3.099990565151302
9.8772,148.158,3.265625,-3.1062930334390195
9.8772,148.158,3.2687500000000003,-3.1300805681526107
9.8772,148.158,3.271875,-3.1645127673932305
9.8772,148.158,3.2750000000000004,-3.195923226717938
9.8772,148.158,3.278125,-3.217117604554896
9.8772,148.158,3.28125,-3.2239632755650693
9.8772,148.158,3.2843750000000003,-3.202012278722133
9.8772,148.158,3.2875,-3.1674328102330107
9.8772,148.158,3.2906250000000004,-3.1279055626829617
9.8772,148.158,3.29375,-3.096104098392598
9.8772,148.158,3.296875,-3.076019959330099
9.8772,148.158,3.3000000000000003,-3.0449930140885706
9.8772,148.158,3.303125,-3.0118011022814786
9.8772,148.158,3.3062500000000004,-2.9788463708547623
9.8772,148.158,3.309375,-2.9449501772882862
9.8772,148.158,3.3125,-2.9192767063045135
9.8772,148.158,3.3156250000000003,-2.9229586212325005
9.8772,148.158,3.31875,-2.9447027849878085
9.8772,148.158,3.3218750000000004,-2.9692205868929915
9.8772,148.158,3.325,-3.006619069470424
9.8772,148.158,3.328125,-3.0474276562783804
9.8772,148.158,3.3312500000000003,-3.109604359097586
9.8772,148.158,3.334375,-3.18319099149291
9.8772,148.158,3.3375000000000004,-3.2554405468281544
9.8772,148.158,3.340625,-3.3163012583974263
9.8772,148.158,3.34375,-3.3720870014105895
9.8772,148.158,3.3468750000000003,-3.425699100581114
9.8772,148.158,3.35,-3.4867063687030204
9.8772,148.158,3.3531250000000004,-3.5450553947872927
9.8772,148.158,3.35625,-3.5802812357427616
9.8772,148.158,3.359375,-3.598080976573916
9.8772,148.158,3.3625000000000003,-3.6202358275521265
9.8772,148.158,3.365625,-3.663698413735015
9.8772,148.158,3.3687500000000004,-3.7066416223098297
9.8772,148.158,3.371875,-3.7414196236438912
9.8772,148.158,3.375,-3.777982475085846
9.8772,148.158,3.3781250000000003,-3.8219610803223887
9.8772,148.158,3.38125,-3.902125191037033
9.8772,148.158,3.3843750000000004,-3.98620920688999
9.8772,148.158,3.3875,-4.102599611072911
9.8772,148.158,3.390625,-4.217730936158674
9.8772,148.158,3.3937500000000003,-4.3301277696175156
9.8772,148.158,3.396875,-4.497456353766248
9.8772,148.158,3.4000000000000004,-4.718229814185735
9.8772,148.158,3.403125,-5.038605227391402
9.8772,148.158,3.40625,-5.358065686332637
9.8772,148.158,3.4093750000000003,-5.431126588827246
9.8772,148.158,3.4125,-5.265254467500714
9.8772,148.158,3.4156250000000004,-5.0345303816798515
9.8772,148.158,3.41875,-4.968422054343699
9.8772,148.158,3.421875,-5.034102795729214
9.8772,148.158,3.4250000000000003,-5.260423308525766
9.8772,148.158,3.428125,-5.546552730333071
9.8772,148.158,3.4312500000000004,-5.838693830794486
9.8772,148.158,3.434375,-6.207714207299627
9.8772,148.158,3.4375,-6.510844413277043
9.8772,148.158,3.4406250000000003,-6.720861902554542
9.8772,148.158,3.44375,-6.945054044983847
9.8772,148.158,3.4468750000000004,-7.139455040730933
9.8772,148.158,3.45,-7.416464415282309
9.8772,148.158,3.453125,-7.748371716525887
9.8772,148.158,3.4562500000000003,-8.207082947049601
9.8772,148.158,3.459375,-8.937087979060218
9.8772,148.158,3.4625000000000004,-9.283265696495484
9.8772,148.158,3.465625,-9.046030508725849
9.8772,148.158,3.46875,-8.880068146933546
9.8772,148.158,3.4718750000000003,-8.807572327893391
9.8772,148.158,3.475,-8.909696817074858
9.8772,148.158,3.4781250000000004,-9.049286204103657
9.8772,148.158,3.48125,-9.173035718401168
9.8772,148.158,3.484375,-9.049036910816136
9.8772,148.158,3.4875000000000003,-8.673325591554308
9.8772,148.158,3.490625,-8.444163035889643
9.8772,148.158,3.4937500000000004,-8.473310557399394
9.8772,148.158,3.496875,-8.676453120928256
9.8772,148.158,3.5,-8.869161521853272
9.8772,148.158,3.5031250000000003,-9.08422380675577
9.8772,148.158,3.50625,-9.423029805322646
9.8772,148.158,3.5093750000000004,-9.90386192097714
9.8772,148.158,3.5125,-10.515511151831518
9.8772,148.158,3.515625,-11.303508564895967
9.8772,148.158,3.5187500000000003,-12.182324073737208
9.8772,148.158,3.521875,-12.721454943926197
9.8772,148.158,3.5250000000000004,-12.882472516751147
9.8772,148.158,3.528125,-12.797785868752767
9.8772,148.158,3.53125,-12.252354291079797
9.8772,148.158,3.5343750000000003,-11.860909965614537
9.8772,148.158,3.5375,-11.961790266688915
9.8772,148.158,3.5406250000000004,-11.653384802989478
9.8772,148.158,3.54375,-11.226484193044461
9.8772,148.158,3.546875,-10.758946282163702
9.8772,148.158,3.5500000000000003,-10.443858721088446
9.8772,148.158,3.553125,-10.165511916597673
9.8772,148.158,3.5562500000000004,-9.697279839393573
9.8772,148.158,3.559375,-9.068708861328561
9.8772,148.158,3.5625,-8.538429037697355
9.8772,148.158,3.5656250000000003,-8.013671707395337
9.8772,148.158,3.56875,-7.453889798156231
9.8772,148.158,3.5718750000000004,-6.871855592887762
9.8772,148.158,3.575,-6.314870678050276
9.8772,148.158,3.5781250000000004,-5.858338835399664
9.8772,148.158,3.5812500000000003,-5.418712011526657
9.8772,148.158,3.584375,-5.021082215873662
9.8772,148.158,3.5875000000000004,-4.691921969726809
9.8772,148.158,3.590625,-4.442054310027776
9.8772,148.158,3.5937500000000004,-4.259728186775712
9.8772,148.158,3.5968750000000003,-4.157185335971115
9.8772,148.158,3.6,-4.062136868306107
9.8772,148.158,3.6031250000000004,-3.9694937828593853
9.8772,148.158,3.60625,-3.8985178287190063
9.8772,148.158,3.6093750000000004,-3.870709072954103
9.8772,148.158,3.6125000000000003,-3.8398882413582975
9.8772,148.158,3.615625,-3.806605847596484
9.8772,148.158,3.6187500000000004,-3.7743592503995886
9.8772,148.158,3.621875,-3.72517326741931
9.8772,148.158,3.6250000000000004,-3.6858800860959837
9.8772,148.158,3.6281250000000003,-3.7050337681676915
9.8772,148.158,3.63125,-3.7820518551591213
9.8772,148.158,3.6343750000000004,-3.8874977084936218
9.8772,148.158,3.6375,-3.9677334819477794
9.8772,148.158,3.6406250000000004,-3.987568544423461
9.8772,148.158,3.6437500000000003,-3.949116714542157
9.8772,148.158,3.646875,-3.8512460712118934
9.8772,148.158,3.6500000000000004,-3.675047832646394
9.8772,148.158,3.653125,-3.510495693547216
9.8772,148.158,3.6562500000000004,-3.3846863533520177
9.8772,148.158,3.6593750000000003,-3.2597424126995698
9.8772,148.158,3.6625,-3.1480249014667683
9.8772,148.158,3.6656250000000004,-3.0956112685345802
9.8772,148.158,3.66875,-3.0878380890417927
9.8772,148.158,3.6718750000000004,-3.0864088996684136
9.8772,148.158,3.6750000000000003,-3.2065103308978338
9.8772,148.158,3.678125,-3.50024470674055
9.8772,148.158,3.6812500000000004,-3.7933263132961894
9.8772,148.158,3.684375,-3.9372378251683053
9.8772,148.158,3.6875000000000004,-4.027626714345535
9.8772,148.158,3.6906250000000003,-4.071599614434398
9.8772,148.158,3.69375,-4.101497277079288
9.8772,148.158,3.6968750000000004,-4.145882873885274
9.8772,148.158,3.7,-4.230514046583344
9.8772,148.158,3.7031250000000004,-4.298812471855737
9.8772,148.158,3.7062500000000003,-4.339588529007138
9.8772,148.158,3.709375,-4.181873709818529
9.8772,148.158,3.7125000000000004,-4.01655003828246
9.8772,148.158,3.715625,-4.013829012581312
9.8772,148.158,3.7187500000000004,-4.07567465883867
9.8772,148.158,3.7218750000000003,-4.173461730191389
9.8772,148.158,3.725,-4.310374718351823
9.8772,148.158,3.7281250000000004,-4.392643602855853
9.8772,148.158,3.73125,-4.393041836951804
9.8772,148.158,3.7343750000000004,-4.318148811471356
9.8772,148.158,3.7375000000000003,-4.238189583437674
9.8772,148.158,3.740625,-4.181128337357032
9.8772,148.158,3.7437500000000004,-4.121743239577663
9.8772,148.158,3.746875,-4.11912738406463
9.8772,148.158,3.7500000000000004,-4.1507713877234504
9.8772,148.158,3.7531250000000003,-4.326564653347495
9.8772,148.158,3.75625,-4.587290975923559
9.8772,148.158,3.7593750000000004,-4.8514830341071296
9.8772,148.158,3.7625,-5.2021306126259095
9.8772,148.158,3.7656250000000004,-5.699139601447674
9.8772,148.158,3.7687500000000003,-6.519267877093809
9.8772,148.158,3.771875,-7.502569034719034
9.8772,148.158,3.7750000000000004,-8.427675160801417
9.8772,148.158,3.778125,-9.000034392798332
9.8772,148.158,3.7812500000000004,-9.527162398481671
9.8772,148.158,3.7843750000000003,-9.965685908510043
9.8772,148.158,3.7875,-10.007834364043386
9.8772,148.158,3.7906250000000004,-9.371037222991315
9.8772,148.158,3.79375,-8.225848618521752
9.8772,148.158,3.7968750000000004,-6.928582129794899
9.8772,148.158,3.8000000000000003,-5.8137308759693855
9.8772,148.158,3.803125,-5.200864387740783
9.8772,148.158,3.8062500000000004,-4.864815119384772
9.8772,148.158,3.809375,-4.372284108074572
9.8772,148.158,3.8125000000000004,-4.107479361440061
9.8772,148.158,3.8156250000000003,-4.052650733723324
9.8772,148.158,3.81875,-4.008487068667632
9.8772,148.158,3.8218750000000004,-4.019456989060991
9.8772,148.158,3.825,-4.221229429205204
9.8772,148.158,3.8281250000000004,-4.261913835003933
9.8772,148.158,3.8312500000000003,-4.039218203949112
9.8772,148.158,3.834375,-3.865404684405446
9.8772,148.158,3.8375000000000004,-3.782171758109458
9.8772,148.158,3.840625,-3.7490068118766464
9.8772,148.158,3.8437500000000004,-3.7931959697323854
9.8772,148.158,3.8468750000000003,-3.8435059746991285
9.8772,148.158,3.85,-4.024426261243877
9.8772,148.158,3.8531250000000004,-4.229521046248427
9.8772,148.158,3.85625,-4.298061203856783
9.8772,148.158,3.8593750000000004,-4.129744944666433
9.8772,148.158,3.8625000000000003,-3.901535824495558
9.8772,148.158,3.865625,-3.8630370404731367
9.8772,148.158,3.8687500000000004,-4.109896847079653
9.8772,148.158,3.871875,-4.702242726328221
9.8772,148.158,3.8750000000000004,-5.4954420182095
9.8772,148.158,3.8781250000000003,-6.045686318151219
9.8772,148.158,3.88125,-6.420373742035076
9.8772,148.158,3.8843750000000004,-6.1209393223807895
9.8772,148.158,3.8875,-5.425489807386521
9.8772,148.158,3.8906250000000004,-4.9270030979040875
9.8772,148.158,3.8937500000000003,-4.916598097924504
9.8772,148.158,3.896875,-5.105538843823672
9.8772,148.158,3.9000000000000004,-5.50374653156854
9.8772,148.158,3.903125,-5.718695066941695
9.8772,148.158,3.9062500000000004,-5.52204403552746
9.8772,148.158,3.9093750000000003,-5.584896397064671
9.8772,148.158,3.9125,-5.663939640665651
9.8772,148.158,3.9156250000000004,-5.366264044503449
9.8772,148.158,3.91875,-5.364087888233167
9.8772,148.158,3.9218750000000004,-5.5353966494310765
9.8772,148.158,3.9250000000000003,-5.741121023238479
9.8772,148.158,3.928125,-4.888222934382252
9.8772,148.158,3.9312500000000004,-4.582569585379183
9.8772,148.158,3.934375,-4.913437209257485
9.8772,148.158,3.9375000000000004,-5.565454268386287
9.8772,148.158,3.9406250000000003,-5.392249372221116
9.8772,148.158,3.94375,-4.821358633254024
9.8772,148.158,3.9468750000000004,-5.2195904239606286
9.8772,148.158,3.95,-5.191185682310153
9.8772,148.158,3.9531250000000004,-4.98114938199927
9.8772,148.158,3.9562500000000003,-5.149785864560115
9.8772,148.158,3.959375,-5.400002277677079
9.8772,148.158,3.9625000000000004,-5.307522325391164
9.8772,148.158,3.965625,-5.468454477980468
9.8772,148.158,3.9687500000000004,-5.514680518860679
9.8772,148.158,3.9718750000000003,-5.659871267002544
9.8772,148.158,3.975,-5.7446248552263555
9.8772,148.158,3.9781250000000004,-5.843452394286482
9.8772,148.158,3.98125,-5.9309177316607276
9.8772,148.158,3.9843750000000004,-6.002225430719448
9.8772,148.158,3.9875000000000003,-6.056038794899737
9.8772,148.158,3.990625,-6.097519417361856
9.8772,148.158,3.9937500000000004,-6.106120392309088
9.8772,148.158,3.996875,-6.092977198241826
9.8772,148.158,4,-6.076740162783878
9.8772,148.158,4.003125,-6.041975478799403
9.8772,148.158,4.0062500000000005,-5.986515556830442
9.8772,148.158,4.009375,-5.942739428478782
9.8772,148.158,4.0125,-5.891139631286721
9.8772,148.158,4.015625,-5.845259510023454
9.8772,148.158,4.01875,-5.802956445066415
9.8772,148.158,4.0218750000000005,-5.769080993426674
9.8772,148.158,4.025,-5.7533806159746135
9.8772,148.158,4.028125,-5.751900374842293
9.8772,148.158,4.03125,-5.768569815142225
9.8772,148.158,4.034375,-5.799625128718424
9.8772,148.158,4.0375000000000005,-5.852727291634868
9.8772,148.158,4.040625,-5.9262046556303805
9.8772,148.158,4.04375,-6.016832302932799
9.8772,148.158,4.046875,-6.127152453702066
9.8772,148.158,4.05,-6.2557614319015755
9.8772,148.158,4.0531250000000005,-6.390667847391388
9.8772,148.158,4.05625,-6.539621548760501
9.8772,148.158,4.059375,-6.677714292130663
9.8772,148.158,4.0625,-6.807197423693394
9.8772,148.158,4.065625,-6.921255756653801
9.8772,148.158,4.0687500000000005,-7.005534289265764
9.8772,148.158,4.071875,-7.069315232053416
9.8772,148.158,4.075,-7.11651171960337
9.8772,148.158,4.078125,-7.148709676891204
9.8772,148.158,4.08125,-7.159823191591203
9.8772,148.158,4.0843750000000005,-7.145191844123847
9.8772,148.158,4.0875,-7.107648528145198
9.8772,148.158,4.090625,-7.0515187987166525
9.8772,148.158,4.09375,-6.9673393069862355
9.8772,148.158,4.096875,-6.875481064987873
9.8772,148.158,4.1000000000000005,-6.784285107904545
9.8772,148.158,4.103125,-6.695429119035908
9.8772,148.158,4.10625,-6.620935564052832
9.8772,148.158,4.109375,-6.5598350336379685
9.8772,148.158,4.1125,-6.5191733561284
9.8772,148.158,4.1156250000000005,-6.493734873977425
9.8772,148.158,4.11875,-6.491958296608349
9.8772,148.158,4.121875,-6.505999359961164
9.8772,148.158,4.125,-6.548190829911437
9.8772,148.158,4.128125,-6.613061940321878
9.8772,148.158,4.1312500000000005,-6.699262540200084
9.8772,148.158,4.134375,-6.806030476205453
9.8772,148.158,4.1375,-6.938125997744749
9.8772,148.158,4.140625,-7.0758054585184365
9.8772,148.158,4.14375,-7.231200765032163
9.8772,148.158,4.1468750000000005,-7.388911234724588
9.8772,148.158,4.15,-7.543054681022326
9.8772,148.158,4.153125,-7.682273669746306
9.8772,148.158,4.15625,-7.802446072275981
9.8772,148.158,4.159375,-7.900230025356153
9.8772,148.158,4.1625000000000005,-7.954339011918553
9.8772,148.158,4.165625,-7.9717025960170576
9.8772,148.158,4.16875,-7.95380148992397
9.8772,148.158,4.171875,-7.896808507524993
9.8772,148.158,4.175,-7.815182543006785
9.8772,148.158,4.1781250000000005,-7.721613788987761
9.8772,148.158,4.18125,-7.60887349492832
9.8772,148.158,4.184375,-7.489544364480394
9.8772,148.158,4.1875,-7.371842912438432
9.8772,148.158,4.190625,-7.263131430627785
9.8772,148.158,4.1937500000000005,-7.170489529534583
9.8772,148.158,4.196875,-7.093212036253277
9.8772,148.158,4.2,-7.040464993555271
9.8772,148.158,4.203125,-7.008041026590774
9.8772,148.158,4.20625,-6.988557072821125
9.8772,148.158,4.2093750000000005,-7.000221417916126
9.8772,148.158,4.2125,-7.0312596313014915
9.8772,148.158,4.215625,-7.094635058138243
9.8772,148.158,4.21875,-7.180505434892633
9.8772,148.158,4.221875,-7.284016129779108
9.8772,148.158,4.2250000000000005,-7.421514634713652
9.8772,148.158,4.228125,-7.567149135117784
9.8772,148.158,4.23125,-7.733277648571152
9.8772,148.158,4.234375,-7.91929359603638
9.8772,148.158,4.2375,-8.102892045459134
9.8772,148.158,4.2406250000000005,-8.289144504913898
9.8772,148.158,4.24375,-8.456648602848002
9.8772,148.158,4.246875,-8.610219137857236
9.8772,148.158,4.25,-8.725797014277015
9.8772,148.158,4.253125,-8.804438539029897
9.8772,148.158,4.2562500000000005,-8.844873063170027
9.8772,148.158,4.259375,-8.834954143156327
9.8772,148.158,4.2625,-8.781473091599413
9.8772,148.158,4.265625,-8.703363580438713
9.8772,148.158,4.26875,-8.590055125059777
9.8772,148.158,4.2718750000000005,-8.457057093494969
9.8772,148.158,4.275,-8.311930968926623
9.8772,148.158,4.278125,-8.16994686699248
9.8772,148.158,4.28125,-8.034659848087896
9.8772,148.158,4.284375000000001,-7.905117369335497
9.8772,148.158,4.2875000000000005,-7.792944120133459
9.8772,148.158,4.290625,-7.705995752154159
9.8772,148.158,4.29375,-7.637501231177023
9.8772,148.158,4.296875,-7.600187068200606
9.8772,148.158,4.300000000000001,-7.5828807607402515
9.8772,148.158,4.3031250000000005,-7.607528757025785
9.8772,148.158,4.30625,-7.644732577532581
9.8772,148.158,4.309375,-7.713680165142613
9.8772,148.158,4.3125,-7.80477414190242
9.8772,148.158,4.315625000000001,-7.920560750815672
9.8772,148.158,4.3187500000000005,-8.04480477264134
9.8772,148.158,4.321875,-8.182069271786787
9.8772,148.158,4.325,-8.32070456066781
9.8772,148.158,4.328125,-8.46554017065936
9.8772,148.158,4.331250000000001,-8.580910796026505
9.8772,148.158,4.3343750000000005,-8.677455178865646
9.8772,148.158,4.3375,-8.73903229647828
9.8772,148.158,4.340625,-8.75624231977817
9.8772,148.158,4.34375,-8.732644186044912
9.8772,148.158,4.346875000000001,-8.66263047312155
9.8772,148.158,4.3500000000000005,-8.536569496398652
9.8772,148.158,4.353125,-8.368727839566791
9.8772,148.158,4.35625,-8.155763811363597
9.8772,148.158,4.359375,-7.935345169223159
9.8772,148.158,4.362500000000001,-7.6881822700222955
9.8772,148.158,4.3656250000000005,-7.447029547767944
9.8772,148.158,4.36875,-7.245968009636278
9.8772,148.158,4.371875,-7.080781722669997
9.8772,148.158,4.375,-6.943257753894974
9.8772,148.158,4.378125000000001,-6.827873536499986
9.8772,148.158,4.3812500000000005,-6.733627856463396
9.8772,148.158,4.384375,-6.669171167969533
9.8772,148.158,4.3875,-6.621825079798317
9.8772,148.158,4.390625,-6.606269198028817
9.8772,148.158,4.393750000000001,-6.617833821735496
9.8772,148.158,4.3968750000000005,-6.650256964837915
9.8772,148.158,4.4,-6.711404522874095
9.8772,148.158,4.403125,-6.80601341202061
9.8772,148.158,4.40625,-6.921393446914136
9.8772,148.158,4.409375000000001,-7.054726589526573
9.8772,148.158,4.4125000000000005,-7.199759985701873
9.8772,148.158,4.415625,-7.369224925067196
9.8772,148.158,4.41875,-7.539154156249971
9.8772,148.158,4.421875,-7.695438016949586
9.8772,148.158,4.425000000000001,-7.848808491523448
9.8772,148.158,4.4281250000000005,-7.986283638400243
9.8772,148.158,4.43125,-8.115379523189128
9.8772,148.158,4.434375,-8.222845851387962
9.8772,148.158,4.4375,-8.174251785325708
9.8772,148.158,4.440625000000001,-8.053185081061544
9.8772,148.158,4.4437500000000005,-7.921085949138326
9.8772,148.158,4.446875,-7.761789448388666
9.8772,148.158,4.45,-7.5849661920341
9.8772,148.158,4.453125,-7.393019497495387
9.8772,148.158,4.456250000000001,-7.2094494955516915
9.8772,148.158,4.4593750000000005,-7.0291981350527655
9.8772,148.158,4.4625,-6.870622930902125
9.8772,148.158,4.465625,-6.727567093868673
9.8772,148.158,4.46875,-6.60065904393707
9.8772,148.158,4.471875000000001,-6.4953181597390595
9.8772,148.158,4.4750000000000005,-6.405505126188666
9.8772,148.158,4.478125,-6.333356984004121
9.8772,148.158,4.48125,-6.287980311147764
9.8772,148.158,4.484375,-6.2554852877180975
9.8772,148.158,4.487500000000001,-6.250210305069426
9.8772,148.158,4.4906250000000005,-6.264315448699069
9.8772,148.158,4.49375,-6.298017308405118
9.8772,148.158,4.496875,-6.348071427881079
9.8772,148.158,4.5,-6.409180377456841
9.8772,148.158,4.503125000000001,-6.4781941002502546
9.8772,148.158,4.5062500000000005,-6.553200347184421
9.8772,148.158,4.509375,-6.6250077723841985
9.8772,148.158,4.5125,-6.69502774820355
9.8772,148.158,4.515625,-6.750885847801692
9.8772,148.158,4.518750000000001,-6.787250063735128
9.8772,148.158,4.5218750000000005,-6.797121968891221
9.8772,148.158,4.525,-6.776871224697056
9.8772,148.158,4.528125,-6.729793281365368
9.8772,148.158,4.53125,-6.656034484359128
9.8772,148.158,4.534375000000001,-6.573675012026783
9.8772,148.158,4.5375000000000005,-6.5159344672160415
9.8772,148.158,4.540625,-6.4686883483109
9.8772,148.158,4.54375,-6.337160148783796
9.8772,148.158,4.546875,-6.090982546969721
9.8772,148.158,4.550000000000001,-5.840023871726587
9.8772,148.158,4.5531250000000005,-5.61858327771446
9.8772,148.158,4.55625,-5.428564654751755
9.8772,148.158,4.559375,-5.267446543090256
9.8772,148.158,4.5625,-5.133237056890377
9.8772,148.158,4.565625000000001,-5.017075041350289
9.8772,148.158,4.5687500000000005,-4.917611111631995
9.8772,148.158,4.571875,-4.825351784597473
9.8772,148.158,4.575,-4.762868904794399
9.8772,148.158,4.578125,-4.720707647266299
9.8772,148.158,4.581250000000001,-4.699568410094839
9.8772,148.158,4.5843750000000005,-4.701241354266191
9.8772,148.158,4.5875,-4.71674539508964
9.8772,148.158,4.590625,-4.750907290859598
9.8772,148.158,4.59375,-4.797843928598573
9.8772,148.158,4.596875000000001,-4.852153173275293
9.8772,148.158,4.6000000000000005,-4.909919646564877
9.8772,148.158,4.603125,-4.9669387540099565
9.8772,148.158,4.60625,-5.023050296224492
9.8772,148.158,4.609375,-5.070144748946571
9.8772,148.158,4.612500000000001,-5.098092370365431
9.8772,148.158,4.6156250000000005,-5.120176476769771
9.8772,148.158,4.61875,-5.120100968602075
9.8772,148.158,4.621875,-5.101673686023681
9.8772,148.158,4.625,-5.053644144098327
9.8772,148.158,4.628125000000001,-4.985939723497868
9.8772,148.158,4.6312500000000005,-4.899653619265904
9.8772,148.158,4.634375,-4.799156701028258
9.8772,148.158,4.6375,-4.692577224954672
9.8772,148.158,4.640625,-4.570346548435898
9.8772,148.158,4.643750000000001,-4.44724127238042
9.8772,148.158,4.6468750000000005,-4.3302375979634276
9.8772,148.158,4.65,-4.217914827172468
9.8772,148.158,4.653125,-4.105943884574673
9.8772,148.158,4.65625,-4.008681763275512
9.8772,148.158,4.659375000000001,-3.918729585868937
9.8772,148.158,4.6625000000000005,-3.843472768880104
9.8772,148.158,4.665625,-3.780928740741259
9.8772,148.158,4.66875,-3.7325370002591445
9.8772,148.158,4.671875,-3.7012757448100055
9.8772,148.158,4.675000000000001,-3.6753471279005505
9.8772,148.158,4.6781250000000005,-3.6613803233661386
9.8772,148.158,4.68125,-3.6653991383177957
9.8772,148.158,4.684375,-3.7316941665483276
9.8772,148.158,4.6875,-3.806000962763019
9.8772,148.158,4.690625000000001,-3.8519709867419727
9.8772,148.158,4.6937500000000005,-3.8968376467801376
9.8772,148.158,4.696875,-3.9271420147684335
9.8772,148.158,4.7,-3.9537346458076614
9.8772,148.158,4.703125,-3.958417344388596
9.8772,148.158,4.706250000000001,-3.9491698866083995
9.8772,148.158,4.7093750000000005,-3.916680833391962
9.8772,148.158,4.7125,-3.866389094255726
9.8772,148.158,4.715625,-3.794393931563283
9.8772,148.158,4.71875,-3.7029011411314467
9.8772,148.158,4.721875000000001,-3.5982856357014885
9.8772,148.158,4.7250000000000005,-3.4821625666309073
9.8772,148.158,4.728125,-3.3649851318476465
9.8772,148.158,4.73125,-3.244729346962208
9.8772,148.158,4.734375,-3.1263005808238793
9.8772,148.158,4.737500000000001,-3.016920197776567
9.8772,148.158,4.7406250000000005,-2.9184220374922623
9.8772,148.158,4.74375,-2.827523998020674
9.8772,148.158,4.746875,-2.750344146271365
9.8772,148.158,4.75,-2.6921206771848833
9.8772,148.158,4.753125000000001,-2.639306804412325
9.8772,148.158,4.7562500000000005,-2.6004053320943936
9.8772,148.158,4.759375,-2.5733238845101787
9.8772,148.158,4.7625,-2.552748125905328
9.8772,148.158,4.765625,-2.5509146827013653
9.8772,148.158,4.768750000000001,-2.554507597596994
9.8772,148.158,4.7718750000000005,-2.57295868891351
9.8772,148.158,4.775,-2.5984890200763195
9.8772,148.158,4.778125,-2.6310271266981267
9.8772,148.158,4.78125,-2.668161884200045
9.8772,148.158,4.784375000000001,-2.7184062770604185
9.8772,148.158,4.7875000000000005,-2.7684064470200216
9.8772,148.158,4.790625,-2.8191426418676384
9.8772,148.158,4.79375,-2.864419026632705
9.8772,148.158,4.796875,-2.9119206070408725
9.8772,148.158,4.800000000000001,-2.9340432010207644
9.8772,148.158,4.8031250000000005,-2.9501318992384884
9.8772,148.158,4.80625,-2.956055404957329
9.8772,148.158,4.809375,-2.9432199794219316
9.8772,148.158,4.8125,-2.912434233877464
9.8772,148.158,4.815625000000001,-2.8762232454233065
9.8772,148.158,4.8187500000000005,-2.8267127889851764
9.8772,148.158,4.821875,-2.7743742057592105
9.8772,148.158,4.825,-2.715150853590371
9.8772,148.158,4.828125,-2.6580700502312986
9.8772,148.158,4.831250000000001,-2.608053673744198
9.8772,148.158,4.8343750000000005,-2.562993901353527
9.8772,148.158,4.8375,-2.5307076061642153
9.8772,148.158,4.840625,-2.508167032763345
9.8772,148.158,4.84375,-2.4983907062717985
9.8772,148.158,4.846875000000001,-2.4993153221136795
9.8772,148.158,4.8500000000000005,-2.5143925042409725
9.8772,148.158,4.853125,-2.5391474173187065
9.8772,148.158,4.85625,-2.5835320828905
9.8772,148.158,4.859375,-2.629456492321529
9.8772,148.158,4.862500000000001,-2.686212805586991
9.8772,148.158,4.8656250000000005,-2.7608231709779303
9.8772,148.158,4.86875,-2.8313796676096077
9.8772,148.158,4.871875,-2.9144743749258812
9.8772,148.158,4.875,-2.997018644670307
9.8772,148.158,4.878125000000001,-3.0727736028427954
9.8772,148.158,4.8812500000000005,-3.14626725765704
9.8772,148.158,4.884375,-3.213655911931364
9.8772,148.158,4.8875,-3.2676360697095412
9.8772,148.158,4.890625,-3.3084469934051257
9.8772,148.158,4.893750000000001,-3.3293817502381184
9.8772,148.158,4.8968750000000005,-3.338522678028875
9.8772,148.158,4.9,-3.320722821888002
9.8772,148.158,4.903125,-3.287079204783108
9.8772,148.158,4.90625,-3.2359376126485944
9.8772,148.158,4.909375000000001,-3.1760222224352397
9.8772,148.158,4.9125000000000005,-3.111639945109683
9.8772,148.158,4.915625,-3.0413097795771766
9.8772,148.158,4.91875,-2.9723726868418154
9.8772,148.158,4.921875,-2.9059438895014833
9.8772,148.158,4.925000000000001,-2.847876073101126
9.8772,148.158,4.9281250000000005,-2.798291220028398
9.8772,148.158,4.93125,-2.7607150874078092
9.8772,148.158,4.934375,-2.734167704431283
9.8772,148.158,4.9375,-2.724408660333607
9.8772,148.158,4.940625000000001,-2.72713552670661
9.8772,148.158,4.9437500000000005,-2.7480815193826107
9.8772,148.158,4.946875,-2.784492147788669
9.8772,148.158,4.95,-2.833800891847196
9.8772,148.158,4.953125,-2.896290871967611
9.8772,148.158,4.956250000000001,-2.9740952217225054
9.8772,148.158,4.9593750000000005,-3.05946458612341
9.8772,148.158,4.9625,-3.1548250285132666
9.8772,148.158,4.965625,-3.258859837239247
9.8772,148.158,4.96875,-3.364667828610754
9.8772,148.158,4.971875000000001,-3.468635661379734
9.8772,148.158,4.9750000000000005,-3.5680685046773153
9.8772,148.158,4.978125,-3.653952399464884
9.8772,148.158,4.98125,-3.737871828221216
9.8772,148.158,4.984375,-3.799055706833258
9.8772,148.158,4.987500000000001,-3.8462572566296185
9.8772,148.158,4.9906250000000005,-3.860821858554131
9.8772,148.158,4.99375,-3.8509557042301
9.8772,148.158,4.996875,-3.823558857874067
9.8772,148.158,5,-3.7869140701272603
9.8772,148.158,5.003125000000001,-3.7276529849646978
9.8772,148.158,5.0062500000000005,-3.686221276334341
9.8772,148.158,5.009375,-3.636354982909757
9.8772,148.158,5.0125,-3.590210672899334
9.8772,148.158,5.015625,-3.5479656492220424
9.8772,148.158,5.018750000000001,-3.5203144986551327
9.8772,148.158,5.0218750000000005,-3.499945083589332
9.8772,148.158,5.025,-3.4853846197393468
9.8772,148.158,5.028125,-3.492951700424207
9.8772,148.158,5.03125,-3.516206702609202
9.8772,148.158,5.034375000000001,-3.5550818138083304
9.8772,148.158,5.0375000000000005,-3.611807654634847
9.8772,148.158,5.040625,-3.6867118818443565
9.8772,148.158,5.04375,-3.7736561389801655
9.8772,148.158,5.046875,-3.8780200885128324
9.8772,148.158,5.050000000000001,-3.995319526681802
9.8772,148.158,5.0531250000000005,-4.128477102793836
9.8772,148.158,5.05625,-4.2667487117339045
9.8772,148.158,5.059375,-4.407723477557645
9.8772,148.158,5.0625,-4.553888653603806
9.8772,148.158,5.065625000000001,-4.694607438659098
9.8772,148.158,5.0687500000000005,-4.8234895105263735
9.8772,148.158,5.071875,-4.935644204746665
9.8772,148.158,5.075,-5.02238682405622
9.8772,148.158,5.078125,-5.080285690298089
9.8772,148.158,5.081250000000001,-5.091957139468261
9.8772,148.158,5.0843750000000005,-5.073916599012768
9.8772,148.158,5.0875,-5.020892530926818
9.8772,148.158,5.090625,-4.946892839099913
9.8772,148.158,5.09375,-4.856149944113427
9.8772,148.158,5.096875000000001,-4.755031473701605
9.8772,148.158,5.1000000000000005,-4.657101546984329
9.8772,148.158,5.103125,-4.564048140747019
9.8772,148.158,5.10625,-4.457169877691884
9.8772,148.158,5.109375,-4.3300708560895975
9.8772,148.158,5.112500000000001,-4.208941354398096
9.8772,148.158,5.1156250000000005,-4.112228965131888
9.8772,148.158,5.11875,-4.056559409011155
9.8772,148.158,5.121875,-4.011967338697992
9.8772,148.158,5.125,-3.997016256603101
9.8772,148.158,5.128125000000001,-4.000565450026723
9.8772,148.158,5.1312500000000005,-4.026460162365275
9.8772,148.158,5.134375,-4.072828237514527
9.8772,148.158,5.1375,-4.129200143258612
9.8772,148.158,5.140625,-4.208209923610893
9.8772,148.158,5.143750000000001,-4.289282582732507
9.8772,148.158,5.1468750000000005,-4.381187932666463
9.8772,148.158,5.15,-4.484986300642695
9.8772,148.158,5.153125,-4.592053338000603
9.8772,148.158,5.15625,-4.705038739626422
9.8772,148.158,5.159375000000001,-4.8114203232736505
9.8772,148.158,5.1625000000000005,-4.906719255183066
9.8772,148.158,5.165625,-4.994011376719565
9.8772,148.158,5.16875,-5.061649572163377
9.8772,148.158,5.171875,-5.105561269462054
9.8772,148.158,5.175000000000001,-5.1279110415952704
9.8772,148.158,5.1781250000000005,-5.118884597732773
9.8772,148.158,5.18125,-5.083506142890716
9.8772,148.158,5.184375,-5.028123078190868
9.8772,148.158,5.1875,-4.948646829324049
9.8772,148.158,5.190625000000001,-4.866678884641898
9.8772,148.158,5.1937500000000005,-4.774809039741264
9.8772,148.158,5.196875,-4.698285744668292
9.8772,148.158,5.2,-4.621852125919049
9.8772,148.158,5.203125,-4.553867851384354
9.8772,148.158,5.206250000000001,-4.505120641112378
9.8772,148.158,5.2093750000000005,-4.458368593076449
9.8772,148.158,5.2125,-4.428520559059467
9.8772,148.158,5.215625,-4.4173743461830215
9.8772,148.158,5.21875,-4.4410164078075
9.8772,148.158,5.221875000000001,-4.495088839054532
9.8772,148.158,5.2250000000000005,-4.562480059781497
9.8772,148.158,5.228125,-4.669708386764212
9.8772,148.158,5.23125,-4.799879847485157
9.8772,148.158,5.234375,-4.959203272926701
9.8772,148.158,5.237500000000001,-5.141320990862278
9.8772,148.158,5.2406250000000005,-5.348339300762271
9.8772,148.158,5.24375,-5.586538816245595
9.8772,148.158,5.246875,-5.847766972347841
9.8772,148.158,5.25,-6.145235434469537
9.8772,148.158,5.253125000000001,-6.49867950472658
9.8772,148.158,5.2562500000000005,-6.943425985828884
9.8772,148.158,5.259375,-7.562287287706062
9.8772,148.158,5.2625,-8.557716263138392
9.8772,148.158,5.265625,-10.130618262680255
9.8772,148.158,5.268750000000001,-11.271101533933386
9.8772,148.158,5.2718750000000005,-9.886018265903054
9.8772,148.158,5.275,-8.21110236704593
9.8772,148.158,5.278125,-7.2301370775220715
9.8772,148.158,5.28125,-6.648107795153663
9.8772,148.158,5.284375000000001,-6.249956253152344
9.8772,148.158,5.2875000000000005,-5.939693081868052
9.8772,148.158,5.290625,-5.6784078874062915
9.8772,148.158,5.29375,-5.457048264693923
9.8772,148.158,5.296875,-5.273447434110991
9.8772,148.158,5.300000000000001,-5.1264336147309155
9.8772,148.158,5.3031250000000005,-5.020295336587316
9.8772,148.158,5.30625,-4.934255723427369
9.8772,148.158,5.309375,-4.880570470912348
9.8772,148.158,5.3125,-4.852526568240389
9.8772,148.158,5.315625000000001,-4.849467626982199
9.8772,148.158,5.3187500000000005,-4.869447342365538
9.8772,148.158,5.321875,-4.920399898164254
9.8772,148.158,5.325,-4.978031659220244
9.8772,148.158,5.328125,-5.059979512235772
9.8772,148.158,5.331250000000001,-5.139628430627261
9.8772,148.158,5.3343750000000005,-5.228045605781734
9.8772,148.158,5.3375,-5.318129854146366
9.8772,148.158,5.340625,-5.405240550307506
9.8772,148.158,5.34375,-5.495172689089809
9.8772,148.158,5.346875000000001,-5.577881213560813
9.8772,148.158,5.3500000000000005,-5.639725844418563
9.8772,148.158,5.353125,-5.6764488459584275
9.8772,148.158,5.35625,-5.687903791812666
9.8772,148.158,5.359375,-5.661762065667839
9.8772,148.158,5.362500000000001,-5.60589239551999
9.8772,148.158,5.3656250000000005,-5.527393831483792
9.8772,148.158,5.36875,-5.419035074399343
9.8772,148.158,5.371875,-5.291276039910619
9.8772,148.158,5.375,-5.160417906610899
9.8772,148.158,5.378125000000001,-5.020991074165034
9.8772,148.158,5.3812500000000005,-4.890812548636417
9.8772,148.158,5.384375,-4.770465373484708
9.8772,148.158,5.3875,-4.667927176806246
9.8772,148.158,5.390625,-4.586216821754354
9.8772,148.158,5.393750000000001,-4.519506793010807
9.8772,148.158,5.3968750000000005,-4.481701505512133
9.8772,148.158,5.4,-4.463195500176777
9.8772,148.158,5.403125,-4.47263980620377
9.8772,148.158,5.40625,-4.501358415834161
9.8772,148.158,5.409375000000001,-4.549183315993778
9.8772,148.158,5.4125000000000005,-4.619870419115578
9.8772,148.158,5.415625,-4.7086553704742125
9.8772,148.158,5.41875,-4.8088050347139735
9.8772,148.158,5.421875,-4.936532524005032
9.8772,148.158,5.425000000000001,-5.067666334182782
9.8772,148.158,5.4281250000000005,-5.212331272208312
9.8772,148.158,5.43125,-5.3677729881299605
9.8772,148.158,5.434375,-5.527548716310726
9.8772,148.158,5.4375,-5.675547236910086
9.8772,148.158,5.440625000000001,-5.805061761048283
9.8772,148.158,5.4437500000000005,-5.920307599483766
9.8772,148.158,5.446875,-5.999817235215495
9.8772,148.158,5.45,-6.04024142708293
9.8772,148.158,5.453125,-6.046934970442877
9.8772,148.158,5.456250000000001,-6.01528802905778
9.8772,148.158,5.4593750000000005,-5.940518812479448
9.8772,148.158,5.4625,-5.822548730985595
9.8772,148.158,5.465625,-5.695372955819108
9.8772,148.158,5.46875,-5.536633946272369
9.8772,148.158,5.471875000000001,-5.37674650543269
9.8772,148.158,5.4750000000000005,-5.214730474281399
9.8772,148.158,5.478125,-5.067739133557324
9.8772,148.158,5.48125,-4.930883711160573
9.8772,148.158,5.484375,-4.816558890760756
9.8772,148.158,5.487500000000001,-4.7314435850162075
9.8772,148.158,5.4906250000000005,-4.671005029611883
9.8772,148.158,5.49375,-4.63261178801329
9.8772,148.158,5.496875,-4.623913159656916
9.8772,148.158,5.5,-4.64092199935033
9.8772,148.158,5.503125000000001,-4.670838646597107
9.8772,148.158,5.5062500000000005,-4.726931342401441
9.8772,148.158,5.509375,-4.7962411282368524
9.8772,148.158,5.5125,-4.876228616792156
9.8772,148.158,5.515625,-4.963478562699832
9.8772,148.158,5.518750000000001,-5.047194350321407
9.8772,148.158,5.5218750000000005,-5.130118666947991
9.8772,148.158,5.525,-5.2062938594731625
9.8772,148.158,5.528125,-5.257413349405482
9.8772,148.158,5.53125,-5.298500847044295
9.8772,148.158,5.534375000000001,-5.31298480161242
9.8772,148.158,5.5375000000000005,-5.300163970549871
9.8772,148.158,5.540625,-5.254932546395007
9.8772,148.158,5.54375,-5.185392143028952
9.8772,148.158,5.546875,-5.083518779815162
9.8772,148.158,5.550000000000001,-4.967546949960892
9.8772,148.158,5.5531250000000005,-4.8327055903693275
9.8772,148.158,5.55625,-4.688922003981711
9.8772,148.158,5.559375,-4.5417816374298035
9.8772,148.158,5.5625,-4.401936142289527
9.8772,148.158,5.565625000000001,-4.267470125416512
9.8772,148.158,5.5687500000000005,-4.1476842599335795
9.8772,148.158,5.571875,-4.049373593874143
9.8772,148.158,5.575,-3.966822073382083
9.8772,148.158,5.578125,-3.9092862171514318
9.8772,148.158,5.581250000000001,-3.8705912254663053
9.8772,148.158,5.5843750000000005,-3.8556921623927494
9.8772,148.158,5.5875,-3.8606603866021616
9.8772,148.158,5.590625,-3.891389201203837
9.8772,148.158,5.59375,-3.944557993196296
9.8772,148.158,5.596875000000001,-4.014036392479277
9.8772,148.158,5.6000000000000005,-4.106762149042772
9.8772,148.158,5.603125,-4.208653637885198
9.8772,148.158,5.60625,-4.3228761885561635
9.8772,148.158,5.609375,-4.4435038090455325
9.8772,148.158,5.612500000000001,-4.575662619116987
9.8772,148.158,5.6156250000000005,-4.702826161878723
9.8772,148.158,5.61875,-4.8192810431537145
9.8772,148.158,5.621875,-4.914660384639518
9.8772,148.158,5.625,-5.000595165635016
9.8772,148.158,5.628125000000001,-5.043591391500742
9.8772,148.158,5.6312500000000005,-5.063292016915426
9.8772,148.158,5.634375,-5.042979975627238
9.8772,148.158,5.6375,-4.981265232196284
9.8772,148.158,5.640625,-4.890116915394959
9.8772,148.158,5.643750000000001,-4.772299656838199
9.8772,148.158,5.6468750000000005,-4.634800009879561
9.8772,148.158,5.65,-4.487615234499238
9.8772,148.158,5.653125,-4.339322293342241
9.8772,148.158,5.65625,-4.199228226227245
9.8772,148.158,5.659375000000001,-4.0723629130627765
9.8772,148.158,5.6625000000000005,-3.9593791412001664
9.8772,148.158,5.665625,-3.866217230263433
9.8772,148.158,5.66875,-3.8052366882057616
9.8772,148.158,5.671875,-3.7551398310546897
9.8772,148.158,5.675000000000001,-3.7295504629385077
9.8772,148.158,5.6781250000000005,-3.7244528027094743
9.8772,148.158,5.68125,-3.742400877133776
9.8772,148.158,5.684375,-3.778464865515007
9.8772,148.158,5.6875,-3.828323706999699
9.8772,148.158,5.690625000000001,-3.888720671823461
9.8772,148.158,5.6937500000000005,-3.9648984657986164
9.8772,148.158,5.696875,-4.034476895383976
9.8772,148.158,5.7,-4.104611148793781
9.8772,148.158,5.703125,-4.17750655962436
9.8772,148.158,5.706250000000001,-4.23770363388677
9.8772,148.158,5.7093750000000005,-4.280324742059102
9.8772,148.158,5.7125,-4.309361901695242
9.8772,148.158,5.715625,-4.312053077313133
9.8772,148.158,5.71875,-4.285804189081869
9.8772,148.158,5.721875000000001,-4.233698446115893
9.8772,148.158,5.7250000000000005,-4.160099553636102
9.8772,148.158,5.728125,-4.052229899926719
9.8772,148.158,5.73125,-3.925089642140635
9.8772,148.158,5.734375,-3.7822913376759475
9.8772,148.158,5.737500000000001,-3.621064051935781
9.8772,148.158,5.7406250000000005,-3.4683012996014644
9.8772,148.158,5.74375,-3.317571998559269
9.8772,148.158,5.746875,-3.182338810956638
9.8772,148.158,5.75,-3.059857282160252
9.8772,148.158,5.753125000000001,-2.9514943259623267
9.8772,148.158,5.7562500000000005,-2.873172515897242
9.8772,148.158,5.759375,-2.8130593418738425
9.8772,148.158,5.7625,-2.7872581895860504
9.8772,148.158,5.765625,-2.780132805837497
9.8772,148.158,5.768750000000001,-2.791195746353858
9.8772,148.158,5.7718750000000005,-2.8299821839552166
9.8772,148.158,5.775,-2.8891785659141873
9.8772,148.158,5.778125,-2.958402445685957
9.8772,148.158,5.78125,-3.0433200272095684
9.8772,148.158,5.784375000000001,-3.136805999426758
9.8772,148.158,5.7875000000000005,-3.2386892218617156
9.8772,148.158,5.790625,-3.3333764288849643
9.8772,148.158,5.79375,-3.4261410131113115
9.8772,148.158,5.796875,-3.5117244642204506
9.8772,148.158,5.800000000000001,-3.582495434180577
9.8772,148.158,5.8031250000000005,-3.641407426191647
9.8772,148.158,5.80625,-3.6655278289664404
9.8772,148.158,5.809375,-3.6770886802813134
9.8772,148.158,5.8125,-3.6536655908087345
9.8772,148.158,5.815625000000001,-3.609886554142286
9.8772,148.158,5.8187500000000005,-3.542309903475064
9.8772,148.158,5.821875,-3.4535722105115725
9.8772,148.158,5.825,-3.342540442027397
9.8772,148.158,5.828125,-3.2219638307665304
9.8772,148.158,5.831250000000001,-3.10373717618839
9.8772,148.158,5.8343750000000005,-2.9822828210734675
9.8772,148.158,5.8375,-2.8699632641855324
9.8772,148.158,5.840625,-2.7687882891160056
9.8772,148.158,5.84375,-2.6866580589461666
9.8772,148.158,5.846875000000001,-2.6208325707399953
9.8772,148.158,5.8500000000000005,-2.586600918542836
9.8772,148.158,5.853125,-2.5675265590011636
9.8772,148.158,5.85625,-2.574793172282967
9.8772,148.158,5.859375,-2.599857841913425
9.8772,148.158,5.862500000000001,-2.6501725643200817
9.8772,148.158,5.8656250000000005,-2.718409540729417
9.8772,148.158,5.86875,-2.7964821149782986
9.8772,148.158,5.871875,-2.887823119353085
9.8772,148.158,5.875,-2.9796838210946133
9.8772,148.158,5.878125000000001,-3.075878489857869
9.8772,148.158,5.8812500000000005,-3.170839832783428
9.8772,148.158,5.884375,-3.255523622518051
9.8772,148.158,5.8875,-3.321143044872205
9.8772,148.158,5.890625,-3.3824567647064825
9.8772,148.158,5.893750000000001,-3.410352025499387
9.8772,148.158,5.8968750000000005,-3.41625117719563
9.8772,148.158,5.9,-3.3892687629995737
9.8772,148.158,5.903125,-3.3291136617907786
9.8772,148.158,5.90625,-3.243344817982104
9.8772,148.158,5.909375000000001,-3.118240518538385
9.8772,148.158,5.9125000000000005,-2.9806705187978166
9.8772,148.158,5.915625,-2.828188746416024
9.8772,148.158,5.91875,-2.6699800432641414
9.8772,148.158,5.921875,-2.5075543234025592
9.8772,148.158,5.925000000000001,-2.3581814242019443
9.8772,148.158,5.9281250000000005,-2.2235486091472003
9.8772,148.158,5.93125,-2.1054104178261053
9.8772,148.158,5.934375,-2.013386029701223
9.8772,148.158,5.9375,-1.9503386556446924
9.8772,148.158,5.940625000000001,-1.9092180137640957
9.8772,148.158,5.9437500000000005,-1.8944083676772534
9.8772,148.158,5.946875,-1.9046009808937332
9.8772,148.158,5.95,-1.9404472683525964
9.8772,148.158,5.953125,-1.9914715754615984
9.8772,148.158,5.956250000000001,-2.065179608721129
9.8772,148.158,5.9593750000000005,-2.150448975831188
9.8772,148.158,5.9625,-2.248658716544419
9.8772,148.158,5.965625,-2.354847611771311
9.8772,148.158,5.96875,-2.4652915467353336
9.8772,148.158,5.971875000000001,-2.5791211336987807
9.8772,148.158,5.9750000000000005,-2.6916662167059617
9.8772,148.158,5.978125,-2.8075384447049063
9.8772,148.158,5.98125,-2.908875215995244
9.8772,148.158,5.984375,-2.9916566346401003
9.8772,148.158,5.987500000000001,-3.0513474662214572
9.8772,148.158,5.9906250000000005,-3.086903554151138
9.8772,148.158,5.99375,-3.0871465837735497
9.8772,148.158,5.996875,-3.0559061286078943
9.8772,148.158,6,-3.00629517031578
