"Current","Field","Frequency","Spectra"
9.4387,141.581,1,-0.919660814517747
9.4387,141.581,1.003125,-0.8778000489881255
9.4387,141.581,1.00625,-0.838477141538617
9.4387,141.581,1.0093750000000001,-0.8079732728584341
9.4387,141.581,1.0125,-0.7845650493036898
9.4387,141.581,1.015625,-0.7687626117618824
9.4387,141.581,1.01875,-0.7688589599449903
9.4387,141.581,1.021875,-0.7730862071281714
9.4387,141.581,1.0250000000000001,-0.7960435116919993
9.4387,141.581,1.028125,-0.8317074716808327
9.4387,141.581,1.03125,-0.8774416484006935
9.4387,141.581,1.034375,-0.9345669274131425
9.4387,141.581,1.0375,-0.9994416680479667
9.4387,141.581,1.0406250000000001,-1.069542205874003
9.4387,141.581,1.04375,-1.1378199075962394
9.4387,141.581,1.046875,-1.2042989727128692
9.4387,141.581,1.05,-1.269040742764569
9.4387,141.581,1.053125,-1.3234838714614596
9.4387,141.581,1.0562500000000001,-1.3709799614360136
9.4387,141.581,1.059375,-1.4086487132458978
9.4387,141.581,1.0625,-1.429766846351162
9.4387,141.581,1.065625,-1.4434314793468035
9.4387,141.581,1.06875,-1.447048976995878
9.4387,141.581,1.0718750000000001,-1.436748074196452
9.4387,141.581,1.0750000000000002,-1.4153692389534775
9.4387,141.581,1.078125,-1.3838969405087505
9.4387,141.581,1.08125,-1.346476072163355
9.4387,141.581,1.084375,-1.2976429408328465
9.4387,141.581,1.0875000000000001,-1.2458832966809423
9.4387,141.581,1.0906250000000002,-1.1899965631292013
9.4387,141.581,1.09375,-1.1427366977557503
9.4387,141.581,1.096875,-1.0810972160213699
9.4387,141.581,1.1,-1.0390391835573447
9.4387,141.581,1.1031250000000001,-0.9965800329352856
9.4387,141.581,1.1062500000000002,-0.9533764304567036
9.4387,141.581,1.109375,-0.9240884729336173
9.4387,141.581,1.1125,-0.9018005278123944
9.4387,141.581,1.115625,-0.8924599501820831
9.4387,141.581,1.1187500000000001,-0.8928199951576457
9.4387,141.581,1.1218750000000002,-0.8998581507877847
9.4387,141.581,1.125,-0.9154050840926526
9.4387,141.581,1.128125,-0.9405788002558249
9.4387,141.581,1.13125,-0.971128564773842
9.4387,141.581,1.1343750000000001,-1.006966821361419
9.4387,141.581,1.1375000000000002,-1.0481706470841903
9.4387,141.581,1.140625,-1.0892591651846475
9.4387,141.581,1.14375,-1.1223755396425867
9.4387,141.581,1.146875,-1.1601268980635293
9.4387,141.581,1.1500000000000001,-1.1904771713573112
9.4387,141.581,1.1531250000000002,-1.2162029498891294
9.4387,141.581,1.15625,-1.233536381323723
9.4387,141.581,1.159375,-1.2413319339345399
9.4387,141.581,1.1625,-1.2370740808960388
9.4387,141.581,1.1656250000000001,-1.2240219106043462
9.4387,141.581,1.1687500000000002,-1.2032792801558314
9.4387,141.581,1.171875,-1.1723149409916025
9.4387,141.581,1.175,-1.1325669239028209
9.4387,141.581,1.178125,-1.0885402753482185
9.4387,141.581,1.1812500000000001,-1.0373635505948784
9.4387,141.581,1.1843750000000002,-0.9848682699345318
9.4387,141.581,1.1875,-0.9322137488902317
9.4387,141.581,1.190625,-0.8831475864032258
9.4387,141.581,1.19375,-0.8418359132390696
9.4387,141.581,1.1968750000000001,-0.8089797849505787
9.4387,141.581,1.2000000000000002,-0.7841370273786447
9.4387,141.581,1.203125,-0.7758822274049368
9.4387,141.581,1.20625,-0.7809453662394173
9.4387,141.581,1.209375,-0.8022302363039426
9.4387,141.581,1.2125000000000001,-0.8358692251066012
9.4387,141.581,1.2156250000000002,-0.8864186818293397
9.4387,141.581,1.21875,-0.9391463629388703
9.4387,141.581,1.221875,-1.0063852600818166
9.4387,141.581,1.225,-1.082481806493313
9.4387,141.581,1.2281250000000001,-1.1567786185527746
9.4387,141.581,1.2312500000000002,-1.231809298912049
9.4387,141.581,1.234375,-1.29983382070936
9.4387,141.581,1.2375,-1.3580637420131199
9.4387,141.581,1.240625,-1.4111582557447848
9.4387,141.581,1.2437500000000001,-1.4567625549438714
9.4387,141.581,1.2468750000000002,-1.4928281853282441
9.4387,141.581,1.25,-1.5118456260700017
9.4387,141.581,1.253125,-1.5193148807502657
9.4387,141.581,1.25625,-1.5015324054268606
9.4387,141.581,1.2593750000000001,-1.4762568497926842
9.4387,141.581,1.2625000000000002,-1.4543483308690919
9.4387,141.581,1.265625,-1.4239495219063223
9.4387,141.581,1.26875,-1.386861415671108
9.4387,141.581,1.271875,-1.3362376051919365
9.4387,141.581,1.2750000000000001,-1.2856085694269463
9.4387,141.581,1.2781250000000002,-1.2302737073527739
9.4387,141.581,1.28125,-1.1792962356098626
9.4387,141.581,1.284375,-1.1432298004397177
9.4387,141.581,1.2875,-1.1078511175830423
9.4387,141.581,1.2906250000000001,-1.0728293451721438
9.4387,141.581,1.2937500000000002,-1.0483464837438814
9.4387,141.581,1.296875,-1.034450416748268
9.4387,141.581,1.3,-1.0284838532448262
9.4387,141.581,1.303125,-1.0390627487786168
9.4387,141.581,1.3062500000000001,-1.0593551236188334
9.4387,141.581,1.3093750000000002,-1.083462367503608
9.4387,141.581,1.3125,-1.1170899097514817
9.4387,141.581,1.315625,-1.1615586481093296
9.4387,141.581,1.31875,-1.204591164736537
9.4387,141.581,1.3218750000000001,-1.2486917714756254
9.4387,141.581,1.3250000000000002,-1.2891268086386989
9.4387,141.581,1.328125,-1.328959496016863
9.4387,141.581,1.33125,-1.3613354953750467
9.4387,141.581,1.334375,-1.3830126402949319
9.4387,141.581,1.3375000000000001,-1.3981594574659808
9.4387,141.581,1.3406250000000002,-1.4027290770571488
9.4387,141.581,1.34375,-1.3942568533188004
9.4387,141.581,1.346875,-1.377633204669721
9.4387,141.581,1.35,-1.3506551492439376
9.4387,141.581,1.3531250000000001,-1.313415546623252
9.4387,141.581,1.3562500000000002,-1.271648307467848
9.4387,141.581,1.359375,-1.2217835920035294
9.4387,141.581,1.3625,-1.1659520773828689
9.4387,141.581,1.365625,-1.1036219680466794
9.4387,141.581,1.3687500000000001,-1.0470433941417014
9.4387,141.581,1.3718750000000002,-0.9911703276166708
9.4387,141.581,1.375,-0.9414587284520561
9.4387,141.581,1.378125,-0.900750788286076
9.4387,141.581,1.38125,-0.8662832007240391
9.4387,141.581,1.3843750000000001,-0.8458789756027235
9.4387,141.581,1.3875000000000002,-0.8355124100086314
9.4387,141.581,1.390625,-0.8419479842734587
9.4387,141.581,1.39375,-0.8631427186132624
9.4387,141.581,1.396875,-0.9009389746958758
9.4387,141.581,1.4000000000000001,-0.9545636372435891
9.4387,141.581,1.4031250000000002,-1.0093055980131096
9.4387,141.581,1.40625,-1.0745985375743778
9.4387,141.581,1.409375,-1.1466648245466549
9.4387,141.581,1.4125,-1.2217991538235657
9.4387,141.581,1.4156250000000001,-1.300665778553446
9.4387,141.581,1.4187500000000002,-1.3728237915749173
9.4387,141.581,1.421875,-1.4362934418455306
9.4387,141.581,1.425,-1.4894200913523894
9.4387,141.581,1.428125,-1.533159955003307
9.4387,141.581,1.4312500000000001,-1.5664094393889914
9.4387,141.581,1.4343750000000002,-1.589522942965937
9.4387,141.581,1.4375,-1.5963833374744352
9.4387,141.581,1.440625,-1.5941435014099359
9.4387,141.581,1.44375,-1.5791921678794163
9.4387,141.581,1.4468750000000001,-1.5519577124700155
9.4387,141.581,1.4500000000000002,-1.5182166391877252
9.4387,141.581,1.453125,-1.4741126198990533
9.4387,141.581,1.45625,-1.4253513892535103
9.4387,141.581,1.459375,-1.370450431871559
9.4387,141.581,1.4625000000000001,-1.3183463205116301
9.4387,141.581,1.4656250000000002,-1.2654086806328857
9.4387,141.581,1.46875,-1.2193886787257875
9.4387,141.581,1.471875,-1.178767281616678
9.4387,141.581,1.475,-1.1456217109641516
9.4387,141.581,1.4781250000000001,-1.1250300261726833
9.4387,141.581,1.4812500000000002,-1.1166751999542799
9.4387,141.581,1.484375,-1.1234417177170155
9.4387,141.581,1.4875,-1.1467206338544909
9.4387,141.581,1.490625,-1.181474662077225
9.4387,141.581,1.4937500000000001,-1.225270839500248
9.4387,141.581,1.4968750000000002,-1.277944772982888
9.4387,141.581,1.5,-1.333379643006529
9.4387,141.581,1.503125,-1.3912126897866817
9.4387,141.581,1.50625,-1.4441254594516275
9.4387,141.581,1.5093750000000001,-1.4937392500957887
9.4387,141.581,1.5125000000000002,-1.5365666876762016
9.4387,141.581,1.515625,-1.5702103325100925
9.4387,141.581,1.51875,-1.5961570751086376
9.4387,141.581,1.521875,-1.6080566046615827
9.4387,141.581,1.5250000000000001,-1.6033776458654585
9.4387,141.581,1.5281250000000002,-1.5920275645235071
9.4387,141.581,1.53125,-1.5703766016328504
9.4387,141.581,1.534375,-1.5379865734007871
9.4387,141.581,1.5375,-1.5023406702608535
9.4387,141.581,1.5406250000000001,-1.4558599869479163
9.4387,141.581,1.5437500000000002,-1.4056948607344912
9.4387,141.581,1.546875,-1.3466356013524818
9.4387,141.581,1.55,-1.284859519889421
9.4387,141.581,1.553125,-1.2241088107745646
9.4387,141.581,1.5562500000000001,-1.1628280705693042
9.4387,141.581,1.5593750000000002,-1.1081482527126505
9.4387,141.581,1.5625,-1.053049404017178
9.4387,141.581,1.565625,-1.0123497024720192
9.4387,141.581,1.56875,-0.9811501158273286
9.4387,141.581,1.5718750000000001,-0.9633048719716202
9.4387,141.581,1.5750000000000002,-0.9619600240375216
9.4387,141.581,1.578125,-0.975630941895948
9.4387,141.581,1.58125,-1.0041006272837107
9.4387,141.581,1.584375,-1.0518036074852068
9.4387,141.581,1.5875000000000001,-1.1159025159190936
9.4387,141.581,1.5906250000000002,-1.1911688044089548
9.4387,141.581,1.59375,-1.268846428420487
9.4387,141.581,1.596875,-1.3514703992068813
9.4387,141.581,1.6,-1.4318531284459122
9.4387,141.581,1.6031250000000001,-1.5067997555827684
9.4387,141.581,1.6062500000000002,-1.5717678039116256
9.4387,141.581,1.609375,-1.6270452602445737
9.4387,141.581,1.6125,-1.6667647823494416
9.4387,141.581,1.615625,-1.69163109107463
9.4387,141.581,1.6187500000000001,-1.7013554181173738
9.4387,141.581,1.6218750000000002,-1.696892787407008
9.4387,141.581,1.625,-1.6761798762544835
9.4387,141.581,1.628125,-1.6501626575525983
9.4387,141.581,1.63125,-1.6118173486316476
9.4387,141.581,1.6343750000000001,-1.5679785065674134
9.4387,141.581,1.6375000000000002,-1.520233964740464
9.4387,141.581,1.640625,-1.469875937681817
9.4387,141.581,1.64375,-1.4193680830584272
9.4387,141.581,1.646875,-1.3728093670715689
9.4387,141.581,1.6500000000000001,-1.3291841155380955
9.4387,141.581,1.6531250000000002,-1.2948829004652525
9.4387,141.581,1.65625,-1.2713855731458377
9.4387,141.581,1.659375,-1.2603759454412422
9.4387,141.581,1.6625,-1.268907833248759
9.4387,141.581,1.6656250000000001,-1.272088983973423
9.4387,141.581,1.6687500000000002,-1.2700703197166483
9.4387,141.581,1.671875,-1.290974027607228
9.4387,141.581,1.675,-1.3282249367799661
9.4387,141.581,1.678125,-1.3713766862461183
9.4387,141.581,1.6812500000000001,-1.4264062198231677
9.4387,141.581,1.6843750000000002,-1.4872009276933444
9.4387,141.581,1.6875,-1.5472353800231646
9.4387,141.581,1.690625,-1.6096306935319196
9.4387,141.581,1.69375,-1.6684753405014834
9.4387,141.581,1.6968750000000001,-1.7189386550597359
9.4387,141.581,1.7000000000000002,-1.7633845047607881
9.4387,141.581,1.703125,-1.7934383431086625
9.4387,141.581,1.70625,-1.8170011761902352
9.4387,141.581,1.709375,-1.8249218195584707
9.4387,141.581,1.7125000000000001,-1.8217646414707709
9.4387,141.581,1.7156250000000002,-1.8044617267033793
9.4387,141.581,1.71875,-1.7747411645142623
9.4387,141.581,1.721875,-1.7304085295227143
9.4387,141.581,1.725,-1.6778870461014905
9.4387,141.581,1.7281250000000001,-1.6146039524131304
9.4387,141.581,1.7312500000000002,-1.545288999479098
9.4387,141.581,1.734375,-1.4744400101055772
9.4387,141.581,1.7375,-1.3989487666970923
9.4387,141.581,1.740625,-1.3267606273888812
9.4387,141.581,1.7437500000000001,-1.2623626033424888
9.4387,141.581,1.7468750000000002,-1.202798249675519
9.4387,141.581,1.75,-1.1535608041722587
9.4387,141.581,1.753125,-1.1155991012582067
9.4387,141.581,1.75625,-1.0994996395919907
9.4387,141.581,1.7593750000000001,-1.0968954729455076
9.4387,141.581,1.7625000000000002,-1.1146503053529353
9.4387,141.581,1.765625,-1.1471422414049317
9.4387,141.581,1.76875,-1.193075378443291
9.4387,141.581,1.771875,-1.2496630167583411
9.4387,141.581,1.7750000000000001,-1.3164136119394478
9.4387,141.581,1.7781250000000002,-1.3862991099099042
9.4387,141.581,1.78125,-1.4598073704219117
9.4387,141.581,1.784375,-1.5327692929708656
9.4387,141.581,1.7875,-1.6035384105294939
9.4387,141.581,1.7906250000000001,-1.661593330271462
9.4387,141.581,1.7937500000000002,-1.709844971143423
9.4387,141.581,1.7968750000000002,-1.7445915483369872
9.4387,141.581,1.8,-1.772537541194814
9.4387,141.581,1.803125,-1.7811604470045175
9.4387,141.581,1.8062500000000001,-1.7802958610938275
9.4387,141.581,1.8093750000000002,-1.7674555219286134
9.4387,141.581,1.8125000000000002,-1.7449551271054413
9.4387,141.581,1.815625,-1.711423145747375
9.4387,141.581,1.81875,-1.6719158647545371
9.4387,141.581,1.8218750000000001,-1.6279323268649348
9.4387,141.581,1.8250000000000002,-1.5776705949529761
9.4387,141.581,1.8281250000000002,-1.5242583255506563
9.4387,141.581,1.83125,-1.4746922540776675
9.4387,141.581,1.834375,-1.4256742085102179
9.4387,141.581,1.8375000000000001,-1.3865524771334827
9.4387,141.581,1.8406250000000002,-1.3509684438866212
9.4387,141.581,1.8437500000000002,-1.3270155804804042
9.4387,141.581,1.846875,-1.3155060416545887
9.4387,141.581,1.85,-1.313879722194656
9.4387,141.581,1.8531250000000001,-1.3348446755398593
9.4387,141.581,1.8562500000000002,-1.3637100860437135
9.4387,141.581,1.8593750000000002,-1.4104682133136577
9.4387,141.581,1.8625,-1.4650236138933928
9.4387,141.581,1.865625,-1.5322008895712642
9.4387,141.581,1.8687500000000001,-1.6013790566679602
9.4387,141.581,1.8718750000000002,-1.673968062747766
9.4387,141.581,1.8750000000000002,-1.7434866282858374
9.4387,141.581,1.878125,-1.8108857989607379
9.4387,141.581,1.88125,-1.865094701291599
9.4387,141.581,1.8843750000000001,-1.9135167138488118
9.4387,141.581,1.8875000000000002,-1.9462079751754013
9.4387,141.581,1.8906250000000002,-1.9651188050812431
9.4387,141.581,1.89375,-1.9684532341155405
9.4387,141.581,1.896875,-1.9536771453528246
9.4387,141.581,1.9000000000000001,-1.9264321309588834
9.4387,141.581,1.9031250000000002,-1.8869940661602147
9.4387,141.581,1.9062500000000002,-1.8391881301571158
9.4387,141.581,1.909375,-1.7800436589531006
9.4387,141.581,1.9125,-1.7132309407409672
9.4387,141.581,1.9156250000000001,-1.643624230810448
9.4387,141.581,1.9187500000000002,-1.5698560388584122
9.4387,141.581,1.9218750000000002,-1.4964598092702328
9.4387,141.581,1.925,-1.429806011823067
9.4387,141.581,1.928125,-1.36403603908415
9.4387,141.581,1.9312500000000001,-1.3109715472840786
9.4387,141.581,1.9343750000000002,-1.2667814031328066
9.4387,141.581,1.9375000000000002,-1.23362997816504
9.4387,141.581,1.940625,-1.215570039166637
9.4387,141.581,1.94375,-1.2169643630458296
9.4387,141.581,1.9468750000000001,-1.2287572058021554
9.4387,141.581,1.9500000000000002,-1.2572076987231124
9.4387,141.581,1.9531250000000002,-1.2996373893092592
9.4387,141.581,1.95625,-1.3565481603196383
9.4387,141.581,1.959375,-1.4236244730261345
9.4387,141.581,1.9625000000000001,-1.4953214476350913
9.4387,141.581,1.9656250000000002,-1.5719689377031079
9.4387,141.581,1.9687500000000002,-1.6431961308025176
9.4387,141.581,1.971875,-1.7108959180389798
9.4387,141.581,1.975,-1.7693244135215933
9.4387,141.581,1.9781250000000001,-1.816023439523973
9.4387,141.581,1.9812500000000002,-1.852409271400044
9.4387,141.581,1.9843750000000002,-1.8720162716610167
9.4387,141.581,1.9875,-1.8788792868982664
9.4387,141.581,1.990625,-1.8722789203334698
9.4387,141.581,1.9937500000000001,-1.8482030458106837
9.4387,141.581,1.9968750000000002,-1.8151059429468592
9.4387,141.581,2,-1.770793150392409
9.4387,141.581,2.0031250000000003,-1.718010130763392
9.4387,141.581,2.00625,-1.6602746417303664
9.4387,141.581,2.009375,-1.597064774308686
9.4387,141.581,2.0125,-1.5385609634348008
9.4387,141.581,2.015625,-1.4774444284552024
9.4387,141.581,2.0187500000000003,-1.422752846700932
9.4387,141.581,2.021875,-1.38003025543301
9.4387,141.581,2.025,-1.3416618345861324
9.4387,141.581,2.028125,-1.3181823155656205
9.4387,141.581,2.03125,-1.3118284930906357
9.4387,141.581,2.0343750000000003,-1.3228786196685847
9.4387,141.581,2.0375,-1.3521332233651844
9.4387,141.581,2.040625,-1.3941900503275138
9.4387,141.581,2.04375,-1.4501305064572092
9.4387,141.581,2.046875,-1.5183215233386709
9.4387,141.581,2.0500000000000003,-1.5938429789438078
9.4387,141.581,2.053125,-1.6777000934563238
9.4387,141.581,2.05625,-1.7607469691414492
9.4387,141.581,2.059375,-1.8434679345606584
9.4387,141.581,2.0625,-1.9211882353140275
9.4387,141.581,2.0656250000000003,-1.9837363206597995
9.4387,141.581,2.06875,-2.0392281907899874
9.4387,141.581,2.071875,-2.074715465827436
9.4387,141.581,2.075,-2.098866324061823
9.4387,141.581,2.078125,-2.1066045616598124
9.4387,141.581,2.0812500000000003,-2.1018096425131123
9.4387,141.581,2.084375,-2.0818565060546352
9.4387,141.581,2.0875,-2.044875361870325
9.4387,141.581,2.090625,-1.995294907494738
9.4387,141.581,2.09375,-1.9366243634697407
9.4387,141.581,2.0968750000000003,-1.8678926419809758
9.4387,141.581,2.1,-1.8007577850286849
9.4387,141.581,2.103125,-1.726996441462644
9.4387,141.581,2.10625,-1.6542254130812455
9.4387,141.581,2.109375,-1.5844302566991695
9.4387,141.581,2.1125000000000003,-1.5237045895874435
9.4387,141.581,2.115625,-1.465989783406953
9.4387,141.581,2.11875,-1.4167323901260296
9.4387,141.581,2.121875,-1.3819462270247036
9.4387,141.581,2.125,-1.361501654103904
9.4387,141.581,2.1281250000000003,-1.3568917370349074
9.4387,141.581,2.13125,-1.3696307227451612
9.4387,141.581,2.134375,-1.4002349766596676
9.4387,141.581,2.1375,-1.4449488940018878
9.4387,141.581,2.140625,-1.5026325751429714
9.4387,141.581,2.1437500000000003,-1.5696022189669865
9.4387,141.581,2.146875,-1.6453748126833334
9.4387,141.581,2.1500000000000004,-1.7210851166534669
9.4387,141.581,2.153125,-1.7967287418098001
9.4387,141.581,2.15625,-1.8653477534546379
9.4387,141.581,2.1593750000000003,-1.9279286906791842
9.4387,141.581,2.1625,-1.9739711735802088
9.4387,141.581,2.1656250000000004,-2.006401297356069
9.4387,141.581,2.16875,-2.019154976063569
9.4387,141.581,2.171875,-2.0210759617749767
9.4387,141.581,2.1750000000000003,-2.001867499915414
9.4387,141.581,2.178125,-1.9732922981490917
9.4387,141.581,2.1812500000000004,-1.9325436651601398
9.4387,141.581,2.184375,-1.8796512949891164
9.4387,141.581,2.1875,-1.8214591111560696
9.4387,141.581,2.1906250000000003,-1.7537507839984967
9.4387,141.581,2.19375,-1.6823609476311752
9.4387,141.581,2.1968750000000004,-1.6073916770159549
9.4387,141.581,2.2,-1.536087195605145
9.4387,141.581,2.203125,-1.4736690624283664
9.4387,141.581,2.2062500000000003,-1.4195046466860248
9.4387,141.581,2.209375,-1.3766793193755538
9.4387,141.581,2.2125000000000004,-1.3513071976395645
9.4387,141.581,2.215625,-1.3399609713106448
9.4387,141.581,2.21875,-1.3418284849290796
9.4387,141.581,2.2218750000000003,-1.3626769367868814
9.4387,141.581,2.225,-1.4008470251781096
9.4387,141.581,2.2281250000000004,-1.455366457222948
9.4387,141.581,2.23125,-1.5194331354398838
9.4387,141.581,2.234375,-1.5952645878053313
9.4387,141.581,2.2375000000000003,-1.6771100647182682
9.4387,141.581,2.240625,-1.756612799388662
9.4387,141.581,2.2437500000000004,-1.837271369324611
9.4387,141.581,2.246875,-1.913720007181343
9.4387,141.581,2.25,-1.9775422643713405
9.4387,141.581,2.2531250000000003,-2.03303071940428
9.4387,141.581,2.25625,-2.0736817891133965
9.4387,141.581,2.2593750000000004,-2.1045461715997824
9.4387,141.581,2.2625,-2.1165444273544596
9.4387,141.581,2.265625,-2.114504619830849
9.4387,141.581,2.2687500000000003,-2.0971643235453348
9.4387,141.581,2.271875,-2.070248727889863
9.4387,141.581,2.2750000000000004,-2.030933709086658
9.4387,141.581,2.278125,-1.9819144814774867
9.4387,141.581,2.28125,-1.9204863953049727
9.4387,141.581,2.2843750000000003,-1.866774314708646
9.4387,141.581,2.2875,-1.7872814137095039
9.4387,141.581,2.2906250000000004,-1.7293073087883746
9.4387,141.581,2.29375,-1.649353330812474
9.4387,141.581,2.296875,-1.5812883808402745
9.4387,141.581,2.3000000000000003,-1.5383469899709254
9.4387,141.581,2.303125,-1.4805946147152822
9.4387,141.581,2.3062500000000004,-1.4740163002121707
9.4387,141.581,2.309375,-1.3855769314721642
9.4387,141.581,2.3125,-1.4515513359815524
9.4387,141.581,2.3156250000000003,-1.3938222000692262
9.4387,141.581,2.31875,-1.3892189521424028
9.4387,141.581,2.3218750000000004,-1.4864999913353252
9.4387,141.581,2.325,-1.6706504517295433
9.4387,141.581,2.328125,-1.6535784888689828
9.4387,141.581,2.3312500000000003,-1.628053873616665
9.4387,141.581,2.334375,-1.6724539888599688
9.4387,141.581,2.3375000000000004,-1.7540931053249649
9.4387,141.581,2.340625,-1.8599658028351662
9.4387,141.581,2.34375,-2.0270179826427985
9.4387,141.581,2.3468750000000003,-2.145162341977257
9.4387,141.581,2.35,-2.0973707384089
9.4387,141.581,2.3531250000000004,-2.0318994821990004
9.4387,141.581,2.35625,-1.996787793305881
9.4387,141.581,2.359375,-1.9896101444230132
9.4387,141.581,2.3625000000000003,-1.9725659708183818
9.4387,141.581,2.365625,-1.9438757928210721
9.4387,141.581,2.3687500000000004,-1.892677130809025
9.4387,141.581,2.371875,-1.8495423277671645
9.4387,141.581,2.375,-1.8118637948150198
9.4387,141.581,2.3781250000000003,-1.7753830707136966
9.4387,141.581,2.38125,-1.7668042626041989
9.4387,141.581,2.3843750000000004,-1.8323796413760218
9.4387,141.581,2.3875,-1.9122942519446828
9.4387,141.581,2.390625,-1.88015022483917
9.4387,141.581,2.3937500000000003,-1.7558889690018638
9.4387,141.581,2.396875,-1.6509952739088285
9.4387,141.581,2.4000000000000004,-1.5584832048722292
9.4387,141.581,2.403125,-1.486708357506727
9.4387,141.581,2.40625,-1.447549706027671
9.4387,141.581,2.4093750000000003,-1.4455301045424427
9.4387,141.581,2.4125,-1.4671319733606223
9.4387,141.581,2.4156250000000004,-1.5166784391833634
9.4387,141.581,2.41875,-1.6010219131441896
9.4387,141.581,2.421875,-1.7111370416099216
9.4387,141.581,2.4250000000000003,-1.8789935837736704
9.4387,141.581,2.428125,-2.174066051807692
9.4387,141.581,2.4312500000000004,-2.854481591433455
9.4387,141.581,2.434375,-3.4870633324846168
9.4387,141.581,2.4375,-2.656108322065714
9.4387,141.581,2.4406250000000003,-2.3250251804969206
9.4387,141.581,2.44375,-2.2383058645521876
9.4387,141.581,2.4468750000000004,-2.2086827621002523
9.4387,141.581,2.45,-2.1948654204282576
9.4387,141.581,2.453125,-2.1722771759622335
9.4387,141.581,2.4562500000000003,-2.142482203505029
9.4387,141.581,2.459375,-2.1075921835774154
9.4387,141.581,2.4625000000000004,-2.0583169468971025
9.4387,141.581,2.465625,-1.9960071027253874
9.4387,141.581,2.46875,-1.9273226815643374
9.4387,141.581,2.4718750000000003,-1.8583121169032888
9.4387,141.581,2.475,-1.7899835456582007
9.4387,141.581,2.4781250000000004,-1.7279951166223881
9.4387,141.581,2.48125,-1.676928679742541
9.4387,141.581,2.484375,-1.6330396152828115
9.4387,141.581,2.4875000000000003,-1.592133124064935
9.4387,141.581,2.490625,-1.5560556978313707
9.4387,141.581,2.4937500000000004,-1.5273016308019738
9.4387,141.581,2.496875,-1.5230493897392612
9.4387,141.581,2.5,-1.560180816495702
9.4387,141.581,2.5031250000000003,-1.6292686580535918
9.4387,141.581,2.50625,-1.7330945011080008
9.4387,141.581,2.5093750000000004,-1.8818992902310252
9.4387,141.581,2.5125,-2.098970592775948
9.4387,141.581,2.515625,-2.4443668632270117
9.4387,141.581,2.5187500000000003,-2.9544281777745307
9.4387,141.581,2.521875,-3.511024416765394
9.4387,141.581,2.5250000000000004,-3.5352072113853965
9.4387,141.581,2.528125,-3.0625201684166727
9.4387,141.581,2.53125,-2.7268593152524416
9.4387,141.581,2.5343750000000003,-2.547789124633384
9.4387,141.581,2.5375,-2.4418337098185887
9.4387,141.581,2.5406250000000004,-2.354718656611329
9.4387,141.581,2.54375,-2.2880347199283055
9.4387,141.581,2.546875,-2.2323603010058037
9.4387,141.581,2.5500000000000003,-2.173746947926654
9.4387,141.581,2.553125,-2.1134945500090474
9.4387,141.581,2.5562500000000004,-2.0518523380741494
9.4387,141.581,2.559375,-1.9927759370107574
9.4387,141.581,2.5625,-1.9340618364330255
9.4387,141.581,2.5656250000000003,-1.8630273378912525
9.4387,141.581,2.56875,-1.7843141937013938
9.4387,141.581,2.5718750000000004,-1.723686000985619
9.4387,141.581,2.575,-1.6717527230701932
9.4387,141.581,2.578125,-1.6194452808098083
9.4387,141.581,2.5812500000000003,-1.5671419243311149
9.4387,141.581,2.584375,-1.519769145974728
9.4387,141.581,2.5875000000000004,-1.492395246303414
9.4387,141.581,2.590625,-1.485317155152068
9.4387,141.581,2.59375,-1.5055429981336772
9.4387,141.581,2.5968750000000003,-1.546637366413213
9.4387,141.581,2.6,-1.6041572783546052
9.4387,141.581,2.6031250000000004,-1.67168154384836
9.4387,141.581,2.60625,-1.7483467646225204
9.4387,141.581,2.609375,-1.8271986147765533
9.4387,141.581,2.6125000000000003,-1.9061473020701896
9.4387,141.581,2.615625,-1.982976672433601
9.4387,141.581,2.6187500000000004,-2.052505674758233
9.4387,141.581,2.621875,-2.1153214855614983
9.4387,141.581,2.625,-2.168409057480031
9.4387,141.581,2.6281250000000003,-2.2007536637525256
9.4387,141.581,2.63125,-2.2145505635008838
9.4387,141.581,2.6343750000000004,-2.21229866923791
9.4387,141.581,2.6375,-2.1958682423478733
9.4387,141.581,2.640625,-2.1630110509532785
9.4387,141.581,2.6437500000000003,-2.1201937740302195
9.4387,141.581,2.646875,-2.0739465418075005
9.4387,141.581,2.6500000000000004,-2.0234574809514787
9.4387,141.581,2.653125,-1.9654598107626549
9.4387,141.581,2.65625,-1.9059196634287185
9.4387,141.581,2.6593750000000003,-1.843709964010383
9.4387,141.581,2.6625,-1.7792640060888696
9.4387,141.581,2.6656250000000004,-1.7264741328847988
9.4387,141.581,2.66875,-1.6761404442051555
9.4387,141.581,2.671875,-1.644988039154931
9.4387,141.581,2.6750000000000003,-1.6202357870974062
9.4387,141.581,2.678125,-1.609098621584507
9.4387,141.581,2.6812500000000004,-1.6104496557516212
9.4387,141.581,2.684375,-1.6272992066703973
9.4387,141.581,2.6875,-1.6579658562074362
9.4387,141.581,2.6906250000000003,-1.7048541636869416
9.4387,141.581,2.69375,-1.758484688684101
9.4387,141.581,2.6968750000000004,-1.8285214891573465
9.4387,141.581,2.7,-1.9033049829255935
9.4387,141.581,2.703125,-1.9836469626145732
9.4387,141.581,2.7062500000000003,-2.061003141839678
9.4387,141.581,2.709375,-2.1386945145759437
9.4387,141.581,2.7125000000000004,-2.2096453580490114
9.4387,141.581,2.715625,-2.2662588620631534
9.4387,141.581,2.71875,-2.3122545872688587
9.4387,141.581,2.7218750000000003,-2.341138637454631
9.4387,141.581,2.725,-2.3557629708821533
9.4387,141.581,2.7281250000000004,-2.3573420364005733
9.4387,141.581,2.73125,-2.347418818734946
9.4387,141.581,2.734375,-2.3326091983897266
9.4387,141.581,2.7375000000000003,-2.3158901087399872
9.4387,141.581,2.740625,-2.2961369931871465
9.4387,141.581,2.7437500000000004,-2.2741723749798948
9.4387,141.581,2.746875,-2.2358215660425937
9.4387,141.581,2.75,-2.174022690151515
9.4387,141.581,2.7531250000000003,-2.0981477786771663
9.4387,141.581,2.75625,-2.016770944735781
9.4387,141.581,2.7593750000000004,-1.9472329167454059
9.4387,141.581,2.7625,-1.894765831159963
9.4387,141.581,2.765625,-1.8553300800737274
9.4387,141.581,2.7687500000000003,-1.8330635123585934
9.4387,141.581,2.771875,-1.8418703825701042
9.4387,141.581,2.7750000000000004,-1.8620362528665246
9.4387,141.581,2.778125,-1.901242776857689
9.4387,141.581,2.78125,-1.9538536387874341
9.4387,141.581,2.7843750000000003,-2.016441750931392
9.4387,141.581,2.7875,-2.0868674316220286
9.4387,141.581,2.7906250000000004,-2.173262715725374
9.4387,141.581,2.79375,-2.2698019435814274
9.4387,141.581,2.796875,-2.3739689952211416
9.4387,141.581,2.8000000000000003,-2.482313582306449
9.4387,141.581,2.803125,-2.5833728801668383
9.4387,141.581,2.8062500000000004,-2.658937588496749
9.4387,141.581,2.809375,-2.7242177133663006
9.4387,141.581,2.8125,-2.7723384540739513
9.4387,141.581,2.8156250000000003,-2.8128785151244218
9.4387,141.581,2.81875,-2.839269531781976
9.4387,141.581,2.8218750000000004,-2.8413169157539193
9.4387,141.581,2.825,-2.8312596638526912
9.4387,141.581,2.828125,-2.812348582282427
9.4387,141.581,2.8312500000000003,-2.75859138814238
9.4387,141.581,2.834375,-2.682846643738983
9.4387,141.581,2.8375000000000004,-2.6020680894963344
9.4387,141.581,2.840625,-2.5321389970037838
9.4387,141.581,2.84375,-2.4704033110591705
9.4387,141.581,2.8468750000000003,-2.417149573579423
9.4387,141.581,2.85,-2.3623481912242252
9.4387,141.581,2.8531250000000004,-2.3160998125435355
9.4387,141.581,2.85625,-2.2759312493083868
9.4387,141.581,2.859375,-2.2446029516335346
9.4387,141.581,2.8625000000000003,-2.226287447413596
9.4387,141.581,2.865625,-2.2284722834336197
9.4387,141.581,2.8687500000000004,-2.2554879805297814
9.4387,141.581,2.871875,-2.3167166331827898
9.4387,141.581,2.875,-2.3930928933893982
9.4387,141.581,2.8781250000000003,-2.473566375604333
9.4387,141.581,2.88125,-2.5506010084338238
9.4387,141.581,2.8843750000000004,-2.631399013736555
9.4387,141.581,2.8875,-2.727793414672725
9.4387,141.581,2.890625,-2.812246862080014
9.4387,141.581,2.8937500000000003,-2.9002186627778754
9.4387,141.581,2.896875,-2.986684988047384
9.4387,141.581,2.9000000000000004,-3.0657444547312975
9.4387,141.581,2.903125,-3.1414771387870917
9.4387,141.581,2.90625,-3.190557786509038
9.4387,141.581,2.9093750000000003,-3.236835516454354
9.4387,141.581,2.9125,-3.2726075403808608
9.4387,141.581,2.9156250000000004,-3.3019633417536998
9.4387,141.581,2.91875,-3.3099112017476977
9.4387,141.581,2.921875,-3.298717070093746
9.4387,141.581,2.9250000000000003,-3.26354468260552
9.4387,141.581,2.928125,-3.215739269397306
9.4387,141.581,2.9312500000000004,-3.1624374216892877
9.4387,141.581,2.934375,-3.0888706613729626
9.4387,141.581,2.9375,-3.0089398710889235
9.4387,141.581,2.9406250000000003,-2.9447014320199747
9.4387,141.581,2.94375,-2.8925188817298304
9.4387,141.581,2.9468750000000004,-2.8591324100096522
9.4387,141.581,2.95,-2.853615956222624
9.4387,141.581,2.953125,-2.859161579391989
9.4387,141.581,2.9562500000000003,-2.8692416400652485
9.4387,141.581,2.959375,-2.8731755919651327
9.4387,141.581,2.9625000000000004,-2.910231229929121
9.4387,141.581,2.965625,-2.9929834899101833
9.4387,141.581,2.96875,-3.093453925247724
9.4387,141.581,2.9718750000000003,-3.225063192567183
9.4387,141.581,2.975,-3.3895909863094515
9.4387,141.581,2.9781250000000004,-3.5193089286565282
9.4387,141.581,2.98125,-3.5676263891208486
9.4387,141.581,2.984375,-3.581141915261215
9.4387,141.581,2.9875000000000003,-3.569392404282738
9.4387,141.581,2.990625,-3.5359836490521133
9.4387,141.581,2.9937500000000004,-3.4939084735491326
9.4387,141.581,2.996875,-3.4365145146953706
9.4387,141.581,3,-3.3661464878265694
9.4387,141.581,3.0031250000000003,-3.2837532807836034
9.4387,141.581,3.00625,-3.207955148307014
9.4387,141.581,3.0093750000000004,-3.1304000454751755
9.4387,141.581,3.0125,-3.0468155158036483
9.4387,141.581,3.015625,-2.9574515698707824
9.4387,141.581,3.0187500000000003,-2.873388851125953
9.4387,141.581,3.021875,-2.7965486108561177
9.4387,141.581,3.0250000000000004,-2.714923039848309
9.4387,141.581,3.028125,-2.642550350628798
9.4387,141.581,3.03125,-2.588066890345347
9.4387,141.581,3.0343750000000003,-2.5472587288289823
9.4387,141.581,3.0375,-2.512008609827638
9.4387,141.581,3.0406250000000004,-2.4847940074164456
9.4387,141.581,3.04375,-2.4776025448199688
9.4387,141.581,3.046875,-2.49595750929913
9.4387,141.581,3.0500000000000003,-2.5528736904185307
9.4387,141.581,3.053125,-2.638890226824653
9.4387,141.581,3.0562500000000004,-2.754854912888188
9.4387,141.581,3.059375,-2.8969751424207058
9.4387,141.581,3.0625,-3.041164593408653
9.4387,141.581,3.0656250000000003,-3.14381434486739
9.4387,141.581,3.06875,-3.177579027204965
9.4387,141.581,3.0718750000000004,-3.173396895428084
9.4387,141.581,3.075,-3.163967658111427
9.4387,141.581,3.078125,-3.150468301441867
9.4387,141.581,3.0812500000000003,-3.1398354220854485
9.4387,141.581,3.084375,-3.131355573036979
9.4387,141.581,3.0875000000000004,-3.1304323616151617
9.4387,141.581,3.090625,-3.1139468537422466
9.4387,141.581,3.09375,-3.0856534482292997
9.4387,141.581,3.0968750000000003,-3.051485199714982
9.4387,141.581,3.1,-3.0085543395742684
9.4387,141.581,3.1031250000000004,-2.9692748516099456
9.4387,141.581,3.10625,-2.9243240570716726
9.4387,141.581,3.109375,-2.888083809563059
9.4387,141.581,3.1125000000000003,-2.8481627116165886
9.4387,141.581,3.115625,-2.8139628760553763
9.4387,141.581,3.1187500000000004,-2.7815878502823868
9.4387,141.581,3.121875,-2.756342465766633
9.4387,141.581,3.125,-2.7441432444939746
9.4387,141.581,3.1281250000000003,-2.73537645695964
9.4387,141.581,3.13125,-2.7454484975755706
9.4387,141.581,3.1343750000000004,-2.7681284037568545
9.4387,141.581,3.1375,-2.8059905684798196
9.4387,141.581,3.140625,-2.848518334456818
9.4387,141.581,3.1437500000000003,-2.9101989401387645
9.4387,141.581,3.146875,-2.972576260212084
9.4387,141.581,3.1500000000000004,-3.047215542574441
9.4387,141.581,3.153125,-3.125574292438756
9.4387,141.581,3.15625,-3.206473704058421
9.4387,141.581,3.1593750000000003,-3.28671076929322
9.4387,141.581,3.1625,-3.365696161695087
9.4387,141.581,3.1656250000000004,-3.433962881279144
9.4387,141.581,3.16875,-3.491807984510284
9.4387,141.581,3.171875,-3.536940119096444
9.4387,141.581,3.1750000000000003,-3.5558886790870705
9.4387,141.581,3.178125,-3.5562232139797474
9.4387,141.581,3.1812500000000004,-3.5471728205903963
9.4387,141.581,3.184375,-3.5244580599742252
9.4387,141.581,3.1875,-3.4964435712696798
9.4387,141.581,3.1906250000000003,-3.472917700728473
9.4387,141.581,3.19375,-3.457077446591532
9.4387,141.581,3.1968750000000004,-3.445460327502663
9.4387,141.581,3.2,-3.439635160785734
9.4387,141.581,3.203125,-3.442266691329359
9.4387,141.581,3.2062500000000003,-3.453665324174805
9.4387,141.581,3.209375,-3.477329066407313
9.4387,141.581,3.2125000000000004,-3.524840827544138
9.4387,141.581,3.215625,-3.591749855738267
9.4387,141.581,3.21875,-3.6925573383369747
9.4387,141.581,3.2218750000000003,-3.831301206981802
9.4387,141.581,3.225,-3.970291515791285
9.4387,141.581,3.2281250000000004,-4.0940963400604655
9.4387,141.581,3.23125,-4.2406495074397945
9.4387,141.581,3.234375,-4.481471471698767
9.4387,141.581,3.2375000000000003,-4.777459001473981
9.4387,141.581,3.240625,-4.989390096431883
9.4387,141.581,3.2437500000000004,-5.046401209008717
9.4387,141.581,3.246875,-4.975143681804716
9.4387,141.581,3.25,-4.8715406150993745
9.4387,141.581,3.2531250000000003,-4.829717864719104
9.4387,141.581,3.25625,-4.896033653413819
9.4387,141.581,3.2593750000000004,-5.071948839952648
9.4387,141.581,3.2625,-5.2668364088005335
9.4387,141.581,3.265625,-5.408955384065712
9.4387,141.581,3.2687500000000003,-5.535656439900759
9.4387,141.581,3.271875,-5.675566071613693
9.4387,141.581,3.2750000000000004,-5.791233502932665
9.4387,141.581,3.278125,-5.921370067735172
9.4387,141.581,3.28125,-6.12694697639718
9.4387,141.581,3.2843750000000003,-6.4171187609659786
9.4387,141.581,3.2875,-6.680796065703673
9.4387,141.581,3.2906250000000004,-6.910036733850059
9.4387,141.581,3.29375,-7.066962198013487
9.4387,141.581,3.296875,-7.119454964630451
9.4387,141.581,3.3000000000000003,-7.098951102183274
9.4387,141.581,3.303125,-7.1805375125391615
9.4387,141.581,3.3062500000000004,-7.408095449871054
9.4387,141.581,3.309375,-7.611693112944033
9.4387,141.581,3.3125,-7.674570473870348
9.4387,141.581,3.3156250000000003,-7.737705589509352
9.4387,141.581,3.31875,-7.813386954483349
9.4387,141.581,3.3218750000000004,-7.898533792054755
9.4387,141.581,3.325,-8.084860413425961
9.4387,141.581,3.328125,-8.327998510775787
9.4387,141.581,3.3312500000000003,-8.553653753929037
9.4387,141.581,3.334375,-8.804285338632772
9.4387,141.581,3.3375000000000004,-9.147841629527713
9.4387,141.581,3.340625,-9.582543676553456
9.4387,141.581,3.34375,-9.965933412206011
9.4387,141.581,3.3468750000000003,-10.369461458945263
9.4387,141.581,3.35,-10.717035426515562
9.4387,141.581,3.3531250000000004,-10.966098662762745
9.4387,141.581,3.35625,-11.152444592478826
9.4387,141.581,3.359375,-11.10696808847019
9.4387,141.581,3.3625000000000003,-11.216378464963752
9.4387,141.581,3.365625,-11.255570164213617
9.4387,141.581,3.3687500000000004,-11.196578071340646
9.4387,141.581,3.371875,-11.11023364456205
9.4387,141.581,3.375,-10.937287977940354
9.4387,141.581,3.3781250000000003,-10.608774004283635
9.4387,141.581,3.38125,-10.147859936262208
9.4387,141.581,3.3843750000000004,-9.684390373338864
9.4387,141.581,3.3875,-9.274411104719753
9.4387,141.581,3.390625,-8.811689363765211
9.4387,141.581,3.3937500000000003,-8.27790272663879
9.4387,141.581,3.396875,-7.764492714708414
9.4387,141.581,3.4000000000000004,-7.225460026710787
9.4387,141.581,3.403125,-6.713572481809474
9.4387,141.581,3.40625,-6.250500355962259
9.4387,141.581,3.4093750000000003,-5.7968360610302225
9.4387,141.581,3.4125,-5.406268923893792
9.4387,141.581,3.4156250000000004,-5.0946156658779715
9.4387,141.581,3.41875,-4.874102899711747
9.4387,141.581,3.421875,-4.709520037972466
9.4387,141.581,3.4250000000000003,-4.571242886550474
9.4387,141.581,3.428125,-4.4591985887267604
9.4387,141.581,3.4312500000000004,-4.399046497708371
9.4387,141.581,3.434375,-4.359429065417885
9.4387,141.581,3.4375,-4.308535405516169
9.4387,141.581,3.4406250000000003,-4.251790481090085
9.4387,141.581,3.44375,-4.173154216357873
9.4387,141.581,3.4468750000000004,-4.07507030467023
9.4387,141.581,3.45,-3.968097467680636
9.4387,141.581,3.453125,-3.871910029674326
9.4387,141.581,3.4562500000000003,-3.7794830914580064
9.4387,141.581,3.459375,-3.7023271044603234
9.4387,141.581,3.4625000000000004,-3.630585176454551
9.4387,141.581,3.465625,-3.5646559446029564
9.4387,141.581,3.46875,-3.5120319217594353
9.4387,141.581,3.4718750000000003,-3.459806193138302
9.4387,141.581,3.475,-3.4051128950794265
9.4387,141.581,3.4781250000000004,-3.3372955860985587
9.4387,141.581,3.48125,-3.25488401120481
9.4387,141.581,3.484375,-3.181805549392338
9.4387,141.581,3.4875000000000003,-3.1290996599148984
9.4387,141.581,3.490625,-3.1021550522266654
9.4387,141.581,3.4937500000000004,-3.0853954840004922
9.4387,141.581,3.496875,-3.1318886737010523
9.4387,141.581,3.5,-3.274801031136883
9.4387,141.581,3.5031250000000003,-3.435333168839894
9.4387,141.581,3.50625,-3.5513459587960043
9.4387,141.581,3.5093750000000004,-3.6678158539446377
9.4387,141.581,3.5125,-3.7656883889663155
9.4387,141.581,3.515625,-3.8441965410984325
9.4387,141.581,3.5187500000000003,-3.9052601509712215
9.4387,141.581,3.521875,-3.9739422488605447
9.4387,141.581,3.5250000000000004,-4.048681784965976
9.4387,141.581,3.528125,-4.1397924933326165
9.4387,141.581,3.53125,-4.063727691915073
9.4387,141.581,3.5343750000000003,-3.925559238498797
9.4387,141.581,3.5375,-3.8883597666494687
9.4387,141.581,3.5406250000000004,-3.869316667833051
9.4387,141.581,3.54375,-3.89718864482795
9.4387,141.581,3.546875,-3.942151757929226
9.4387,141.581,3.5500000000000003,-3.9619267434178544
9.4387,141.581,3.553125,-3.9038822920500182
9.4387,141.581,3.5562500000000004,-3.7823710991474324
9.4387,141.581,3.559375,-3.689885573104946
9.4387,141.581,3.5625,-3.6126737278489034
9.4387,141.581,3.5656250000000003,-3.5565482671415394
9.4387,141.581,3.56875,-3.5095287670421045
9.4387,141.581,3.5718750000000004,-3.5090623436971295
9.4387,141.581,3.575,-3.5800527033036906
9.4387,141.581,3.5781250000000004,-3.667073930257465
9.4387,141.581,3.5812500000000003,-3.803093828857346
9.4387,141.581,3.584375,-3.939709355447207
9.4387,141.581,3.5875000000000004,-4.131138775415249
9.4387,141.581,3.590625,-4.522023932373705
9.4387,141.581,3.5937500000000004,-5.086762068200887
9.4387,141.581,3.5968750000000003,-5.703429594162827
9.4387,141.581,3.6,-6.121207949686434
9.4387,141.581,3.6031250000000004,-6.6242931949958
9.4387,141.581,3.60625,-7.067599208004756
9.4387,141.581,3.6093750000000004,-7.419406459540482
9.4387,141.581,3.6125000000000003,-7.4953744614711
9.4387,141.581,3.615625,-7.108438001365882
9.4387,141.581,3.6187500000000004,-6.310123507946676
9.4387,141.581,3.621875,-5.5253822725266035
9.4387,141.581,3.6250000000000004,-5.098745205411561
9.4387,141.581,3.6281250000000003,-4.79453009040585
9.4387,141.581,3.63125,-4.480300481322697
9.4387,141.581,3.6343750000000004,-4.376397261575399
9.4387,141.581,3.6375,-4.345046583463959
9.4387,141.581,3.6406250000000004,-4.272526032416046
9.4387,141.581,3.6437500000000003,-4.234512756552232
9.4387,141.581,3.646875,-4.267720787970536
9.4387,141.581,3.6500000000000004,-4.144286279609944
9.4387,141.581,3.653125,-3.929147927822794
9.4387,141.581,3.6562500000000004,-3.7180387879257593
9.4387,141.581,3.6593750000000003,-3.5635620379269763
9.4387,141.581,3.6625,-3.4786607387305364
9.4387,141.581,3.6656250000000004,-3.4448451921993
9.4387,141.581,3.66875,-3.4438094156374466
9.4387,141.581,3.6718750000000004,-3.5296065010965543
9.4387,141.581,3.6750000000000003,-3.5850633990367204
9.4387,141.581,3.678125,-3.5537239517917527
9.4387,141.581,3.6812500000000004,-3.4269464160605456
9.4387,141.581,3.684375,-3.309168176752642
9.4387,141.581,3.6875000000000004,-3.359820388016412
9.4387,141.581,3.6906250000000003,-3.582588940427369
9.4387,141.581,3.69375,-4.07878030812674
9.4387,141.581,3.6968750000000004,-4.52273009808147
9.4387,141.581,3.7,-4.884536445992509
9.4387,141.581,3.7031250000000004,-5.067370850727377
9.4387,141.581,3.7062500000000003,-4.714399806579137
9.4387,141.581,3.709375,-4.1733326591823365
9.4387,141.581,3.7125000000000004,-3.964346024606922
9.4387,141.581,3.715625,-4.025285639827656
9.4387,141.581,3.7187500000000004,-4.356405508166221
9.4387,141.581,3.7218750000000003,-4.571628491834013
9.4387,141.581,3.725,-4.590385885432476
9.4387,141.581,3.7281250000000004,-4.5336180727784985
9.4387,141.581,3.73125,-4.697520707799812
9.4387,141.581,3.7343750000000004,-4.573551993085326
9.4387,141.581,3.7375000000000003,-4.687238951619937
9.4387,141.581,3.740625,-4.834091662706502
9.4387,141.581,3.7437500000000004,-4.955576677107491
9.4387,141.581,3.746875,-4.381383744049296
9.4387,141.581,3.7500000000000004,-3.8911051088813426
9.4387,141.581,3.7531250000000003,-3.9398688832128204
9.4387,141.581,3.75625,-4.38725872843892
9.4387,141.581,3.7593750000000004,-4.411270338769621
9.4387,141.581,3.7625,-3.8912456185567885
9.4387,141.581,3.7656250000000004,-4.077434922189911
9.4387,141.581,3.7687500000000003,-4.124775126457299
9.4387,141.581,3.771875,-3.9804262014193577
9.4387,141.581,3.7750000000000004,-3.947762247567127
9.4387,141.581,3.778125,-4.111999671522289
9.4387,141.581,3.7812500000000004,-4.039848636720695
9.4387,141.581,3.7843750000000003,-4.142680980835112
9.4387,141.581,3.7875,-4.1408606520876114
9.4387,141.581,3.7906250000000004,-4.212466074018824
9.4387,141.581,3.79375,-4.266146616770289
9.4387,141.581,3.7968750000000004,-4.3207729198493485
9.4387,141.581,3.8000000000000003,-4.372722570376723
9.4387,141.581,3.803125,-4.417227216474583
9.4387,141.581,3.8062500000000004,-4.457441171540659
9.4387,141.581,3.809375,-4.481966722794543
9.4387,141.581,3.8125000000000004,-4.49062933440761
9.4387,141.581,3.8156250000000003,-4.489939836062122
9.4387,141.581,3.81875,-4.473273645757798
9.4387,141.581,3.8218750000000004,-4.445616011110456
9.4387,141.581,3.825,-4.403822426843113
9.4387,141.581,3.8281250000000004,-4.362715131761094
9.4387,141.581,3.8312500000000003,-4.319763491497314
9.4387,141.581,3.834375,-4.268359092141844
9.4387,141.581,3.8375000000000004,-4.220273074760147
9.4387,141.581,3.840625,-4.183949575187741
9.4387,141.581,3.8437500000000004,-4.154198336288952
9.4387,141.581,3.8468750000000003,-4.110176053388602
9.4387,141.581,3.85,-4.067529034817992
9.4387,141.581,3.8531250000000004,-4.037194280549939
9.4387,141.581,3.85625,-4.012840512557874
9.4387,141.581,3.8593750000000004,-4.003895108229869
9.4387,141.581,3.8625000000000003,-4.006268667624174
9.4387,141.581,3.865625,-4.026701438609192
9.4387,141.581,3.8687500000000004,-4.058446292472725
9.4387,141.581,3.871875,-4.102606879232769
9.4387,141.581,3.8750000000000004,-4.15877524172325
9.4387,141.581,3.8781250000000003,-4.2219824547870335
9.4387,141.581,3.88125,-4.29677833503172
9.4387,141.581,3.8843750000000004,-4.373156414003174
9.4387,141.581,3.8875,-4.451270371857413
9.4387,141.581,3.8906250000000004,-4.5259543087195
9.4387,141.581,3.8937500000000003,-4.590445242449785
9.4387,141.581,3.896875,-4.643544320636165
9.4387,141.581,3.9000000000000004,-4.683679335482014
9.4387,141.581,3.903125,-4.710480548431769
9.4387,141.581,3.9062500000000004,-4.723868584221027
9.4387,141.581,3.9093750000000003,-4.720693547058511
9.4387,141.581,3.9125,-4.701387295366869
9.4387,141.581,3.9156250000000004,-4.673521802458166
9.4387,141.581,3.91875,-4.63886617828794
9.4387,141.581,3.9218750000000004,-4.596677743328561
9.4387,141.581,3.9250000000000003,-4.555704899819573
9.4387,141.581,3.928125,-4.51194181967352
9.4387,141.581,3.9312500000000004,-4.473033532112395
9.4387,141.581,3.934375,-4.43576043254575
9.4387,141.581,3.9375000000000004,-4.407230546376679
9.4387,141.581,3.9406250000000003,-4.388984386366373
9.4387,141.581,3.94375,-4.377571130987322
9.4387,141.581,3.9468750000000004,-4.378443326188969
9.4387,141.581,3.95,-4.393513983946559
9.4387,141.581,3.9531250000000004,-4.421946013098428
9.4387,141.581,3.9562500000000003,-4.470788655969397
9.4387,141.581,3.959375,-4.528276508017984
9.4387,141.581,3.9625000000000004,-4.602099135869311
9.4387,141.581,3.965625,-4.690140498730116
9.4387,141.581,3.9687500000000004,-4.778559533254948
9.4387,141.581,3.9718750000000003,-4.87244206154979
9.4387,141.581,3.975,-4.9727193899606235
9.4387,141.581,3.9781250000000004,-5.070710299945237
9.4387,141.581,3.98125,-5.154294653659415
9.4387,141.581,3.9843750000000004,-5.228807425221134
9.4387,141.581,3.9875000000000003,-5.2882363012392535
9.4387,141.581,3.990625,-5.331892527988133
9.4387,141.581,3.9937500000000004,-5.356659760589038
9.4387,141.581,3.996875,-5.365001341417285
9.4387,141.581,4,-5.35796017616748
9.4387,141.581,4.003125,-5.339396512039718
9.4387,141.581,4.0062500000000005,-5.31134516357695
9.4387,141.581,4.009375,-5.276778341306346
9.4387,141.581,4.0125,-5.24138578094793
9.4387,141.581,4.015625,-5.210595724216009
9.4387,141.581,4.01875,-5.184758410623522
9.4387,141.581,4.0218750000000005,-5.1670567894080435
9.4387,141.581,4.025,-5.1605280947807755
9.4387,141.581,4.028125,-5.166865407311524
9.4387,141.581,4.03125,-5.186017878650836
9.4387,141.581,4.034375,-5.227824525716348
9.4387,141.581,4.0375000000000005,-5.284274110236847
9.4387,141.581,4.040625,-5.3614441913744235
9.4387,141.581,4.04375,-5.451469427179278
9.4387,141.581,4.046875,-5.562623792339599
9.4387,141.581,4.05,-5.685701003228289
9.4387,141.581,4.0531250000000005,-5.820274251800902
9.4387,141.581,4.05625,-5.958434987595785
9.4387,141.581,4.059375,-6.093282806247348
9.4387,141.581,4.0625,-6.219779524110365
9.4387,141.581,4.065625,-6.33178440394137
9.4387,141.581,4.0687500000000005,-6.414398232014685
9.4387,141.581,4.071875,-6.475253572013806
9.4387,141.581,4.075,-6.520087005047593
9.4387,141.581,4.078125,-6.554085395506647
9.4387,141.581,4.08125,-6.569668499964012
9.4387,141.581,4.0843750000000005,-6.563622166680922
9.4387,141.581,4.0875,-6.54136179209309
9.4387,141.581,4.090625,-6.493844287136559
9.4387,141.581,4.09375,-6.426143877185686
9.4387,141.581,4.096875,-6.34795377497809
9.4387,141.581,4.1000000000000005,-6.271905205900018
9.4387,141.581,4.103125,-6.195265255659433
9.4387,141.581,4.10625,-6.130865006380214
9.4387,141.581,4.109375,-6.080836755152546
9.4387,141.581,4.1125,-6.047789890518538
9.4387,141.581,4.1156250000000005,-6.029165835522346
9.4387,141.581,4.11875,-6.030489449155208
9.4387,141.581,4.121875,-6.04797024354962
9.4387,141.581,4.125,-6.093421911858604
9.4387,141.581,4.128125,-6.153207980593731
9.4387,141.581,4.1312500000000005,-6.2400163636028445
9.4387,141.581,4.134375,-6.34458876781128
9.4387,141.581,4.1375,-6.47442463162632
9.4387,141.581,4.140625,-6.610191445225228
9.4387,141.581,4.14375,-6.756141565712248
9.4387,141.581,4.1468750000000005,-6.910972272221026
9.4387,141.581,4.15,-7.057580036192793
9.4387,141.581,4.153125,-7.198230518491692
9.4387,141.581,4.15625,-7.312129943113163
9.4387,141.581,4.159375,-7.398552270326599
9.4387,141.581,4.1625000000000005,-7.45494312743919
9.4387,141.581,4.165625,-7.471094650141653
9.4387,141.581,4.16875,-7.462439238392346
9.4387,141.581,4.171875,-7.413768382885115
9.4387,141.581,4.175,-7.343123048464931
9.4387,141.581,4.1781250000000005,-7.2540063333416525
9.4387,141.581,4.18125,-7.158435746826866
9.4387,141.581,4.184375,-7.051971585177302
9.4387,141.581,4.1875,-6.949767574520777
9.4387,141.581,4.190625,-6.850618106056633
9.4387,141.581,4.1937500000000005,-6.771456294890987
9.4387,141.581,4.196875,-6.699741661133456
9.4387,141.581,4.2,-6.659213705336543
9.4387,141.581,4.203125,-6.629521728006683
9.4387,141.581,4.20625,-6.6212810795679875
9.4387,141.581,4.2093750000000005,-6.63455665222897
9.4387,141.581,4.2125,-6.673196380820695
9.4387,141.581,4.215625,-6.732176481118976
9.4387,141.581,4.21875,-6.816383158533673
9.4387,141.581,4.221875,-6.919463052717745
9.4387,141.581,4.2250000000000005,-7.054983373774895
9.4387,141.581,4.228125,-7.197875726314891
9.4387,141.581,4.23125,-7.355387844690313
9.4387,141.581,4.234375,-7.533155387117608
9.4387,141.581,4.2375,-7.708065635507789
9.4387,141.581,4.2406250000000005,-7.880870100220005
9.4387,141.581,4.24375,-8.043381950586614
9.4387,141.581,4.246875,-8.185267030410692
9.4387,141.581,4.25,-8.295499546183576
9.4387,141.581,4.253125,-8.36944970879814
9.4387,141.581,4.2562500000000005,-8.411372468758234
9.4387,141.581,4.259375,-8.404607679443655
9.4387,141.581,4.2625,-8.359904603558418
9.4387,141.581,4.265625,-8.282865070200108
9.4387,141.581,4.26875,-8.183486900955126
9.4387,141.581,4.2718750000000005,-8.056745878140203
9.4387,141.581,4.275,-7.923663610741016
9.4387,141.581,4.278125,-7.787099379819484
9.4387,141.581,4.28125,-7.660749888369942
9.4387,141.581,4.284375000000001,-7.544160349583667
9.4387,141.581,4.2875000000000005,-7.441275424241488
9.4387,141.581,4.290625,-7.355851723777146
9.4387,141.581,4.29375,-7.2999496535494615
9.4387,141.581,4.296875,-7.2659282231409685
9.4387,141.581,4.300000000000001,-7.2594651813495
9.4387,141.581,4.3031250000000005,-7.275362103178837
9.4387,141.581,4.30625,-7.31876841439305
9.4387,141.581,4.309375,-7.385168481594533
9.4387,141.581,4.3125,-7.482447837554411
9.4387,141.581,4.315625000000001,-7.59199245452983
9.4387,141.581,4.3187500000000005,-7.715091697168467
9.4387,141.581,4.321875,-7.845565208391799
9.4387,141.581,4.325,-7.980615719993557
9.4387,141.581,4.328125,-8.110789813211909
9.4387,141.581,4.331250000000001,-8.222046401651557
9.4387,141.581,4.3343750000000005,-8.315804624240604
9.4387,141.581,4.3375,-8.386087308502328
9.4387,141.581,4.340625,-8.398545146456994
9.4387,141.581,4.34375,-8.378770270299182
9.4387,141.581,4.346875000000001,-8.310807253956918
9.4387,141.581,4.3500000000000005,-8.193476299530332
9.4387,141.581,4.353125,-8.039069303205611
9.4387,141.581,4.35625,-7.845597540755681
9.4387,141.581,4.359375,-7.627587364273881
9.4387,141.581,4.362500000000001,-7.39394050321215
9.4387,141.581,4.3656250000000005,-7.169122047726667
9.4387,141.581,4.36875,-6.972646312414673
9.4387,141.581,4.371875,-6.8206507575951205
9.4387,141.581,4.375,-6.686181910305629
9.4387,141.581,4.378125000000001,-6.577734184034596
9.4387,141.581,4.3812500000000005,-6.494673636719607
9.4387,141.581,4.384375,-6.426959227588559
9.4387,141.581,4.3875,-6.384465549602901
9.4387,141.581,4.390625,-6.372998835603641
9.4387,141.581,4.393750000000001,-6.383931089193026
9.4387,141.581,4.3968750000000005,-6.411795229864459
9.4387,141.581,4.4,-6.473819861954113
9.4387,141.581,4.403125,-6.5614820291194
9.4387,141.581,4.40625,-6.669170254088134
9.4387,141.581,4.409375000000001,-6.802171148402404
9.4387,141.581,4.4125000000000005,-6.942811338932873
9.4387,141.581,4.415625,-7.099489959012793
9.4387,141.581,4.41875,-7.25955688834604
9.4387,141.581,4.421875,-7.4062262385404765
9.4387,141.581,4.425000000000001,-7.558485043369034
9.4387,141.581,4.4281250000000005,-7.687644900334417
9.4387,141.581,4.43125,-7.811325876715916
9.4387,141.581,4.434375,-7.909399927875256
9.4387,141.581,4.4375,-7.8602843188859115
9.4387,141.581,4.440625000000001,-7.738549262339335
9.4387,141.581,4.4437500000000005,-7.6142424321604825
9.4387,141.581,4.446875,-7.462845923170049
9.4387,141.581,4.45,-7.294082999767354
9.4387,141.581,4.453125,-7.110884437177155
9.4387,141.581,4.456250000000001,-6.932652933173888
9.4387,141.581,4.4593750000000005,-6.764772613876648
9.4387,141.581,4.4625,-6.611731208254267
9.4387,141.581,4.465625,-6.4660196226437865
9.4387,141.581,4.46875,-6.35053028320227
9.4387,141.581,4.471875000000001,-6.248189179542878
9.4387,141.581,4.4750000000000005,-6.160174511065244
9.4387,141.581,4.478125,-6.087029905684261
9.4387,141.581,4.48125,-6.043609755727037
9.4387,141.581,4.484375,-6.014887624716766
9.4387,141.581,4.487500000000001,-6.00788933302561
9.4387,141.581,4.4906250000000005,-6.017705096977668
9.4387,141.581,4.49375,-6.053086632287873
9.4387,141.581,4.496875,-6.0985926649705124
9.4387,141.581,4.5,-6.157259763196493
9.4387,141.581,4.503125000000001,-6.227766945430594
9.4387,141.581,4.5062500000000005,-6.29902166641247
9.4387,141.581,4.509375,-6.370153119730207
9.4387,141.581,4.5125,-6.435849887056941
9.4387,141.581,4.515625,-6.488678948079102
9.4387,141.581,4.518750000000001,-6.5266300145336
9.4387,141.581,4.5218750000000005,-6.5371456448444
9.4387,141.581,4.525,-6.51941190358544
9.4387,141.581,4.528125,-6.478142693107528
9.4387,141.581,4.53125,-6.411526488391584
9.4387,141.581,4.534375000000001,-6.329882422350142
9.4387,141.581,4.5375000000000005,-6.266321037268839
9.4387,141.581,4.540625,-6.214739148904277
9.4387,141.581,4.54375,-6.099368964944466
9.4387,141.581,4.546875,-5.8752503278815125
9.4387,141.581,4.550000000000001,-5.633385691266395
9.4387,141.581,4.5531250000000005,-5.420645393540946
9.4387,141.581,4.55625,-5.233109714599288
9.4387,141.581,4.559375,-5.082073178970542
9.4387,141.581,4.5625,-4.950558002671249
9.4387,141.581,4.565625000000001,-4.84420255592171
9.4387,141.581,4.5687500000000005,-4.742097193633082
9.4387,141.581,4.571875,-4.6577101348367895
9.4387,141.581,4.575,-4.59408285063723
9.4387,141.581,4.578125,-4.552838630648469
9.4387,141.581,4.581250000000001,-4.532809593309971
9.4387,141.581,4.5843750000000005,-4.532018303998032
9.4387,141.581,4.5875,-4.547078539054935
9.4387,141.581,4.590625,-4.578333292308295
9.4387,141.581,4.59375,-4.6240633318575455
9.4387,141.581,4.596875000000001,-4.678138694827047
9.4387,141.581,4.6000000000000005,-4.736635427719426
9.4387,141.581,4.603125,-4.790566121909793
9.4387,141.581,4.60625,-4.845355893246856
9.4387,141.581,4.609375,-4.889253654090273
9.4387,141.581,4.612500000000001,-4.919306775307733
9.4387,141.581,4.6156250000000005,-4.938011290984681
9.4387,141.581,4.61875,-4.940345568949272
9.4387,141.581,4.621875,-4.917643529957488
9.4387,141.581,4.625,-4.8754053932269805
9.4387,141.581,4.628125000000001,-4.809431067317161
9.4387,141.581,4.6312500000000005,-4.724373372260249
9.4387,141.581,4.634375,-4.6263071950076595
9.4387,141.581,4.6375,-4.518826532532405
9.4387,141.581,4.640625,-4.404902219791464
9.4387,141.581,4.643750000000001,-4.284805844460219
9.4387,141.581,4.6468750000000005,-4.166654206972067
9.4387,141.581,4.65,-4.054154337187985
9.4387,141.581,4.653125,-3.9448823659463805
9.4387,141.581,4.65625,-3.848457790600392
9.4387,141.581,4.659375000000001,-3.7566400835913165
9.4387,141.581,4.6625000000000005,-3.679952422207822
9.4387,141.581,4.665625,-3.611340953450022
9.4387,141.581,4.66875,-3.559939672458291
9.4387,141.581,4.671875,-3.5222663948098805
9.4387,141.581,4.675000000000001,-3.494446160244127
9.4387,141.581,4.6781250000000005,-3.469890652359442
9.4387,141.581,4.68125,-3.465034109122991
9.4387,141.581,4.684375,-3.524962806384104
9.4387,141.581,4.6875,-3.5838830423568124
9.4387,141.581,4.690625000000001,-3.616784079812972
9.4387,141.581,4.6937500000000005,-3.6503161143187324
9.4387,141.581,4.696875,-3.6731256235893217
9.4387,141.581,4.7,-3.686380202896238
9.4387,141.581,4.703125,-3.6889960688856034
9.4387,141.581,4.706250000000001,-3.6738964327355363
9.4387,141.581,4.7093750000000005,-3.633188924395773
9.4387,141.581,4.7125,-3.5771906997692398
9.4387,141.581,4.715625,-3.500756076766754
9.4387,141.581,4.71875,-3.411994712286883
9.4387,141.581,4.721875000000001,-3.306179302429824
9.4387,141.581,4.7250000000000005,-3.1934195427226113
9.4387,141.581,4.728125,-3.0800273338230584
9.4387,141.581,4.73125,-2.9634828059542717
9.4387,141.581,4.734375,-2.8517016895534826
9.4387,141.581,4.737500000000001,-2.749594080325619
9.4387,141.581,4.7406250000000005,-2.6562051063370706
9.4387,141.581,4.74375,-2.572350519763627
9.4387,141.581,4.746875,-2.5033989158093157
9.4387,141.581,4.75,-2.4418680642758153
9.4387,141.581,4.753125000000001,-2.3946353048254463
9.4387,141.581,4.7562500000000005,-2.3563742861663166
9.4387,141.581,4.759375,-2.3320046949229907
9.4387,141.581,4.7625,-2.3195159857285326
9.4387,141.581,4.765625,-2.315313132552354
9.4387,141.581,4.768750000000001,-2.3218510647804043
9.4387,141.581,4.7718750000000005,-2.337246750348755
9.4387,141.581,4.775,-2.3631638245444404
9.4387,141.581,4.778125,-2.3958384954998753
9.4387,141.581,4.78125,-2.432408885231845
9.4387,141.581,4.784375000000001,-2.4809225035432863
9.4387,141.581,4.7875000000000005,-2.527175182174188
9.4387,141.581,4.790625,-2.577027495687094
9.4387,141.581,4.79375,-2.6229132343154573
9.4387,141.581,4.796875,-2.665243789282678
9.4387,141.581,4.800000000000001,-2.69379860488214
9.4387,141.581,4.8031250000000005,-2.714645200090837
9.4387,141.581,4.80625,-2.720080531247672
9.4387,141.581,4.809375,-2.714260046149594
9.4387,141.581,4.8125,-2.6909675698223583
9.4387,141.581,4.815625000000001,-2.657389123013307
9.4387,141.581,4.8187500000000005,-2.618547765577282
9.4387,141.581,4.821875,-2.571528970373996
9.4387,141.581,4.825,-2.525532588188346
9.4387,141.581,4.828125,-2.47542741364178
9.4387,141.581,4.831250000000001,-2.435677776058269
9.4387,141.581,4.8343750000000005,-2.3977823106039935
9.4387,141.581,4.8375,-2.3725069527641027
9.4387,141.581,4.840625,-2.3578430199798364
9.4387,141.581,4.84375,-2.354301409669452
9.4387,141.581,4.846875000000001,-2.36320788149964
9.4387,141.581,4.8500000000000005,-2.3815448338538103
9.4387,141.581,4.853125,-2.4128157582650793
9.4387,141.581,4.85625,-2.456544469685127
9.4387,141.581,4.859375,-2.5071744775595626
9.4387,141.581,4.862500000000001,-2.572500145960408
9.4387,141.581,4.8656250000000005,-2.6437507454719937
9.4387,141.581,4.86875,-2.7198120068395126
9.4387,141.581,4.871875,-2.8047422683321486
9.4387,141.581,4.875,-2.8887711280383463
9.4387,141.581,4.878125000000001,-2.9659419314360775
9.4387,141.581,4.8812500000000005,-3.040248714889115
9.4387,141.581,4.884375,-3.1074455329663553
9.4387,141.581,4.8875,-3.1652113220117704
9.4387,141.581,4.890625,-3.2057745589472333
9.4387,141.581,4.893750000000001,-3.2319653019391232
9.4387,141.581,4.8968750000000005,-3.2363657680139064
9.4387,141.581,4.9,-3.218285596403991
9.4387,141.581,4.903125,-3.1888645249136642
9.4387,141.581,4.90625,-3.1478619356411963
9.4387,141.581,4.909375000000001,-3.0888628578313684
9.4387,141.581,4.9125000000000005,-3.024654470733743
9.4387,141.581,4.915625,-2.9610172833197486
9.4387,141.581,4.91875,-2.8944313041125853
9.4387,141.581,4.921875,-2.8323274380542935
9.4387,141.581,4.925000000000001,-2.7770431978990686
9.4387,141.581,4.9281250000000005,-2.7354647111537678
9.4387,141.581,4.93125,-2.6983381272967377
9.4387,141.581,4.934375,-2.6701124494947197
9.4387,141.581,4.9375,-2.6618927260265584
9.4387,141.581,4.940625000000001,-2.670520673521004
9.4387,141.581,4.9437500000000005,-2.693615451010465
9.4387,141.581,4.946875,-2.727220421235118
9.4387,141.581,4.95,-2.77732412730918
9.4387,141.581,4.953125,-2.843835495760259
9.4387,141.581,4.956250000000001,-2.9179231738729845
9.4387,141.581,4.9593750000000005,-3.0027581370428797
9.4387,141.581,4.9625,-3.097206836738996
9.4387,141.581,4.965625,-3.2042304805109993
9.4387,141.581,4.96875,-3.3074099989035193
9.4387,141.581,4.971875000000001,-3.4061697827887243
9.4387,141.581,4.9750000000000005,-3.5028527717104474
9.4387,141.581,4.978125,-3.591666702910332
9.4387,141.581,4.98125,-3.6702880279604577
9.4387,141.581,4.984375,-3.73332950695644
9.4387,141.581,4.987500000000001,-3.778733657088117
9.4387,141.581,4.9906250000000005,-3.79463217811489
9.4387,141.581,4.99375,-3.7852182642598797
9.4387,141.581,4.996875,-3.757665686034601
9.4387,141.581,5,-3.7199118237129114
9.4387,141.581,5.003125000000001,-3.662296931670612
9.4387,141.581,5.0062500000000005,-3.6195350191126408
9.4387,141.581,5.009375,-3.572642375792559
9.4387,141.581,5.0125,-3.5259050254270092
9.4387,141.581,5.015625,-3.4922115018437223
9.4387,141.581,5.018750000000001,-3.4590419572707507
9.4387,141.581,5.0218750000000005,-3.4378106958374377
9.4387,141.581,5.025,-3.4312363410458784
9.4387,141.581,5.028125,-3.441559611783954
9.4387,141.581,5.03125,-3.462707331440234
9.4387,141.581,5.034375000000001,-3.504839752402564
9.4387,141.581,5.0375000000000005,-3.5623747095125986
9.4387,141.581,5.040625,-3.636482080482808
9.4387,141.581,5.04375,-3.722994190654143
9.4387,141.581,5.046875,-3.8308849502565607
9.4387,141.581,5.050000000000001,-3.946656554098581
9.4387,141.581,5.0531250000000005,-4.0769757434790295
9.4387,141.581,5.05625,-4.219230428796332
9.4387,141.581,5.059375,-4.359997517841384
9.4387,141.581,5.0625,-4.5048779052882635
9.4387,141.581,5.065625000000001,-4.645679969390057
9.4387,141.581,5.0687500000000005,-4.769168886547349
9.4387,141.581,5.071875,-4.880011796203192
9.4387,141.581,5.075,-4.965427816907859
9.4387,141.581,5.078125,-5.022319299103133
9.4387,141.581,5.081250000000001,-5.03530630135187
9.4387,141.581,5.0843750000000005,-5.01368572243036
9.4387,141.581,5.0875,-4.96734470194067
9.4387,141.581,5.090625,-4.890585141475961
9.4387,141.581,5.09375,-4.792716043652455
9.4387,141.581,5.096875000000001,-4.691612413243503
9.4387,141.581,5.1000000000000005,-4.591516911694055
9.4387,141.581,5.103125,-4.49403390851907
9.4387,141.581,5.10625,-4.395273525486934
9.4387,141.581,5.109375,-4.285104029448267
9.4387,141.581,5.112500000000001,-4.172336811018404
9.4387,141.581,5.1156250000000005,-4.082776165302902
9.4387,141.581,5.11875,-4.021308441110259
9.4387,141.581,5.121875,-3.980030860352382
9.4387,141.581,5.125,-3.965793762900558
9.4387,141.581,5.128125000000001,-3.9751292005375034
9.4387,141.581,5.1312500000000005,-4.002695242882426
9.4387,141.581,5.134375,-4.04817006511405
9.4387,141.581,5.1375,-4.10864847997222
9.4387,141.581,5.140625,-4.184828466385651
9.4387,141.581,5.143750000000001,-4.275577527393008
9.4387,141.581,5.1468750000000005,-4.373559152986737
9.4387,141.581,5.15,-4.475614277046151
9.4387,141.581,5.153125,-4.581667511635205
9.4387,141.581,5.15625,-4.692882198642313
9.4387,141.581,5.159375000000001,-4.79789966287015
9.4387,141.581,5.1625000000000005,-4.894542435589608
9.4387,141.581,5.165625,-4.983209043065585
9.4387,141.581,5.16875,-5.049519164303819
9.4387,141.581,5.171875,-5.092177427217778
9.4387,141.581,5.175000000000001,-5.111975542720433
9.4387,141.581,5.1781250000000005,-5.102165084770265
9.4387,141.581,5.18125,-5.072459143575465
9.4387,141.581,5.184375,-5.011456621275963
9.4387,141.581,5.1875,-4.936569690379474
9.4387,141.581,5.190625000000001,-4.856810831802074
9.4387,141.581,5.1937500000000005,-4.765132407657856
9.4387,141.581,5.196875,-4.689520476206187
9.4387,141.581,5.2,-4.614268917498838
9.4387,141.581,5.203125,-4.549850457482501
9.4387,141.581,5.206250000000001,-4.501167285211313
9.4387,141.581,5.2093750000000005,-4.4578706421401435
9.4387,141.581,5.2125,-4.439408619135411
9.4387,141.581,5.215625,-4.429208934053687
9.4387,141.581,5.21875,-4.4503772850787495
9.4387,141.581,5.221875000000001,-4.509002214539261
9.4387,141.581,5.2250000000000005,-4.579655614391973
9.4387,141.581,5.228125,-4.6824322631567385
9.4387,141.581,5.23125,-4.817920764361691
9.4387,141.581,5.234375,-4.976510948594423
9.4387,141.581,5.237500000000001,-5.166007457307692
9.4387,141.581,5.2406250000000005,-5.376695547164756
9.4387,141.581,5.24375,-5.616920873397949
9.4387,141.581,5.246875,-5.883175381417345
9.4387,141.581,5.25,-6.178720516471948
9.4387,141.581,5.253125000000001,-6.533109462151331
9.4387,141.581,5.2562500000000005,-6.982181265705364
9.4387,141.581,5.259375,-7.6044156732910375
9.4387,141.581,5.2625,-8.600535055207683
9.4387,141.581,5.265625,-10.189343464352493
9.4387,141.581,5.268750000000001,-11.337335957766319
9.4387,141.581,5.2718750000000005,-9.935609148431546
9.4387,141.581,5.275,-8.2474996436333
9.4387,141.581,5.278125,-7.2534769164856625
9.4387,141.581,5.28125,-6.67306206473382
9.4387,141.581,5.284375000000001,-6.2749278603995275
9.4387,141.581,5.2875000000000005,-5.961926034202697
9.4387,141.581,5.290625,-5.6989055448016845
9.4387,141.581,5.29375,-5.4823759397082785
9.4387,141.581,5.296875,-5.297253489060894
9.4387,141.581,5.300000000000001,-5.153166375910789
9.4387,141.581,5.3031250000000005,-5.041001644854797
9.4387,141.581,5.30625,-4.958596925577925
9.4387,141.581,5.309375,-4.898207420337092
9.4387,141.581,5.3125,-4.875069694041983
9.4387,141.581,5.315625000000001,-4.869438934139739
9.4387,141.581,5.3187500000000005,-4.891725156918141
9.4387,141.581,5.321875,-4.936553056104886
9.4387,141.581,5.325,-5.006023364814189
9.4387,141.581,5.328125,-5.080036588613836
9.4387,141.581,5.331250000000001,-5.16599999248619
9.4387,141.581,5.3343750000000005,-5.251100082551618
9.4387,141.581,5.3375,-5.336685775158369
9.4387,141.581,5.340625,-5.434547884802931
9.4387,141.581,5.34375,-5.52064977353557
9.4387,141.581,5.346875000000001,-5.600450454047188
9.4387,141.581,5.3500000000000005,-5.659258888223176
9.4387,141.581,5.353125,-5.696969376128859
9.4387,141.581,5.35625,-5.710390281182333
9.4387,141.581,5.359375,-5.684609286889156
9.4387,141.581,5.362500000000001,-5.632080084948639
9.4387,141.581,5.3656250000000005,-5.554300008277573
9.4387,141.581,5.36875,-5.440032245355732
9.4387,141.581,5.371875,-5.316075978253993
9.4387,141.581,5.375,-5.182579300748778
9.4387,141.581,5.378125000000001,-5.039211750716834
9.4387,141.581,5.3812500000000005,-4.911444700397902
9.4387,141.581,5.384375,-4.788585545638879
9.4387,141.581,5.3875,-4.690584181188516
9.4387,141.581,5.390625,-4.603527432021882
9.4387,141.581,5.393750000000001,-4.543707640828042
9.4387,141.581,5.3968750000000005,-4.504379623650553
9.4387,141.581,5.4,-4.485396260261213
9.4387,141.581,5.403125,-4.496114874217578
9.4387,141.581,5.40625,-4.519615019764285
9.4387,141.581,5.409375000000001,-4.57132009916185
9.4387,141.581,5.4125000000000005,-4.641944881181811
9.4387,141.581,5.415625,-4.728600599362179
9.4387,141.581,5.41875,-4.8329805065194815
9.4387,141.581,5.421875,-4.956987381670101
9.4387,141.581,5.425000000000001,-5.094076615983378
9.4387,141.581,5.4281250000000005,-5.243344277474769
9.4387,141.581,5.43125,-5.400666791835878
9.4387,141.581,5.434375,-5.5524426432737535
9.4387,141.581,5.4375,-5.7047484411152265
9.4387,141.581,5.440625000000001,-5.832885043358341
9.4387,141.581,5.4437500000000005,-5.939118625261056
9.4387,141.581,5.446875,-6.020817445085812
9.4387,141.581,5.45,-6.066917666125114
9.4387,141.581,5.453125,-6.06889934374046
9.4387,141.581,5.456250000000001,-6.03167305831726
9.4387,141.581,5.4593750000000005,-5.954365471340955
9.4387,141.581,5.4625,-5.845318576433646
9.4387,141.581,5.465625,-5.706503461004147
9.4387,141.581,5.46875,-5.556836069783283
9.4387,141.581,5.471875000000001,-5.395693379173098
9.4387,141.581,5.4750000000000005,-5.232329422889053
9.4387,141.581,5.478125,-5.085105431404652
9.4387,141.581,5.48125,-4.944279230171419
9.4387,141.581,5.484375,-4.830271416498258
9.4387,141.581,5.487500000000001,-4.744517132061759
9.4387,141.581,5.4906250000000005,-4.681649085830087
9.4387,141.581,5.49375,-4.647771489013863
9.4387,141.581,5.496875,-4.642471400853033
9.4387,141.581,5.5,-4.6530109837962925
9.4387,141.581,5.503125000000001,-4.687456161100185
9.4387,141.581,5.5062500000000005,-4.7441462061828155
9.4387,141.581,5.509375,-4.811295520427122
9.4387,141.581,5.5125,-4.889889583981179
9.4387,141.581,5.515625,-4.9785382217590115
9.4387,141.581,5.518750000000001,-5.068973467496712
9.4387,141.581,5.5218750000000005,-5.1463860379637785
9.4387,141.581,5.525,-5.219386919558387
9.4387,141.581,5.528125,-5.279659268152784
9.4387,141.581,5.53125,-5.312913666387489
9.4387,141.581,5.534375000000001,-5.326039113475749
9.4387,141.581,5.5375000000000005,-5.318572694067496
9.4387,141.581,5.540625,-5.2707545189202945
9.4387,141.581,5.54375,-5.193692765149147
9.4387,141.581,5.546875,-5.09418134342556
9.4387,141.581,5.550000000000001,-4.979319257389795
9.4387,141.581,5.5531250000000005,-4.846180549920054
9.4387,141.581,5.55625,-4.700693614729129
9.4387,141.581,5.559375,-4.557124018998931
9.4387,141.581,5.5625,-4.408882629733644
9.4387,141.581,5.565625000000001,-4.277329946733291
9.4387,141.581,5.5687500000000005,-4.158563188052679
9.4387,141.581,5.571875,-4.056363687699427
9.4387,141.581,5.575,-3.9689612788772606
9.4387,141.581,5.578125,-3.915198248935536
9.4387,141.581,5.581250000000001,-3.8803522761210423
9.4387,141.581,5.5843750000000005,-3.8621019626068214
9.4387,141.581,5.5875,-3.870040314098349
9.4387,141.581,5.590625,-3.9026094197950387
9.4387,141.581,5.59375,-3.955750914067766
9.4387,141.581,5.596875000000001,-4.02357942811374
9.4387,141.581,5.6000000000000005,-4.117728082713654
9.4387,141.581,5.603125,-4.225626684516154
9.4387,141.581,5.60625,-4.333683410891959
9.4387,141.581,5.609375,-4.457555811120731
9.4387,141.581,5.612500000000001,-4.589443567256872
9.4387,141.581,5.6156250000000005,-4.714065262493493
9.4387,141.581,5.61875,-4.830918317768754
9.4387,141.581,5.621875,-4.930960885150535
9.4387,141.581,5.625,-5.004595564541779
9.4387,141.581,5.628125000000001,-5.056429602189874
9.4387,141.581,5.6312500000000005,-5.066384062739226
9.4387,141.581,5.634375,-5.050689571609598
9.4387,141.581,5.6375,-4.987024628222654
9.4387,141.581,5.640625,-4.891395876252206
9.4387,141.581,5.643750000000001,-4.780037825312344
9.4387,141.581,5.6468750000000005,-4.6395508827256196
9.4387,141.581,5.65,-4.4933829923600035
9.4387,141.581,5.653125,-4.345871988124326
9.4387,141.581,5.65625,-4.200265519723616
9.4387,141.581,5.659375000000001,-4.073824247166339
9.4387,141.581,5.6625000000000005,-3.966597135798277
9.4387,141.581,5.665625,-3.8722907625323906
9.4387,141.581,5.66875,-3.806061269677603
9.4387,141.581,5.671875,-3.7606994565179286
9.4387,141.581,5.675000000000001,-3.735661572249686
9.4387,141.581,5.6781250000000005,-3.729463234681641
9.4387,141.581,5.68125,-3.749747824617442
9.4387,141.581,5.684375,-3.7874340385248777
9.4387,141.581,5.6875,-3.830120300447952
9.4387,141.581,5.690625000000001,-3.8963972851589195
9.4387,141.581,5.6937500000000005,-3.9674888575728002
9.4387,141.581,5.696875,-4.0399180613792245
9.4387,141.581,5.7,-4.109453835509486
9.4387,141.581,5.703125,-4.181230111285512
9.4387,141.581,5.706250000000001,-4.241187049372357
9.4387,141.581,5.7093750000000005,-4.28453726720147
9.4387,141.581,5.7125,-4.314570520162952
9.4387,141.581,5.715625,-4.31097218087372
9.4387,141.581,5.71875,-4.284832559898258
9.4387,141.581,5.721875000000001,-4.23523674202706
9.4387,141.581,5.7250000000000005,-4.156331435766338
9.4387,141.581,5.728125,-4.053820343484395
9.4387,141.581,5.73125,-3.926997623506317
9.4387,141.581,5.734375,-3.782874872683793
9.4387,141.581,5.737500000000001,-3.6268702869222444
9.4387,141.581,5.7406250000000005,-3.4657104402303194
9.4387,141.581,5.74375,-3.3165203963462524
9.4387,141.581,5.746875,-3.178092158316283
9.4387,141.581,5.75,-3.061631271011456
9.4387,141.581,5.753125000000001,-2.956516907869744
9.4387,141.581,5.7562500000000005,-2.8692699922761102
9.4387,141.581,5.759375,-2.8136954129777303
9.4387,141.581,5.7625,-2.7833391753006715
9.4387,141.581,5.765625,-2.7794664033705754
9.4387,141.581,5.768750000000001,-2.797569282407237
9.4387,141.581,5.7718750000000005,-2.834465776204511
9.4387,141.581,5.775,-2.889805970340222
9.4387,141.581,5.778125,-2.9638833998685783
9.4387,141.581,5.78125,-3.0451751612913784
9.4387,141.581,5.784375000000001,-3.138834703193792
9.4387,141.581,5.7875000000000005,-3.2335804114823965
9.4387,141.581,5.790625,-3.333969653728091
9.4387,141.581,5.79375,-3.4274667330950774
9.4387,141.581,5.796875,-3.5155604463780983
9.4387,141.581,5.800000000000001,-3.5856404059094187
9.4387,141.581,5.8031250000000005,-3.642040034292765
9.4387,141.581,5.80625,-3.6688271315909766
9.4387,141.581,5.809375,-3.675472013462084
9.4387,141.581,5.8125,-3.654335503530575
9.4387,141.581,5.815625000000001,-3.608923270164311
9.4387,141.581,5.8187500000000005,-3.5404284274300855
9.4387,141.581,5.821875,-3.4471914384679487
9.4387,141.581,5.825,-3.3381564980221063
9.4387,141.581,5.828125,-3.2229437506596152
9.4387,141.581,5.831250000000001,-3.1030144681133653
9.4387,141.581,5.8343750000000005,-2.978577384831528
9.4387,141.581,5.8375,-2.8692353677391242
9.4387,141.581,5.840625,-2.7640437147874266
9.4387,141.581,5.84375,-2.685535512376773
9.4387,141.581,5.846875000000001,-2.6226692587509772
9.4387,141.581,5.8500000000000005,-2.583881958693808
9.4387,141.581,5.853125,-2.565566175194247
9.4387,141.581,5.85625,-2.5692515169018075
9.4387,141.581,5.859375,-2.5998031095080956
9.4387,141.581,5.862500000000001,-2.648937402445568
9.4387,141.581,5.8656250000000005,-2.7124492991167193
9.4387,141.581,5.86875,-2.7958572148504683
9.4387,141.581,5.871875,-2.885976961322603
9.4387,141.581,5.875,-2.982872195338189
9.4387,141.581,5.878125000000001,-3.076642983031071
9.4387,141.581,5.8812500000000005,-3.1743788689503063
9.4387,141.581,5.884375,-3.256567863039045
9.4387,141.581,5.8875,-3.327254203231676
9.4387,141.581,5.890625,-3.374681236727057
9.4387,141.581,5.893750000000001,-3.4130762164809796
9.4387,141.581,5.8968750000000005,-3.4156844170594454
9.4387,141.581,5.9,-3.388030071592241
9.4387,141.581,5.903125,-3.3282419078873344
9.4387,141.581,5.90625,-3.239485596969879
9.4387,141.581,5.909375000000001,-3.1182341554840303
9.4387,141.581,5.9125000000000005,-2.9794188611601733
9.4387,141.581,5.915625,-2.8248860775843347
9.4387,141.581,5.91875,-2.667062772365525
9.4387,141.581,5.921875,-2.5060500104945853
9.4387,141.581,5.925000000000001,-2.3580343016879652
9.4387,141.581,5.9281250000000005,-2.217119346486302
9.4387,141.581,5.93125,-2.103543958304976
9.4387,141.581,5.934375,-2.012702710180775
9.4387,141.581,5.9375,-1.9445800579705288
9.4387,141.581,5.940625000000001,-1.9126636547927895
9.4387,141.581,5.9437500000000005,-1.8927341606998853
9.4387,141.581,5.946875,-1.902229956497229
9.4387,141.581,5.95,-1.9399969851838674
9.4387,141.581,5.953125,-1.9925499118128454
9.4387,141.581,5.956250000000001,-2.0647901842442247
9.4387,141.581,5.9593750000000005,-2.1540097758422787
9.4387,141.581,5.9625,-2.2526697157530085
9.4387,141.581,5.965625,-2.3546228850253086
9.4387,141.581,5.96875,-2.4638903583361813
9.4387,141.581,5.971875000000001,-2.58061263283274
9.4387,141.581,5.9750000000000005,-2.6934562769952604
9.4387,141.581,5.978125,-2.8082650374678284
9.4387,141.581,5.98125,-2.9114255038876253
9.4387,141.581,5.984375,-2.9928566991468615
9.4387,141.581,5.987500000000001,-3.056071882558204
9.4387,141.581,5.9906250000000005,-3.0913557263193088
9.4387,141.581,5.99375,-3.088218065814539
9.4387,141.581,5.996875,-3.0564356905423202
9.4387,141.581,6,-3.0007617062966476
