"Current","Field","Frequency","Spectra"
9.3805,140.707,1,-0.9171111904388387
9.3805,140.707,1.003125,-0.8762372942394412
9.3805,140.707,1.00625,-0.8388069442237851
9.3805,140.707,1.0093750000000001,-0.8072290701071065
9.3805,140.707,1.0125,-0.783269234715876
9.3805,140.707,1.015625,-0.7695804798807264
9.3805,140.707,1.01875,-0.7670427499395931
9.3805,140.707,1.021875,-0.7741395458747382
9.3805,140.707,1.0250000000000001,-0.7950417110730891
9.3805,140.707,1.028125,-0.8320095887667809
9.3805,140.707,1.03125,-0.8784114634021867
9.3805,140.707,1.034375,-0.9364050150973625
9.3805,140.707,1.0375,-1.0014555890910497
9.3805,140.707,1.0406250000000001,-1.070048278404558
9.3805,140.707,1.04375,-1.1379921773098292
9.3805,140.707,1.046875,-1.2033206782891848
9.3805,140.707,1.05,-1.2703443411716742
9.3805,140.707,1.053125,-1.323562945548893
9.3805,140.707,1.0562500000000001,-1.3713128342897563
9.3805,140.707,1.059375,-1.4080362979635697
9.3805,140.707,1.0625,-1.4338862857225232
9.3805,140.707,1.065625,-1.4448009269649575
9.3805,140.707,1.06875,-1.447017027312034
9.3805,140.707,1.0718750000000001,-1.4354714776934885
9.3805,140.707,1.0750000000000002,-1.416329739760217
9.3805,140.707,1.078125,-1.3847544225440447
9.3805,140.707,1.08125,-1.3454633449206341
9.3805,140.707,1.084375,-1.297319560524148
9.3805,140.707,1.0875000000000001,-1.2427274226449918
9.3805,140.707,1.0906250000000002,-1.189479924700613
9.3805,140.707,1.09375,-1.1393503416402315
9.3805,140.707,1.096875,-1.083857795210995
9.3805,140.707,1.1,-1.037943356731928
9.3805,140.707,1.1031250000000001,-0.9980787718583441
9.3805,140.707,1.1062500000000002,-0.9541522007403043
9.3805,140.707,1.109375,-0.9210655103341461
9.3805,140.707,1.1125,-0.9010636455420561
9.3805,140.707,1.115625,-0.8907289953073033
9.3805,140.707,1.1187500000000001,-0.8927676346304846
9.3805,140.707,1.1218750000000002,-0.9001409833526317
9.3805,140.707,1.125,-0.9150001194214548
9.3805,140.707,1.128125,-0.939742646063907
9.3805,140.707,1.13125,-0.9697411597749227
9.3805,140.707,1.1343750000000001,-1.0068016708504524
9.3805,140.707,1.1375000000000002,-1.0489249500282931
9.3805,140.707,1.140625,-1.0898547653284147
9.3805,140.707,1.14375,-1.124271710312048
9.3805,140.707,1.146875,-1.1611401891006614
9.3805,140.707,1.1500000000000001,-1.190933635484424
9.3805,140.707,1.1531250000000002,-1.2178349897966398
9.3805,140.707,1.15625,-1.2338386712362457
9.3805,140.707,1.159375,-1.2387193456408423
9.3805,140.707,1.1625,-1.2369520564659828
9.3805,140.707,1.1656250000000001,-1.223390122172937
9.3805,140.707,1.1687500000000002,-1.202316863189141
9.3805,140.707,1.171875,-1.1742783439349658
9.3805,140.707,1.175,-1.1336380099766117
9.3805,140.707,1.178125,-1.0887164587512246
9.3805,140.707,1.1812500000000001,-1.0380618156421295
9.3805,140.707,1.1843750000000002,-0.9853966278963866
9.3805,140.707,1.1875,-0.9325835848552123
9.3805,140.707,1.190625,-0.88293153016825
9.3805,140.707,1.19375,-0.8424053924085274
9.3805,140.707,1.1968750000000001,-0.8103779765505815
9.3805,140.707,1.2000000000000002,-0.7826708877178188
9.3805,140.707,1.203125,-0.775639632311787
9.3805,140.707,1.20625,-0.7813835085881913
9.3805,140.707,1.209375,-0.8008454327959438
9.3805,140.707,1.2125000000000001,-0.8365259003395296
9.3805,140.707,1.2156250000000002,-0.8848274647176924
9.3805,140.707,1.21875,-0.9406442833391581
9.3805,140.707,1.221875,-1.0061000957508321
9.3805,140.707,1.225,-1.0827354633162285
9.3805,140.707,1.2281250000000001,-1.158791896073839
9.3805,140.707,1.2312500000000002,-1.2328201207162424
9.3805,140.707,1.234375,-1.3002073278151185
9.3805,140.707,1.2375,-1.3586308714430766
9.3805,140.707,1.240625,-1.4058446882305828
9.3805,140.707,1.2437500000000001,-1.4583457516585188
9.3805,140.707,1.2468750000000002,-1.4935439528617596
9.3805,140.707,1.25,-1.5112692540385217
9.3805,140.707,1.253125,-1.5170543626812334
9.3805,140.707,1.25625,-1.503129924892086
9.3805,140.707,1.2593750000000001,-1.4755552713947984
9.3805,140.707,1.2625000000000002,-1.4547767819537052
9.3805,140.707,1.265625,-1.4247886054487098
9.3805,140.707,1.26875,-1.382551172924682
9.3805,140.707,1.271875,-1.3377305848529122
9.3805,140.707,1.2750000000000001,-1.2855722960658098
9.3805,140.707,1.2781250000000002,-1.228692694270402
9.3805,140.707,1.28125,-1.1795787313476833
9.3805,140.707,1.284375,-1.1431027937801832
9.3805,140.707,1.2875,-1.1045584406398556
9.3805,140.707,1.2906250000000001,-1.0713566041134965
9.3805,140.707,1.2937500000000002,-1.046179084385673
9.3805,140.707,1.296875,-1.0320027376912868
9.3805,140.707,1.3,-1.0272395834158508
9.3805,140.707,1.303125,-1.0397434816745517
9.3805,140.707,1.3062500000000001,-1.0601783239570066
9.3805,140.707,1.3093750000000002,-1.084549608088048
9.3805,140.707,1.3125,-1.1174422903261512
9.3805,140.707,1.315625,-1.1585174439724042
9.3805,140.707,1.31875,-1.2021675531260643
9.3805,140.707,1.3218750000000001,-1.2467474748173368
9.3805,140.707,1.3250000000000002,-1.2906641336515277
9.3805,140.707,1.328125,-1.3297391882112013
9.3805,140.707,1.33125,-1.3614902394423507
9.3805,140.707,1.334375,-1.3844567363547338
9.3805,140.707,1.3375000000000001,-1.3982461960239025
9.3805,140.707,1.3406250000000002,-1.4030340733854694
9.3805,140.707,1.34375,-1.392933535978405
9.3805,140.707,1.346875,-1.3779236749495316
9.3805,140.707,1.35,-1.3509498730899636
9.3805,140.707,1.3531250000000001,-1.3143983460586433
9.3805,140.707,1.3562500000000002,-1.2699903715039096
9.3805,140.707,1.359375,-1.2204845875786337
9.3805,140.707,1.3625,-1.1653656398218246
9.3805,140.707,1.365625,-1.1056018073631049
9.3805,140.707,1.3687500000000001,-1.045814078166363
9.3805,140.707,1.3718750000000002,-0.9912053934354923
9.3805,140.707,1.375,-0.9433124722711166
9.3805,140.707,1.378125,-0.9012549804815837
9.3805,140.707,1.38125,-0.8677305458682698
9.3805,140.707,1.3843750000000001,-0.8450270991342063
9.3805,140.707,1.3875000000000002,-0.8354737412776135
9.3805,140.707,1.390625,-0.8417833913165764
9.3805,140.707,1.39375,-0.8632160116093004
9.3805,140.707,1.396875,-0.9022737462054413
9.3805,140.707,1.4000000000000001,-0.9551142802990785
9.3805,140.707,1.4031250000000002,-1.0085713333373274
9.3805,140.707,1.40625,-1.0729942419764642
9.3805,140.707,1.409375,-1.1475787574018348
9.3805,140.707,1.4125,-1.2232046583443097
9.3805,140.707,1.4156250000000001,-1.2989135272070147
9.3805,140.707,1.4187500000000002,-1.3711710655975018
9.3805,140.707,1.421875,-1.437027663267617
9.3805,140.707,1.425,-1.4885320957252315
9.3805,140.707,1.428125,-1.5344761987450743
9.3805,140.707,1.4312500000000001,-1.5694690142490657
9.3805,140.707,1.4343750000000002,-1.5887255109999254
9.3805,140.707,1.4375,-1.5969322780141095
9.3805,140.707,1.440625,-1.594158055867966
9.3805,140.707,1.44375,-1.5779075886457437
9.3805,140.707,1.4468750000000001,-1.55260519377133
9.3805,140.707,1.4500000000000002,-1.5173216159357783
9.3805,140.707,1.453125,-1.4753055895964375
9.3805,140.707,1.45625,-1.4266088905470133
9.3805,140.707,1.459375,-1.3708792654492035
9.3805,140.707,1.4625000000000001,-1.320423688592377
9.3805,140.707,1.4656250000000002,-1.2675109477298607
9.3805,140.707,1.46875,-1.2194409710451068
9.3805,140.707,1.471875,-1.1789374646504776
9.3805,140.707,1.475,-1.145422313349296
9.3805,140.707,1.4781250000000001,-1.1262108277517306
9.3805,140.707,1.4812500000000002,-1.1190529393667656
9.3805,140.707,1.484375,-1.125985804605213
9.3805,140.707,1.4875,-1.1459856074914199
9.3805,140.707,1.490625,-1.1823896969922423
9.3805,140.707,1.4937500000000001,-1.2266529736962424
9.3805,140.707,1.4968750000000002,-1.2789557758945982
9.3805,140.707,1.5,-1.3334265949510902
9.3805,140.707,1.503125,-1.392184938907203
9.3805,140.707,1.50625,-1.4450984314977418
9.3805,140.707,1.5093750000000001,-1.4946913626596492
9.3805,140.707,1.5125000000000002,-1.537186161946994
9.3805,140.707,1.515625,-1.5692877585945073
9.3805,140.707,1.51875,-1.5983648985097323
9.3805,140.707,1.521875,-1.6073570101139445
9.3805,140.707,1.5250000000000001,-1.605230377627541
9.3805,140.707,1.5281250000000002,-1.5918335971517859
9.3805,140.707,1.53125,-1.5695347310786594
9.3805,140.707,1.534375,-1.5401960973475173
9.3805,140.707,1.5375,-1.5040088853772544
9.3805,140.707,1.5406250000000001,-1.4569713920363292
9.3805,140.707,1.5437500000000002,-1.4037380044333196
9.3805,140.707,1.546875,-1.3472372548229792
9.3805,140.707,1.55,-1.2863930845255445
9.3805,140.707,1.553125,-1.2252466902060497
9.3805,140.707,1.5562500000000001,-1.1637465473045123
9.3805,140.707,1.5593750000000002,-1.1074822986368469
9.3805,140.707,1.5625,-1.0536928955595894
9.3805,140.707,1.565625,-1.0107745734957372
9.3805,140.707,1.56875,-0.980437748276757
9.3805,140.707,1.5718750000000001,-0.9625757345747894
9.3805,140.707,1.5750000000000002,-0.9610785169522906
9.3805,140.707,1.578125,-0.9763135612552264
9.3805,140.707,1.58125,-1.003777263386412
9.3805,140.707,1.584375,-1.0527902330911636
9.3805,140.707,1.5875000000000001,-1.1170336979418496
9.3805,140.707,1.5906250000000002,-1.1904480818845464
9.3805,140.707,1.59375,-1.269653987385917
9.3805,140.707,1.596875,-1.3519136618504455
9.3805,140.707,1.6,-1.4334485814184812
9.3805,140.707,1.6031250000000001,-1.5083435549516622
9.3805,140.707,1.6062500000000002,-1.5732654357769151
9.3805,140.707,1.609375,-1.6274527933290062
9.3805,140.707,1.6125,-1.6686239418578117
9.3805,140.707,1.615625,-1.6925297164264652
9.3805,140.707,1.6187500000000001,-1.7007469066768715
9.3805,140.707,1.6218750000000002,-1.6959586700452467
9.3805,140.707,1.625,-1.6797605433184601
9.3805,140.707,1.628125,-1.6502060221329535
9.3805,140.707,1.63125,-1.6142982864069653
9.3805,140.707,1.6343750000000001,-1.5683487201521165
9.3805,140.707,1.6375000000000002,-1.5223827473017808
9.3805,140.707,1.640625,-1.4724850997073942
9.3805,140.707,1.64375,-1.4204614758816398
9.3805,140.707,1.646875,-1.3757929807543146
9.3805,140.707,1.6500000000000001,-1.332221881338106
9.3805,140.707,1.6531250000000002,-1.2960813118474688
9.3805,140.707,1.65625,-1.2722407454704763
9.3805,140.707,1.659375,-1.2619516341410761
9.3805,140.707,1.6625,-1.272655438386237
9.3805,140.707,1.6656250000000001,-1.2741381823637736
9.3805,140.707,1.6687500000000002,-1.2699588082564661
9.3805,140.707,1.671875,-1.2895494444395117
9.3805,140.707,1.675,-1.327342158407333
9.3805,140.707,1.678125,-1.3714551799321042
9.3805,140.707,1.6812500000000001,-1.426619015532228
9.3805,140.707,1.6843750000000002,-1.4846715046521284
9.3805,140.707,1.6875,-1.5493276930781459
9.3805,140.707,1.690625,-1.610423281319868
9.3805,140.707,1.69375,-1.6680884152602404
9.3805,140.707,1.6968750000000001,-1.7224755469201924
9.3805,140.707,1.7000000000000002,-1.765592530455924
9.3805,140.707,1.703125,-1.797394601154817
9.3805,140.707,1.70625,-1.8175580182932796
9.3805,140.707,1.709375,-1.8268823070553526
9.3805,140.707,1.7125000000000001,-1.8227530517932988
9.3805,140.707,1.7156250000000002,-1.803580019801048
9.3805,140.707,1.71875,-1.7752132427901075
9.3805,140.707,1.721875,-1.7331212624413872
9.3805,140.707,1.725,-1.6780148676475912
9.3805,140.707,1.7281250000000001,-1.615919284040124
9.3805,140.707,1.7312500000000002,-1.546643218979253
9.3805,140.707,1.734375,-1.474799728234978
9.3805,140.707,1.7375,-1.4000337269157848
9.3805,140.707,1.740625,-1.3281893722681213
9.3805,140.707,1.7437500000000001,-1.2620654735050794
9.3805,140.707,1.7468750000000002,-1.2034183252605857
9.3805,140.707,1.75,-1.154253489507734
9.3805,140.707,1.753125,-1.1195204168686073
9.3805,140.707,1.75625,-1.099030776297651
9.3805,140.707,1.7593750000000001,-1.0975636696145419
9.3805,140.707,1.7625000000000002,-1.114450456268756
9.3805,140.707,1.765625,-1.1487525528036555
9.3805,140.707,1.76875,-1.1921774918753463
9.3805,140.707,1.771875,-1.249665387456504
9.3805,140.707,1.7750000000000001,-1.3160485790060772
9.3805,140.707,1.7781250000000002,-1.3856595070639375
9.3805,140.707,1.78125,-1.4626252298191496
9.3805,140.707,1.784375,-1.535195861546371
9.3805,140.707,1.7875,-1.6027722498052936
9.3805,140.707,1.7906250000000001,-1.6640241184428026
9.3805,140.707,1.7937500000000002,-1.7093832252891836
9.3805,140.707,1.7968750000000002,-1.7458359742304028
9.3805,140.707,1.8,-1.770521767179352
9.3805,140.707,1.803125,-1.7799280266523825
9.3805,140.707,1.8062500000000001,-1.7803020453845968
9.3805,140.707,1.8093750000000002,-1.7673001981485348
9.3805,140.707,1.8125000000000002,-1.7467634082819405
9.3805,140.707,1.815625,-1.712473747625758
9.3805,140.707,1.81875,-1.673709536996105
9.3805,140.707,1.8218750000000001,-1.6292015463736194
9.3805,140.707,1.8250000000000002,-1.5769061417538455
9.3805,140.707,1.8281250000000002,-1.5259690905409096
9.3805,140.707,1.83125,-1.475185962349442
9.3805,140.707,1.834375,-1.4285297220315258
9.3805,140.707,1.8375000000000001,-1.3859490217957928
9.3805,140.707,1.8406250000000002,-1.350681182790222
9.3805,140.707,1.8437500000000002,-1.3279600747329037
9.3805,140.707,1.846875,-1.317112839738608
9.3805,140.707,1.85,-1.3168391363052836
9.3805,140.707,1.8531250000000001,-1.3344751479520935
9.3805,140.707,1.8562500000000002,-1.3662154271322733
9.3805,140.707,1.8593750000000002,-1.408666552482722
9.3805,140.707,1.8625,-1.4677657605314125
9.3805,140.707,1.865625,-1.5304489166310056
9.3805,140.707,1.8687500000000001,-1.60263253766191
9.3805,140.707,1.8718750000000002,-1.674719802208068
9.3805,140.707,1.8750000000000002,-1.744153346898826
9.3805,140.707,1.878125,-1.8099478525414756
9.3805,140.707,1.88125,-1.864690591532112
9.3805,140.707,1.8843750000000001,-1.9117526551118724
9.3805,140.707,1.8875000000000002,-1.9465666176496377
9.3805,140.707,1.8906250000000002,-1.9654171733354984
9.3805,140.707,1.89375,-1.9675395929459005
9.3805,140.707,1.896875,-1.9530022453484883
9.3805,140.707,1.9000000000000001,-1.9274915209813634
9.3805,140.707,1.9031250000000002,-1.8895378369412295
9.3805,140.707,1.9062500000000002,-1.8387862278304459
9.3805,140.707,1.909375,-1.7836741963490257
9.3805,140.707,1.9125,-1.7154967942080825
9.3805,140.707,1.9156250000000001,-1.6438023212482666
9.3805,140.707,1.9187500000000002,-1.5695786027201675
9.3805,140.707,1.9218750000000002,-1.49729344928405
9.3805,140.707,1.925,-1.4296990702111025
9.3805,140.707,1.928125,-1.364533145908566
9.3805,140.707,1.9312500000000001,-1.3083212748225301
9.3805,140.707,1.9343750000000002,-1.2671332107521365
9.3805,140.707,1.9375000000000002,-1.2338711382489622
9.3805,140.707,1.940625,-1.216184931668627
9.3805,140.707,1.94375,-1.214606143198248
9.3805,140.707,1.9468750000000001,-1.2259272119352003
9.3805,140.707,1.9500000000000002,-1.2552368116182664
9.3805,140.707,1.9531250000000002,-1.2969288405669854
9.3805,140.707,1.95625,-1.3567015814320893
9.3805,140.707,1.959375,-1.4214103109210026
9.3805,140.707,1.9625000000000001,-1.4939583436567774
9.3805,140.707,1.9656250000000002,-1.566940900444428
9.3805,140.707,1.9687500000000002,-1.6397603456710095
9.3805,140.707,1.971875,-1.7054998997087032
9.3805,140.707,1.975,-1.7644672469364324
9.3805,140.707,1.9781250000000001,-1.8119115336181493
9.3805,140.707,1.9812500000000002,-1.8468959304910701
9.3805,140.707,1.9843750000000002,-1.8677582848524052
9.3805,140.707,1.9875,-1.8744863667161633
9.3805,140.707,1.990625,-1.866157117430637
9.3805,140.707,1.9937500000000001,-1.8441749704276724
9.3805,140.707,1.9968750000000002,-1.8070600344817338
9.3805,140.707,2,-1.7653076020341374
9.3805,140.707,2.0031250000000003,-1.7125848218007624
9.3805,140.707,2.00625,-1.653764354010507
9.3805,140.707,2.009375,-1.5926279988213945
9.3805,140.707,2.0125,-1.532405428607218
9.3805,140.707,2.015625,-1.4719161130115124
9.3805,140.707,2.0187500000000003,-1.4194456471363204
9.3805,140.707,2.021875,-1.3734131931300761
9.3805,140.707,2.025,-1.3365655023571699
9.3805,140.707,2.028125,-1.3138296603666633
9.3805,140.707,2.03125,-1.3079347157844503
9.3805,140.707,2.0343750000000003,-1.320800880974121
9.3805,140.707,2.0375,-1.3494028939946223
9.3805,140.707,2.040625,-1.3920679970456862
9.3805,140.707,2.04375,-1.4488386427591378
9.3805,140.707,2.046875,-1.518737109634086
9.3805,140.707,2.0500000000000003,-1.592509597813696
9.3805,140.707,2.053125,-1.6763645006380745
9.3805,140.707,2.05625,-1.7605090704547406
9.3805,140.707,2.059375,-1.8429005178458315
9.3805,140.707,2.0625,-1.921699890611718
9.3805,140.707,2.0656250000000003,-1.9834559022858964
9.3805,140.707,2.06875,-2.03836944211501
9.3805,140.707,2.071875,-2.075548279974807
9.3805,140.707,2.075,-2.0992792682086208
9.3805,140.707,2.078125,-2.1077320984497185
9.3805,140.707,2.0812500000000003,-2.1010325180722345
9.3805,140.707,2.084375,-2.0832573945311603
9.3805,140.707,2.0875,-2.047681329265378
9.3805,140.707,2.090625,-1.9973705442214882
9.3805,140.707,2.09375,-1.9372798604503714
9.3805,140.707,2.0968750000000003,-1.8696328121137387
9.3805,140.707,2.1,-1.800897238161911
9.3805,140.707,2.103125,-1.7294308113314463
9.3805,140.707,2.10625,-1.654710959329474
9.3805,140.707,2.109375,-1.588186956767921
9.3805,140.707,2.1125000000000003,-1.523883992142787
9.3805,140.707,2.115625,-1.4692794858726386
9.3805,140.707,2.11875,-1.4206626672020397
9.3805,140.707,2.121875,-1.385727913559803
9.3805,140.707,2.125,-1.3648814223948174
9.3805,140.707,2.1281250000000003,-1.3618032172301666
9.3805,140.707,2.13125,-1.3735728099671518
9.3805,140.707,2.134375,-1.4047399914043066
9.3805,140.707,2.1375,-1.4478701256711424
9.3805,140.707,2.140625,-1.507755272004918
9.3805,140.707,2.1437500000000003,-1.5723367486268904
9.3805,140.707,2.146875,-1.6474424399407335
9.3805,140.707,2.1500000000000004,-1.7258749387405856
9.3805,140.707,2.153125,-1.799345109303672
9.3805,140.707,2.15625,-1.872517788848569
9.3805,140.707,2.1593750000000003,-1.931872993532995
9.3805,140.707,2.1625,-1.9783658770918142
9.3805,140.707,2.1656250000000004,-2.0108899347070794
9.3805,140.707,2.16875,-2.0265685569324563
9.3805,140.707,2.171875,-2.0246489803597054
9.3805,140.707,2.1750000000000003,-2.007463594924182
9.3805,140.707,2.178125,-1.9765548924937562
9.3805,140.707,2.1812500000000004,-1.9390462268950206
9.3805,140.707,2.184375,-1.885402966445004
9.3805,140.707,2.1875,-1.826168442294168
9.3805,140.707,2.1906250000000003,-1.7623271094665602
9.3805,140.707,2.19375,-1.6917374867092172
9.3805,140.707,2.1968750000000004,-1.6140362716419554
9.3805,140.707,2.2,-1.5415853400556967
9.3805,140.707,2.203125,-1.4782820107411747
9.3805,140.707,2.2062500000000003,-1.4261739776476343
9.3805,140.707,2.209375,-1.387756495118331
9.3805,140.707,2.2125000000000004,-1.3576529475335222
9.3805,140.707,2.215625,-1.3447625837748327
9.3805,140.707,2.21875,-1.348829323006463
9.3805,140.707,2.2218750000000003,-1.3688525870549528
9.3805,140.707,2.225,-1.407375728539637
9.3805,140.707,2.2281250000000004,-1.4611953410041034
9.3805,140.707,2.23125,-1.5258485990558657
9.3805,140.707,2.234375,-1.6007510961971345
9.3805,140.707,2.2375000000000003,-1.6823807096725667
9.3805,140.707,2.240625,-1.7618824037100103
9.3805,140.707,2.2437500000000004,-1.843277718788354
9.3805,140.707,2.246875,-1.916744180669419
9.3805,140.707,2.25,-1.983039095847157
9.3805,140.707,2.2531250000000003,-2.037446313374302
9.3805,140.707,2.25625,-2.086754605528037
9.3805,140.707,2.2593750000000004,-2.111391993446792
9.3805,140.707,2.2625,-2.1223932579471456
9.3805,140.707,2.265625,-2.1209861870409346
9.3805,140.707,2.2687500000000003,-2.1089298129348997
9.3805,140.707,2.271875,-2.069607854739849
9.3805,140.707,2.2750000000000004,-2.0316308643599945
9.3805,140.707,2.278125,-1.9967959445445587
9.3805,140.707,2.28125,-1.9220576715798985
9.3805,140.707,2.2843750000000003,-1.8708344621940762
9.3805,140.707,2.2875,-1.7732035493774532
9.3805,140.707,2.2906250000000004,-1.7563103544735792
9.3805,140.707,2.29375,-1.6269930459723416
9.3805,140.707,2.296875,-1.5561896405156264
9.3805,140.707,2.3000000000000003,-1.5696180314100638
9.3805,140.707,2.303125,-1.5913704495749958
9.3805,140.707,2.3062500000000004,-1.4929180712788988
9.3805,140.707,2.309375,-1.3924288408354561
9.3805,140.707,2.3125,-1.361971825480793
9.3805,140.707,2.3156250000000003,-1.3689703887008253
9.3805,140.707,2.31875,-1.429183215904394
9.3805,140.707,2.3218750000000004,-1.5587227726190616
9.3805,140.707,2.325,-1.6318072053958055
9.3805,140.707,2.328125,-1.6362611235679299
9.3805,140.707,2.3312500000000003,-1.6208414596242644
9.3805,140.707,2.334375,-1.6553804831914256
9.3805,140.707,2.3375000000000004,-1.7304795306533243
9.3805,140.707,2.340625,-1.8005897571151086
9.3805,140.707,2.34375,-1.8677279691568003
9.3805,140.707,2.3468750000000003,-1.9289593107657503
9.3805,140.707,2.35,-1.988269228356754
9.3805,140.707,2.3531250000000004,-2.0490547536785
9.3805,140.707,2.35625,-2.0942302828277337
9.3805,140.707,2.359375,-2.1489087489023957
9.3805,140.707,2.3625000000000003,-2.2491451896649113
9.3805,140.707,2.365625,-2.3332618192433903
9.3805,140.707,2.3687500000000004,-2.304148142001159
9.3805,140.707,2.371875,-2.1969870790132964
9.3805,140.707,2.375,-2.072966413048059
9.3805,140.707,2.3781250000000003,-1.938398900782916
9.3805,140.707,2.38125,-1.8118056670233618
9.3805,140.707,2.3843750000000004,-1.7037634596088556
9.3805,140.707,2.3875,-1.6095919285611895
9.3805,140.707,2.390625,-1.5227899701375713
9.3805,140.707,2.3937500000000003,-1.4447801997841692
9.3805,140.707,2.396875,-1.385598689609402
9.3805,140.707,2.4000000000000004,-1.347022667889319
9.3805,140.707,2.403125,-1.3278775175111046
9.3805,140.707,2.40625,-1.3362511808984703
9.3805,140.707,2.4093750000000003,-1.3657316790750615
9.3805,140.707,2.4125,-1.4186749493465631
9.3805,140.707,2.4156250000000004,-1.4894782473376655
9.3805,140.707,2.41875,-1.5796852184946595
9.3805,140.707,2.421875,-1.7024171793143434
9.3805,140.707,2.4250000000000003,-1.8730618786073372
9.3805,140.707,2.428125,-2.1643507828776434
9.3805,140.707,2.4312500000000004,-2.8550215593399924
9.3805,140.707,2.434375,-3.518987998672658
9.3805,140.707,2.4375,-2.6785709563427766
9.3805,140.707,2.4406250000000003,-2.3520224015779956
9.3805,140.707,2.44375,-2.2662632344943425
9.3805,140.707,2.4468750000000004,-2.2355534990851487
9.3805,140.707,2.45,-2.2211225515155553
9.3805,140.707,2.453125,-2.202211477660623
9.3805,140.707,2.4562500000000003,-2.179105845077441
9.3805,140.707,2.459375,-2.150742299982823
9.3805,140.707,2.4625000000000004,-2.110000511020993
9.3805,140.707,2.465625,-2.058173263122481
9.3805,140.707,2.46875,-1.9900056687046532
9.3805,140.707,2.4718750000000003,-1.9145098226594535
9.3805,140.707,2.475,-1.8394712977419492
9.3805,140.707,2.4781250000000004,-1.7795110460841093
9.3805,140.707,2.48125,-1.7441242713278546
9.3805,140.707,2.484375,-1.7324671984037563
9.3805,140.707,2.4875000000000003,-1.752670039774749
9.3805,140.707,2.490625,-1.828199425024755
9.3805,140.707,2.4937500000000004,-1.9778899450391987
9.3805,140.707,2.496875,-2.2415161398056553
9.3805,140.707,2.5,-2.5968944371510245
9.3805,140.707,2.5031250000000003,-2.8431065971747516
9.3805,140.707,2.50625,-2.687574486557009
9.3805,140.707,2.5093750000000004,-2.3875474393600573
9.3805,140.707,2.5125,-2.1986353071278457
9.3805,140.707,2.515625,-2.1145167454017533
9.3805,140.707,2.5187500000000003,-2.07475923151536
9.3805,140.707,2.521875,-2.070160672547587
9.3805,140.707,2.5250000000000004,-2.0927789968454378
9.3805,140.707,2.528125,-2.128439540036743
9.3805,140.707,2.53125,-2.1631170123845354
9.3805,140.707,2.5343750000000003,-2.200739070089647
9.3805,140.707,2.5375,-2.2289243854942624
9.3805,140.707,2.5406250000000004,-2.253476966044527
9.3805,140.707,2.54375,-2.2562093674601726
9.3805,140.707,2.546875,-2.2413468193674717
9.3805,140.707,2.5500000000000003,-2.21382080051593
9.3805,140.707,2.553125,-2.17979909210761
9.3805,140.707,2.5562500000000004,-2.1229194589167855
9.3805,140.707,2.559375,-2.052065694148825
9.3805,140.707,2.5625,-1.9649551142229207
9.3805,140.707,2.5656250000000003,-1.8677600452923449
9.3805,140.707,2.56875,-1.7697359356997637
9.3805,140.707,2.5718750000000004,-1.6860626588655072
9.3805,140.707,2.575,-1.6074096391480523
9.3805,140.707,2.578125,-1.5476305397693066
9.3805,140.707,2.5812500000000003,-1.4980246289444368
9.3805,140.707,2.584375,-1.4657970821654078
9.3805,140.707,2.5875000000000004,-1.4483933296492975
9.3805,140.707,2.590625,-1.445443284751833
9.3805,140.707,2.59375,-1.4656240148288555
9.3805,140.707,2.5968750000000003,-1.5049886033229412
9.3805,140.707,2.6,-1.5627674347756912
9.3805,140.707,2.6031250000000004,-1.634342745479822
9.3805,140.707,2.60625,-1.7145028408244096
9.3805,140.707,2.609375,-1.79899319721307
9.3805,140.707,2.6125000000000003,-1.8855154917739483
9.3805,140.707,2.615625,-1.9644792614730444
9.3805,140.707,2.6187500000000004,-2.036423578501265
9.3805,140.707,2.621875,-2.10010311934362
9.3805,140.707,2.625,-2.152414193805729
9.3805,140.707,2.6281250000000003,-2.1944230493761703
9.3805,140.707,2.63125,-2.21563347605914
9.3805,140.707,2.6343750000000004,-2.2183389744737205
9.3805,140.707,2.6375,-2.2060984476559327
9.3805,140.707,2.640625,-2.1814496939741206
9.3805,140.707,2.6437500000000003,-2.1442264715158394
9.3805,140.707,2.646875,-2.0946089617512134
9.3805,140.707,2.6500000000000004,-2.0383627826817534
9.3805,140.707,2.653125,-1.9804751948347679
9.3805,140.707,2.65625,-1.9163889342954963
9.3805,140.707,2.6593750000000003,-1.8480544108181731
9.3805,140.707,2.6625,-1.784589473263791
9.3805,140.707,2.6656250000000004,-1.7259658600274457
9.3805,140.707,2.66875,-1.674245193098691
9.3805,140.707,2.671875,-1.6304180474241836
9.3805,140.707,2.6750000000000003,-1.6026397648130584
9.3805,140.707,2.678125,-1.5889651263996822
9.3805,140.707,2.6812500000000004,-1.590938759913278
9.3805,140.707,2.684375,-1.613596965695997
9.3805,140.707,2.6875,-1.649891443811803
9.3805,140.707,2.6906250000000003,-1.7026419038245795
9.3805,140.707,2.69375,-1.7700168731062549
9.3805,140.707,2.6968750000000004,-1.8475445787931146
9.3805,140.707,2.7,-1.9259373306127057
9.3805,140.707,2.703125,-2.012006300469332
9.3805,140.707,2.7062500000000003,-2.0928349443874557
9.3805,140.707,2.709375,-2.167580155803272
9.3805,140.707,2.7125000000000004,-2.2338792782585655
9.3805,140.707,2.715625,-2.288141672415575
9.3805,140.707,2.71875,-2.3370085321526055
9.3805,140.707,2.7218750000000003,-2.3721179612982537
9.3805,140.707,2.725,-2.394635362537902
9.3805,140.707,2.7281250000000004,-2.403632647805379
9.3805,140.707,2.73125,-2.404119418416496
9.3805,140.707,2.734375,-2.388343767288928
9.3805,140.707,2.7375000000000003,-2.370558038765935
9.3805,140.707,2.740625,-2.35022484775532
9.3805,140.707,2.7437500000000004,-2.32411349420507
9.3805,140.707,2.746875,-2.278505201780541
9.3805,140.707,2.75,-2.2158431596608175
9.3805,140.707,2.7531250000000003,-2.140988288325741
9.3805,140.707,2.75625,-2.0663525486429775
9.3805,140.707,2.7593750000000004,-2.0044765128607893
9.3805,140.707,2.7625,-1.9518404046493703
9.3805,140.707,2.765625,-1.913978500783955
9.3805,140.707,2.7687500000000003,-1.896300677870838
9.3805,140.707,2.771875,-1.9022660434351155
9.3805,140.707,2.7750000000000004,-1.9387219496435972
9.3805,140.707,2.778125,-2.0008573591594465
9.3805,140.707,2.78125,-2.081498261067699
9.3805,140.707,2.7843750000000003,-2.1664249485828204
9.3805,140.707,2.7875,-2.256255497754291
9.3805,140.707,2.7906250000000004,-2.362397157507288
9.3805,140.707,2.79375,-2.477516632095215
9.3805,140.707,2.796875,-2.5945202811176533
9.3805,140.707,2.8000000000000003,-2.6969160152423615
9.3805,140.707,2.803125,-2.7834074227290784
9.3805,140.707,2.8062500000000004,-2.8629070782023867
9.3805,140.707,2.809375,-2.90012207459355
9.3805,140.707,2.8125,-2.9027153882393315
9.3805,140.707,2.8156250000000003,-2.8866343384912163
9.3805,140.707,2.81875,-2.867610393844421
9.3805,140.707,2.8218750000000004,-2.8456671612888296
9.3805,140.707,2.825,-2.814219415686741
9.3805,140.707,2.828125,-2.7637220660011
9.3805,140.707,2.8312500000000003,-2.698235184716503
9.3805,140.707,2.834375,-2.6216472037880427
9.3805,140.707,2.8375000000000004,-2.5450282083206983
9.3805,140.707,2.840625,-2.4562861702918237
9.3805,140.707,2.84375,-2.373461811164964
9.3805,140.707,2.8468750000000003,-2.310691108644756
9.3805,140.707,2.85,-2.2755080233245275
9.3805,140.707,2.8531250000000004,-2.2473549479327226
9.3805,140.707,2.85625,-2.2322400234300064
9.3805,140.707,2.859375,-2.2215080521737094
9.3805,140.707,2.8625000000000003,-2.225104120673981
9.3805,140.707,2.865625,-2.256158305651984
9.3805,140.707,2.8687500000000004,-2.3031800304912418
9.3805,140.707,2.871875,-2.3731101775597994
9.3805,140.707,2.875,-2.463352753484173
9.3805,140.707,2.8781250000000003,-2.573242089578789
9.3805,140.707,2.88125,-2.6931886162860357
9.3805,140.707,2.8843750000000004,-2.81254283439217
9.3805,140.707,2.8875,-2.9358229452725433
9.3805,140.707,2.890625,-3.0644990225561166
9.3805,140.707,2.8937500000000003,-3.189022383702842
9.3805,140.707,2.896875,-3.2858263075850003
9.3805,140.707,2.9000000000000004,-3.35601792914833
9.3805,140.707,2.903125,-3.4035577453087607
9.3805,140.707,2.90625,-3.426388672540269
9.3805,140.707,2.9093750000000003,-3.428634567054484
9.3805,140.707,2.9125,-3.394220664822441
9.3805,140.707,2.9156250000000004,-3.3445314903688805
9.3805,140.707,2.91875,-3.2941862289720985
9.3805,140.707,2.921875,-3.230844580559573
9.3805,140.707,2.9250000000000003,-3.1748487724988905
9.3805,140.707,2.928125,-3.12377390145837
9.3805,140.707,2.9312500000000004,-3.0676551384399318
9.3805,140.707,2.934375,-3.0063536919315825
9.3805,140.707,2.9375,-2.924663971232336
9.3805,140.707,2.9406250000000003,-2.863757528435819
9.3805,140.707,2.94375,-2.8442816974162044
9.3805,140.707,2.9468750000000004,-2.8386136331865397
9.3805,140.707,2.95,-2.8652924136791045
9.3805,140.707,2.953125,-2.9397826503375253
9.3805,140.707,2.9562500000000003,-2.9937540660407533
9.3805,140.707,2.959375,-3.0116716270740906
9.3805,140.707,2.9625000000000004,-3.016912866825994
9.3805,140.707,2.965625,-3.020395491587485
9.3805,140.707,2.96875,-3.023573389026355
9.3805,140.707,2.9718750000000003,-3.0349315889136768
9.3805,140.707,2.975,-3.0596778995470775
9.3805,140.707,2.9781250000000004,-3.0835991752360115
9.3805,140.707,2.98125,-3.1034983809076393
9.3805,140.707,2.984375,-3.127704270075697
9.3805,140.707,2.9875000000000003,-3.1594217815361385
9.3805,140.707,2.990625,-3.1763993032195343
9.3805,140.707,2.9937500000000004,-3.177747860702405
9.3805,140.707,2.996875,-3.168362387252421
9.3805,140.707,3,-3.1471705252900946
9.3805,140.707,3.0031250000000003,-3.1069396340117343
9.3805,140.707,3.00625,-3.057371905898634
9.3805,140.707,3.0093750000000004,-3.0051222621808678
9.3805,140.707,3.0125,-2.948442663253152
9.3805,140.707,3.015625,-2.882516526062806
9.3805,140.707,3.0187500000000003,-2.8159899784875746
9.3805,140.707,3.021875,-2.744920472547392
9.3805,140.707,3.0250000000000004,-2.6799608427676342
9.3805,140.707,3.028125,-2.6402099319624788
9.3805,140.707,3.03125,-2.628862711703227
9.3805,140.707,3.0343750000000003,-2.6438627921745264
9.3805,140.707,3.0375,-2.684826376343495
9.3805,140.707,3.0406250000000004,-2.7476234894268425
9.3805,140.707,3.04375,-2.777927691463339
9.3805,140.707,3.046875,-2.7622068157611728
9.3805,140.707,3.0500000000000003,-2.727647768842095
9.3805,140.707,3.053125,-2.7058395857733286
9.3805,140.707,3.0562500000000004,-2.701685797416645
9.3805,140.707,3.059375,-2.724128665089769
9.3805,140.707,3.0625,-2.76741916081952
9.3805,140.707,3.0656250000000003,-2.8275538337087207
9.3805,140.707,3.06875,-2.89240484973642
9.3805,140.707,3.0718750000000004,-2.954606941962224
9.3805,140.707,3.075,-3.012466173286945
9.3805,140.707,3.078125,-3.0669798706298264
9.3805,140.707,3.0812500000000003,-3.115431346264555
9.3805,140.707,3.084375,-3.152801748869784
9.3805,140.707,3.0875000000000004,-3.1830762094325324
9.3805,140.707,3.090625,-3.199208662116366
9.3805,140.707,3.09375,-3.1970452383177723
9.3805,140.707,3.0968750000000003,-3.1766779289578384
9.3805,140.707,3.1,-3.1541810310849683
9.3805,140.707,3.1031250000000004,-3.1233629480827525
9.3805,140.707,3.10625,-3.0796866593655707
9.3805,140.707,3.109375,-3.0266671557120004
9.3805,140.707,3.1125000000000003,-2.9767056106279273
9.3805,140.707,3.115625,-2.930693009783074
9.3805,140.707,3.1187500000000004,-2.888990457880658
9.3805,140.707,3.121875,-2.853879429976045
9.3805,140.707,3.125,-2.8296199246777167
9.3805,140.707,3.1281250000000003,-2.8153319838180324
9.3805,140.707,3.13125,-2.810611634587072
9.3805,140.707,3.1343750000000004,-2.8315218719748785
9.3805,140.707,3.1375,-2.8614259024189455
9.3805,140.707,3.140625,-2.9094817711716936
9.3805,140.707,3.1437500000000003,-2.96743206585371
9.3805,140.707,3.146875,-3.046139598337787
9.3805,140.707,3.1500000000000004,-3.1273410547558123
9.3805,140.707,3.153125,-3.2051581431020812
9.3805,140.707,3.15625,-3.275081508376421
9.3805,140.707,3.1593750000000003,-3.3447231558524626
9.3805,140.707,3.1625,-3.4220335590148094
9.3805,140.707,3.1656250000000004,-3.49909827026641
9.3805,140.707,3.16875,-3.580598110585603
9.3805,140.707,3.171875,-3.66285351066798
9.3805,140.707,3.1750000000000003,-3.7347511887795677
9.3805,140.707,3.178125,-3.797307944882857
9.3805,140.707,3.1812500000000004,-3.8496429663739455
9.3805,140.707,3.184375,-3.8803196190300344
9.3805,140.707,3.1875,-3.915377714580641
9.3805,140.707,3.1906250000000003,-3.9504931243259116
9.3805,140.707,3.19375,-3.9822786918803157
9.3805,140.707,3.1968750000000004,-4.024777076777967
9.3805,140.707,3.2,-4.083069947375974
9.3805,140.707,3.203125,-4.125379621298992
9.3805,140.707,3.2062500000000003,-4.157248426659554
9.3805,140.707,3.209375,-4.212993205397365
9.3805,140.707,3.2125000000000004,-4.341222949865906
9.3805,140.707,3.215625,-4.521577892060151
9.3805,140.707,3.21875,-4.641835077241621
9.3805,140.707,3.2218750000000003,-4.6430385736384
9.3805,140.707,3.225,-4.54672161760188
9.3805,140.707,3.2281250000000004,-4.4585540106619925
9.3805,140.707,3.23125,-4.436598739368888
9.3805,140.707,3.234375,-4.53675533187948
9.3805,140.707,3.2375000000000003,-4.763851651857748
9.3805,140.707,3.240625,-5.033158889627131
9.3805,140.707,3.2437500000000004,-5.271668415380266
9.3805,140.707,3.246875,-5.5102788072734485
9.3805,140.707,3.25,-5.770242818320859
9.3805,140.707,3.2531250000000003,-6.006223921915649
9.3805,140.707,3.25625,-6.260136635629207
9.3805,140.707,3.2593750000000004,-6.591563664202961
9.3805,140.707,3.2625,-6.939978507374994
9.3805,140.707,3.265625,-7.158793944083772
9.3805,140.707,3.2687500000000003,-7.308280168781025
9.3805,140.707,3.271875,-7.417437745463163
9.3805,140.707,3.2750000000000004,-7.460191992782457
9.3805,140.707,3.278125,-7.4279512163535975
9.3805,140.707,3.28125,-7.447591269816543
9.3805,140.707,3.2843750000000003,-7.573402674118165
9.3805,140.707,3.2875,-7.608099090685521
9.3805,140.707,3.2906250000000004,-7.565942190325283
9.3805,140.707,3.29375,-7.57564295923358
9.3805,140.707,3.296875,-7.551195367268932
9.3805,140.707,3.3000000000000003,-7.562732585745739
9.3805,140.707,3.303125,-7.636200608393643
9.3805,140.707,3.3062500000000004,-7.728626135187886
9.3805,140.707,3.309375,-7.846516035239319
9.3805,140.707,3.3125,-8.060666874539146
9.3805,140.707,3.3156250000000003,-8.393166903879052
9.3805,140.707,3.31875,-8.738705727732604
9.3805,140.707,3.3218750000000004,-9.068572617701964
9.3805,140.707,3.325,-9.44084964759304
9.3805,140.707,3.328125,-9.82380608592007
9.3805,140.707,3.3312500000000003,-10.16722520401956
9.3805,140.707,3.334375,-10.472156979377534
9.3805,140.707,3.3375000000000004,-10.775382967556684
9.3805,140.707,3.340625,-11.04362340409757
9.3805,140.707,3.34375,-11.124223144802121
9.3805,140.707,3.3468750000000003,-11.194119451726838
9.3805,140.707,3.35,-11.222575256084488
9.3805,140.707,3.3531250000000004,-11.053066653428715
9.3805,140.707,3.35625,-10.743713056845909
9.3805,140.707,3.359375,-10.451604383892889
9.3805,140.707,3.3625000000000003,-10.137629117591908
9.3805,140.707,3.365625,-9.764011333436414
9.3805,140.707,3.3687500000000004,-9.254222886195809
9.3805,140.707,3.371875,-8.726802366757468
9.3805,140.707,3.375,-8.160254301736465
9.3805,140.707,3.3781250000000003,-7.586166789816053
9.3805,140.707,3.38125,-7.062183524477535
9.3805,140.707,3.3843750000000004,-6.541336353758551
9.3805,140.707,3.3875,-6.038938046145144
9.3805,140.707,3.390625,-5.610935859723954
9.3805,140.707,3.3937500000000003,-5.25759884304467
9.3805,140.707,3.396875,-4.975958675158521
9.3805,140.707,3.4000000000000004,-4.730796954320173
9.3805,140.707,3.403125,-4.5177009660220815
9.3805,140.707,3.40625,-4.358218387029675
9.3805,140.707,3.4093750000000003,-4.232407411272944
9.3805,140.707,3.4125,-4.106121898327931
9.3805,140.707,3.4156250000000004,-3.9938509792218198
9.3805,140.707,3.41875,-3.872980147598333
9.3805,140.707,3.421875,-3.7540179441064763
9.3805,140.707,3.4250000000000003,-3.6448090176230514
9.3805,140.707,3.428125,-3.5602187559714538
9.3805,140.707,3.4312500000000004,-3.500014736098624
9.3805,140.707,3.434375,-3.464786292477311
9.3805,140.707,3.4375,-3.456823248855207
9.3805,140.707,3.4406250000000003,-3.4609666780020047
9.3805,140.707,3.44375,-3.493266330587523
9.3805,140.707,3.4468750000000004,-3.52908933136735
9.3805,140.707,3.45,-3.560670094505821
9.3805,140.707,3.453125,-3.5623062276140334
9.3805,140.707,3.4562500000000003,-3.549385402598275
9.3805,140.707,3.459375,-3.5244569841036184
9.3805,140.707,3.4625000000000004,-3.4983399500816628
9.3805,140.707,3.465625,-3.4839657278137848
9.3805,140.707,3.46875,-3.4504728505523214
9.3805,140.707,3.4718750000000003,-3.450887013008323
9.3805,140.707,3.475,-3.507575646971111
9.3805,140.707,3.4781250000000004,-3.574775374994345
9.3805,140.707,3.48125,-3.5969779028065947
9.3805,140.707,3.484375,-3.609692279038292
9.3805,140.707,3.4875000000000003,-3.607612397197798
9.3805,140.707,3.490625,-3.6034473675888483
9.3805,140.707,3.4937500000000004,-3.606487125864957
9.3805,140.707,3.496875,-3.6355899729017644
9.3805,140.707,3.5,-3.6736457315823445
9.3805,140.707,3.5031250000000003,-3.750576398832337
9.3805,140.707,3.50625,-3.709094315794099
9.3805,140.707,3.5093750000000004,-3.6139469383240015
9.3805,140.707,3.5125,-3.596619462978232
9.3805,140.707,3.515625,-3.5999519226618197
9.3805,140.707,3.5187500000000003,-3.6496451974168878
9.3805,140.707,3.521875,-3.7301816062006155
9.3805,140.707,3.5250000000000004,-3.7988842839799286
9.3805,140.707,3.528125,-3.8131008715121877
9.3805,140.707,3.53125,-3.78101315316201
9.3805,140.707,3.5343750000000003,-3.7760516760949066
9.3805,140.707,3.5375,-3.7739295182027632
9.3805,140.707,3.5406250000000004,-3.7896090217304708
9.3805,140.707,3.54375,-3.8136787893555217
9.3805,140.707,3.546875,-3.861318861198098
9.3805,140.707,3.5500000000000003,-3.962586650317299
9.3805,140.707,3.553125,-4.052977739416144
9.3805,140.707,3.5562500000000004,-4.164136496765456
9.3805,140.707,3.559375,-4.25475814433767
9.3805,140.707,3.5625,-4.359764124439818
9.3805,140.707,3.5656250000000003,-4.6193249589545
9.3805,140.707,3.56875,-5.028568808615152
9.3805,140.707,3.5718750000000004,-5.485136569153845
9.3805,140.707,3.575,-5.784355863749373
9.3805,140.707,3.5781250000000004,-6.160298298943853
9.3805,140.707,3.5812500000000003,-6.506174337772346
9.3805,140.707,3.584375,-6.817785388316676
9.3805,140.707,3.5875000000000004,-6.953013502128039
9.3805,140.707,3.590625,-6.698209800795105
9.3805,140.707,3.5937500000000004,-6.014587380638858
9.3805,140.707,3.5968750000000003,-5.225292598301027
9.3805,140.707,3.6,-4.7337826738441935
9.3805,140.707,3.6031250000000004,-4.298200737526398
9.3805,140.707,3.60625,-3.8582548057062143
9.3805,140.707,3.6093750000000004,-3.648308559405846
9.3805,140.707,3.6125000000000003,-3.5637188262088406
9.3805,140.707,3.615625,-3.484320173164056
9.3805,140.707,3.6187500000000004,-3.4971632806812125
9.3805,140.707,3.621875,-3.6587065969729737
9.3805,140.707,3.6250000000000004,-3.7445115329478424
9.3805,140.707,3.6281250000000003,-3.826261738386789
9.3805,140.707,3.63125,-3.9170494378652028
9.3805,140.707,3.6343750000000004,-4.009996296221226
9.3805,140.707,3.6375,-4.098309777532567
9.3805,140.707,3.6406250000000004,-4.151880507259354
9.3805,140.707,3.6437500000000003,-4.1775494924390175
9.3805,140.707,3.646875,-4.1752150705180116
9.3805,140.707,3.6500000000000004,-4.099536200326663
9.3805,140.707,3.653125,-3.9249497250916914
9.3805,140.707,3.6562500000000004,-3.689948442980549
9.3805,140.707,3.6593750000000003,-3.5073463686967177
9.3805,140.707,3.6625,-3.489117602554173
9.3805,140.707,3.6656250000000004,-3.6414804551380993
9.3805,140.707,3.66875,-3.9914453781177164
9.3805,140.707,3.6718750000000004,-4.297544029546893
9.3805,140.707,3.6750000000000003,-4.5565073964673095
9.3805,140.707,3.678125,-4.645423185459008
9.3805,140.707,3.6812500000000004,-4.272584385856504
9.3805,140.707,3.684375,-3.7859362356653676
9.3805,140.707,3.6875000000000004,-3.594972801655827
9.3805,140.707,3.6906250000000003,-3.62759491509889
9.3805,140.707,3.69375,-3.939946195450466
9.3805,140.707,3.6968750000000004,-4.097017459441938
9.3805,140.707,3.7,-4.094560476654007
9.3805,140.707,3.7031250000000004,-4.123447618716466
9.3805,140.707,3.7062500000000003,-4.18723486940375
9.3805,140.707,3.709375,-4.07380806289325
9.3805,140.707,3.7125000000000004,-4.290523339438502
9.3805,140.707,3.715625,-4.5583526309595515
9.3805,140.707,3.7187500000000004,-4.7049075634921875
9.3805,140.707,3.7218750000000003,-4.213241891571541
9.3805,140.707,3.725,-3.9907280349781087
9.3805,140.707,3.7281250000000004,-4.297735077022721
9.3805,140.707,3.73125,-4.798293472447035
9.3805,140.707,3.7343750000000004,-4.784605040355027
9.3805,140.707,3.7375000000000003,-4.449091146227005
9.3805,140.707,3.740625,-4.6554077120993975
9.3805,140.707,3.7437500000000004,-4.595771917876008
9.3805,140.707,3.746875,-4.215211571320024
9.3805,140.707,3.7500000000000004,-4.251419463789418
9.3805,140.707,3.7531250000000003,-4.1976653842487295
9.3805,140.707,3.75625,-4.093558433154804
9.3805,140.707,3.7593750000000004,-4.0668349109357145
9.3805,140.707,3.7625,-3.994350838117941
9.3805,140.707,3.7656250000000004,-3.9732135911654245
9.3805,140.707,3.7687500000000003,-3.9501480897792
9.3805,140.707,3.771875,-3.9377630808955604
9.3805,140.707,3.7750000000000004,-3.9425152911862775
9.3805,140.707,3.778125,-3.9472502864437913
9.3805,140.707,3.7812500000000004,-3.9808463175181066
9.3805,140.707,3.7843750000000003,-4.017059410833974
9.3805,140.707,3.7875,-4.060667881826242
9.3805,140.707,3.7906250000000004,-4.111629788525881
9.3805,140.707,3.79375,-4.17057237753079
9.3805,140.707,3.7968750000000004,-4.220134564733573
9.3805,140.707,3.8000000000000003,-4.268709481614688
9.3805,140.707,3.803125,-4.3161565743590495
9.3805,140.707,3.8062500000000004,-4.356105877746644
9.3805,140.707,3.809375,-4.37673927536305
9.3805,140.707,3.8125000000000004,-4.39308691294161
9.3805,140.707,3.8156250000000003,-4.3878832613956
9.3805,140.707,3.81875,-4.382774850057026
9.3805,140.707,3.8218750000000004,-4.355624528958563
9.3805,140.707,3.825,-4.317337904203584
9.3805,140.707,3.8281250000000004,-4.275577916079627
9.3805,140.707,3.8312500000000003,-4.229019008835339
9.3805,140.707,3.834375,-4.17509669021767
9.3805,140.707,3.8375000000000004,-4.1312094232705885
9.3805,140.707,3.840625,-4.092733383650339
9.3805,140.707,3.8437500000000004,-4.062531174098241
9.3805,140.707,3.8468750000000003,-4.021273850042013
9.3805,140.707,3.85,-3.9775573902995958
9.3805,140.707,3.8531250000000004,-3.946395869374444
9.3805,140.707,3.85625,-3.9234384521206116
9.3805,140.707,3.8593750000000004,-3.9187840208970064
9.3805,140.707,3.8625000000000003,-3.9262330203316176
9.3805,140.707,3.865625,-3.945656705721394
9.3805,140.707,3.8687500000000004,-3.9774827378837756
9.3805,140.707,3.871875,-4.018666724084749
9.3805,140.707,3.8750000000000004,-4.077210186602366
9.3805,140.707,3.8781250000000003,-4.137941944591103
9.3805,140.707,3.88125,-4.209104144269335
9.3805,140.707,3.8843750000000004,-4.286435173157029
9.3805,140.707,3.8875,-4.363171577533826
9.3805,140.707,3.8906250000000004,-4.43635412796197
9.3805,140.707,3.8937500000000003,-4.498407963522685
9.3805,140.707,3.896875,-4.555819078208364
9.3805,140.707,3.9000000000000004,-4.59948603158654
9.3805,140.707,3.903125,-4.623914577720871
9.3805,140.707,3.9062500000000004,-4.635257811740766
9.3805,140.707,3.9093750000000003,-4.637788038160985
9.3805,140.707,3.9125,-4.620103282568865
9.3805,140.707,3.9156250000000004,-4.593061782647533
9.3805,140.707,3.91875,-4.5606520107288855
9.3805,140.707,3.9218750000000004,-4.5174076357207404
9.3805,140.707,3.9250000000000003,-4.475421078575922
9.3805,140.707,3.928125,-4.434838906737038
9.3805,140.707,3.9312500000000004,-4.39646472791266
9.3805,140.707,3.934375,-4.36443129719655
9.3805,140.707,3.9375000000000004,-4.335019921668311
9.3805,140.707,3.9406250000000003,-4.324643705106198
9.3805,140.707,3.94375,-4.309733693129988
9.3805,140.707,3.9468750000000004,-4.311376824696531
9.3805,140.707,3.95,-4.331234300923932
9.3805,140.707,3.9531250000000004,-4.36645882722075
9.3805,140.707,3.9562500000000003,-4.412646896732911
9.3805,140.707,3.959375,-4.4762771412272615
9.3805,140.707,3.9625000000000004,-4.548955676533968
9.3805,140.707,3.965625,-4.630908569265953
9.3805,140.707,3.9687500000000004,-4.725430349773847
9.3805,140.707,3.9718750000000003,-4.821985044239503
9.3805,140.707,3.975,-4.920469113145749
9.3805,140.707,3.9781250000000004,-5.01950799260732
9.3805,140.707,3.98125,-5.102358180043347
9.3805,140.707,3.9843750000000004,-5.173371229004665
9.3805,140.707,3.9875000000000003,-5.2337261288067785
9.3805,140.707,3.990625,-5.275056761867701
9.3805,140.707,3.9937500000000004,-5.3021899895933435
9.3805,140.707,3.996875,-5.313590813793811
9.3805,140.707,4,-5.304672486134319
9.3805,140.707,4.003125,-5.2858999853791815
9.3805,140.707,4.0062500000000005,-5.256941699063739
9.3805,140.707,4.009375,-5.228799486818366
9.3805,140.707,4.0125,-5.191102968105961
9.3805,140.707,4.015625,-5.1607809981105675
9.3805,140.707,4.01875,-5.134671377494989
9.3805,140.707,4.0218750000000005,-5.114547086514637
9.3805,140.707,4.025,-5.110984287343286
9.3805,140.707,4.028125,-5.113043345878593
9.3805,140.707,4.03125,-5.136398761499088
9.3805,140.707,4.034375,-5.176896427964158
9.3805,140.707,4.0375000000000005,-5.234925117553486
9.3805,140.707,4.040625,-5.305456300955619
9.3805,140.707,4.04375,-5.400075364750542
9.3805,140.707,4.046875,-5.509321936558013
9.3805,140.707,4.05,-5.62855124297542
9.3805,140.707,4.0531250000000005,-5.759484540693251
9.3805,140.707,4.05625,-5.901490314308874
9.3805,140.707,4.059375,-6.034054768701143
9.3805,140.707,4.0625,-6.157891460999748
9.3805,140.707,4.065625,-6.26772787571904
9.3805,140.707,4.0687500000000005,-6.353189715389249
9.3805,140.707,4.071875,-6.414965915618968
9.3805,140.707,4.075,-6.466685396882713
9.3805,140.707,4.078125,-6.495475549539995
9.3805,140.707,4.08125,-6.514205414454843
9.3805,140.707,4.0843750000000005,-6.508135102750553
9.3805,140.707,4.0875,-6.482604846846365
9.3805,140.707,4.090625,-6.433101984167184
9.3805,140.707,4.09375,-6.368805096071373
9.3805,140.707,4.096875,-6.293324348670537
9.3805,140.707,4.1000000000000005,-6.216878041891201
9.3805,140.707,4.103125,-6.140196516399316
9.3805,140.707,4.10625,-6.07478566484636
9.3805,140.707,4.109375,-6.027995884019123
9.3805,140.707,4.1125,-5.995621105953186
9.3805,140.707,4.1156250000000005,-5.980221267825612
9.3805,140.707,4.11875,-5.983298016662304
9.3805,140.707,4.121875,-6.011560153734798
9.3805,140.707,4.125,-6.051279354240059
9.3805,140.707,4.128125,-6.1162306097527495
9.3805,140.707,4.1312500000000005,-6.203260401691625
9.3805,140.707,4.134375,-6.310299632321796
9.3805,140.707,4.1375,-6.4313162562493
9.3805,140.707,4.140625,-6.5689215406589625
9.3805,140.707,4.14375,-6.717658008043625
9.3805,140.707,4.1468750000000005,-6.869938529281175
9.3805,140.707,4.15,-7.011397587599644
9.3805,140.707,4.153125,-7.146121558307392
9.3805,140.707,4.15625,-7.26352548660815
9.3805,140.707,4.159375,-7.346115136652559
9.3805,140.707,4.1625000000000005,-7.39936731043624
9.3805,140.707,4.165625,-7.4196640676541605
9.3805,140.707,4.16875,-7.406496809028034
9.3805,140.707,4.171875,-7.367945226496003
9.3805,140.707,4.175,-7.293738488566293
9.3805,140.707,4.1781250000000005,-7.207559210644357
9.3805,140.707,4.18125,-7.106061894553691
9.3805,140.707,4.184375,-7.010004566396654
9.3805,140.707,4.1875,-6.908530716013374
9.3805,140.707,4.190625,-6.811484118889473
9.3805,140.707,4.1937500000000005,-6.730655663131143
9.3805,140.707,4.196875,-6.662075946653991
9.3805,140.707,4.2,-6.622112836190991
9.3805,140.707,4.203125,-6.59461922904124
9.3805,140.707,4.20625,-6.584973284615399
9.3805,140.707,4.2093750000000005,-6.5979402242108
9.3805,140.707,4.2125,-6.641241808066103
9.3805,140.707,4.215625,-6.696978660199488
9.3805,140.707,4.21875,-6.778420771457869
9.3805,140.707,4.221875,-6.880945154789853
9.3805,140.707,4.2250000000000005,-7.0142074100023875
9.3805,140.707,4.228125,-7.153770441268135
9.3805,140.707,4.23125,-7.314153831157576
9.3805,140.707,4.234375,-7.4845263022695345
9.3805,140.707,4.2375,-7.651803022318489
9.3805,140.707,4.2406250000000005,-7.830231129436477
9.3805,140.707,4.24375,-7.990043608589313
9.3805,140.707,4.246875,-8.131423839669402
9.3805,140.707,4.25,-8.245569958098812
9.3805,140.707,4.253125,-8.31939407834916
9.3805,140.707,4.2562500000000005,-8.353904974241189
9.3805,140.707,4.259375,-8.356033284503404
9.3805,140.707,4.2625,-8.31307068741906
9.3805,140.707,4.265625,-8.240220653116147
9.3805,140.707,4.26875,-8.136566977848034
9.3805,140.707,4.2718750000000005,-8.0224625701836
9.3805,140.707,4.275,-7.8856553181307945
9.3805,140.707,4.278125,-7.7551577334373825
9.3805,140.707,4.28125,-7.631161210578239
9.3805,140.707,4.284375000000001,-7.515161478926333
9.3805,140.707,4.2875000000000005,-7.412078140990982
9.3805,140.707,4.290625,-7.3296853472061265
9.3805,140.707,4.29375,-7.273947389406418
9.3805,140.707,4.296875,-7.240613613672462
9.3805,140.707,4.300000000000001,-7.23035714919612
9.3805,140.707,4.3031250000000005,-7.254028122461707
9.3805,140.707,4.30625,-7.296524720760631
9.3805,140.707,4.309375,-7.359948918317107
9.3805,140.707,4.3125,-7.454326880576932
9.3805,140.707,4.315625000000001,-7.555790804410258
9.3805,140.707,4.3187500000000005,-7.685751765747543
9.3805,140.707,4.321875,-7.818589426952457
9.3805,140.707,4.325,-7.952537845099852
9.3805,140.707,4.328125,-8.082269636085814
9.3805,140.707,4.331250000000001,-8.195195685829297
9.3805,140.707,4.3343750000000005,-8.288404383631281
9.3805,140.707,4.3375,-8.351337241834926
9.3805,140.707,4.340625,-8.366477461363642
9.3805,140.707,4.34375,-8.348115803011867
9.3805,140.707,4.346875000000001,-8.279978474014534
9.3805,140.707,4.3500000000000005,-8.160502210171046
9.3805,140.707,4.353125,-7.997728539978643
9.3805,140.707,4.35625,-7.801503689946637
9.3805,140.707,4.359375,-7.588479805145402
9.3805,140.707,4.362500000000001,-7.3556380118385984
9.3805,140.707,4.3656250000000005,-7.135423639476554
9.3805,140.707,4.36875,-6.94641788877126
9.3805,140.707,4.371875,-6.782373309863544
9.3805,140.707,4.375,-6.649059583445859
9.3805,140.707,4.378125000000001,-6.546103695276559
9.3805,140.707,4.3812500000000005,-6.458119312046621
9.3805,140.707,4.384375,-6.396361391082898
9.3805,140.707,4.3875,-6.351894728695312
9.3805,140.707,4.390625,-6.335865130765971
9.3805,140.707,4.393750000000001,-6.3400463450077185
9.3805,140.707,4.3968750000000005,-6.374984889888702
9.3805,140.707,4.4,-6.434758623928011
9.3805,140.707,4.403125,-6.521314804715689
9.3805,140.707,4.40625,-6.627259445651916
9.3805,140.707,4.409375000000001,-6.753211874618361
9.3805,140.707,4.4125000000000005,-6.894868123645519
9.3805,140.707,4.415625,-7.051252074281386
9.3805,140.707,4.41875,-7.206391711791234
9.3805,140.707,4.421875,-7.36276495751826
9.3805,140.707,4.425000000000001,-7.509470696461293
9.3805,140.707,4.4281250000000005,-7.642224301442622
9.3805,140.707,4.43125,-7.76352422802614
9.3805,140.707,4.434375,-7.8657482695687895
9.3805,140.707,4.4375,-7.818012278377657
9.3805,140.707,4.440625000000001,-7.696479994291499
9.3805,140.707,4.4437500000000005,-7.571886769723801
9.3805,140.707,4.446875,-7.42447749206538
9.3805,140.707,4.45,-7.255491103480471
9.3805,140.707,4.453125,-7.0763586076867995
9.3805,140.707,4.456250000000001,-6.898565358187275
9.3805,140.707,4.4593750000000005,-6.734147846456082
9.3805,140.707,4.4625,-6.5808463834161905
9.3805,140.707,4.465625,-6.44026625858583
9.3805,140.707,4.46875,-6.323366456901322
9.3805,140.707,4.471875000000001,-6.222422717650526
9.3805,140.707,4.4750000000000005,-6.139493346387859
9.3805,140.707,4.478125,-6.070242717746889
9.3805,140.707,4.48125,-6.025400573639673
9.3805,140.707,4.484375,-6.001424932823607
9.3805,140.707,4.487500000000001,-5.993908471009698
9.3805,140.707,4.4906250000000005,-6.008300165841355
9.3805,140.707,4.49375,-6.039255201431157
9.3805,140.707,4.496875,-6.089083851340615
9.3805,140.707,4.5,-6.147858158462149
9.3805,140.707,4.503125000000001,-6.219924392566848
9.3805,140.707,4.5062500000000005,-6.288348584392036
9.3805,140.707,4.509375,-6.36200601813867
9.3805,140.707,4.5125,-6.42977615278308
9.3805,140.707,4.515625,-6.480134616803287
9.3805,140.707,4.518750000000001,-6.51886171123766
9.3805,140.707,4.5218750000000005,-6.526001224493689
9.3805,140.707,4.525,-6.508331056961322
9.3805,140.707,4.528125,-6.462532697344534
9.3805,140.707,4.53125,-6.39808316958257
9.3805,140.707,4.534375000000001,-6.326709088415337
9.3805,140.707,4.5375000000000005,-6.274066213510125
9.3805,140.707,4.540625,-6.228865512843336
9.3805,140.707,4.54375,-6.095740969801976
9.3805,140.707,4.546875,-5.855005144531299
9.3805,140.707,4.550000000000001,-5.611793205863327
9.3805,140.707,4.5531250000000005,-5.399079642012696
9.3805,140.707,4.55625,-5.212915737411807
9.3805,140.707,4.559375,-5.06010511004739
9.3805,140.707,4.5625,-4.929219382104377
9.3805,140.707,4.565625000000001,-4.819153241622106
9.3805,140.707,4.5687500000000005,-4.71647980383095
9.3805,140.707,4.571875,-4.6312829164573195
9.3805,140.707,4.575,-4.567209646346251
9.3805,140.707,4.578125,-4.525587454185956
9.3805,140.707,4.581250000000001,-4.506885295647777
9.3805,140.707,4.5843750000000005,-4.508605452864627
9.3805,140.707,4.5875,-4.520293058557615
9.3805,140.707,4.590625,-4.556428656661781
9.3805,140.707,4.59375,-4.599820305595363
9.3805,140.707,4.596875000000001,-4.650820172963615
9.3805,140.707,4.6000000000000005,-4.7089376323013425
9.3805,140.707,4.603125,-4.7649859891276005
9.3805,140.707,4.60625,-4.817749404228083
9.3805,140.707,4.609375,-4.856457115535922
9.3805,140.707,4.612500000000001,-4.890268090943629
9.3805,140.707,4.6156250000000005,-4.904539835232814
9.3805,140.707,4.61875,-4.904747146533781
9.3805,140.707,4.621875,-4.884206416423984
9.3805,140.707,4.625,-4.84007822532377
9.3805,140.707,4.628125000000001,-4.775829879082317
9.3805,140.707,4.6312500000000005,-4.687551703843473
9.3805,140.707,4.634375,-4.586036650558888
9.3805,140.707,4.6375,-4.480183384119761
9.3805,140.707,4.640625,-4.36344697682242
9.3805,140.707,4.643750000000001,-4.247163867720574
9.3805,140.707,4.6468750000000005,-4.128116388913211
9.3805,140.707,4.65,-4.011223096464917
9.3805,140.707,4.653125,-3.902778400068059
9.3805,140.707,4.65625,-3.8049648964177734
9.3805,140.707,4.659375000000001,-3.7157396959435833
9.3805,140.707,4.6625000000000005,-3.6390434992129466
9.3805,140.707,4.665625,-3.5701595700047473
9.3805,140.707,4.66875,-3.5169414793884872
9.3805,140.707,4.671875,-3.480605963978376
9.3805,140.707,4.675000000000001,-3.4482707321202124
9.3805,140.707,4.6781250000000005,-3.426787631825623
9.3805,140.707,4.68125,-3.4227383832998024
9.3805,140.707,4.684375,-3.476135974151555
9.3805,140.707,4.6875,-3.53264668571791
9.3805,140.707,4.690625000000001,-3.5690219157718506
9.3805,140.707,4.6937500000000005,-3.6003000212090033
9.3805,140.707,4.696875,-3.6242396115183535
9.3805,140.707,4.7,-3.6340469935549353
9.3805,140.707,4.703125,-3.6390116871238294
9.3805,140.707,4.706250000000001,-3.618143553047686
9.3805,140.707,4.7093750000000005,-3.5822573381067855
9.3805,140.707,4.7125,-3.5284165665942964
9.3805,140.707,4.715625,-3.4547938850350217
9.3805,140.707,4.71875,-3.3667976507217756
9.3805,140.707,4.721875000000001,-3.2644164894216003
9.3805,140.707,4.7250000000000005,-3.1548777784288315
9.3805,140.707,4.728125,-3.0429373159677517
9.3805,140.707,4.73125,-2.9304228014009457
9.3805,140.707,4.734375,-2.8213415842221403
9.3805,140.707,4.737500000000001,-2.7226939560083236
9.3805,140.707,4.7406250000000005,-2.62834492676671
9.3805,140.707,4.74375,-2.5470464748287047
9.3805,140.707,4.746875,-2.47985666883632
9.3805,140.707,4.75,-2.4214102241072135
9.3805,140.707,4.753125000000001,-2.3773161366349234
9.3805,140.707,4.7562500000000005,-2.3401691104951667
9.3805,140.707,4.759375,-2.3132917782927116
9.3805,140.707,4.7625,-2.3058830130416963
9.3805,140.707,4.765625,-2.2994949957180157
9.3805,140.707,4.768750000000001,-2.3080652713341325
9.3805,140.707,4.7718750000000005,-2.326628083838371
9.3805,140.707,4.775,-2.351898517145951
9.3805,140.707,4.778125,-2.3806787302068293
9.3805,140.707,4.78125,-2.4189897282686115
9.3805,140.707,4.784375000000001,-2.469615598091731
9.3805,140.707,4.7875000000000005,-2.5153096739377423
9.3805,140.707,4.790625,-2.5663346180249786
9.3805,140.707,4.79375,-2.6096130813581953
9.3805,140.707,4.796875,-2.653287869386618
9.3805,140.707,4.800000000000001,-2.6827011883733176
9.3805,140.707,4.8031250000000005,-2.7019574497364403
9.3805,140.707,4.80625,-2.7082449113479656
9.3805,140.707,4.809375,-2.6984808507895996
9.3805,140.707,4.8125,-2.6780014624969057
9.3805,140.707,4.815625000000001,-2.646569826325147
9.3805,140.707,4.8187500000000005,-2.606004074914549
9.3805,140.707,4.821875,-2.5630711268646262
9.3805,140.707,4.825,-2.5116009861136335
9.3805,140.707,4.828125,-2.465175792594555
9.3805,140.707,4.831250000000001,-2.422011200824677
9.3805,140.707,4.8343750000000005,-2.384030986343147
9.3805,140.707,4.8375,-2.3582110753019943
9.3805,140.707,4.840625,-2.3441226232944636
9.3805,140.707,4.84375,-2.3415968325930523
9.3805,140.707,4.846875000000001,-2.349626744447388
9.3805,140.707,4.8500000000000005,-2.3669835751100603
9.3805,140.707,4.853125,-2.398903965605216
9.3805,140.707,4.85625,-2.4434077704285913
9.3805,140.707,4.859375,-2.4944727356065597
9.3805,140.707,4.862500000000001,-2.560523114292406
9.3805,140.707,4.8656250000000005,-2.6324192606690917
9.3805,140.707,4.86875,-2.705805472088829
9.3805,140.707,4.871875,-2.791996048601197
9.3805,140.707,4.875,-2.8705381468392126
9.3805,140.707,4.878125000000001,-2.9517078113548596
9.3805,140.707,4.8812500000000005,-3.025022776529929
9.3805,140.707,4.884375,-3.093559700309008
9.3805,140.707,4.8875,-3.1507536352797274
9.3805,140.707,4.890625,-3.1892714246349247
9.3805,140.707,4.893750000000001,-3.2147849582189276
9.3805,140.707,4.8968750000000005,-3.218981301559325
9.3805,140.707,4.9,-3.2046573487497803
9.3805,140.707,4.903125,-3.1725278106632193
9.3805,140.707,4.90625,-3.1311498539309457
9.3805,140.707,4.909375000000001,-3.0743468365683215
9.3805,140.707,4.9125000000000005,-3.0125856348708218
9.3805,140.707,4.915625,-2.942013883646478
9.3805,140.707,4.91875,-2.880866953378973
9.3805,140.707,4.921875,-2.8166042151241193
9.3805,140.707,4.925000000000001,-2.7642162491416817
9.3805,140.707,4.9281250000000005,-2.7166563010884843
9.3805,140.707,4.93125,-2.68174280712746
9.3805,140.707,4.934375,-2.6604969475037716
9.3805,140.707,4.9375,-2.6499292324143866
9.3805,140.707,4.940625000000001,-2.6563268964933746
9.3805,140.707,4.9437500000000005,-2.680347430153973
9.3805,140.707,4.946875,-2.71823793899871
9.3805,140.707,4.95,-2.765761530482453
9.3805,140.707,4.953125,-2.8332676039923603
9.3805,140.707,4.956250000000001,-2.903635591325571
9.3805,140.707,4.9593750000000005,-2.989889080500379
9.3805,140.707,4.9625,-3.086409166040536
9.3805,140.707,4.965625,-3.1908661528492246
9.3805,140.707,4.96875,-3.2919169578870955
9.3805,140.707,4.971875000000001,-3.3936212274536404
9.3805,140.707,4.9750000000000005,-3.493445563699798
9.3805,140.707,4.978125,-3.5803824076330883
9.3805,140.707,4.98125,-3.661968561044855
9.3805,140.707,4.984375,-3.7237097260209135
9.3805,140.707,4.987500000000001,-3.767887179317144
9.3805,140.707,4.9906250000000005,-3.782766024342275
9.3805,140.707,4.99375,-3.773567400198079
9.3805,140.707,4.996875,-3.746099645441074
9.3805,140.707,5,-3.7086037562234253
9.3805,140.707,5.003125000000001,-3.652398105480641
9.3805,140.707,5.0062500000000005,-3.610121837411111
9.3805,140.707,5.009375,-3.5677663946185882
9.3805,140.707,5.0125,-3.5195944037940134
9.3805,140.707,5.015625,-3.4785538774832494
9.3805,140.707,5.018750000000001,-3.45002027300569
9.3805,140.707,5.0218750000000005,-3.4331940581068614
9.3805,140.707,5.025,-3.4245171161193584
9.3805,140.707,5.028125,-3.432225374967932
9.3805,140.707,5.03125,-3.458208664927116
9.3805,140.707,5.034375000000001,-3.4973629831998823
9.3805,140.707,5.0375000000000005,-3.556993700940775
9.3805,140.707,5.040625,-3.6313556285112343
9.3805,140.707,5.04375,-3.7192342162742738
9.3805,140.707,5.046875,-3.8287945050275156
9.3805,140.707,5.050000000000001,-3.9455094901881522
9.3805,140.707,5.0531250000000005,-4.081733039616669
9.3805,140.707,5.05625,-4.215688364780293
9.3805,140.707,5.059375,-4.3594403855134605
9.3805,140.707,5.0625,-4.500102559189948
9.3805,140.707,5.065625000000001,-4.641559140852901
9.3805,140.707,5.0687500000000005,-4.771994265831348
9.3805,140.707,5.071875,-4.879182447836911
9.3805,140.707,5.075,-4.965903943720421
9.3805,140.707,5.078125,-5.018183927009895
9.3805,140.707,5.081250000000001,-5.032133279200734
9.3805,140.707,5.0843750000000005,-5.0112384154479015
9.3805,140.707,5.0875,-4.95692951912973
9.3805,140.707,5.090625,-4.887396384658059
9.3805,140.707,5.09375,-4.797243170068346
9.3805,140.707,5.096875000000001,-4.6997122830819995
9.3805,140.707,5.1000000000000005,-4.608022964507358
9.3805,140.707,5.103125,-4.516505653258403
9.3805,140.707,5.10625,-4.412863441439482
9.3805,140.707,5.109375,-4.286778364477448
9.3805,140.707,5.112500000000001,-4.172488017112651
9.3805,140.707,5.1156250000000005,-4.076996516509323
9.3805,140.707,5.11875,-4.018378645420607
9.3805,140.707,5.121875,-3.9806819186606117
9.3805,140.707,5.125,-3.970030333152079
9.3805,140.707,5.128125000000001,-3.975883576688795
9.3805,140.707,5.1312500000000005,-4.003876235310465
9.3805,140.707,5.134375,-4.050447530175372
9.3805,140.707,5.1375,-4.111003254226464
9.3805,140.707,5.140625,-4.19101321509114
9.3805,140.707,5.143750000000001,-4.2760815380978565
9.3805,140.707,5.1468750000000005,-4.372849678127283
9.3805,140.707,5.15,-4.477680150275043
9.3805,140.707,5.153125,-4.583583375039956
9.3805,140.707,5.15625,-4.690445295508646
9.3805,140.707,5.159375000000001,-4.798582235695869
9.3805,140.707,5.1625000000000005,-4.894788487364804
9.3805,140.707,5.165625,-4.985867028236187
9.3805,140.707,5.16875,-5.053527337709351
9.3805,140.707,5.171875,-5.1033672360055
9.3805,140.707,5.175000000000001,-5.119144765114796
9.3805,140.707,5.1781250000000005,-5.111109865575792
9.3805,140.707,5.18125,-5.073708344752433
9.3805,140.707,5.184375,-5.018356257826521
9.3805,140.707,5.1875,-4.943382840745792
9.3805,140.707,5.190625000000001,-4.858944029619422
9.3805,140.707,5.1937500000000005,-4.771661397528682
9.3805,140.707,5.196875,-4.696397473478367
9.3805,140.707,5.2,-4.622744123745867
9.3805,140.707,5.203125,-4.557528459625991
9.3805,140.707,5.206250000000001,-4.509761776896416
9.3805,140.707,5.2093750000000005,-4.463460938651341
9.3805,140.707,5.2125,-4.439955640462291
9.3805,140.707,5.215625,-4.4343354859982025
9.3805,140.707,5.21875,-4.456876049241503
9.3805,140.707,5.221875000000001,-4.5106234478228915
9.3805,140.707,5.2250000000000005,-4.588455556531267
9.3805,140.707,5.228125,-4.689558694859375
9.3805,140.707,5.23125,-4.826148627415307
9.3805,140.707,5.234375,-4.983206703665609
9.3805,140.707,5.237500000000001,-5.16838879667898
9.3805,140.707,5.2406250000000005,-5.380085276469454
9.3805,140.707,5.24375,-5.6229241251542685
9.3805,140.707,5.246875,-5.883647985832928
9.3805,140.707,5.25,-6.1797140327174045
9.3805,140.707,5.253125000000001,-6.535465968972506
9.3805,140.707,5.2562500000000005,-6.981727760997883
9.3805,140.707,5.259375,-7.606547548428963
9.3805,140.707,5.2625,-8.602309441998804
9.3805,140.707,5.265625,-10.184238526313106
9.3805,140.707,5.268750000000001,-11.338399777802026
9.3805,140.707,5.2718750000000005,-9.943293536008353
9.3805,140.707,5.275,-8.255010386471929
9.3805,140.707,5.278125,-7.263429998203214
9.3805,140.707,5.28125,-6.676020120856366
9.3805,140.707,5.284375000000001,-6.274938421650884
9.3805,140.707,5.2875000000000005,-5.962885338112133
9.3805,140.707,5.290625,-5.694645559392571
9.3805,140.707,5.29375,-5.4830039770471934
9.3805,140.707,5.296875,-5.296591843056493
9.3805,140.707,5.300000000000001,-5.1468636773730045
9.3805,140.707,5.3031250000000005,-5.040885905410633
9.3805,140.707,5.30625,-4.952316852370229
9.3805,140.707,5.309375,-4.901264992929015
9.3805,140.707,5.3125,-4.873272616558141
9.3805,140.707,5.315625000000001,-4.872919266238274
9.3805,140.707,5.3187500000000005,-4.899936067039501
9.3805,140.707,5.321875,-4.952000258034363
9.3805,140.707,5.325,-5.006482807014944
9.3805,140.707,5.328125,-5.085281104174798
9.3805,140.707,5.331250000000001,-5.171139554482943
9.3805,140.707,5.3343750000000005,-5.260558695144676
9.3805,140.707,5.3375,-5.344015915561928
9.3805,140.707,5.340625,-5.4317857097654185
9.3805,140.707,5.34375,-5.530576753381853
9.3805,140.707,5.346875000000001,-5.6061797801905495
9.3805,140.707,5.3500000000000005,-5.665137162931954
9.3805,140.707,5.353125,-5.702629753933637
9.3805,140.707,5.35625,-5.708938042251749
9.3805,140.707,5.359375,-5.68916574764452
9.3805,140.707,5.362500000000001,-5.640330766174171
9.3805,140.707,5.3656250000000005,-5.560936519686618
9.3805,140.707,5.36875,-5.448487937337888
9.3805,140.707,5.371875,-5.319791846526244
9.3805,140.707,5.375,-5.187354865423081
9.3805,140.707,5.378125000000001,-5.044808640912214
9.3805,140.707,5.3812500000000005,-4.915866595031444
9.3805,140.707,5.384375,-4.793200208296627
9.3805,140.707,5.3875,-4.692760101475285
9.3805,140.707,5.390625,-4.6088589131849
9.3805,140.707,5.393750000000001,-4.545577428647698
9.3805,140.707,5.3968750000000005,-4.509703549978559
9.3805,140.707,5.4,-4.485207721735796
9.3805,140.707,5.403125,-4.492943112101566
9.3805,140.707,5.40625,-4.522634309216541
9.3805,140.707,5.409375000000001,-4.577544467737745
9.3805,140.707,5.4125000000000005,-4.644049918873063
9.3805,140.707,5.415625,-4.7348889890841575
9.3805,140.707,5.41875,-4.8327573510064985
9.3805,140.707,5.421875,-4.960492983053183
9.3805,140.707,5.425000000000001,-5.098303490799755
9.3805,140.707,5.4281250000000005,-5.248669924262847
9.3805,140.707,5.43125,-5.401546732477819
9.3805,140.707,5.434375,-5.553179553328481
9.3805,140.707,5.4375,-5.70926965693633
9.3805,140.707,5.440625000000001,-5.836060495353598
9.3805,140.707,5.4437500000000005,-5.951354290855878
9.3805,140.707,5.446875,-6.026474419693142
9.3805,140.707,5.45,-6.071899699268849
9.3805,140.707,5.453125,-6.071379975744381
9.3805,140.707,5.456250000000001,-6.0377635133259595
9.3805,140.707,5.4593750000000005,-5.964248665276114
9.3805,140.707,5.4625,-5.849319875392876
9.3805,140.707,5.465625,-5.71525569877757
9.3805,140.707,5.46875,-5.56350586911056
9.3805,140.707,5.471875000000001,-5.397668887967081
9.3805,140.707,5.4750000000000005,-5.242962807251787
9.3805,140.707,5.478125,-5.081401166956688
9.3805,140.707,5.48125,-4.954790327399202
9.3805,140.707,5.484375,-4.83958276005393
9.3805,140.707,5.487500000000001,-4.742706506289624
9.3805,140.707,5.4906250000000005,-4.683651909085806
9.3805,140.707,5.49375,-4.6514018500003225
9.3805,140.707,5.496875,-4.644333863931795
9.3805,140.707,5.5,-4.656629712747586
9.3805,140.707,5.503125000000001,-4.692294630460996
9.3805,140.707,5.5062500000000005,-4.746556639991598
9.3805,140.707,5.509375,-4.8167538656456195
9.3805,140.707,5.5125,-4.894367440414975
9.3805,140.707,5.515625,-4.9836801947156
9.3805,140.707,5.518750000000001,-5.066692436544963
9.3805,140.707,5.5218750000000005,-5.15166765325888
9.3805,140.707,5.525,-5.225880137813777
9.3805,140.707,5.528125,-5.286197527364324
9.3805,140.707,5.53125,-5.31896294849568
9.3805,140.707,5.534375000000001,-5.328716659511301
9.3805,140.707,5.5375000000000005,-5.310739477307505
9.3805,140.707,5.540625,-5.276733001744041
9.3805,140.707,5.54375,-5.1981188988748315
9.3805,140.707,5.546875,-5.101165626951223
9.3805,140.707,5.550000000000001,-4.98324163098059
9.3805,140.707,5.5531250000000005,-4.845313939144454
9.3805,140.707,5.55625,-4.701251727518805
9.3805,140.707,5.559375,-4.558544096877951
9.3805,140.707,5.5625,-4.418744195509936
9.3805,140.707,5.565625000000001,-4.2793078837513665
9.3805,140.707,5.5687500000000005,-4.15881752307669
9.3805,140.707,5.571875,-4.064666853879657
9.3805,140.707,5.575,-3.9746279935268873
9.3805,140.707,5.578125,-3.9222694500411293
9.3805,140.707,5.581250000000001,-3.8844897226829183
9.3805,140.707,5.5843750000000005,-3.8645474535065905
9.3805,140.707,5.5875,-3.8746681312883076
9.3805,140.707,5.590625,-3.9072960752627415
9.3805,140.707,5.59375,-3.9556711754694476
9.3805,140.707,5.596875000000001,-4.0240523010875116
9.3805,140.707,5.6000000000000005,-4.122364978176266
9.3805,140.707,5.603125,-4.223576506659239
9.3805,140.707,5.60625,-4.33671451731976
9.3805,140.707,5.609375,-4.4602753025586654
9.3805,140.707,5.612500000000001,-4.591785357019861
9.3805,140.707,5.6156250000000005,-4.716514475959538
9.3805,140.707,5.61875,-4.83129475715357
9.3805,140.707,5.621875,-4.9311003964343545
9.3805,140.707,5.625,-5.014055341481914
9.3805,140.707,5.628125000000001,-5.060797599470128
9.3805,140.707,5.6312500000000005,-5.074047564966861
9.3805,140.707,5.634375,-5.052211864146319
9.3805,140.707,5.6375,-4.9952752174216055
9.3805,140.707,5.640625,-4.897713292634248
9.3805,140.707,5.643750000000001,-4.781844922448278
9.3805,140.707,5.6468750000000005,-4.641763182502048
9.3805,140.707,5.65,-4.493329872817725
9.3805,140.707,5.653125,-4.344942449830486
9.3805,140.707,5.65625,-4.2026895117485745
9.3805,140.707,5.659375000000001,-4.0780875563365635
9.3805,140.707,5.6625000000000005,-3.9609018727154788
9.3805,140.707,5.665625,-3.873748433047539
9.3805,140.707,5.66875,-3.812033206487473
9.3805,140.707,5.671875,-3.760295611198281
9.3805,140.707,5.675000000000001,-3.7322973188805997
9.3805,140.707,5.6781250000000005,-3.731253570823942
9.3805,140.707,5.68125,-3.7503122071311163
9.3805,140.707,5.684375,-3.7875546306602637
9.3805,140.707,5.6875,-3.8316924998808344
9.3805,140.707,5.690625000000001,-3.8996134711545793
9.3805,140.707,5.6937500000000005,-3.968411125500018
9.3805,140.707,5.696875,-4.041702413374574
9.3805,140.707,5.7,-4.114892384692793
9.3805,140.707,5.703125,-4.179317017708591
9.3805,140.707,5.706250000000001,-4.241164035941707
9.3805,140.707,5.7093750000000005,-4.289993789559319
9.3805,140.707,5.7125,-4.309303155016983
9.3805,140.707,5.715625,-4.3171236073460575
9.3805,140.707,5.71875,-4.290963197704148
9.3805,140.707,5.721875000000001,-4.239625969263187
9.3805,140.707,5.7250000000000005,-4.161125028986085
9.3805,140.707,5.728125,-4.059462107725156
9.3805,140.707,5.73125,-3.9281919762093005
9.3805,140.707,5.734375,-3.7855305848904774
9.3805,140.707,5.737500000000001,-3.6295735077061444
9.3805,140.707,5.7406250000000005,-3.4706358732485865
9.3805,140.707,5.74375,-3.3222508366428762
9.3805,140.707,5.746875,-3.1796235398492874
9.3805,140.707,5.75,-3.0586627279189633
9.3805,140.707,5.753125000000001,-2.9566397636470265
9.3805,140.707,5.7562500000000005,-2.874699561536493
9.3805,140.707,5.759375,-2.814518888006522
9.3805,140.707,5.7625,-2.7863246624836306
9.3805,140.707,5.765625,-2.7803180629373863
9.3805,140.707,5.768750000000001,-2.79700948890346
9.3805,140.707,5.7718750000000005,-2.8367180453864
9.3805,140.707,5.775,-2.88929986335462
9.3805,140.707,5.778125,-2.960298268252677
9.3805,140.707,5.78125,-3.04931927663892
9.3805,140.707,5.784375000000001,-3.136978869274915
9.3805,140.707,5.7875000000000005,-3.2385422349887234
9.3805,140.707,5.790625,-3.333202879763702
9.3805,140.707,5.79375,-3.429609432756802
9.3805,140.707,5.796875,-3.519332398973784
9.3805,140.707,5.800000000000001,-3.5813154657148774
9.3805,140.707,5.8031250000000005,-3.639726886647092
9.3805,140.707,5.80625,-3.671201858965629
9.3805,140.707,5.809375,-3.676383965008511
9.3805,140.707,5.8125,-3.6569887752486414
9.3805,140.707,5.815625000000001,-3.6117431789093883
9.3805,140.707,5.8187500000000005,-3.535075928071461
9.3805,140.707,5.821875,-3.4493520712834203
9.3805,140.707,5.825,-3.3447108729706527
9.3805,140.707,5.828125,-3.2233538576202796
9.3805,140.707,5.831250000000001,-3.101023450494871
9.3805,140.707,5.8343750000000005,-2.981344640170091
9.3805,140.707,5.8375,-2.8662398564302887
9.3805,140.707,5.840625,-2.7708316976345184
9.3805,140.707,5.84375,-2.682727650956802
9.3805,140.707,5.846875000000001,-2.6279105448282096
9.3805,140.707,5.8500000000000005,-2.587148363511009
9.3805,140.707,5.853125,-2.5684526854356013
9.3805,140.707,5.85625,-2.5773646606848293
9.3805,140.707,5.859375,-2.5985023995530137
9.3805,140.707,5.862500000000001,-2.65585468615329
9.3805,140.707,5.8656250000000005,-2.7173724291480728
9.3805,140.707,5.86875,-2.8001165056772113
9.3805,140.707,5.871875,-2.8861053051587326
9.3805,140.707,5.875,-2.9810521054735117
9.3805,140.707,5.878125000000001,-3.0785989739775217
9.3805,140.707,5.8812500000000005,-3.1733930848082252
9.3805,140.707,5.884375,-3.261985987132338
9.3805,140.707,5.8875,-3.32863356466939
9.3805,140.707,5.890625,-3.380830725424133
9.3805,140.707,5.893750000000001,-3.408158995693272
9.3805,140.707,5.8968750000000005,-3.4188404795213896
9.3805,140.707,5.9,-3.3891672782220015
9.3805,140.707,5.903125,-3.327168103561067
9.3805,140.707,5.90625,-3.2412963815143843
9.3805,140.707,5.909375000000001,-3.121292827575134
9.3805,140.707,5.9125000000000005,-2.9802750458669873
9.3805,140.707,5.915625,-2.8303908371027733
9.3805,140.707,5.91875,-2.6725267992456474
9.3805,140.707,5.921875,-2.508165502449927
9.3805,140.707,5.925000000000001,-2.351269566874545
9.3805,140.707,5.9281250000000005,-2.221122308036882
9.3805,140.707,5.93125,-2.1050761018609028
9.3805,140.707,5.934375,-2.014775888546065
9.3805,140.707,5.9375,-1.9487963855410682
9.3805,140.707,5.940625000000001,-1.9098073579035157
9.3805,140.707,5.9437500000000005,-1.8984135649615657
9.3805,140.707,5.946875,-1.9044930779611335
9.3805,140.707,5.95,-1.940956638079816
9.3805,140.707,5.953125,-1.99344317836354
9.3805,140.707,5.956250000000001,-2.065367778878543
9.3805,140.707,5.9593750000000005,-2.1551587112149146
9.3805,140.707,5.9625,-2.2500917239706357
9.3805,140.707,5.965625,-2.352443569627269
9.3805,140.707,5.96875,-2.468003725084216
9.3805,140.707,5.971875000000001,-2.5794464594267987
9.3805,140.707,5.9750000000000005,-2.691782528174312
9.3805,140.707,5.978125,-2.808110797984397
9.3805,140.707,5.98125,-2.908087018752078
9.3805,140.707,5.984375,-2.9937687064250507
9.3805,140.707,5.987500000000001,-3.0578105754224536
9.3805,140.707,5.9906250000000005,-3.0884194976799555
9.3805,140.707,5.99375,-3.092248663096983
9.3805,140.707,5.996875,-3.0650261989510206
9.3805,140.707,6,-3.0057784445988074
