"Current","Field","Frequency","Spectra"
11.4546,171.819,1,-0.9162152047436909
11.4546,171.819,1.003125,-0.8747460874298354
11.4546,171.819,1.00625,-0.8379301175815329
11.4546,171.819,1.0093750000000001,-0.8048981081467679
11.4546,171.819,1.0125,-0.7832372888876405
11.4546,171.819,1.015625,-0.7714338651382874
11.4546,171.819,1.01875,-0.7691635130303334
11.4546,171.819,1.021875,-0.7748726075516972
11.4546,171.819,1.0250000000000001,-0.7955437176410176
11.4546,171.819,1.028125,-0.8316841012345376
11.4546,171.819,1.03125,-0.8780224528246393
11.4546,171.819,1.034375,-0.934021807843366
11.4546,171.819,1.0375,-0.9971512662476241
11.4546,171.819,1.0406250000000001,-1.0653358846687606
11.4546,171.819,1.04375,-1.1349488152836291
11.4546,171.819,1.046875,-1.2019281440595955
11.4546,171.819,1.05,-1.267552419411087
11.4546,171.819,1.053125,-1.3212961596578947
11.4546,171.819,1.0562500000000001,-1.3685064326619731
11.4546,171.819,1.059375,-1.4036387942172093
11.4546,171.819,1.0625,-1.4299981577548815
11.4546,171.819,1.065625,-1.4419756810974516
11.4546,171.819,1.06875,-1.443368875997214
11.4546,171.819,1.0718750000000001,-1.4308419190453723
11.4546,171.819,1.0750000000000002,-1.4095275698801606
11.4546,171.819,1.078125,-1.380563158956133
11.4546,171.819,1.08125,-1.3419682798338028
11.4546,171.819,1.084375,-1.2923024433851569
11.4546,171.819,1.0875000000000001,-1.2401049835765834
11.4546,171.819,1.0906250000000002,-1.1852615149659915
11.4546,171.819,1.09375,-1.1362935956282532
11.4546,171.819,1.096875,-1.0795520335332462
11.4546,171.819,1.1,-1.0334352380339284
11.4546,171.819,1.1031250000000001,-0.9947698843186665
11.4546,171.819,1.1062500000000002,-0.9485692196869843
11.4546,171.819,1.109375,-0.918449768595784
11.4546,171.819,1.1125,-0.8984802019482735
11.4546,171.819,1.115625,-0.8863478426355341
11.4546,171.819,1.1187500000000001,-0.8890718672753557
11.4546,171.819,1.1218750000000002,-0.897105907698812
11.4546,171.819,1.125,-0.9112308420903947
11.4546,171.819,1.128125,-0.9362547523214048
11.4546,171.819,1.13125,-0.9678161422572877
11.4546,171.819,1.1343750000000001,-1.0038894534240668
11.4546,171.819,1.1375000000000002,-1.0462346064275212
11.4546,171.819,1.140625,-1.0862335787047919
11.4546,171.819,1.14375,-1.1221195921939362
11.4546,171.819,1.146875,-1.1562096322910695
11.4546,171.819,1.1500000000000001,-1.188604337116555
11.4546,171.819,1.1531250000000002,-1.2148153151991135
11.4546,171.819,1.15625,-1.229067571281623
11.4546,171.819,1.159375,-1.2364032358485901
11.4546,171.819,1.1625,-1.2362396762871317
11.4546,171.819,1.1656250000000001,-1.2228829659784919
11.4546,171.819,1.1687500000000002,-1.1999427653832953
11.4546,171.819,1.171875,-1.1699860664087671
11.4546,171.819,1.175,-1.1301971960692372
11.4546,171.819,1.178125,-1.0842198520423867
11.4546,171.819,1.1812500000000001,-1.0353464409566013
11.4546,171.819,1.1843750000000002,-0.9852097473547206
11.4546,171.819,1.1875,-0.9309341032958807
11.4546,171.819,1.190625,-0.8833080688366162
11.4546,171.819,1.19375,-0.8413255588266905
11.4546,171.819,1.1968750000000001,-0.8082911155607835
11.4546,171.819,1.2000000000000002,-0.7830633219556559
11.4546,171.819,1.203125,-0.7749036186774937
11.4546,171.819,1.20625,-0.7790903498730257
11.4546,171.819,1.209375,-0.7996290654245962
11.4546,171.819,1.2125000000000001,-0.8328733808064598
11.4546,171.819,1.2156250000000002,-0.8820385440495166
11.4546,171.819,1.21875,-0.9381525197656705
11.4546,171.819,1.221875,-1.004286252126922
11.4546,171.819,1.225,-1.0789022279690343
11.4546,171.819,1.2281250000000001,-1.1555174333064189
11.4546,171.819,1.2312500000000002,-1.230312885140306
11.4546,171.819,1.234375,-1.2972828343117393
11.4546,171.819,1.2375,-1.3578389832203583
11.4546,171.819,1.240625,-1.4105787782416426
11.4546,171.819,1.2437500000000001,-1.4582373452216748
11.4546,171.819,1.2468750000000002,-1.4928490882007845
11.4546,171.819,1.25,-1.5125135848797036
11.4546,171.819,1.253125,-1.5161747508513548
11.4546,171.819,1.25625,-1.5016668629141485
11.4546,171.819,1.2593750000000001,-1.4731610096877221
11.4546,171.819,1.2625000000000002,-1.451324893973579
11.4546,171.819,1.265625,-1.4243246720635219
11.4546,171.819,1.26875,-1.3826496295271395
11.4546,171.819,1.271875,-1.3341576460944338
11.4546,171.819,1.2750000000000001,-1.2798820331795515
11.4546,171.819,1.2781250000000002,-1.2241209151327028
11.4546,171.819,1.28125,-1.1752712522080353
11.4546,171.819,1.284375,-1.1351746938506486
11.4546,171.819,1.2875,-1.0976357878399359
11.4546,171.819,1.2906250000000001,-1.0640010645612725
11.4546,171.819,1.2937500000000002,-1.041825590376341
11.4546,171.819,1.296875,-1.0261590617352803
11.4546,171.819,1.3,-1.0212598617466369
11.4546,171.819,1.303125,-1.036495708076388
11.4546,171.819,1.3062500000000001,-1.055634086007901
11.4546,171.819,1.3093750000000002,-1.07870510002426
11.4546,171.819,1.3125,-1.1138697074836887
11.4546,171.819,1.315625,-1.1553787394445982
11.4546,171.819,1.31875,-1.1986526765353924
11.4546,171.819,1.3218750000000001,-1.242408007774992
11.4546,171.819,1.3250000000000002,-1.286035607683604
11.4546,171.819,1.328125,-1.3229637857467693
11.4546,171.819,1.33125,-1.3551409943691701
11.4546,171.819,1.334375,-1.3774228482506232
11.4546,171.819,1.3375000000000001,-1.3907408291266656
11.4546,171.819,1.3406250000000002,-1.3959351959422042
11.4546,171.819,1.34375,-1.3898874882721979
11.4546,171.819,1.346875,-1.3743017068698236
11.4546,171.819,1.35,-1.3450366866846086
11.4546,171.819,1.3531250000000001,-1.3076604647347834
11.4546,171.819,1.3562500000000002,-1.2653280589712774
11.4546,171.819,1.359375,-1.218481759834066
11.4546,171.819,1.3625,-1.1606624722124124
11.4546,171.819,1.365625,-1.103028946541035
11.4546,171.819,1.3687500000000001,-1.043740843307155
11.4546,171.819,1.3718750000000002,-0.9868412725528612
11.4546,171.819,1.375,-0.9380073123985513
11.4546,171.819,1.378125,-0.8969329872407555
11.4546,171.819,1.38125,-0.8638890748532826
11.4546,171.819,1.3843750000000001,-0.8375439721937729
11.4546,171.819,1.3875000000000002,-0.8305521105387386
11.4546,171.819,1.390625,-0.8349885303368008
11.4546,171.819,1.39375,-0.8598936084575062
11.4546,171.819,1.396875,-0.8985321503788585
11.4546,171.819,1.4000000000000001,-0.9526175137929593
11.4546,171.819,1.4031250000000002,-1.005691624213372
11.4546,171.819,1.40625,-1.0695826055233932
11.4546,171.819,1.409375,-1.1429335864238814
11.4546,171.819,1.4125,-1.2197961522471903
11.4546,171.819,1.4156250000000001,-1.294017697073867
11.4546,171.819,1.4187500000000002,-1.367504195777831
11.4546,171.819,1.421875,-1.4304586190247517
11.4546,171.819,1.425,-1.4849157992492736
11.4546,171.819,1.428125,-1.528302346565684
11.4546,171.819,1.4312500000000001,-1.564063926961087
11.4546,171.819,1.4343750000000002,-1.5830261162731571
11.4546,171.819,1.4375,-1.5938722991649907
11.4546,171.819,1.440625,-1.5887266404809948
11.4546,171.819,1.44375,-1.5736818655524722
11.4546,171.819,1.4468750000000001,-1.548567013082174
11.4546,171.819,1.4500000000000002,-1.5138049371111204
11.4546,171.819,1.453125,-1.4708611313232263
11.4546,171.819,1.45625,-1.42140610845486
11.4546,171.819,1.459375,-1.367136472841834
11.4546,171.819,1.4625000000000001,-1.3116778510012148
11.4546,171.819,1.4656250000000002,-1.2597838847202045
11.4546,171.819,1.46875,-1.211493150556583
11.4546,171.819,1.471875,-1.1713017950521332
11.4546,171.819,1.475,-1.140289148223511
11.4546,171.819,1.4781250000000001,-1.1215282464709058
11.4546,171.819,1.4812500000000002,-1.1130484396115246
11.4546,171.819,1.484375,-1.118706431213519
11.4546,171.819,1.4875,-1.13939089716392
11.4546,171.819,1.490625,-1.1729226609153132
11.4546,171.819,1.4937500000000001,-1.2172546598939085
11.4546,171.819,1.4968750000000002,-1.2693558077590614
11.4546,171.819,1.5,-1.324293237282176
11.4546,171.819,1.503125,-1.381534509047725
11.4546,171.819,1.50625,-1.4368724439764136
11.4546,171.819,1.5093750000000001,-1.4846383678837864
11.4546,171.819,1.5125000000000002,-1.527364016066577
11.4546,171.819,1.515625,-1.56086245814067
11.4546,171.819,1.51875,-1.5896947107209558
11.4546,171.819,1.521875,-1.5997513795313267
11.4546,171.819,1.5250000000000001,-1.5958942090287755
11.4546,171.819,1.5281250000000002,-1.58395037536774
11.4546,171.819,1.53125,-1.5621781121205383
11.4546,171.819,1.534375,-1.5329690434274879
11.4546,171.819,1.5375,-1.4954410633136714
11.4546,171.819,1.5406250000000001,-1.4494377597127117
11.4546,171.819,1.5437500000000002,-1.3984797662281192
11.4546,171.819,1.546875,-1.3390131249733823
11.4546,171.819,1.55,-1.2777255890044827
11.4546,171.819,1.553125,-1.2177388381282839
11.4546,171.819,1.5562500000000001,-1.1567692429876437
11.4546,171.819,1.5593750000000002,-1.1027550670599378
11.4546,171.819,1.5625,-1.0478204406893767
11.4546,171.819,1.565625,-1.001888886954792
11.4546,171.819,1.56875,-0.9720433257346907
11.4546,171.819,1.5718750000000001,-0.954836263384373
11.4546,171.819,1.5750000000000002,-0.9523469752889016
11.4546,171.819,1.578125,-0.965490092982128
11.4546,171.819,1.58125,-0.9952795319307071
11.4546,171.819,1.584375,-1.0437265975797152
11.4546,171.819,1.5875000000000001,-1.1032645995447425
11.4546,171.819,1.5906250000000002,-1.1794164796495061
11.4546,171.819,1.59375,-1.2581180823973492
11.4546,171.819,1.596875,-1.3419486470935682
11.4546,171.819,1.6,-1.422418628714341
11.4546,171.819,1.6031250000000001,-1.4971117036523471
11.4546,171.819,1.6062500000000002,-1.5644185342807926
11.4546,171.819,1.609375,-1.6200130422407915
11.4546,171.819,1.6125,-1.6614892033748836
11.4546,171.819,1.615625,-1.6867292834344985
11.4546,171.819,1.6187500000000001,-1.6978439712666833
11.4546,171.819,1.6218750000000002,-1.6922191887245481
11.4546,171.819,1.625,-1.6738169307972153
11.4546,171.819,1.628125,-1.6460569313681495
11.4546,171.819,1.63125,-1.608517265300057
11.4546,171.819,1.6343750000000001,-1.5623226456072739
11.4546,171.819,1.6375000000000002,-1.5172378495039358
11.4546,171.819,1.640625,-1.4669405237217659
11.4546,171.819,1.64375,-1.4159852966937592
11.4546,171.819,1.646875,-1.3672868509189917
11.4546,171.819,1.6500000000000001,-1.323453331678925
11.4546,171.819,1.6531250000000002,-1.28754107397324
11.4546,171.819,1.65625,-1.2643597471447967
11.4546,171.819,1.659375,-1.2527093502062023
11.4546,171.819,1.6625,-1.2629802542711759
11.4546,171.819,1.6656250000000001,-1.265592926709388
11.4546,171.819,1.6687500000000002,-1.265190979123363
11.4546,171.819,1.671875,-1.2824103787994237
11.4546,171.819,1.675,-1.3185588600881462
11.4546,171.819,1.678125,-1.363740864346937
11.4546,171.819,1.6812500000000001,-1.4169718140783898
11.4546,171.819,1.6843750000000002,-1.4777970518290355
11.4546,171.819,1.6875,-1.5413482954850997
11.4546,171.819,1.690625,-1.601062672159933
11.4546,171.819,1.69375,-1.658714231055208
11.4546,171.819,1.6968750000000001,-1.7116381082910437
11.4546,171.819,1.7000000000000002,-1.7533255305665327
11.4546,171.819,1.703125,-1.7851038933632237
11.4546,171.819,1.70625,-1.8074210291794603
11.4546,171.819,1.709375,-1.8158521903422193
11.4546,171.819,1.7125000000000001,-1.811825953112286
11.4546,171.819,1.7156250000000002,-1.7959899718943348
11.4546,171.819,1.71875,-1.7662062342321945
11.4546,171.819,1.721875,-1.7208837844651508
11.4546,171.819,1.725,-1.6675342842633056
11.4546,171.819,1.7281250000000001,-1.6062413771237853
11.4546,171.819,1.7312500000000002,-1.5370590274579887
11.4546,171.819,1.734375,-1.466340966832099
11.4546,171.819,1.7375,-1.3917656052400587
11.4546,171.819,1.740625,-1.3202857718017285
11.4546,171.819,1.7437500000000001,-1.2527098135287345
11.4546,171.819,1.7468750000000002,-1.1937739750833678
11.4546,171.819,1.75,-1.1447961916308467
11.4546,171.819,1.753125,-1.1072418565892341
11.4546,171.819,1.75625,-1.086688311152574
11.4546,171.819,1.7593750000000001,-1.0835229917258073
11.4546,171.819,1.7625000000000002,-1.0996008164897357
11.4546,171.819,1.765625,-1.133287121106524
11.4546,171.819,1.76875,-1.1778384993704822
11.4546,171.819,1.771875,-1.2354699046774889
11.4546,171.819,1.7750000000000001,-1.301458805935176
11.4546,171.819,1.7781250000000002,-1.3727080902874644
11.4546,171.819,1.78125,-1.4458564425219635
11.4546,171.819,1.784375,-1.5209261545654476
11.4546,171.819,1.7875,-1.5929372810203548
11.4546,171.819,1.7906250000000001,-1.651357305269896
11.4546,171.819,1.7937500000000002,-1.6987729383190573
11.4546,171.819,1.7968750000000002,-1.7354749124642126
11.4546,171.819,1.8,-1.763499551742367
11.4546,171.819,1.803125,-1.7706199093580521
11.4546,171.819,1.8062500000000001,-1.7684923632577265
11.4546,171.819,1.8093750000000002,-1.7567421548544435
11.4546,171.819,1.8125000000000002,-1.7357603431975912
11.4546,171.819,1.815625,-1.7052693998946609
11.4546,171.819,1.81875,-1.6648757070811198
11.4546,171.819,1.8218750000000001,-1.6196136800940533
11.4546,171.819,1.8250000000000002,-1.567848857865395
11.4546,171.819,1.8281250000000002,-1.5149572461541676
11.4546,171.819,1.83125,-1.4657177606764369
11.4546,171.819,1.834375,-1.4201707007674012
11.4546,171.819,1.8375000000000001,-1.378455115043843
11.4546,171.819,1.8406250000000002,-1.3433435368701927
11.4546,171.819,1.8437500000000002,-1.317263237356835
11.4546,171.819,1.846875,-1.304570600869556
11.4546,171.819,1.85,-1.3071959592978513
11.4546,171.819,1.8531250000000001,-1.3203974711886766
11.4546,171.819,1.8562500000000002,-1.351060872392627
11.4546,171.819,1.8593750000000002,-1.3934226507138325
11.4546,171.819,1.8625,-1.4490972718983959
11.4546,171.819,1.865625,-1.5147416949667933
11.4546,171.819,1.8687500000000001,-1.5849874444238645
11.4546,171.819,1.8718750000000002,-1.6583620524549925
11.4546,171.819,1.8750000000000002,-1.7294981362237034
11.4546,171.819,1.878125,-1.797895266331245
11.4546,171.819,1.88125,-1.8534871204271754
11.4546,171.819,1.8843750000000001,-1.9007816967346034
11.4546,171.819,1.8875000000000002,-1.936074479936861
11.4546,171.819,1.8906250000000002,-1.9539440067033387
11.4546,171.819,1.89375,-1.9596187901075415
11.4546,171.819,1.896875,-1.9473203708032762
11.4546,171.819,1.9000000000000001,-1.9216890665967779
11.4546,171.819,1.9031250000000002,-1.8822841629015015
11.4546,171.819,1.9062500000000002,-1.833230067345476
11.4546,171.819,1.909375,-1.77458220516478
11.4546,171.819,1.9125,-1.7077037066374299
11.4546,171.819,1.9156250000000001,-1.6371948769069555
11.4546,171.819,1.9187500000000002,-1.56216210873191
11.4546,171.819,1.9218750000000002,-1.4903871233026829
11.4546,171.819,1.925,-1.4198975485932923
11.4546,171.819,1.928125,-1.3551873172084983
11.4546,171.819,1.9312500000000001,-1.2987705143531776
11.4546,171.819,1.9343750000000002,-1.2544837154530333
11.4546,171.819,1.9375000000000002,-1.2196896901260441
11.4546,171.819,1.940625,-1.2008187828616965
11.4546,171.819,1.94375,-1.1980085039613704
11.4546,171.819,1.9468750000000001,-1.209653408563913
11.4546,171.819,1.9500000000000002,-1.23379530628356
11.4546,171.819,1.9531250000000002,-1.275327836003819
11.4546,171.819,1.95625,-1.3337494810312258
11.4546,171.819,1.959375,-1.3959698890401986
11.4546,171.819,1.9625000000000001,-1.463943445298121
11.4546,171.819,1.9656250000000002,-1.5377526783035327
11.4546,171.819,1.9687500000000002,-1.6086545718370162
11.4546,171.819,1.971875,-1.6746963969977693
11.4546,171.819,1.975,-1.7303981212096242
11.4546,171.819,1.9781250000000001,-1.7771253737729613
11.4546,171.819,1.9812500000000002,-1.8117079762118102
11.4546,171.819,1.9843750000000002,-1.8303851450513544
11.4546,171.819,1.9875,-1.8383810877623397
11.4546,171.819,1.990625,-1.8299737400881035
11.4546,171.819,1.9937500000000001,-1.8060328034814734
11.4546,171.819,1.9968750000000002,-1.7724476080178289
11.4546,171.819,2,-1.7253250169710466
11.4546,171.819,2.0031250000000003,-1.6715208474320766
11.4546,171.819,2.00625,-1.6116975941355627
11.4546,171.819,2.009375,-1.5475246713984716
11.4546,171.819,2.0125,-1.4855301351114947
11.4546,171.819,2.015625,-1.4233912991870916
11.4546,171.819,2.0187500000000003,-1.3639287346930018
11.4546,171.819,2.021875,-1.3152071052718781
11.4546,171.819,2.025,-1.2722953811542599
11.4546,171.819,2.028125,-1.2451707179338727
11.4546,171.819,2.03125,-1.234031308807315
11.4546,171.819,2.0343750000000003,-1.243062271815373
11.4546,171.819,2.0375,-1.2681077081184668
11.4546,171.819,2.040625,-1.3056970509464922
11.4546,171.819,2.04375,-1.3596931015993674
11.4546,171.819,2.046875,-1.4260748173612772
11.4546,171.819,2.0500000000000003,-1.4995929117908657
11.4546,171.819,2.053125,-1.5783541524068645
11.4546,171.819,2.05625,-1.6631451787346871
11.4546,171.819,2.059375,-1.7448906417645549
11.4546,171.819,2.0625,-1.8191735319925275
11.4546,171.819,2.0656250000000003,-1.8833242017915044
11.4546,171.819,2.06875,-1.9367758875940269
11.4546,171.819,2.071875,-1.974883299590513
11.4546,171.819,2.075,-1.9976218990766919
11.4546,171.819,2.078125,-2.0088048736145163
11.4546,171.819,2.0812500000000003,-2.0040289515880922
11.4546,171.819,2.084375,-1.9843971756946124
11.4546,171.819,2.0875,-1.948203576391775
11.4546,171.819,2.090625,-1.8977680816269502
11.4546,171.819,2.09375,-1.8394165562050562
11.4546,171.819,2.0968750000000003,-1.7708555401063721
11.4546,171.819,2.1,-1.699662668368219
11.4546,171.819,2.103125,-1.6250098566272484
11.4546,171.819,2.10625,-1.554240575107713
11.4546,171.819,2.109375,-1.4810390140077327
11.4546,171.819,2.1125000000000003,-1.4147693823353933
11.4546,171.819,2.115625,-1.3527253550321718
11.4546,171.819,2.11875,-1.3025917592034433
11.4546,171.819,2.121875,-1.2624437572377747
11.4546,171.819,2.125,-1.2353118473814741
11.4546,171.819,2.1281250000000003,-1.225674811521553
11.4546,171.819,2.13125,-1.2336165800345598
11.4546,171.819,2.134375,-1.2601157923974124
11.4546,171.819,2.1375,-1.2994884344287219
11.4546,171.819,2.140625,-1.353113769353191
11.4546,171.819,2.1437500000000003,-1.4175719913097038
11.4546,171.819,2.146875,-1.4897426238677804
11.4546,171.819,2.1500000000000004,-1.564935825669477
11.4546,171.819,2.153125,-1.639427463577475
11.4546,171.819,2.15625,-1.7102876398325872
11.4546,171.819,2.1593750000000003,-1.7712551366476401
11.4546,171.819,2.1625,-1.821971376764215
11.4546,171.819,2.1656250000000004,-1.8566568680275184
11.4546,171.819,2.16875,-1.8713453001238225
11.4546,171.819,2.171875,-1.8743243769427451
11.4546,171.819,2.1750000000000003,-1.8581617588383978
11.4546,171.819,2.178125,-1.8294919164223766
11.4546,171.819,2.1812500000000004,-1.7913022993107321
11.4546,171.819,2.184375,-1.7390475967069106
11.4546,171.819,2.1875,-1.680050785183894
11.4546,171.819,2.1906250000000003,-1.6137063645048175
11.4546,171.819,2.19375,-1.5400606978688112
11.4546,171.819,2.1968750000000004,-1.464519182768179
11.4546,171.819,2.2,-1.389875916035235
11.4546,171.819,2.203125,-1.3241323257281215
11.4546,171.819,2.2062500000000003,-1.2699903817140337
11.4546,171.819,2.209375,-1.2253836142983667
11.4546,171.819,2.2125000000000004,-1.194905184964268
11.4546,171.819,2.215625,-1.1805268428496671
11.4546,171.819,2.21875,-1.179730816622652
11.4546,171.819,2.2218750000000003,-1.1976783990066595
11.4546,171.819,2.225,-1.234766098701031
11.4546,171.819,2.2281250000000004,-1.2856608168632881
11.4546,171.819,2.23125,-1.3478101762701045
11.4546,171.819,2.234375,-1.4235860240830236
11.4546,171.819,2.2375000000000003,-1.5032840202028557
11.4546,171.819,2.240625,-1.584781701425961
11.4546,171.819,2.2437500000000004,-1.6644518733244325
11.4546,171.819,2.246875,-1.739267002668692
11.4546,171.819,2.25,-1.806491273002201
11.4546,171.819,2.2531250000000003,-1.8626717494564728
11.4546,171.819,2.25625,-1.9070659933140472
11.4546,171.819,2.2593750000000004,-1.941693875924578
11.4546,171.819,2.2625,-1.9551797959083006
11.4546,171.819,2.265625,-1.9555796262516414
11.4546,171.819,2.2687500000000003,-1.9400008995053812
11.4546,171.819,2.271875,-1.9130271669829215
11.4546,171.819,2.2750000000000004,-1.873220296048157
11.4546,171.819,2.278125,-1.8255454935504136
11.4546,171.819,2.28125,-1.7673791473541418
11.4546,171.819,2.2843750000000003,-1.7033269779348963
11.4546,171.819,2.2875,-1.6334034904038957
11.4546,171.819,2.2906250000000004,-1.5621796315418832
11.4546,171.819,2.29375,-1.4919210523774806
11.4546,171.819,2.296875,-1.4218329995244459
11.4546,171.819,2.3000000000000003,-1.359813272456988
11.4546,171.819,2.303125,-1.3083506597425265
11.4546,171.819,2.3062500000000004,-1.2674649604740043
11.4546,171.819,2.309375,-1.2413699383129588
11.4546,171.819,2.3125,-1.2250284457973242
11.4546,171.819,2.3156250000000003,-1.2284876460148029
11.4546,171.819,2.31875,-1.2432290904962502
11.4546,171.819,2.3218750000000004,-1.2776646635352837
11.4546,171.819,2.325,-1.3273402050215108
11.4546,171.819,2.328125,-1.3871069492287709
11.4546,171.819,2.3312500000000003,-1.456520949079043
11.4546,171.819,2.334375,-1.5298485167266258
11.4546,171.819,2.3375000000000004,-1.6045559011754298
11.4546,171.819,2.340625,-1.6729308094905133
11.4546,171.819,2.34375,-1.7389067072231663
11.4546,171.819,2.3468750000000003,-1.7945846588171892
11.4546,171.819,2.35,-1.835803535956479
11.4546,171.819,2.3531250000000004,-1.8639896293664437
11.4546,171.819,2.35625,-1.8759036788319698
11.4546,171.819,2.359375,-1.87320941965572
11.4546,171.819,2.3625000000000003,-1.8563862000458486
11.4546,171.819,2.365625,-1.8235816483715754
11.4546,171.819,2.3687500000000004,-1.778570374868032
11.4546,171.819,2.371875,-1.718824747055738
11.4546,171.819,2.375,-1.653471130653382
11.4546,171.819,2.3781250000000003,-1.583484122666202
11.4546,171.819,2.38125,-1.5113482837880157
11.4546,171.819,2.3843750000000004,-1.4397236767959178
11.4546,171.819,2.3875,-1.3657876911226872
11.4546,171.819,2.390625,-1.3003350220669558
11.4546,171.819,2.3937500000000003,-1.2446933521872325
11.4546,171.819,2.396875,-1.2001822152016253
11.4546,171.819,2.4000000000000004,-1.1706686040224132
11.4546,171.819,2.403125,-1.1592383319786048
11.4546,171.819,2.40625,-1.1686928972790613
11.4546,171.819,2.4093750000000003,-1.1988410869150674
11.4546,171.819,2.4125,-1.2515127080150674
11.4546,171.819,2.4156250000000004,-1.3240319918313186
11.4546,171.819,2.41875,-1.4200615557166705
11.4546,171.819,2.421875,-1.5452356807788667
11.4546,171.819,2.4250000000000003,-1.7212686790839329
11.4546,171.819,2.428125,-2.026652039438972
11.4546,171.819,2.4312500000000004,-2.739881809763994
11.4546,171.819,2.434375,-3.3900375619543492
11.4546,171.819,2.4375,-2.4996933203732175
11.4546,171.819,2.4406250000000003,-2.1645021470389656
11.4546,171.819,2.44375,-2.079075099585852
11.4546,171.819,2.4468750000000004,-2.051854527927895
11.4546,171.819,2.45,-2.0392016948208815
11.4546,171.819,2.453125,-2.019467866277441
11.4546,171.819,2.4562500000000003,-1.98861272522201
11.4546,171.819,2.459375,-1.950959272190408
11.4546,171.819,2.4625000000000004,-1.898734428169513
11.4546,171.819,2.465625,-1.83685221063572
11.4546,171.819,2.46875,-1.769525199359392
11.4546,171.819,2.4718750000000003,-1.6989220499566529
11.4546,171.819,2.475,-1.6258923525295634
11.4546,171.819,2.4781250000000004,-1.554827042702287
11.4546,171.819,2.48125,-1.4885529473271275
11.4546,171.819,2.484375,-1.4285014751632241
11.4546,171.819,2.4875000000000003,-1.377845781565131
11.4546,171.819,2.490625,-1.3383091155694147
11.4546,171.819,2.4937500000000004,-1.3138315888588556
11.4546,171.819,2.496875,-1.3023596650071587
11.4546,171.819,2.5,-1.311568074170989
11.4546,171.819,2.5031250000000003,-1.3326269478951582
11.4546,171.819,2.50625,-1.3721999413282484
11.4546,171.819,2.5093750000000004,-1.4236650295263695
11.4546,171.819,2.5125,-1.4883914454830107
11.4546,171.819,2.515625,-1.562797504933611
11.4546,171.819,2.5187500000000003,-1.6416807696943858
11.4546,171.819,2.521875,-1.7216130952770459
11.4546,171.819,2.5250000000000004,-1.7981522611981515
11.4546,171.819,2.528125,-1.8717754284116093
11.4546,171.819,2.53125,-1.9295863416389605
11.4546,171.819,2.5343750000000003,-1.9760472222749095
11.4546,171.819,2.5375,-2.0048430043875394
11.4546,171.819,2.5406250000000004,-2.018529854348266
11.4546,171.819,2.54375,-2.0165857645174525
11.4546,171.819,2.546875,-1.995492934193802
11.4546,171.819,2.5500000000000003,-1.9634329273825182
11.4546,171.819,2.553125,-1.915772063348905
11.4546,171.819,2.5562500000000004,-1.8552034102109176
11.4546,171.819,2.559375,-1.7843890713819524
11.4546,171.819,2.5625,-1.7107422621183264
11.4546,171.819,2.5656250000000003,-1.631756732532935
11.4546,171.819,2.56875,-1.5564022765693097
11.4546,171.819,2.5718750000000004,-1.4835721375345492
11.4546,171.819,2.575,-1.4180919859897378
11.4546,171.819,2.578125,-1.365244140686168
11.4546,171.819,2.5812500000000003,-1.3229439397673783
11.4546,171.819,2.584375,-1.2991543647957169
11.4546,171.819,2.5875000000000004,-1.2899920099316773
11.4546,171.819,2.590625,-1.3010476712780314
11.4546,171.819,2.59375,-1.3310869106859835
11.4546,171.819,2.5968750000000003,-1.3786965032134992
11.4546,171.819,2.6,-1.4400054105248705
11.4546,171.819,2.6031250000000004,-1.5218557331191969
11.4546,171.819,2.60625,-1.6063980943338976
11.4546,171.819,2.609375,-1.6969479737776467
11.4546,171.819,2.6125000000000003,-1.78817273667608
11.4546,171.819,2.615625,-1.8728501676010534
11.4546,171.819,2.6187500000000004,-1.94881206434115
11.4546,171.819,2.621875,-2.0145468406865534
11.4546,171.819,2.625,-2.069477331999279
11.4546,171.819,2.6281250000000003,-2.1089363835973707
11.4546,171.819,2.63125,-2.130357895512198
11.4546,171.819,2.6343750000000004,-2.132401233690838
11.4546,171.819,2.6375,-2.1206313519576527
11.4546,171.819,2.640625,-2.0954741270142954
11.4546,171.819,2.6437500000000003,-2.055678590928936
11.4546,171.819,2.646875,-2.0102537216410483
11.4546,171.819,2.6500000000000004,-1.9536844127997588
11.4546,171.819,2.653125,-1.8956270607371315
11.4546,171.819,2.65625,-1.8304712836345343
11.4546,171.819,2.6593750000000003,-1.7671614958368882
11.4546,171.819,2.6625,-1.7046905387543487
11.4546,171.819,2.6656250000000004,-1.6504535263233762
11.4546,171.819,2.66875,-1.6030879344990288
11.4546,171.819,2.671875,-1.5670112872156507
11.4546,171.819,2.6750000000000003,-1.5418720492218576
11.4546,171.819,2.678125,-1.5349419289560498
11.4546,171.819,2.6812500000000004,-1.5416600573564443
11.4546,171.819,2.684375,-1.5604069669984422
11.4546,171.819,2.6875,-1.5975141619987454
11.4546,171.819,2.6906250000000003,-1.646847149845375
11.4546,171.819,2.69375,-1.7102524749328256
11.4546,171.819,2.6968750000000004,-1.7827310469447122
11.4546,171.819,2.7,-1.8636684990550783
11.4546,171.819,2.703125,-1.9452994661204817
11.4546,171.819,2.7062500000000003,-2.028637663298023
11.4546,171.819,2.709375,-2.1043691031572
11.4546,171.819,2.7125000000000004,-2.169282076312461
11.4546,171.819,2.715625,-2.2259113358019085
11.4546,171.819,2.71875,-2.2689661741259255
11.4546,171.819,2.7218750000000003,-2.3010574357374614
11.4546,171.819,2.725,-2.319933661734409
11.4546,171.819,2.7281250000000004,-2.3238683454203923
11.4546,171.819,2.73125,-2.3198768000805985
11.4546,171.819,2.734375,-2.307244112828768
11.4546,171.819,2.7375000000000003,-2.2923266561165097
11.4546,171.819,2.740625,-2.2720962570677647
11.4546,171.819,2.7437500000000004,-2.2438298713334817
11.4546,171.819,2.746875,-2.1905642019978995
11.4546,171.819,2.75,-2.114002793782664
11.4546,171.819,2.7531250000000003,-2.025285474612368
11.4546,171.819,2.75625,-1.9391119697149029
11.4546,171.819,2.7593750000000004,-1.8621398890309437
11.4546,171.819,2.7625,-1.7990032442344028
11.4546,171.819,2.765625,-1.7530358280966731
11.4546,171.819,2.7687500000000003,-1.7247713364497241
11.4546,171.819,2.771875,-1.7155655181538922
11.4546,171.819,2.7750000000000004,-1.7246053189166377
11.4546,171.819,2.778125,-1.7488958507069317
11.4546,171.819,2.78125,-1.7910166258078986
11.4546,171.819,2.7843750000000003,-1.8445885346677995
11.4546,171.819,2.7875,-1.9097021482086656
11.4546,171.819,2.7906250000000004,-1.9859307335861591
11.4546,171.819,2.79375,-2.067574144498699
11.4546,171.819,2.796875,-2.1545948075495986
11.4546,171.819,2.8000000000000003,-2.2345095685583534
11.4546,171.819,2.803125,-2.3019244294826318
11.4546,171.819,2.8062500000000004,-2.36422544280442
11.4546,171.819,2.809375,-2.411711143537935
11.4546,171.819,2.8125,-2.4400902500286588
11.4546,171.819,2.8156250000000003,-2.4553544388318866
11.4546,171.819,2.81875,-2.4531056510930513
11.4546,171.819,2.8218750000000004,-2.4403782182207996
11.4546,171.819,2.825,-2.4153937916495707
11.4546,171.819,2.828125,-2.3787864967083094
11.4546,171.819,2.8312500000000003,-2.3293003623543345
11.4546,171.819,2.834375,-2.273810777377729
11.4546,171.819,2.8375000000000004,-2.213885622058881
11.4546,171.819,2.840625,-2.157288210165744
11.4546,171.819,2.84375,-2.0993000999459137
11.4546,171.819,2.8468750000000003,-2.045572456551973
11.4546,171.819,2.85,-1.997815585171327
11.4546,171.819,2.8531250000000004,-1.9599370692221196
11.4546,171.819,2.85625,-1.9343716836357303
11.4546,171.819,2.859375,-1.9192964927559852
11.4546,171.819,2.8625000000000003,-1.9213637625153568
11.4546,171.819,2.865625,-1.935181069652093
11.4546,171.819,2.8687500000000004,-1.964992670158786
11.4546,171.819,2.871875,-2.0116608240149945
11.4546,171.819,2.875,-2.0733272977684263
11.4546,171.819,2.8781250000000003,-2.1454139474415808
11.4546,171.819,2.88125,-2.2198188975227016
11.4546,171.819,2.8843750000000004,-2.3009995845858477
11.4546,171.819,2.8875,-2.3804122821445444
11.4546,171.819,2.890625,-2.459759472366793
11.4546,171.819,2.8937500000000003,-2.5323496673011103
11.4546,171.819,2.896875,-2.594742792182043
11.4546,171.819,2.9000000000000004,-2.6501323264623693
11.4546,171.819,2.903125,-2.6883542956619944
11.4546,171.819,2.90625,-2.7077811114186705
11.4546,171.819,2.9093750000000003,-2.714369053426395
11.4546,171.819,2.9125,-2.70844735416224
11.4546,171.819,2.9156250000000004,-2.6863049694680283
11.4546,171.819,2.91875,-2.65634544972017
11.4546,171.819,2.921875,-2.6146802809897913
11.4546,171.819,2.9250000000000003,-2.563358773016822
11.4546,171.819,2.928125,-2.508137527974098
11.4546,171.819,2.9312500000000004,-2.4466421399090823
11.4546,171.819,2.934375,-2.387019946131849
11.4546,171.819,2.9375,-2.327205614556682
11.4546,171.819,2.9406250000000003,-2.2742569158824546
11.4546,171.819,2.94375,-2.2279485915712156
11.4546,171.819,2.9468750000000004,-2.1954335124259536
11.4546,171.819,2.95,-2.174553514659435
11.4546,171.819,2.953125,-2.1662293852519006
11.4546,171.819,2.9562500000000003,-2.1752773302951116
11.4546,171.819,2.959375,-2.2007840464755146
11.4546,171.819,2.9625000000000004,-2.2406648967146374
11.4546,171.819,2.965625,-2.301565724630255
11.4546,171.819,2.96875,-2.372005333105937
11.4546,171.819,2.9718750000000003,-2.4558769430430374
11.4546,171.819,2.975,-2.541222971245942
11.4546,171.819,2.9781250000000004,-2.6319731595628526
11.4546,171.819,2.98125,-2.710463949002953
11.4546,171.819,2.984375,-2.784316570313279
11.4546,171.819,2.9875000000000003,-2.8456541224252563
11.4546,171.819,2.990625,-2.8949420652435265
11.4546,171.819,2.9937500000000004,-2.9271021041969765
11.4546,171.819,2.996875,-2.938918312281096
11.4546,171.819,3,-2.9379815817354955
11.4546,171.819,3.0031250000000003,-2.925437971362599
11.4546,171.819,3.00625,-2.8932939989427595
11.4546,171.819,3.0093750000000004,-2.853769352896553
11.4546,171.819,3.0125,-2.801112429264207
11.4546,171.819,3.015625,-2.749166115802109
11.4546,171.819,3.0187500000000003,-2.690059851508006
11.4546,171.819,3.021875,-2.626025714160271
11.4546,171.819,3.0250000000000004,-2.565272525564363
11.4546,171.819,3.028125,-2.5093308325087094
11.4546,171.819,3.03125,-2.4654247932294666
11.4546,171.819,3.0343750000000003,-2.4347102541389303
11.4546,171.819,3.0375,-2.3868908655348773
11.4546,171.819,3.0406250000000004,-2.3955202649814487
11.4546,171.819,3.04375,-2.3627136497130303
11.4546,171.819,3.046875,-2.4167400318416945
11.4546,171.819,3.0500000000000003,-2.421241520275154
11.4546,171.819,3.053125,-2.4408854377144364
11.4546,171.819,3.0562500000000004,-2.512037318022772
11.4546,171.819,3.059375,-2.5504220288386685
11.4546,171.819,3.0625,-2.8228440967376107
11.4546,171.819,3.0656250000000003,-2.617518383728723
11.4546,171.819,3.06875,-2.765368696920082
11.4546,171.819,3.0718750000000004,-3.02555774448414
11.4546,171.819,3.075,-2.768921077030689
11.4546,171.819,3.078125,-2.828701731589498
11.4546,171.819,3.0812500000000003,-3.0366589788726985
11.4546,171.819,3.084375,-3.7562048536277217
11.4546,171.819,3.0875000000000004,-3.192099821068605
11.4546,171.819,3.090625,-2.875438010944724
11.4546,171.819,3.09375,-2.846119959194597
11.4546,171.819,3.0968750000000003,-2.8268076733347414
11.4546,171.819,3.1,-2.8419770829532816
11.4546,171.819,3.1031250000000004,-2.974992189631065
11.4546,171.819,3.10625,-3.509265278819982
11.4546,171.819,3.109375,-3.093516044977215
11.4546,171.819,3.1125000000000003,-2.6821285608679735
11.4546,171.819,3.115625,-2.4420230614839906
11.4546,171.819,3.1187500000000004,-2.3629881921531553
11.4546,171.819,3.121875,-2.3179512011058785
11.4546,171.819,3.125,-2.277174741646198
11.4546,171.819,3.1281250000000003,-2.324062820065093
11.4546,171.819,3.13125,-2.3135295968812213
11.4546,171.819,3.1343750000000004,-2.2514840912417005
11.4546,171.819,3.1375,-2.270460411273931
11.4546,171.819,3.140625,-2.3578019506146326
11.4546,171.819,3.1437500000000003,-2.5035779506896416
11.4546,171.819,3.146875,-2.7379915022013517
11.4546,171.819,3.1500000000000004,-3.7356753627997112
11.4546,171.819,3.153125,-5.2806850509340535
11.4546,171.819,3.15625,-3.4936362436280666
11.4546,171.819,3.1593750000000003,-3.897462439875769
11.4546,171.819,3.1625,-3.515232366228399
11.4546,171.819,3.1656250000000004,-3.1073405574132487
11.4546,171.819,3.16875,-2.912043927512524
11.4546,171.819,3.171875,-2.8480729354172367
11.4546,171.819,3.1750000000000003,-2.8271359733916483
11.4546,171.819,3.178125,-2.842689662206465
11.4546,171.819,3.1812500000000004,-2.84220033503618
11.4546,171.819,3.184375,-2.8487606016961275
11.4546,171.819,3.1875,-2.8361981722759433
11.4546,171.819,3.1906250000000003,-2.806330330678114
11.4546,171.819,3.19375,-2.7279316230089417
11.4546,171.819,3.1968750000000004,-2.6687855949665447
11.4546,171.819,3.2,-2.623013532343856
11.4546,171.819,3.203125,-2.6033561075470093
11.4546,171.819,3.2062500000000003,-2.5741008784820334
11.4546,171.819,3.209375,-2.5133738353561235
11.4546,171.819,3.2125000000000004,-2.4564150968240366
11.4546,171.819,3.215625,-2.4163545326049682
11.4546,171.819,3.21875,-2.3840068047377696
11.4546,171.819,3.2218750000000003,-2.367378063321914
11.4546,171.819,3.225,-2.380598015875535
11.4546,171.819,3.2281250000000004,-2.3991819152520475
11.4546,171.819,3.23125,-2.426401218865638
11.4546,171.819,3.234375,-2.4707048177020923
11.4546,171.819,3.2375000000000003,-2.530168624086105
11.4546,171.819,3.240625,-2.59983900834247
11.4546,171.819,3.2437500000000004,-2.760882725269332
11.4546,171.819,3.246875,-2.963400222290868
11.4546,171.819,3.25,-2.864953572524795
11.4546,171.819,3.2531250000000003,-2.8123636337910436
11.4546,171.819,3.25625,-2.846430972089014
11.4546,171.819,3.2593750000000004,-2.9435826642258323
11.4546,171.819,3.2625,-3.1727553519323752
11.4546,171.819,3.265625,-3.124894960175843
11.4546,171.819,3.2687500000000003,-3.1584455148606083
11.4546,171.819,3.271875,-3.272942370278022
11.4546,171.819,3.2750000000000004,-3.541601212367698
11.4546,171.819,3.278125,-4.357728209149868
11.4546,171.819,3.28125,-6.546575104694993
11.4546,171.819,3.2843750000000003,-8.595926865483287
11.4546,171.819,3.2875,-5.879016681984025
11.4546,171.819,3.2906250000000004,-4.246459069701901
11.4546,171.819,3.29375,-3.5049600610019644
11.4546,171.819,3.296875,-3.0939437091413575
11.4546,171.819,3.3000000000000003,-2.846838191579156
11.4546,171.819,3.303125,-2.6865616708880804
11.4546,171.819,3.3062500000000004,-2.5934939584142773
11.4546,171.819,3.309375,-2.514785270523168
11.4546,171.819,3.3125,-2.4576227866014766
11.4546,171.819,3.3156250000000003,-2.4184341038529995
11.4546,171.819,3.31875,-2.3872298655569617
11.4546,171.819,3.3218750000000004,-2.371062738990466
11.4546,171.819,3.325,-2.391238801713943
11.4546,171.819,3.328125,-2.45794490470227
11.4546,171.819,3.3312500000000003,-2.5663092671995
11.4546,171.819,3.334375,-2.582446562680036
11.4546,171.819,3.3375000000000004,-2.608902400406461
11.4546,171.819,3.340625,-2.6817571124088446
11.4546,171.819,3.34375,-2.75680695980103
11.4546,171.819,3.3468750000000003,-2.868707567733462
11.4546,171.819,3.35,-2.9634680364117347
11.4546,171.819,3.3531250000000004,-2.9539908152090537
11.4546,171.819,3.35625,-2.9572690937341477
11.4546,171.819,3.359375,-2.9902188928091302
11.4546,171.819,3.3625000000000003,-3.011364742943598
11.4546,171.819,3.365625,-2.99704807922216
11.4546,171.819,3.3687500000000004,-2.940481833398816
11.4546,171.819,3.371875,-2.8664884491484983
11.4546,171.819,3.375,-2.8053326302844637
11.4546,171.819,3.3781250000000003,-2.749191568960092
11.4546,171.819,3.38125,-2.7086113827871716
11.4546,171.819,3.3843750000000004,-2.654728106824745
11.4546,171.819,3.3875,-2.5836243433401385
11.4546,171.819,3.390625,-2.513116680099525
11.4546,171.819,3.3937500000000003,-2.4328637721662583
11.4546,171.819,3.396875,-2.350851994140591
11.4546,171.819,3.4000000000000004,-2.2919485364361556
11.4546,171.819,3.403125,-2.270175730259209
11.4546,171.819,3.40625,-2.26409181257722
11.4546,171.819,3.4093750000000003,-2.250608389459793
11.4546,171.819,3.4125,-2.2315491005645818
11.4546,171.819,3.4156250000000004,-2.227756073279271
11.4546,171.819,3.41875,-2.2539312904621447
11.4546,171.819,3.421875,-2.307289436407101
11.4546,171.819,3.4250000000000003,-2.38698326424458
11.4546,171.819,3.428125,-2.440598787866856
11.4546,171.819,3.4312500000000004,-2.483673587580718
11.4546,171.819,3.434375,-2.5463185271009765
11.4546,171.819,3.4375,-2.6169328303772494
11.4546,171.819,3.4406250000000003,-2.6842229757973484
11.4546,171.819,3.44375,-2.74678402903096
11.4546,171.819,3.4468750000000004,-2.7751723875892154
11.4546,171.819,3.45,-2.7790811788967886
11.4546,171.819,3.453125,-2.779754679257733
11.4546,171.819,3.4562500000000003,-2.765131792587941
11.4546,171.819,3.459375,-2.7451918013584202
11.4546,171.819,3.4625000000000004,-2.7160266826199524
11.4546,171.819,3.465625,-2.66889986534756
11.4546,171.819,3.46875,-2.6143805377891733
11.4546,171.819,3.4718750000000003,-2.565928684983081
11.4546,171.819,3.475,-2.510128507243955
11.4546,171.819,3.4781250000000004,-2.4509687028957714
11.4546,171.819,3.48125,-2.396404276782769
11.4546,171.819,3.484375,-2.3476343174183203
11.4546,171.819,3.4875000000000003,-2.3063304088111867
11.4546,171.819,3.490625,-2.279686418094631
11.4546,171.819,3.4937500000000004,-2.270044099770435
11.4546,171.819,3.496875,-2.2655679345137503
11.4546,171.819,3.5,-2.2718448034898624
11.4546,171.819,3.5031250000000003,-2.283875606226106
11.4546,171.819,3.50625,-2.312716647647192
11.4546,171.819,3.5093750000000004,-2.3631666906391704
11.4546,171.819,3.5125,-2.4106995757774357
11.4546,171.819,3.515625,-2.4711721686342742
11.4546,171.819,3.5187500000000003,-2.5231488226874066
11.4546,171.819,3.521875,-2.5764619837288554
11.4546,171.819,3.5250000000000004,-2.629159969322809
11.4546,171.819,3.528125,-2.6793579584028375
11.4546,171.819,3.53125,-2.730417028175576
11.4546,171.819,3.5343750000000003,-2.7655378330795397
11.4546,171.819,3.5375,-2.7913550183414833
11.4546,171.819,3.5406250000000004,-2.8282691643153153
11.4546,171.819,3.54375,-2.85393134908783
11.4546,171.819,3.546875,-2.862848482740958
11.4546,171.819,3.5500000000000003,-2.8565767887753224
11.4546,171.819,3.553125,-2.828989814836918
11.4546,171.819,3.5562500000000004,-2.797549649463819
11.4546,171.819,3.559375,-2.7599103885884464
11.4546,171.819,3.5625,-2.716219741159442
11.4546,171.819,3.5656250000000003,-2.668647362898166
11.4546,171.819,3.56875,-2.616565586795322
11.4546,171.819,3.5718750000000004,-2.5865635278592976
11.4546,171.819,3.575,-2.564785390460079
11.4546,171.819,3.5781250000000004,-2.563212807017579
11.4546,171.819,3.5812500000000003,-2.609670893307863
11.4546,171.819,3.584375,-2.62638874352016
11.4546,171.819,3.5875000000000004,-2.6584285748011167
11.4546,171.819,3.590625,-2.749665603475165
11.4546,171.819,3.5937500000000004,-2.88639566545319
11.4546,171.819,3.5968750000000003,-3.045932249950023
11.4546,171.819,3.6,-3.1811228266507734
11.4546,171.819,3.6031250000000004,-3.2622221822218145
11.4546,171.819,3.60625,-3.380351488292361
11.4546,171.819,3.6093750000000004,-3.3907831251657172
11.4546,171.819,3.6125000000000003,-3.412603854311842
11.4546,171.819,3.615625,-3.4345741368571896
11.4546,171.819,3.6187500000000004,-3.390050275597132
11.4546,171.819,3.621875,-3.3819608281354654
11.4546,171.819,3.6250000000000004,-3.458361405252125
11.4546,171.819,3.6281250000000003,-3.5122267860780587
11.4546,171.819,3.63125,-3.4866739824501662
11.4546,171.819,3.6343750000000004,-3.4941720184868723
11.4546,171.819,3.6375,-3.523360872544125
11.4546,171.819,3.6406250000000004,-3.528757970855935
11.4546,171.819,3.6437500000000003,-3.53585641845381
11.4546,171.819,3.646875,-3.503532471371376
11.4546,171.819,3.6500000000000004,-3.4218123881970017
11.4546,171.819,3.653125,-3.3774646788845524
11.4546,171.819,3.6562500000000004,-3.3552652616005756
11.4546,171.819,3.6593750000000003,-3.2981774862436763
11.4546,171.819,3.6625,-3.2415716918149364
11.4546,171.819,3.6656250000000004,-3.214184298999294
11.4546,171.819,3.66875,-3.2137694310494105
11.4546,171.819,3.6718750000000004,-3.236751971811666
11.4546,171.819,3.6750000000000003,-3.280568267327731
11.4546,171.819,3.678125,-3.3733072504458477
11.4546,171.819,3.6812500000000004,-3.488276047807254
11.4546,171.819,3.684375,-3.6209805959016017
11.4546,171.819,3.6875000000000004,-3.7724966250184204
11.4546,171.819,3.6906250000000003,-3.911527970961953
11.4546,171.819,3.69375,-4.024544007406201
11.4546,171.819,3.6968750000000004,-4.138049205999331
11.4546,171.819,3.7,-4.330552643783348
11.4546,171.819,3.7031250000000004,-4.543699535329219
11.4546,171.819,3.7062500000000003,-4.722276794629974
11.4546,171.819,3.709375,-4.825985567145475
11.4546,171.819,3.7125000000000004,-4.788553376463635
11.4546,171.819,3.715625,-4.737928584722473
11.4546,171.819,3.7187500000000004,-4.73998621805242
11.4546,171.819,3.7218750000000003,-4.818414119576555
11.4546,171.819,3.725,-4.7053339090155335
11.4546,171.819,3.7281250000000004,-4.51777088413062
11.4546,171.819,3.73125,-4.463424052785357
11.4546,171.819,3.7343750000000004,-4.52327621939691
11.4546,171.819,3.7375000000000003,-4.6746637045068375
11.4546,171.819,3.740625,-4.862777046857396
11.4546,171.819,3.7437500000000004,-5.003227447391126
11.4546,171.819,3.746875,-5.1243482446145965
11.4546,171.819,3.7500000000000004,-5.194053569327983
11.4546,171.819,3.7531250000000003,-5.058717295761123
11.4546,171.819,3.75625,-4.838975986981783
11.4546,171.819,3.7593750000000004,-4.6582360303834545
11.4546,171.819,3.7625,-4.444083131379368
11.4546,171.819,3.7656250000000004,-4.279341244336919
11.4546,171.819,3.7687500000000003,-4.118855204065671
11.4546,171.819,3.771875,-3.959667743512081
11.4546,171.819,3.7750000000000004,-3.8030048061829334
11.4546,171.819,3.778125,-3.6579906935239737
11.4546,171.819,3.7812500000000004,-3.547178861211446
11.4546,171.819,3.7843750000000003,-3.4676330011073153
11.4546,171.819,3.7875,-3.475740022928777
11.4546,171.819,3.7906250000000004,-3.554107311140013
11.4546,171.819,3.79375,-3.646785300091562
11.4546,171.819,3.7968750000000004,-3.707925090174924
11.4546,171.819,3.8000000000000003,-3.7312915515160627
11.4546,171.819,3.803125,-3.706161496449101
11.4546,171.819,3.8062500000000004,-3.6674306636903635
11.4546,171.819,3.809375,-3.6444536543719193
11.4546,171.819,3.8125000000000004,-3.635564278478633
11.4546,171.819,3.8156250000000003,-3.6349775520898846
11.4546,171.819,3.81875,-3.6439701957121122
11.4546,171.819,3.8218750000000004,-3.645863442022195
11.4546,171.819,3.825,-3.622755057842313
11.4546,171.819,3.8281250000000004,-3.580877412124788
11.4546,171.819,3.8312500000000003,-3.553225548967897
11.4546,171.819,3.834375,-3.5578150416465073
11.4546,171.819,3.8375000000000004,-3.6094074009485997
11.4546,171.819,3.840625,-3.683652749413302
11.4546,171.819,3.8437500000000004,-3.813735217207677
11.4546,171.819,3.8468750000000003,-4.047896425317592
11.4546,171.819,3.85,-4.3355304035880415
11.4546,171.819,3.8531250000000004,-4.4857157768269245
11.4546,171.819,3.85625,-4.416638941032858
11.4546,171.819,3.8593750000000004,-4.303106654141489
11.4546,171.819,3.8625000000000003,-4.201873000159929
11.4546,171.819,3.865625,-4.070365461398965
11.4546,171.819,3.8687500000000004,-3.964898474285961
11.4546,171.819,3.871875,-3.9647594304255227
11.4546,171.819,3.8750000000000004,-4.027705573050247
11.4546,171.819,3.8781250000000003,-4.106871993359821
11.4546,171.819,3.88125,-4.154507960211787
11.4546,171.819,3.8843750000000004,-4.207993840884519
11.4546,171.819,3.8875,-4.248591980779322
11.4546,171.819,3.8906250000000004,-4.3180856559580585
11.4546,171.819,3.8937500000000003,-4.441536281115374
11.4546,171.819,3.896875,-4.630117073230021
11.4546,171.819,3.9000000000000004,-4.801592731306524
11.4546,171.819,3.903125,-4.927233750332444
11.4546,171.819,3.9062500000000004,-5.031514940130329
11.4546,171.819,3.9093750000000003,-5.1246297244776855
11.4546,171.819,3.9125,-5.1638457223651555
11.4546,171.819,3.9156250000000004,-5.169872595739683
11.4546,171.819,3.91875,-5.145949370761577
11.4546,171.819,3.9218750000000004,-5.118035157407032
11.4546,171.819,3.9250000000000003,-5.103611134902915
11.4546,171.819,3.928125,-5.163319132446855
11.4546,171.819,3.9312500000000004,-5.23526033199296
11.4546,171.819,3.934375,-5.284521244941857
11.4546,171.819,3.9375000000000004,-5.3524658985718006
11.4546,171.819,3.9406250000000003,-5.4309074538363555
11.4546,171.819,3.94375,-5.523193523803018
11.4546,171.819,3.9468750000000004,-5.632394153709558
11.4546,171.819,3.95,-5.754256827808433
11.4546,171.819,3.9531250000000004,-5.898058120602968
11.4546,171.819,3.9562500000000003,-6.045996334107927
11.4546,171.819,3.959375,-6.168640529975244
11.4546,171.819,3.9625000000000004,-6.3479466612002
11.4546,171.819,3.965625,-6.501296670554035
11.4546,171.819,3.9687500000000004,-6.599072182775388
11.4546,171.819,3.9718750000000003,-6.709097681574176
11.4546,171.819,3.975,-6.802865764578122
11.4546,171.819,3.9781250000000004,-6.802733639308208
11.4546,171.819,3.98125,-6.770028764876004
11.4546,171.819,3.9843750000000004,-6.777630875469926
11.4546,171.819,3.9875000000000003,-6.814396497261146
11.4546,171.819,3.990625,-6.820271915258353
11.4546,171.819,3.9937500000000004,-6.82296860298289
11.4546,171.819,3.996875,-6.861753646321468
11.4546,171.819,4,-6.926333814944391
11.4546,171.819,4.003125,-7.039451693026812
11.4546,171.819,4.0062500000000005,-7.203120821741193
11.4546,171.819,4.009375,-7.40010087279754
11.4546,171.819,4.0125,-7.612652446331066
11.4546,171.819,4.015625,-7.887010576011722
11.4546,171.819,4.01875,-8.222661375431684
11.4546,171.819,4.0218750000000005,-8.666572728409593
11.4546,171.819,4.025,-9.214941742541797
11.4546,171.819,4.028125,-9.768722843267017
11.4546,171.819,4.03125,-10.264270422462738
11.4546,171.819,4.034375,-10.93357758401324
11.4546,171.819,4.0375000000000005,-11.68341764403603
11.4546,171.819,4.040625,-12.600127381987463
11.4546,171.819,4.04375,-13.541046434419222
11.4546,171.819,4.046875,-13.974042431164719
11.4546,171.819,4.05,-13.322475126646465
11.4546,171.819,4.0531250000000005,-12.475731375544406
11.4546,171.819,4.05625,-11.950088104066703
11.4546,171.819,4.059375,-11.614585347655504
11.4546,171.819,4.0625,-11.43157605099995
11.4546,171.819,4.065625,-11.504715588121961
11.4546,171.819,4.0687500000000005,-11.589095962068876
11.4546,171.819,4.071875,-11.519192129382498
11.4546,171.819,4.075,-11.77279030976276
11.4546,171.819,4.078125,-12.014276697261305
11.4546,171.819,4.08125,-11.993395314614157
11.4546,171.819,4.0843750000000005,-12.13372282138289
11.4546,171.819,4.0875,-12.30287271042114
11.4546,171.819,4.090625,-12.460182989607095
11.4546,171.819,4.09375,-12.813319533076257
11.4546,171.819,4.096875,-13.628830687552929
11.4546,171.819,4.1000000000000005,-15.196874670406713
11.4546,171.819,4.103125,-17.193805410990844
11.4546,171.819,4.10625,-20.436660614561575
11.4546,171.819,4.109375,-21.764660871331554
11.4546,171.819,4.1125,-21.574929090320275
11.4546,171.819,4.1156250000000005,-21.802877887962453
11.4546,171.819,4.11875,-23.23291027553728
11.4546,171.819,4.121875,-25.211489655849682
11.4546,171.819,4.125,-28.326737061564614
11.4546,171.819,4.128125,-30.46660639671135
11.4546,171.819,4.1312500000000005,-27.74150897823871
11.4546,171.819,4.134375,-26.70601319315169
11.4546,171.819,4.1375,-28.10714320378702
11.4546,171.819,4.140625,-31.356796296637857
11.4546,171.819,4.14375,-36.33326494110155
11.4546,171.819,4.1468750000000005,-39.189632381273405
11.4546,171.819,4.15,-35.876553025451074
11.4546,171.819,4.153125,-31.53300672880363
11.4546,171.819,4.15625,-28.973852195899884
11.4546,171.819,4.159375,-26.495645051501562
11.4546,171.819,4.1625000000000005,-24.78952756942649
11.4546,171.819,4.165625,-24.72851095703338
11.4546,171.819,4.16875,-26.02877663068744
11.4546,171.819,4.171875,-27.824173594704416
11.4546,171.819,4.175,-29.074497110002522
11.4546,171.819,4.1781250000000005,-28.41223692942244
11.4546,171.819,4.18125,-27.404309655385624
11.4546,171.819,4.184375,-25.238069725062694
11.4546,171.819,4.1875,-22.070255195184206
11.4546,171.819,4.190625,-19.475246350148012
11.4546,171.819,4.1937500000000005,-17.588361419329047
11.4546,171.819,4.196875,-16.720161598965607
11.4546,171.819,4.2,-15.753671411992475
11.4546,171.819,4.203125,-14.545898806225201
11.4546,171.819,4.20625,-13.273256135295972
11.4546,171.819,4.2093750000000005,-12.372655498947825
11.4546,171.819,4.2125,-11.6709432599344
11.4546,171.819,4.215625,-10.97367898963167
11.4546,171.819,4.21875,-10.40073788135996
11.4546,171.819,4.221875,-10.05354829574199
11.4546,171.819,4.2250000000000005,-9.808316303292493
11.4546,171.819,4.228125,-9.618887515671863
11.4546,171.819,4.23125,-9.546826961023886
11.4546,171.819,4.234375,-9.663567183306686
11.4546,171.819,4.2375,-9.820030522146828
11.4546,171.819,4.2406250000000005,-10.053222797750847
11.4546,171.819,4.24375,-10.270088043510214
11.4546,171.819,4.246875,-10.434641328173917
11.4546,171.819,4.25,-10.600875424410756
11.4546,171.819,4.253125,-10.615096332575067
11.4546,171.819,4.2562500000000005,-10.574137540471739
11.4546,171.819,4.259375,-10.470511856136708
11.4546,171.819,4.2625,-10.32058714151878
11.4546,171.819,4.265625,-10.113977698891235
11.4546,171.819,4.26875,-9.81820174288313
11.4546,171.819,4.2718750000000005,-9.44483734506529
11.4546,171.819,4.275,-9.075791955651054
11.4546,171.819,4.278125,-8.748141399864576
11.4546,171.819,4.28125,-8.492622071815795
11.4546,171.819,4.284375000000001,-8.313207572536024
11.4546,171.819,4.2875000000000005,-8.206465351431806
11.4546,171.819,4.290625,-8.112436638795037
11.4546,171.819,4.29375,-8.098843409295544
11.4546,171.819,4.296875,-8.131125244683975
11.4546,171.819,4.300000000000001,-8.175653446117103
11.4546,171.819,4.3031250000000005,-8.17761824855529
11.4546,171.819,4.30625,-8.180277558145256
11.4546,171.819,4.309375,-8.162131129536112
11.4546,171.819,4.3125,-8.264409255546123
11.4546,171.819,4.315625000000001,-8.384861866320376
11.4546,171.819,4.3187500000000005,-8.508577816758212
11.4546,171.819,4.321875,-8.641225938302334
11.4546,171.819,4.325,-8.924382582350686
11.4546,171.819,4.328125,-9.457033619376672
11.4546,171.819,4.331250000000001,-10.07676352205608
11.4546,171.819,4.3343750000000005,-10.60180256165327
11.4546,171.819,4.3375,-10.925832775506631
11.4546,171.819,4.340625,-11.180264110809151
11.4546,171.819,4.34375,-11.24292096560932
11.4546,171.819,4.346875000000001,-11.122776947051916
11.4546,171.819,4.3500000000000005,-10.977666986885943
11.4546,171.819,4.353125,-10.627325138322615
11.4546,171.819,4.35625,-10.363189279436618
11.4546,171.819,4.359375,-9.811830968977128
11.4546,171.819,4.362500000000001,-9.116412147414481
11.4546,171.819,4.3656250000000005,-8.57690968875138
11.4546,171.819,4.36875,-8.229022200314308
11.4546,171.819,4.371875,-8.011326766400455
11.4546,171.819,4.375,-7.9211781092334
11.4546,171.819,4.378125000000001,-7.955055054465431
11.4546,171.819,4.3812500000000005,-7.886425488865329
11.4546,171.819,4.384375,-7.738472433097653
11.4546,171.819,4.3875,-7.537416544828998
11.4546,171.819,4.390625,-7.395035237824582
11.4546,171.819,4.393750000000001,-7.401077077345577
11.4546,171.819,4.3968750000000005,-7.509183269875299
11.4546,171.819,4.4,-7.684252294076863
11.4546,171.819,4.403125,-7.951420131987668
11.4546,171.819,4.40625,-8.360193352549214
11.4546,171.819,4.409375000000001,-8.941296959315743
11.4546,171.819,4.4125000000000005,-9.481179305863321
11.4546,171.819,4.415625,-10.316971279029548
11.4546,171.819,4.41875,-11.82322428145791
11.4546,171.819,4.421875,-14.184436473454348
11.4546,171.819,4.425000000000001,-15.791022743237447
11.4546,171.819,4.4281250000000005,-17.092899816829505
11.4546,171.819,4.43125,-18.109926935818653
11.4546,171.819,4.434375,-18.735255589306437
11.4546,171.819,4.4375,-18.45581049207082
11.4546,171.819,4.440625000000001,-17.328414926224248
11.4546,171.819,4.4437500000000005,-15.517407285632292
11.4546,171.819,4.446875,-13.534471339928873
11.4546,171.819,4.45,-11.986833726419079
11.4546,171.819,4.453125,-10.833559289196126
11.4546,171.819,4.456250000000001,-9.977435780661027
11.4546,171.819,4.4593750000000005,-9.297817207513027
11.4546,171.819,4.4625,-8.582024633607993
11.4546,171.819,4.465625,-8.0675492094926
11.4546,171.819,4.46875,-7.8979861191505885
11.4546,171.819,4.471875000000001,-7.74533353122057
11.4546,171.819,4.4750000000000005,-7.52171669667431
11.4546,171.819,4.478125,-7.559726088553194
11.4546,171.819,4.48125,-7.6777428604916285
11.4546,171.819,4.484375,-7.247264427671145
11.4546,171.819,4.487500000000001,-7.048269841679292
11.4546,171.819,4.4906250000000005,-6.987705460297934
11.4546,171.819,4.49375,-6.996386340350261
11.4546,171.819,4.496875,-7.029056915696675
11.4546,171.819,4.5,-7.1283923638794
11.4546,171.819,4.503125000000001,-7.250542071904439
11.4546,171.819,4.5062500000000005,-7.622186996120014
11.4546,171.819,4.509375,-8.118737366733242
11.4546,171.819,4.5125,-8.403894196560783
11.4546,171.819,4.515625,-8.357725686290978
11.4546,171.819,4.518750000000001,-8.010273526600558
11.4546,171.819,4.5218750000000005,-7.74884516620501
11.4546,171.819,4.525,-7.685532859524173
11.4546,171.819,4.528125,-7.870188685354277
11.4546,171.819,4.53125,-8.295275344983411
11.4546,171.819,4.534375000000001,-8.073508762832471
11.4546,171.819,4.5375000000000005,-8.66754440947603
11.4546,171.819,4.540625,-9.344949219895762
11.4546,171.819,4.54375,-8.94425816520677
11.4546,171.819,4.546875,-7.894012512627628
11.4546,171.819,4.550000000000001,-7.135757113775898
11.4546,171.819,4.5531250000000005,-6.555542072397432
11.4546,171.819,4.55625,-6.574332898593109
11.4546,171.819,4.559375,-6.61552950397652
11.4546,171.819,4.5625,-6.35735599964007
11.4546,171.819,4.565625000000001,-6.414102385433814
11.4546,171.819,4.5687500000000005,-6.664265146588546
11.4546,171.819,4.571875,-6.377823661016141
11.4546,171.819,4.575,-6.2731414348915395
11.4546,171.819,4.578125,-5.884729893450929
11.4546,171.819,4.581250000000001,-6.007413734549764
11.4546,171.819,4.5843750000000005,-6.008102854501445
11.4546,171.819,4.5875,-5.7136706249252756
11.4546,171.819,4.590625,-5.7398156193001455
11.4546,171.819,4.59375,-6.673346849911787
11.4546,171.819,4.596875000000001,-6.450766747389885
11.4546,171.819,4.6000000000000005,-6.301481439364347
11.4546,171.819,4.603125,-6.471396448372442
11.4546,171.819,4.60625,-6.593864829762656
11.4546,171.819,4.609375,-6.477264712747301
11.4546,171.819,4.612500000000001,-6.499295791022062
11.4546,171.819,4.6156250000000005,-6.93201730725171
11.4546,171.819,4.61875,-6.703413578159668
11.4546,171.819,4.621875,-6.670650601810474
11.4546,171.819,4.625,-6.651954177678218
11.4546,171.819,4.628125000000001,-6.574603492322694
11.4546,171.819,4.6312500000000005,-6.429634931179606
11.4546,171.819,4.634375,-6.309373857521333
11.4546,171.819,4.6375,-6.163980885826701
11.4546,171.819,4.640625,-6.015226621877657
11.4546,171.819,4.643750000000001,-5.857649429882593
11.4546,171.819,4.6468750000000005,-5.712549971483796
11.4546,171.819,4.65,-5.560070525992561
11.4546,171.819,4.653125,-5.429683449932695
11.4546,171.819,4.65625,-5.304359223224622
11.4546,171.819,4.659375000000001,-5.194633668552782
11.4546,171.819,4.6625000000000005,-5.0964729337103885
11.4546,171.819,4.665625,-5.020554445237315
11.4546,171.819,4.66875,-4.9639745939094135
11.4546,171.819,4.671875,-4.928288148731814
11.4546,171.819,4.675000000000001,-4.900582268327102
11.4546,171.819,4.6781250000000005,-4.881244996981542
11.4546,171.819,4.68125,-4.879691707644268
11.4546,171.819,4.684375,-4.961699083027601
11.4546,171.819,4.6875,-5.066851287480533
11.4546,171.819,4.690625000000001,-5.143117047219787
11.4546,171.819,4.6937500000000005,-5.211802170753737
11.4546,171.819,4.696875,-5.267509543745761
11.4546,171.819,4.7,-5.301497742608462
11.4546,171.819,4.703125,-5.324202104355777
11.4546,171.819,4.706250000000001,-5.320910967880829
11.4546,171.819,4.7093750000000005,-5.2832410208755585
11.4546,171.819,4.7125,-5.218784851111391
11.4546,171.819,4.715625,-5.124825017579379
11.4546,171.819,4.71875,-5.003182756381623
11.4546,171.819,4.721875000000001,-4.8586016738782805
11.4546,171.819,4.7250000000000005,-4.707052745531264
11.4546,171.819,4.728125,-4.551430131236168
11.4546,171.819,4.73125,-4.38818652070625
11.4546,171.819,4.734375,-4.2316752333683025
11.4546,171.819,4.737500000000001,-4.079038768117245
11.4546,171.819,4.7406250000000005,-3.944301737128846
11.4546,171.819,4.74375,-3.825795923149737
11.4546,171.819,4.746875,-3.723046182140692
11.4546,171.819,4.75,-3.6346228178275237
11.4546,171.819,4.753125000000001,-3.5650601277315053
11.4546,171.819,4.7562500000000005,-3.5084664565352948
11.4546,171.819,4.759375,-3.4669578551616365
11.4546,171.819,4.7625,-3.4383198104001993
11.4546,171.819,4.765625,-3.4313943171233063
11.4546,171.819,4.768750000000001,-3.433938626328465
11.4546,171.819,4.7718750000000005,-3.4499113989148977
11.4546,171.819,4.775,-3.480174767995521
11.4546,171.819,4.778125,-3.5134884322228577
11.4546,171.819,4.78125,-3.5642984738541426
11.4546,171.819,4.784375000000001,-3.6233041757158793
11.4546,171.819,4.7875000000000005,-3.6818962184868775
11.4546,171.819,4.790625,-3.7427227637693044
11.4546,171.819,4.79375,-3.8026830763685733
11.4546,171.819,4.796875,-3.8545793633622956
11.4546,171.819,4.800000000000001,-3.886807481924022
11.4546,171.819,4.8031250000000005,-3.9081883230695857
11.4546,171.819,4.80625,-3.9120771083971695
11.4546,171.819,4.809375,-3.89055580270223
11.4546,171.819,4.8125,-3.8525409882750496
11.4546,171.819,4.815625000000001,-3.797418103516482
11.4546,171.819,4.8187500000000005,-3.734731781191533
11.4546,171.819,4.821875,-3.6581645136360756
11.4546,171.819,4.825,-3.576192533650311
11.4546,171.819,4.828125,-3.499262767532438
11.4546,171.819,4.831250000000001,-3.425374457384984
11.4546,171.819,4.8343750000000005,-3.359997174787549
11.4546,171.819,4.8375,-3.308124009134267
11.4546,171.819,4.840625,-3.2673509705346944
11.4546,171.819,4.84375,-3.245986593411765
11.4546,171.819,4.846875000000001,-3.2396768876970254
11.4546,171.819,4.8500000000000005,-3.2446936917003333
11.4546,171.819,4.853125,-3.271852101636647
11.4546,171.819,4.85625,-3.3052750877969395
11.4546,171.819,4.859375,-3.3567963053156435
11.4546,171.819,4.862500000000001,-3.420925024655568
11.4546,171.819,4.8656250000000005,-3.496602272847041
11.4546,171.819,4.86875,-3.580460342785254
11.4546,171.819,4.871875,-3.673445335463839
11.4546,171.819,4.875,-3.764996659366509
11.4546,171.819,4.878125000000001,-3.8592519579990476
11.4546,171.819,4.8812500000000005,-3.943247247164038
11.4546,171.819,4.884375,-4.0185125514372935
11.4546,171.819,4.8875,-4.08309593872998
11.4546,171.819,4.890625,-4.128975058404905
11.4546,171.819,4.893750000000001,-4.152148994937469
11.4546,171.819,4.8968750000000005,-4.147871923145661
11.4546,171.819,4.9,-4.121972957746695
11.4546,171.819,4.903125,-4.078323906263524
11.4546,171.819,4.90625,-4.010735676431328
11.4546,171.819,4.909375000000001,-3.929962562916643
11.4546,171.819,4.9125000000000005,-3.841352738427004
11.4546,171.819,4.915625,-3.7430401680551473
11.4546,171.819,4.91875,-3.6493975901210747
11.4546,171.819,4.921875,-3.558706189648995
11.4546,171.819,4.925000000000001,-3.469746057747156
11.4546,171.819,4.9281250000000005,-3.398699701986419
11.4546,171.819,4.93125,-3.3341665649944616
11.4546,171.819,4.934375,-3.286832475964323
11.4546,171.819,4.9375,-3.2538305739500535
11.4546,171.819,4.940625000000001,-3.247358478911897
11.4546,171.819,4.9437500000000005,-3.2544563818074748
11.4546,171.819,4.946875,-3.276034014771133
11.4546,171.819,4.95,-3.317528723631498
11.4546,171.819,4.953125,-3.3735591228584805
11.4546,171.819,4.956250000000001,-3.4468878653028874
11.4546,171.819,4.9593750000000005,-3.5292312939122663
11.4546,171.819,4.9625,-3.626752006229382
11.4546,171.819,4.965625,-3.73058324023177
11.4546,171.819,4.96875,-3.840430965359103
11.4546,171.819,4.971875000000001,-3.945811180291461
11.4546,171.819,4.9750000000000005,-4.048856896587854
11.4546,171.819,4.978125,-4.142600879289426
11.4546,171.819,4.98125,-4.223105611759948
11.4546,171.819,4.984375,-4.281758829964143
11.4546,171.819,4.987500000000001,-4.319753990590554
11.4546,171.819,4.9906250000000005,-4.327572932788188
11.4546,171.819,4.99375,-4.312345095452596
11.4546,171.819,4.996875,-4.277318230712571
11.4546,171.819,5,-4.231167949943678
11.4546,171.819,5.003125000000001,-4.162348642652164
11.4546,171.819,5.0062500000000005,-4.105127655950363
11.4546,171.819,5.009375,-4.048249565375178
11.4546,171.819,5.0125,-3.986795677515244
11.4546,171.819,5.015625,-3.935888984125906
11.4546,171.819,5.018750000000001,-3.8925822792164606
11.4546,171.819,5.0218750000000005,-3.860211354981628
11.4546,171.819,5.025,-3.8371962016307744
11.4546,171.819,5.028125,-3.8336650262533905
11.4546,171.819,5.03125,-3.850770753621087
11.4546,171.819,5.034375000000001,-3.881748066814107
11.4546,171.819,5.0375000000000005,-3.9334145811188352
11.4546,171.819,5.040625,-3.9980298680619315
11.4546,171.819,5.04375,-4.081284302243288
11.4546,171.819,5.046875,-4.184312417867148
11.4546,171.819,5.050000000000001,-4.305904646069384
11.4546,171.819,5.0531250000000005,-4.4374140573197165
11.4546,171.819,5.05625,-4.58227367126767
11.4546,171.819,5.059375,-4.728220608084956
11.4546,171.819,5.0625,-4.8839802713080935
11.4546,171.819,5.065625000000001,-5.034035820218033
11.4546,171.819,5.0687500000000005,-5.174143042617341
11.4546,171.819,5.071875,-5.297421406759431
11.4546,171.819,5.075,-5.396523283413682
11.4546,171.819,5.078125,-5.463485646610902
11.4546,171.819,5.081250000000001,-5.484969748754022
11.4546,171.819,5.0843750000000005,-5.471172013503014
11.4546,171.819,5.0875,-5.416649876772283
11.4546,171.819,5.090625,-5.34109838518387
11.4546,171.819,5.09375,-5.241459488533634
11.4546,171.819,5.096875000000001,-5.128314926809352
11.4546,171.819,5.1000000000000005,-5.015792847175394
11.4546,171.819,5.103125,-4.900380171869273
11.4546,171.819,5.10625,-4.780961243315498
11.4546,171.819,5.109375,-4.632459819625161
11.4546,171.819,5.112500000000001,-4.500014122189233
11.4546,171.819,5.1156250000000005,-4.393792335968976
11.4546,171.819,5.11875,-4.319686820515126
11.4546,171.819,5.121875,-4.272714533043191
11.4546,171.819,5.125,-4.243889506465165
11.4546,171.819,5.128125000000001,-4.247495344576208
11.4546,171.819,5.1312500000000005,-4.268952101615683
11.4546,171.819,5.134375,-4.310691774129985
11.4546,171.819,5.1375,-4.3640284044800906
11.4546,171.819,5.140625,-4.437725469544244
11.4546,171.819,5.143750000000001,-4.525329291481609
11.4546,171.819,5.1468750000000005,-4.616321720390169
11.4546,171.819,5.15,-4.7210161583816825
11.4546,171.819,5.153125,-4.832929766086648
11.4546,171.819,5.15625,-4.946023855847315
11.4546,171.819,5.159375000000001,-5.055796463733796
11.4546,171.819,5.1625000000000005,-5.151947537204647
11.4546,171.819,5.165625,-5.241882888969931
11.4546,171.819,5.16875,-5.314051917614363
11.4546,171.819,5.171875,-5.361869212752578
11.4546,171.819,5.175000000000001,-5.384490500930903
11.4546,171.819,5.1781250000000005,-5.377303570630464
11.4546,171.819,5.18125,-5.350115480012228
11.4546,171.819,5.184375,-5.283518485893249
11.4546,171.819,5.1875,-5.210384216380564
11.4546,171.819,5.190625000000001,-5.12165814589152
11.4546,171.819,5.1937500000000005,-5.028837482482514
11.4546,171.819,5.196875,-4.940531434327494
11.4546,171.819,5.2,-4.8572188868923805
11.4546,171.819,5.203125,-4.783145586272677
11.4546,171.819,5.206250000000001,-4.718463072101077
11.4546,171.819,5.2093750000000005,-4.668876346680078
11.4546,171.819,5.2125,-4.632466449992072
11.4546,171.819,5.215625,-4.618374753556516
11.4546,171.819,5.21875,-4.632179640762056
11.4546,171.819,5.221875000000001,-4.675428756566135
11.4546,171.819,5.2250000000000005,-4.744501416242785
11.4546,171.819,5.228125,-4.8436781034920955
11.4546,171.819,5.23125,-4.977293679323923
11.4546,171.819,5.234375,-5.1317390633403095
11.4546,171.819,5.237500000000001,-5.316456582674512
11.4546,171.819,5.2406250000000005,-5.525935097839458
11.4546,171.819,5.24375,-5.774099371827565
11.4546,171.819,5.246875,-6.03868061004611
11.4546,171.819,5.25,-6.341191998208695
11.4546,171.819,5.253125000000001,-6.7066805028274326
11.4546,171.819,5.2562500000000005,-7.158402788248447
11.4546,171.819,5.259375,-7.780201097674981
11.4546,171.819,5.2625,-8.760336562801385
11.4546,171.819,5.265625,-10.269600722806993
11.4546,171.819,5.268750000000001,-11.261031429182191
11.4546,171.819,5.2718750000000005,-9.882886944014723
11.4546,171.819,5.275,-8.295276311383692
11.4546,171.819,5.278125,-7.365139051200973
11.4546,171.819,5.28125,-6.8177053944973
11.4546,171.819,5.284375000000001,-6.441247886209474
11.4546,171.819,5.2875000000000005,-6.141733832220599
11.4546,171.819,5.290625,-5.881224601226895
11.4546,171.819,5.29375,-5.665995969014844
11.4546,171.819,5.296875,-5.476342197656163
11.4546,171.819,5.300000000000001,-5.333057010571364
11.4546,171.819,5.3031250000000005,-5.2159059535798935
11.4546,171.819,5.30625,-5.126719590225277
11.4546,171.819,5.309375,-5.06572921805554
11.4546,171.819,5.3125,-5.034772764328298
11.4546,171.819,5.315625000000001,-5.028898161208457
11.4546,171.819,5.3187500000000005,-5.053534749902942
11.4546,171.819,5.321875,-5.093948801210279
11.4546,171.819,5.325,-5.157726014259744
11.4546,171.819,5.328125,-5.23531063625494
11.4546,171.819,5.331250000000001,-5.318265885666379
11.4546,171.819,5.3343750000000005,-5.4045641684283865
11.4546,171.819,5.3375,-5.494643924414086
11.4546,171.819,5.340625,-5.595060795936908
11.4546,171.819,5.34375,-5.688089133724512
11.4546,171.819,5.346875000000001,-5.767955658871768
11.4546,171.819,5.3500000000000005,-5.839873159582163
11.4546,171.819,5.353125,-5.883701763034286
11.4546,171.819,5.35625,-5.898766065334814
11.4546,171.819,5.359375,-5.885302620214197
11.4546,171.819,5.362500000000001,-5.8319861471755985
11.4546,171.819,5.3656250000000005,-5.7592047870586125
11.4546,171.819,5.36875,-5.649883975044424
11.4546,171.819,5.371875,-5.515175865136614
11.4546,171.819,5.375,-5.381132766674057
11.4546,171.819,5.378125000000001,-5.239485067059042
11.4546,171.819,5.3812500000000005,-5.099703382627288
11.4546,171.819,5.384375,-4.970884850018598
11.4546,171.819,5.3875,-4.858658635809666
11.4546,171.819,5.390625,-4.7699942431307685
11.4546,171.819,5.393750000000001,-4.702048080929507
11.4546,171.819,5.3968750000000005,-4.658229478466197
11.4546,171.819,5.4,-4.634458654147843
11.4546,171.819,5.403125,-4.638210446362309
11.4546,171.819,5.40625,-4.665299307120121
11.4546,171.819,5.409375000000001,-4.706573558062336
11.4546,171.819,5.4125000000000005,-4.776423406142058
11.4546,171.819,5.415625,-4.857264634950555
11.4546,171.819,5.41875,-4.957950239021906
11.4546,171.819,5.421875,-5.079343926252637
11.4546,171.819,5.425000000000001,-5.215701371392112
11.4546,171.819,5.4281250000000005,-5.360130016053236
11.4546,171.819,5.43125,-5.523487144930962
11.4546,171.819,5.434375,-5.680320541663043
11.4546,171.819,5.4375,-5.8263779273148835
11.4546,171.819,5.440625000000001,-5.968210433422964
11.4546,171.819,5.4437500000000005,-6.082788180061765
11.4546,171.819,5.446875,-6.173146026696354
11.4546,171.819,5.45,-6.220780571284949
11.4546,171.819,5.453125,-6.237722111069793
11.4546,171.819,5.456250000000001,-6.207469948747005
11.4546,171.819,5.4593750000000005,-6.135620820095021
11.4546,171.819,5.4625,-6.027284725225448
11.4546,171.819,5.465625,-5.8935335425302435
11.4546,171.819,5.46875,-5.7401785952256335
11.4546,171.819,5.471875000000001,-5.572725772666908
11.4546,171.819,5.4750000000000005,-5.407765230308276
11.4546,171.819,5.478125,-5.249143949559135
11.4546,171.819,5.48125,-5.105883391447086
11.4546,171.819,5.484375,-4.978092170315752
11.4546,171.819,5.487500000000001,-4.880423521149375
11.4546,171.819,5.4906250000000005,-4.811386631589418
11.4546,171.819,5.49375,-4.76845426670338
11.4546,171.819,5.496875,-4.752770807913372
11.4546,171.819,5.5,-4.7651139426865035
11.4546,171.819,5.503125000000001,-4.793445373114965
11.4546,171.819,5.5062500000000005,-4.84324182083187
11.4546,171.819,5.509375,-4.9119779874051765
11.4546,171.819,5.5125,-4.990198309007356
11.4546,171.819,5.515625,-5.074558261607831
11.4546,171.819,5.518750000000001,-5.157302035514491
11.4546,171.819,5.5218750000000005,-5.246370063176007
11.4546,171.819,5.525,-5.3247807420890005
11.4546,171.819,5.528125,-5.384066060100084
11.4546,171.819,5.53125,-5.425078560326677
11.4546,171.819,5.534375000000001,-5.447782545786773
11.4546,171.819,5.5375000000000005,-5.431496916808172
11.4546,171.819,5.540625,-5.394050865448721
11.4546,171.819,5.54375,-5.321396684610585
11.4546,171.819,5.546875,-5.2231002879478545
11.4546,171.819,5.550000000000001,-5.105405592034783
11.4546,171.819,5.5531250000000005,-4.968835909237953
11.4546,171.819,5.55625,-4.824330183730492
11.4546,171.819,5.559375,-4.677442906243547
11.4546,171.819,5.5625,-4.5279558447873125
11.4546,171.819,5.565625000000001,-4.392146041267775
11.4546,171.819,5.5687500000000005,-4.273838856969525
11.4546,171.819,5.571875,-4.161425972097286
11.4546,171.819,5.575,-4.077958047683201
11.4546,171.819,5.578125,-4.014276864189651
11.4546,171.819,5.581250000000001,-3.9710657385808306
11.4546,171.819,5.5843750000000005,-3.9494255654386565
11.4546,171.819,5.5875,-3.951926659479294
11.4546,171.819,5.590625,-3.9782833406495266
11.4546,171.819,5.59375,-4.026694271505501
11.4546,171.819,5.596875000000001,-4.095023752817387
11.4546,171.819,5.6000000000000005,-4.187275222174309
11.4546,171.819,5.603125,-4.2882315020245745
11.4546,171.819,5.60625,-4.399406388728755
11.4546,171.819,5.609375,-4.524084322461747
11.4546,171.819,5.612500000000001,-4.659050528561656
11.4546,171.819,5.6156250000000005,-4.785881629070458
11.4546,171.819,5.61875,-4.910815969813633
11.4546,171.819,5.621875,-5.013685962503008
11.4546,171.819,5.625,-5.098628719817596
11.4546,171.819,5.628125000000001,-5.153243508001134
11.4546,171.819,5.6312500000000005,-5.170832622165859
11.4546,171.819,5.634375,-5.156144055809037
11.4546,171.819,5.6375,-5.104121086955718
11.4546,171.819,5.640625,-5.016760024282355
11.4546,171.819,5.643750000000001,-4.902580695589442
11.4546,171.819,5.6468750000000005,-4.764719515452772
11.4546,171.819,5.65,-4.616362831606508
11.4546,171.819,5.653125,-4.461951246433363
11.4546,171.819,5.65625,-4.318442153707721
11.4546,171.819,5.659375000000001,-4.186935688351989
11.4546,171.819,5.6625000000000005,-4.0759280663929935
11.4546,171.819,5.665625,-3.9791328090856775
11.4546,171.819,5.66875,-3.909397251890063
11.4546,171.819,5.671875,-3.8587301665650027
11.4546,171.819,5.675000000000001,-3.8263153187738537
11.4546,171.819,5.6781250000000005,-3.823208079939595
11.4546,171.819,5.68125,-3.8383684691861912
11.4546,171.819,5.684375,-3.8664759031567835
11.4546,171.819,5.6875,-3.916633982960101
11.4546,171.819,5.690625000000001,-3.9767341420162783
11.4546,171.819,5.6937500000000005,-4.050388572620046
11.4546,171.819,5.696875,-4.12519543751945
11.4546,171.819,5.7,-4.192450959881235
11.4546,171.819,5.703125,-4.259993607683024
11.4546,171.819,5.706250000000001,-4.328162143733663
11.4546,171.819,5.7093750000000005,-4.373909341684453
11.4546,171.819,5.7125,-4.402152624478347
11.4546,171.819,5.715625,-4.407268678925026
11.4546,171.819,5.71875,-4.391479781673503
11.4546,171.819,5.721875000000001,-4.33949660150915
11.4546,171.819,5.7250000000000005,-4.266798335533803
11.4546,171.819,5.728125,-4.166299810753378
11.4546,171.819,5.73125,-4.035264358744773
11.4546,171.819,5.734375,-3.8888857198716913
11.4546,171.819,5.737500000000001,-3.7314341273941807
11.4546,171.819,5.7406250000000005,-3.570683338604229
11.4546,171.819,5.74375,-3.4183603937966627
11.4546,171.819,5.746875,-3.280852252541917
11.4546,171.819,5.75,-3.1461164333486993
11.4546,171.819,5.753125000000001,-3.0386022389977905
11.4546,171.819,5.7562500000000005,-2.9519910228178654
11.4546,171.819,5.759375,-2.890993084884097
11.4546,171.819,5.7625,-2.853572341441108
11.4546,171.819,5.765625,-2.843988549115349
11.4546,171.819,5.768750000000001,-2.8568025025931925
11.4546,171.819,5.7718750000000005,-2.891255535463442
11.4546,171.819,5.775,-2.944882283306149
11.4546,171.819,5.778125,-3.013816610072867
11.4546,171.819,5.78125,-3.095758334606094
11.4546,171.819,5.784375000000001,-3.188572202531654
11.4546,171.819,5.7875000000000005,-3.2888367681025468
11.4546,171.819,5.790625,-3.3849255953467186
11.4546,171.819,5.79375,-3.4791037988740054
11.4546,171.819,5.796875,-3.5669276277673485
11.4546,171.819,5.800000000000001,-3.633706609751198
11.4546,171.819,5.8031250000000005,-3.690938569845147
11.4546,171.819,5.80625,-3.7264379071613973
11.4546,171.819,5.809375,-3.731583026610936
11.4546,171.819,5.8125,-3.7175222824754917
11.4546,171.819,5.815625000000001,-3.6740005055492957
11.4546,171.819,5.8187500000000005,-3.603339144300473
11.4546,171.819,5.821875,-3.516923341719991
11.4546,171.819,5.825,-3.411543672131761
11.4546,171.819,5.828125,-3.2909289295585245
11.4546,171.819,5.831250000000001,-3.1661962583221386
11.4546,171.819,5.8343750000000005,-3.047197347492431
11.4546,171.819,5.8375,-2.934540762084179
11.4546,171.819,5.840625,-2.8274496193489673
11.4546,171.819,5.84375,-2.7434394879200656
11.4546,171.819,5.846875000000001,-2.6727126857273573
11.4546,171.819,5.8500000000000005,-2.632981643632295
11.4546,171.819,5.853125,-2.60923654473693
11.4546,171.819,5.85625,-2.611661064130227
11.4546,171.819,5.859375,-2.6321511637858435
11.4546,171.819,5.862500000000001,-2.677706367130775
11.4546,171.819,5.8656250000000005,-2.7477866756726206
11.4546,171.819,5.86875,-2.8291726955662417
11.4546,171.819,5.871875,-2.9129462368817247
11.4546,171.819,5.875,-3.0061950540130518
11.4546,171.819,5.878125000000001,-3.1061683070300985
11.4546,171.819,5.8812500000000005,-3.199410099527122
11.4546,171.819,5.884375,-3.2876491134871766
11.4546,171.819,5.8875,-3.3530591570716552
11.4546,171.819,5.890625,-3.4144279822874433
11.4546,171.819,5.893750000000001,-3.4487706296760927
11.4546,171.819,5.8968750000000005,-3.4563818180059966
11.4546,171.819,5.9,-3.43129120140444
11.4546,171.819,5.903125,-3.3724375840144702
11.4546,171.819,5.90625,-3.283495376949561
11.4546,171.819,5.909375000000001,-3.161035516435387
11.4546,171.819,5.9125000000000005,-3.0207260832065574
11.4546,171.819,5.915625,-2.8688967981216233
11.4546,171.819,5.91875,-2.7069993668717496
11.4546,171.819,5.921875,-2.54260515430898
11.4546,171.819,5.925000000000001,-2.3840172952117484
11.4546,171.819,5.9281250000000005,-2.25254470599266
11.4546,171.819,5.93125,-2.1335611074511562
11.4546,171.819,5.934375,-2.0361614172268223
11.4546,171.819,5.9375,-1.9691742379072275
11.4546,171.819,5.940625000000001,-1.9313935408435134
11.4546,171.819,5.9437500000000005,-1.9127331675644519
11.4546,171.819,5.946875,-1.9191837706554102
11.4546,171.819,5.95,-1.9538924490547496
11.4546,171.819,5.953125,-2.0017977851255693
11.4546,171.819,5.956250000000001,-2.070998401381627
11.4546,171.819,5.9593750000000005,-2.1598029946629755
11.4546,171.819,5.9625,-2.2521690719951115
11.4546,171.819,5.965625,-2.3565204405419666
11.4546,171.819,5.96875,-2.4636779547566707
11.4546,171.819,5.971875000000001,-2.5760636683073073
11.4546,171.819,5.9750000000000005,-2.6920226817288113
11.4546,171.819,5.978125,-2.8062652046740473
11.4546,171.819,5.98125,-2.905788585450082
11.4546,171.819,5.984375,-2.989564175012574
11.4546,171.819,5.987500000000001,-3.0573600867487554
11.4546,171.819,5.9906250000000005,-3.0924043509057486
11.4546,171.819,5.99375,-3.096839386868144
11.4546,171.819,5.996875,-3.0728522264328895
11.4546,171.819,6,-3.0172544107974235
