"Current","Field","Frequency","Spectra"
11.1841,167.762,1,-0.9172588583119777
11.1841,167.762,1.003125,-0.8747806664704039
11.1841,167.762,1.00625,-0.8384599101010343
11.1841,167.762,1.0093750000000001,-0.8056537665641393
11.1841,167.762,1.0125,-0.7835130001894193
11.1841,167.762,1.015625,-0.7680955849995146
11.1841,167.762,1.01875,-0.7676333781115331
11.1841,167.762,1.021875,-0.7729882858096891
11.1841,167.762,1.0250000000000001,-0.7941689494140891
11.1841,167.762,1.028125,-0.8311466680987244
11.1841,167.762,1.03125,-0.8763961571258141
11.1841,167.762,1.034375,-0.9347772691134633
11.1841,167.762,1.0375,-0.9968709396522426
11.1841,167.762,1.0406250000000001,-1.0663946968030156
11.1841,167.762,1.04375,-1.1330314239330395
11.1841,167.762,1.046875,-1.2004981615854213
11.1841,167.762,1.05,-1.2674703512145322
11.1841,167.762,1.053125,-1.3202436909957271
11.1841,167.762,1.0562500000000001,-1.366333337321519
11.1841,167.762,1.059375,-1.4069365322326175
11.1841,167.762,1.0625,-1.4287368610887983
11.1841,167.762,1.065625,-1.4410780631244877
11.1841,167.762,1.06875,-1.4420556290429496
11.1841,167.762,1.0718750000000001,-1.4305758861869098
11.1841,167.762,1.0750000000000002,-1.4103038390275837
11.1841,167.762,1.078125,-1.3793401554642561
11.1841,167.762,1.08125,-1.338417548783469
11.1841,167.762,1.084375,-1.2911351587450504
11.1841,167.762,1.0875000000000001,-1.239386858916428
11.1841,167.762,1.0906250000000002,-1.1839935821018357
11.1841,167.762,1.09375,-1.1369172743501692
11.1841,167.762,1.096875,-1.0801657220284884
11.1841,167.762,1.1,-1.0335513935898357
11.1841,167.762,1.1031250000000001,-0.995864326498629
11.1841,167.762,1.1062500000000002,-0.9511197656825711
11.1841,167.762,1.109375,-0.919451613784556
11.1841,167.762,1.1125,-0.8980394929803537
11.1841,167.762,1.115625,-0.8869207698358392
11.1841,167.762,1.1187500000000001,-0.888059613013445
11.1841,167.762,1.1218750000000002,-0.8953263567042562
11.1841,167.762,1.125,-0.9093974760817115
11.1841,167.762,1.128125,-0.9378869237421332
11.1841,167.762,1.13125,-0.9685272430664658
11.1841,167.762,1.1343750000000001,-1.0043721907621375
11.1841,167.762,1.1375000000000002,-1.0447946071791827
11.1841,167.762,1.140625,-1.0861738723028884
11.1841,167.762,1.14375,-1.120443133231232
11.1841,167.762,1.146875,-1.1563838128617272
11.1841,167.762,1.1500000000000001,-1.1888689134698043
11.1841,167.762,1.1531250000000002,-1.2151849633861653
11.1841,167.762,1.15625,-1.2288898993434518
11.1841,167.762,1.159375,-1.2351993773983263
11.1841,167.762,1.1625,-1.233761394275241
11.1841,167.762,1.1656250000000001,-1.2214504652450855
11.1841,167.762,1.1687500000000002,-1.20098216006851
11.1841,167.762,1.171875,-1.1697386814384727
11.1841,167.762,1.175,-1.130063930127688
11.1841,167.762,1.178125,-1.0859160495649576
11.1841,167.762,1.1812500000000001,-1.034730208114976
11.1841,167.762,1.1843750000000002,-0.9841721509960131
11.1841,167.762,1.1875,-0.9300394602099067
11.1841,167.762,1.190625,-0.8810117458961397
11.1841,167.762,1.19375,-0.840723656103636
11.1841,167.762,1.1968750000000001,-0.8070749831081786
11.1841,167.762,1.2000000000000002,-0.7849556195449575
11.1841,167.762,1.203125,-0.7754531597026232
11.1841,167.762,1.20625,-0.7793000526133025
11.1841,167.762,1.209375,-0.7992731902873028
11.1841,167.762,1.2125000000000001,-0.8357537090013991
11.1841,167.762,1.2156250000000002,-0.882003862365891
11.1841,167.762,1.21875,-0.9370249419535377
11.1841,167.762,1.221875,-1.0024553191737156
11.1841,167.762,1.225,-1.0787284035817237
11.1841,167.762,1.2281250000000001,-1.155516989028463
11.1841,167.762,1.2312500000000002,-1.2308255535066177
11.1841,167.762,1.234375,-1.2991188378294516
11.1841,167.762,1.2375,-1.3585763261378196
11.1841,167.762,1.240625,-1.4107550524951207
11.1841,167.762,1.2437500000000001,-1.4594682429770367
11.1841,167.762,1.2468750000000002,-1.4926705886613876
11.1841,167.762,1.25,-1.5130315528736047
11.1841,167.762,1.253125,-1.516253693578309
11.1841,167.762,1.25625,-1.4997074619200113
11.1841,167.762,1.2593750000000001,-1.4746988557156382
11.1841,167.762,1.2625000000000002,-1.4511432865436216
11.1841,167.762,1.265625,-1.4217816104175782
11.1841,167.762,1.26875,-1.3815463593775772
11.1841,167.762,1.271875,-1.3336204611948674
11.1841,167.762,1.2750000000000001,-1.2808621580373587
11.1841,167.762,1.2781250000000002,-1.2228053846450813
11.1841,167.762,1.28125,-1.1730580020590755
11.1841,167.762,1.284375,-1.1361609208732188
11.1841,167.762,1.2875,-1.0993186586205337
11.1841,167.762,1.2906250000000001,-1.063722289320683
11.1841,167.762,1.2937500000000002,-1.0412561136751033
11.1841,167.762,1.296875,-1.026960567072752
11.1841,167.762,1.3,-1.0227490720201213
11.1841,167.762,1.303125,-1.034518590447959
11.1841,167.762,1.3062500000000001,-1.053229531969589
11.1841,167.762,1.3093750000000002,-1.0784068132397449
11.1841,167.762,1.3125,-1.113430359961721
11.1841,167.762,1.315625,-1.1554473188890881
11.1841,167.762,1.31875,-1.199278858565815
11.1841,167.762,1.3218750000000001,-1.2429211416888626
11.1841,167.762,1.3250000000000002,-1.2843739702236425
11.1841,167.762,1.328125,-1.3226884780279313
11.1841,167.762,1.33125,-1.3525959584098324
11.1841,167.762,1.334375,-1.3738552532049133
11.1841,167.762,1.3375000000000001,-1.390831442037089
11.1841,167.762,1.3406250000000002,-1.3938505069200615
11.1841,167.762,1.34375,-1.3883702609979243
11.1841,167.762,1.346875,-1.3706961313466763
11.1841,167.762,1.35,-1.345642167068972
11.1841,167.762,1.3531250000000001,-1.3083779882745503
11.1841,167.762,1.3562500000000002,-1.2632567895304012
11.1841,167.762,1.359375,-1.215959429083108
11.1841,167.762,1.3625,-1.160120545545151
11.1841,167.762,1.365625,-1.1001763375529992
11.1841,167.762,1.3687500000000001,-1.0416341196876173
11.1841,167.762,1.3718750000000002,-0.9863160489774618
11.1841,167.762,1.375,-0.9373784222311943
11.1841,167.762,1.378125,-0.8960982172838389
11.1841,167.762,1.38125,-0.8622469428505664
11.1841,167.762,1.3843750000000001,-0.8373066876055313
11.1841,167.762,1.3875000000000002,-0.8277204042744066
11.1841,167.762,1.390625,-0.8357532108049104
11.1841,167.762,1.39375,-0.8584484167748727
11.1841,167.762,1.396875,-0.8963724893221564
11.1841,167.762,1.4000000000000001,-0.9516353588669874
11.1841,167.762,1.4031250000000002,-1.0046023794499772
11.1841,167.762,1.40625,-1.0698792710944016
11.1841,167.762,1.409375,-1.1396492190551184
11.1841,167.762,1.4125,-1.2174685356127848
11.1841,167.762,1.4156250000000001,-1.2923770262853873
11.1841,167.762,1.4187500000000002,-1.3637382246428962
11.1841,167.762,1.421875,-1.4285486650538723
11.1841,167.762,1.425,-1.482992258337473
11.1841,167.762,1.428125,-1.5283648949458908
11.1841,167.762,1.4312500000000001,-1.563318108749276
11.1841,167.762,1.4343750000000002,-1.5821159640552105
11.1841,167.762,1.4375,-1.5929571520788084
11.1841,167.762,1.440625,-1.587796063199325
11.1841,167.762,1.44375,-1.5745292180653079
11.1841,167.762,1.4468750000000001,-1.54740822678045
11.1841,167.762,1.4500000000000002,-1.5125759708589703
11.1841,167.762,1.453125,-1.4682204705442783
11.1841,167.762,1.45625,-1.418508855081054
11.1841,167.762,1.459375,-1.3653767803613734
11.1841,167.762,1.4625000000000001,-1.3108990215724068
11.1841,167.762,1.4656250000000002,-1.258416697650033
11.1841,167.762,1.46875,-1.209486515057458
11.1841,167.762,1.471875,-1.1707266549574393
11.1841,167.762,1.475,-1.1364939489966677
11.1841,167.762,1.4781250000000001,-1.117879585488584
11.1841,167.762,1.4812500000000002,-1.1100829912215273
11.1841,167.762,1.484375,-1.116620915001949
11.1841,167.762,1.4875,-1.138066824493028
11.1841,167.762,1.490625,-1.1714965851716657
11.1841,167.762,1.4937500000000001,-1.2150556523303415
11.1841,167.762,1.4968750000000002,-1.2693766646471718
11.1841,167.762,1.5,-1.3238735971091526
11.1841,167.762,1.503125,-1.3796291303364638
11.1841,167.762,1.50625,-1.4354024308263178
11.1841,167.762,1.5093750000000001,-1.4847630632276818
11.1841,167.762,1.5125000000000002,-1.5264501490396434
11.1841,167.762,1.515625,-1.5605275885686554
11.1841,167.762,1.51875,-1.5891950821974854
11.1841,167.762,1.521875,-1.5999913865795736
11.1841,167.762,1.5250000000000001,-1.5955998111865086
11.1841,167.762,1.5281250000000002,-1.581368285486232
11.1841,167.762,1.53125,-1.560922620400279
11.1841,167.762,1.534375,-1.5317455203378705
11.1841,167.762,1.5375,-1.4909048438198251
11.1841,167.762,1.5406250000000001,-1.4488456378472558
11.1841,167.762,1.5437500000000002,-1.3962449821404344
11.1841,167.762,1.546875,-1.339105676122134
11.1841,167.762,1.55,-1.2781589789258765
11.1841,167.762,1.553125,-1.215590325659618
11.1841,167.762,1.5562500000000001,-1.1539365312820098
11.1841,167.762,1.5593750000000002,-1.0998718133347571
11.1841,167.762,1.5625,-1.0462106865540473
11.1841,167.762,1.565625,-1.0030107026465498
11.1841,167.762,1.56875,-0.9717843732180843
11.1841,167.762,1.5718750000000001,-0.953099549499264
11.1841,167.762,1.5750000000000002,-0.949937556862387
11.1841,167.762,1.578125,-0.9655892400388438
11.1841,167.762,1.58125,-0.9925389314464308
11.1841,167.762,1.584375,-1.040674616614171
11.1841,167.762,1.5875000000000001,-1.1025067116496678
11.1841,167.762,1.5906250000000002,-1.1757340294574286
11.1841,167.762,1.59375,-1.2547746819654504
11.1841,167.762,1.596875,-1.3390635151525507
11.1841,167.762,1.6,-1.4219883043471975
11.1841,167.762,1.6031250000000001,-1.4962575189631968
11.1841,167.762,1.6062500000000002,-1.5627356038745386
11.1841,167.762,1.609375,-1.6192998709370956
11.1841,167.762,1.6125,-1.6599689699277365
11.1841,167.762,1.615625,-1.6874484578979296
11.1841,167.762,1.6187500000000001,-1.6960176340115565
11.1841,167.762,1.6218750000000002,-1.690722950365096
11.1841,167.762,1.625,-1.6739978253156416
11.1841,167.762,1.628125,-1.6447891387921856
11.1841,167.762,1.63125,-1.6060641336019437
11.1841,167.762,1.6343750000000001,-1.5616594475960373
11.1841,167.762,1.6375000000000002,-1.5150968225781076
11.1841,167.762,1.640625,-1.4648177049649314
11.1841,167.762,1.64375,-1.4144498679958284
11.1841,167.762,1.646875,-1.3659335305080882
11.1841,167.762,1.6500000000000001,-1.3217057953268019
11.1841,167.762,1.6531250000000002,-1.287562251295564
11.1841,167.762,1.65625,-1.2634688526754734
11.1841,167.762,1.659375,-1.2536725654015042
11.1841,167.762,1.6625,-1.2596583448342917
11.1841,167.762,1.6656250000000001,-1.262646222840983
11.1841,167.762,1.6687500000000002,-1.2631567320062191
11.1841,167.762,1.671875,-1.284582568347929
11.1841,167.762,1.675,-1.3180873134737054
11.1841,167.762,1.678125,-1.3624911950771024
11.1841,167.762,1.6812500000000001,-1.4184228927076648
11.1841,167.762,1.6843750000000002,-1.478055923091088
11.1841,167.762,1.6875,-1.5371089665217896
11.1841,167.762,1.690625,-1.601087902505383
11.1841,167.762,1.69375,-1.6572925363925937
11.1841,167.762,1.6968750000000001,-1.709545407695329
11.1841,167.762,1.7000000000000002,-1.7513059645725424
11.1841,167.762,1.703125,-1.7824603650448732
11.1841,167.762,1.70625,-1.805534418869231
11.1841,167.762,1.709375,-1.8167596071447183
11.1841,167.762,1.7125000000000001,-1.8122219419303747
11.1841,167.762,1.7156250000000002,-1.793724648891575
11.1841,167.762,1.71875,-1.7640247934925681
11.1841,167.762,1.721875,-1.7222064958645098
11.1841,167.762,1.725,-1.668607916677941
11.1841,167.762,1.7281250000000001,-1.604919693599132
11.1841,167.762,1.7312500000000002,-1.535845840117335
11.1841,167.762,1.734375,-1.465922321746846
11.1841,167.762,1.7375,-1.3903394703407765
11.1841,167.762,1.740625,-1.3195107971078337
11.1841,167.762,1.7437500000000001,-1.2517664970173257
11.1841,167.762,1.7468750000000002,-1.192381135673995
11.1841,167.762,1.75,-1.1411513491327754
11.1841,167.762,1.753125,-1.1074710281151754
11.1841,167.762,1.75625,-1.0867214760898807
11.1841,167.762,1.7593750000000001,-1.0849055253768358
11.1841,167.762,1.7625000000000002,-1.0990592896730476
11.1841,167.762,1.765625,-1.133935236928906
11.1841,167.762,1.76875,-1.1776806066202643
11.1841,167.762,1.771875,-1.2347911020825506
11.1841,167.762,1.7750000000000001,-1.301444621484778
11.1841,167.762,1.7781250000000002,-1.372701944282654
11.1841,167.762,1.78125,-1.4470151410686118
11.1841,167.762,1.784375,-1.520363477881761
11.1841,167.762,1.7875,-1.5923710538039964
11.1841,167.762,1.7906250000000001,-1.6490662227267083
11.1841,167.762,1.7937500000000002,-1.6980219962932748
11.1841,167.762,1.7968750000000002,-1.7342012692106532
11.1841,167.762,1.8,-1.7601432171111142
11.1841,167.762,1.803125,-1.7684089315676608
11.1841,167.762,1.8062500000000001,-1.769247200401187
11.1841,167.762,1.8093750000000002,-1.7555769761222686
11.1841,167.762,1.8125000000000002,-1.7343035095651076
11.1841,167.762,1.815625,-1.7020530217650438
11.1841,167.762,1.81875,-1.6631363107763695
11.1841,167.762,1.8218750000000001,-1.617430689100102
11.1841,167.762,1.8250000000000002,-1.5675528733140163
11.1841,167.762,1.8281250000000002,-1.5151314850629443
11.1841,167.762,1.83125,-1.4666768798149918
11.1841,167.762,1.834375,-1.418129932185497
11.1841,167.762,1.8375000000000001,-1.3755180185866673
11.1841,167.762,1.8406250000000002,-1.341384634980213
11.1841,167.762,1.8437500000000002,-1.3167527792083746
11.1841,167.762,1.846875,-1.3065466542566975
11.1841,167.762,1.85,-1.3050356965465026
11.1841,167.762,1.8531250000000001,-1.3209359624110895
11.1841,167.762,1.8562500000000002,-1.3494535875308404
11.1841,167.762,1.8593750000000002,-1.3941811271549607
11.1841,167.762,1.8625,-1.450092747177946
11.1841,167.762,1.865625,-1.515104295737493
11.1841,167.762,1.8687500000000001,-1.585548627414843
11.1841,167.762,1.8718750000000002,-1.6574893843853764
11.1841,167.762,1.8750000000000002,-1.7289721540360894
11.1841,167.762,1.878125,-1.7963630435175701
11.1841,167.762,1.88125,-1.851441918917667
11.1841,167.762,1.8843750000000001,-1.8995753141080742
11.1841,167.762,1.8875000000000002,-1.936488612584848
11.1841,167.762,1.8906250000000002,-1.9553043910524968
11.1841,167.762,1.89375,-1.958633536647124
11.1841,167.762,1.896875,-1.9457328145780626
11.1841,167.762,1.9000000000000001,-1.9209051305543359
11.1841,167.762,1.9031250000000002,-1.8810568161855654
11.1841,167.762,1.9062500000000002,-1.8307273248315457
11.1841,167.762,1.909375,-1.7718504706849572
11.1841,167.762,1.9125,-1.7089302064705798
11.1841,167.762,1.9156250000000001,-1.6348911425063706
11.1841,167.762,1.9187500000000002,-1.5612775185265337
11.1841,167.762,1.9218750000000002,-1.4889801289321771
11.1841,167.762,1.925,-1.4195733499637033
11.1841,167.762,1.928125,-1.3532325383524473
11.1841,167.762,1.9312500000000001,-1.2978937533562263
11.1841,167.762,1.9343750000000002,-1.2541556206900033
11.1841,167.762,1.9375000000000002,-1.2201712234242537
11.1841,167.762,1.940625,-1.2009705656498384
11.1841,167.762,1.94375,-1.1990147104882947
11.1841,167.762,1.9468750000000001,-1.2102886120861052
11.1841,167.762,1.9500000000000002,-1.2357004872499182
11.1841,167.762,1.9531250000000002,-1.2743349058959816
11.1841,167.762,1.95625,-1.3314071469087583
11.1841,167.762,1.959375,-1.3949281917073866
11.1841,167.762,1.9625000000000001,-1.4639287951918887
11.1841,167.762,1.9656250000000002,-1.537049909708106
11.1841,167.762,1.9687500000000002,-1.6075242182384752
11.1841,167.762,1.971875,-1.6754167691376471
11.1841,167.762,1.975,-1.731446088703562
11.1841,167.762,1.9781250000000001,-1.7757176128295602
11.1841,167.762,1.9812500000000002,-1.810163358185951
11.1841,167.762,1.9843750000000002,-1.8314365787992204
11.1841,167.762,1.9875,-1.836852803631964
11.1841,167.762,1.990625,-1.828540631468509
11.1841,167.762,1.9937500000000001,-1.805520668016549
11.1841,167.762,1.9968750000000002,-1.770684412061909
11.1841,167.762,2,-1.725001940666201
11.1841,167.762,2.0031250000000003,-1.668974842202041
11.1841,167.762,2.00625,-1.6098862297838803
11.1841,167.762,2.009375,-1.5476781360051615
11.1841,167.762,2.0125,-1.4826202790564609
11.1841,167.762,2.015625,-1.4209052946520606
11.1841,167.762,2.0187500000000003,-1.363484700194042
11.1841,167.762,2.021875,-1.3125414515979537
11.1841,167.762,2.025,-1.2710229394084782
11.1841,167.762,2.028125,-1.2448202257498877
11.1841,167.762,2.03125,-1.2358806400699187
11.1841,167.762,2.0343750000000003,-1.2412912006720953
11.1841,167.762,2.0375,-1.2667964657369963
11.1841,167.762,2.040625,-1.3068388012141492
11.1841,167.762,2.04375,-1.3594881528825562
11.1841,167.762,2.046875,-1.4253973988374815
11.1841,167.762,2.0500000000000003,-1.4974195655040234
11.1841,167.762,2.053125,-1.57894980454372
11.1841,167.762,2.05625,-1.6624595023686661
11.1841,167.762,2.059375,-1.7456736934891062
11.1841,167.762,2.0625,-1.8186093310299176
11.1841,167.762,2.0656250000000003,-1.8847686253630687
11.1841,167.762,2.06875,-1.938880389752145
11.1841,167.762,2.071875,-1.9762973999009774
11.1841,167.762,2.075,-1.9972767966892517
11.1841,167.762,2.078125,-2.0083048233784924
11.1841,167.762,2.0812500000000003,-2.0024755471165374
11.1841,167.762,2.084375,-1.9840396895569188
11.1841,167.762,2.0875,-1.9491271271967634
11.1841,167.762,2.090625,-1.899102965390872
11.1841,167.762,2.09375,-1.8385870961013897
11.1841,167.762,2.0968750000000003,-1.7714729255059125
11.1841,167.762,2.1,-1.70139552490999
11.1841,167.762,2.103125,-1.6261250097666786
11.1841,167.762,2.10625,-1.5532160007543525
11.1841,167.762,2.109375,-1.4799393244270598
11.1841,167.762,2.1125000000000003,-1.415385932522818
11.1841,167.762,2.115625,-1.3540014804505835
11.1841,167.762,2.11875,-1.3006471472581458
11.1841,167.762,2.121875,-1.2607915841332753
11.1841,167.762,2.125,-1.2354715058245416
11.1841,167.762,2.1281250000000003,-1.225312416101393
11.1841,167.762,2.13125,-1.2342289440982326
11.1841,167.762,2.134375,-1.2603479464276925
11.1841,167.762,2.1375,-1.3004146150404767
11.1841,167.762,2.140625,-1.3541551668428087
11.1841,167.762,2.1437500000000003,-1.4180655135370768
11.1841,167.762,2.146875,-1.490258805042782
11.1841,167.762,2.1500000000000004,-1.564320683077606
11.1841,167.762,2.153125,-1.6393115483259377
11.1841,167.762,2.15625,-1.7106030675862163
11.1841,167.762,2.1593750000000003,-1.772923603466341
11.1841,167.762,2.1625,-1.8207756675243325
11.1841,167.762,2.1656250000000004,-1.8550816818702363
11.1841,167.762,2.16875,-1.8715703396085068
11.1841,167.762,2.171875,-1.8737756922614222
11.1841,167.762,2.1750000000000003,-1.860305437388312
11.1841,167.762,2.178125,-1.8298699796874687
11.1841,167.762,2.1812500000000004,-1.7894954830931329
11.1841,167.762,2.184375,-1.7360558116030345
11.1841,167.762,2.1875,-1.6763605949584195
11.1841,167.762,2.1906250000000003,-1.6082135020708108
11.1841,167.762,2.19375,-1.537175585972984
11.1841,167.762,2.1968750000000004,-1.4640940301161027
11.1841,167.762,2.2,-1.3868110175507173
11.1841,167.762,2.203125,-1.3229726260206711
11.1841,167.762,2.2062500000000003,-1.2682455708900218
11.1841,167.762,2.209375,-1.223679697294316
11.1841,167.762,2.2125000000000004,-1.19677850528133
11.1841,167.762,2.215625,-1.1789206565614696
11.1841,167.762,2.21875,-1.1805232004253639
11.1841,167.762,2.2218750000000003,-1.1985413301630392
11.1841,167.762,2.225,-1.2343561464996573
11.1841,167.762,2.2281250000000004,-1.2865404394944897
11.1841,167.762,2.23125,-1.3502464966461845
11.1841,167.762,2.234375,-1.422320971444275
11.1841,167.762,2.2375000000000003,-1.5049632521145064
11.1841,167.762,2.240625,-1.5839568615585389
11.1841,167.762,2.2437500000000004,-1.6640025706410584
11.1841,167.762,2.246875,-1.7399748679935803
11.1841,167.762,2.25,-1.8087948151896742
11.1841,167.762,2.2531250000000003,-1.8653097438042638
11.1841,167.762,2.25625,-1.9085862074186233
11.1841,167.762,2.2593750000000004,-1.940654706985384
11.1841,167.762,2.2625,-1.955524578881488
11.1841,167.762,2.265625,-1.9550392633203022
11.1841,167.762,2.2687500000000003,-1.9407876088695077
11.1841,167.762,2.271875,-1.9141722957592076
11.1841,167.762,2.2750000000000004,-1.872184317645437
11.1841,167.762,2.278125,-1.8240191107227814
11.1841,167.762,2.28125,-1.7663781229198294
11.1841,167.762,2.2843750000000003,-1.702925849643576
11.1841,167.762,2.2875,-1.633563881818748
11.1841,167.762,2.2906250000000004,-1.5605697349583403
11.1841,167.762,2.29375,-1.49076832311684
11.1841,167.762,2.296875,-1.4236969946220084
11.1841,167.762,2.3000000000000003,-1.3612417307197093
11.1841,167.762,2.303125,-1.3100008215951056
11.1841,167.762,2.3062500000000004,-1.2692431668977964
11.1841,167.762,2.309375,-1.2430719723730437
11.1841,167.762,2.3125,-1.2280918218646955
11.1841,167.762,2.3156250000000003,-1.2310295342767394
11.1841,167.762,2.31875,-1.2470273721278686
11.1841,167.762,2.3218750000000004,-1.2805521664571038
11.1841,167.762,2.325,-1.3288943035701928
11.1841,167.762,2.328125,-1.3920464432140058
11.1841,167.762,2.3312500000000003,-1.463085430532167
11.1841,167.762,2.334375,-1.5364753753214875
11.1841,167.762,2.3375000000000004,-1.612672254831637
11.1841,167.762,2.340625,-1.6836137434981713
11.1841,167.762,2.34375,-1.7474542756985179
11.1841,167.762,2.3468750000000003,-1.8019039526945937
11.1841,167.762,2.35,-1.8456445030106114
11.1841,167.762,2.3531250000000004,-1.8734214437415182
11.1841,167.762,2.35625,-1.8868100439439928
11.1841,167.762,2.359375,-1.8842537856595878
11.1841,167.762,2.3625000000000003,-1.8682516515502334
11.1841,167.762,2.365625,-1.8332005542664367
11.1841,167.762,2.3687500000000004,-1.7860091897223784
11.1841,167.762,2.371875,-1.7319892888737183
11.1841,167.762,2.375,-1.6664511233707724
11.1841,167.762,2.3781250000000003,-1.5963098922270638
11.1841,167.762,2.38125,-1.5265730433339206
11.1841,167.762,2.3843750000000004,-1.4541647956210286
11.1841,167.762,2.3875,-1.385353709812832
11.1841,167.762,2.390625,-1.3173667426702576
11.1841,167.762,2.3937500000000003,-1.2628631489705788
11.1841,167.762,2.396875,-1.2202863221170788
11.1841,167.762,2.4000000000000004,-1.1900797293867797
11.1841,167.762,2.403125,-1.182940223810616
11.1841,167.762,2.40625,-1.1959855500727776
11.1841,167.762,2.4093750000000003,-1.2271781528112824
11.1841,167.762,2.4125,-1.2787878036044837
11.1841,167.762,2.4156250000000004,-1.3544759031874718
11.1841,167.762,2.41875,-1.4510002136643658
11.1841,167.762,2.421875,-1.5775914109726372
11.1841,167.762,2.4250000000000003,-1.7535782805794806
11.1841,167.762,2.428125,-2.0572674149532513
11.1841,167.762,2.4312500000000004,-2.7559828706622964
11.1841,167.762,2.434375,-3.4093809767834826
11.1841,167.762,2.4375,-2.5449998910396037
11.1841,167.762,2.4406250000000003,-2.209991445031145
11.1841,167.762,2.44375,-2.1234915458834838
11.1841,167.762,2.4468750000000004,-2.094644252330674
11.1841,167.762,2.45,-2.078498747312318
11.1841,167.762,2.453125,-2.061588251881594
11.1841,167.762,2.4562500000000003,-2.0299714934805597
11.1841,167.762,2.459375,-1.991990431212563
11.1841,167.762,2.4625000000000004,-1.9386027919980218
11.1841,167.762,2.465625,-1.8794601689916925
11.1841,167.762,2.46875,-1.8100308302974537
11.1841,167.762,2.4718750000000003,-1.7402405771820173
11.1841,167.762,2.475,-1.670263662194159
11.1841,167.762,2.4781250000000004,-1.5983694779130997
11.1841,167.762,2.48125,-1.5353543839007722
11.1841,167.762,2.484375,-1.4729816207762587
11.1841,167.762,2.4875000000000003,-1.4235543584807715
11.1841,167.762,2.490625,-1.386686261569647
11.1841,167.762,2.4937500000000004,-1.3605582708414723
11.1841,167.762,2.496875,-1.351758429372807
11.1841,167.762,2.5,-1.3606546820175183
11.1841,167.762,2.5031250000000003,-1.3833013659503002
11.1841,167.762,2.50625,-1.423148815453573
11.1841,167.762,2.5093750000000004,-1.4774834498123774
11.1841,167.762,2.5125,-1.542219372358179
11.1841,167.762,2.515625,-1.6159785244274407
11.1841,167.762,2.5187500000000003,-1.6966088099439014
11.1841,167.762,2.521875,-1.7800096387901445
11.1841,167.762,2.5250000000000004,-1.8562475973161345
11.1841,167.762,2.528125,-1.9281796584312056
11.1841,167.762,2.53125,-1.9884019524407113
11.1841,167.762,2.5343750000000003,-2.031097894901811
11.1841,167.762,2.5375,-2.0612506396549257
11.1841,167.762,2.5406250000000004,-2.0744052066894123
11.1841,167.762,2.54375,-2.0695333217881635
11.1841,167.762,2.546875,-2.049878162415358
11.1841,167.762,2.5500000000000003,-2.015089982376315
11.1841,167.762,2.553125,-1.9694230153345362
11.1841,167.762,2.5562500000000004,-1.908936667741705
11.1841,167.762,2.559375,-1.83902095919871
11.1841,167.762,2.5625,-1.7651932253981508
11.1841,167.762,2.5656250000000003,-1.6880080308758698
11.1841,167.762,2.56875,-1.6099400332833644
11.1841,167.762,2.5718750000000004,-1.5409562926806106
11.1841,167.762,2.575,-1.4751474115097958
11.1841,167.762,2.578125,-1.4244586964125854
11.1841,167.762,2.5812500000000003,-1.3813871763243948
11.1841,167.762,2.584375,-1.3565968607201073
11.1841,167.762,2.5875000000000004,-1.3499928887066597
11.1841,167.762,2.590625,-1.3618324077442359
11.1841,167.762,2.59375,-1.393256389274259
11.1841,167.762,2.5968750000000003,-1.4390858712910404
11.1841,167.762,2.6,-1.5050907959973225
11.1841,167.762,2.6031250000000004,-1.5833760424805743
11.1841,167.762,2.60625,-1.6670940337095366
11.1841,167.762,2.609375,-1.7593869880582904
11.1841,167.762,2.6125000000000003,-1.8479442188293187
11.1841,167.762,2.615625,-1.9333314168288351
11.1841,167.762,2.6187500000000004,-2.008784985154553
11.1841,167.762,2.621875,-2.0760431762354163
11.1841,167.762,2.625,-2.1287986085173034
11.1841,167.762,2.6281250000000003,-2.166719514484145
11.1841,167.762,2.63125,-2.18453080811602
11.1841,167.762,2.6343750000000004,-2.186264103388379
11.1841,167.762,2.6375,-2.173777749481303
11.1841,167.762,2.640625,-2.146390210158872
11.1841,167.762,2.6437500000000003,-2.1066681063125317
11.1841,167.762,2.646875,-2.0607365499004895
11.1841,167.762,2.6500000000000004,-2.003625686095167
11.1841,167.762,2.653125,-1.944975490209008
11.1841,167.762,2.65625,-1.8827501233517343
11.1841,167.762,2.6593750000000003,-1.8192469365941888
11.1841,167.762,2.6625,-1.7568695538006283
11.1841,167.762,2.6656250000000004,-1.701084691613557
11.1841,167.762,2.66875,-1.6537049891758966
11.1841,167.762,2.671875,-1.6195244569920768
11.1841,167.762,2.6750000000000003,-1.5959260835523987
11.1841,167.762,2.678125,-1.5861530915677067
11.1841,167.762,2.6812500000000004,-1.5932093620834042
11.1841,167.762,2.684375,-1.614728600704273
11.1841,167.762,2.6875,-1.651761811958293
11.1841,167.762,2.6906250000000003,-1.7022280206111922
11.1841,167.762,2.69375,-1.7667007077524046
11.1841,167.762,2.6968750000000004,-1.8404521741902646
11.1841,167.762,2.7,-1.9187316542469763
11.1841,167.762,2.703125,-2.0020873908750354
11.1841,167.762,2.7062500000000003,-2.0826923389084957
11.1841,167.762,2.709375,-2.158146783744455
11.1841,167.762,2.7125000000000004,-2.2248853737637413
11.1841,167.762,2.715625,-2.2787926151783737
11.1841,167.762,2.71875,-2.3231702599760027
11.1841,167.762,2.7218750000000003,-2.3521707625304282
11.1841,167.762,2.725,-2.369125489656677
11.1841,167.762,2.7281250000000004,-2.3736348001078253
11.1841,167.762,2.73125,-2.3697354904627685
11.1841,167.762,2.734375,-2.3558023023574064
11.1841,167.762,2.7375000000000003,-2.3391486676422817
11.1841,167.762,2.740625,-2.319015190814677
11.1841,167.762,2.7437500000000004,-2.2945141654899817
11.1841,167.762,2.746875,-2.2480446915295933
11.1841,167.762,2.75,-2.171155238147186
11.1841,167.762,2.7531250000000003,-2.0841553086746485
11.1841,167.762,2.75625,-1.9943155890269053
11.1841,167.762,2.7593750000000004,-1.9167241936728032
11.1841,167.762,2.7625,-1.8511102062875588
11.1841,167.762,2.765625,-1.8056018295029899
11.1841,167.762,2.7687500000000003,-1.777604483944417
11.1841,167.762,2.771875,-1.769590226195651
11.1841,167.762,2.7750000000000004,-1.778706250013574
11.1841,167.762,2.778125,-1.8027680641990704
11.1841,167.762,2.78125,-1.8450215826351775
11.1841,167.762,2.7843750000000003,-1.8995019032473528
11.1841,167.762,2.7875,-1.9677696238519513
11.1841,167.762,2.7906250000000004,-2.0450384830355253
11.1841,167.762,2.79375,-2.1270928973307033
11.1841,167.762,2.796875,-2.210102507764727
11.1841,167.762,2.8000000000000003,-2.289298756491218
11.1841,167.762,2.803125,-2.3587320202244446
11.1841,167.762,2.8062500000000004,-2.4181418493828146
11.1841,167.762,2.809375,-2.4627035715815513
11.1841,167.762,2.8125,-2.4918721107537305
11.1841,167.762,2.8156250000000003,-2.5037738113355417
11.1841,167.762,2.81875,-2.503998329845371
11.1841,167.762,2.8218750000000004,-2.4895325990051873
11.1841,167.762,2.825,-2.4632536236019114
11.1841,167.762,2.828125,-2.4221427367853883
11.1841,167.762,2.8312500000000003,-2.3763800957056467
11.1841,167.762,2.834375,-2.319745736026451
11.1841,167.762,2.8375000000000004,-2.2607886512101016
11.1841,167.762,2.840625,-2.2010896428560303
11.1841,167.762,2.84375,-2.145802356393263
11.1841,167.762,2.8468750000000003,-2.0927309613054694
11.1841,167.762,2.85,-2.04629086052109
11.1841,167.762,2.8531250000000004,-2.0076004915574446
11.1841,167.762,2.85625,-1.981530902016282
11.1841,167.762,2.859375,-1.9662294474313433
11.1841,167.762,2.8625000000000003,-1.96601840426568
11.1841,167.762,2.865625,-1.9822808368154323
11.1841,167.762,2.8687500000000004,-2.0131562374223924
11.1841,167.762,2.871875,-2.058740023191171
11.1841,167.762,2.875,-2.119066829304043
11.1841,167.762,2.8781250000000003,-2.1910665628546515
11.1841,167.762,2.88125,-2.26977714835008
11.1841,167.762,2.8843750000000004,-2.3486371827461303
11.1841,167.762,2.8875,-2.4297468997650657
11.1841,167.762,2.890625,-2.5093849109781408
11.1841,167.762,2.8937500000000003,-2.582517593900824
11.1841,167.762,2.896875,-2.644908563248014
11.1841,167.762,2.9000000000000004,-2.696503137928374
11.1841,167.762,2.903125,-2.7349533726629516
11.1841,167.762,2.90625,-2.7561498112232483
11.1841,167.762,2.9093750000000003,-2.761279300974477
11.1841,167.762,2.9125,-2.7599181840812665
11.1841,167.762,2.9156250000000004,-2.7400364391875973
11.1841,167.762,2.91875,-2.708289359903276
11.1841,167.762,2.921875,-2.6680049585349117
11.1841,167.762,2.9250000000000003,-2.6243581000573633
11.1841,167.762,2.928125,-2.5625072833568647
11.1841,167.762,2.9312500000000004,-2.4927981909483274
11.1841,167.762,2.934375,-2.4516215672528863
11.1841,167.762,2.9375,-2.3694156416758436
11.1841,167.762,2.9406250000000003,-2.3364500165520568
11.1841,167.762,2.94375,-2.2927299617412364
11.1841,167.762,2.9468750000000004,-2.227490872815348
11.1841,167.762,2.95,-2.2215348845350373
11.1841,167.762,2.953125,-2.2576244985124267
11.1841,167.762,2.9562500000000003,-2.296495974267749
11.1841,167.762,2.959375,-2.1843123437782372
11.1841,167.762,2.9625000000000004,-2.2240884904862304
11.1841,167.762,2.965625,-2.5618582145055893
11.1841,167.762,2.96875,-2.266330624669056
11.1841,167.762,2.9718750000000003,-2.337929840596601
11.1841,167.762,2.975,-2.5889467599062357
11.1841,167.762,2.9781250000000004,-3.3743171644365306
11.1841,167.762,2.98125,-2.900613463813153
11.1841,167.762,2.984375,-2.6216194318827646
11.1841,167.762,2.9875000000000003,-2.6694171946876812
11.1841,167.762,2.990625,-2.7398502351002345
11.1841,167.762,2.9937500000000004,-2.8375734878203107
11.1841,167.762,2.996875,-3.0428395678326474
11.1841,167.762,3,-3.659501228595063
11.1841,167.762,3.0031250000000003,-3.223738338292621
11.1841,167.762,3.00625,-2.8310771166922826
11.1841,167.762,3.0093750000000004,-2.627710095971408
11.1841,167.762,3.0125,-2.5656841929434004
11.1841,167.762,3.015625,-2.5156412621756474
11.1841,167.762,3.0187500000000003,-2.465678462550204
11.1841,167.762,3.021875,-2.488720848148416
11.1841,167.762,3.0250000000000004,-2.399767948732445
11.1841,167.762,3.028125,-2.314687866571879
11.1841,167.762,3.03125,-2.2780794601074565
11.1841,167.762,3.0343750000000003,-2.3048515822679274
11.1841,167.762,3.0375,-2.3662230952332104
11.1841,167.762,3.0406250000000004,-2.558150330849984
11.1841,167.762,3.04375,-3.5003214662671263
11.1841,167.762,3.046875,-4.305883762503029
11.1841,167.762,3.0500000000000003,-3.0067583130138753
11.1841,167.762,3.053125,-3.4061213409675357
11.1841,167.762,3.0562500000000004,-2.9317749652894043
11.1841,167.762,3.059375,-2.6345492899796485
11.1841,167.762,3.0625,-2.5147974512222095
11.1841,167.762,3.0656250000000003,-2.4942127071972906
11.1841,167.762,3.06875,-2.534887541290969
11.1841,167.762,3.0718750000000004,-2.604229746004295
11.1841,167.762,3.075,-2.672119213827806
11.1841,167.762,3.078125,-2.7456937587620174
11.1841,167.762,3.0812500000000003,-2.7999061055020458
11.1841,167.762,3.084375,-2.8237854342480566
11.1841,167.762,3.0875000000000004,-2.8139746512306756
11.1841,167.762,3.090625,-2.8144774652793054
11.1841,167.762,3.09375,-2.811274591699862
11.1841,167.762,3.0968750000000003,-2.8203765459837395
11.1841,167.762,3.1,-2.8001822108867085
11.1841,167.762,3.1031250000000004,-2.754247423063779
11.1841,167.762,3.10625,-2.6968629268597595
11.1841,167.762,3.109375,-2.6373292231959673
11.1841,167.762,3.1125000000000003,-2.57759576686555
11.1841,167.762,3.115625,-2.523001486491056
11.1841,167.762,3.1187500000000004,-2.485310962771791
11.1841,167.762,3.121875,-2.4459829869669396
11.1841,167.762,3.125,-2.4132175671753684
11.1841,167.762,3.1281250000000003,-2.3867872254838995
11.1841,167.762,3.13125,-2.3808317554250986
11.1841,167.762,3.1343750000000004,-2.3855647484671763
11.1841,167.762,3.1375,-2.4886719563655073
11.1841,167.762,3.140625,-2.6269691246375833
11.1841,167.762,3.1437500000000003,-2.515678403650786
11.1841,167.762,3.146875,-2.474643494164113
11.1841,167.762,3.1500000000000004,-2.5188056209564955
11.1841,167.762,3.153125,-2.650957447923755
11.1841,167.762,3.15625,-2.9021723339059182
11.1841,167.762,3.1593750000000003,-2.910391798338411
11.1841,167.762,3.1625,-3.0217870335009476
11.1841,167.762,3.1656250000000004,-3.237703008478556
11.1841,167.762,3.16875,-3.6626844048821603
11.1841,167.762,3.171875,-4.773169214580179
11.1841,167.762,3.1750000000000003,-7.218441517553277
11.1841,167.762,3.178125,-8.93147918041585
11.1841,167.762,3.1812500000000004,-5.716438304158631
11.1841,167.762,3.184375,-4.233394751364841
11.1841,167.762,3.1875,-3.5930822525447614
11.1841,167.762,3.1906250000000003,-3.2435969841937347
11.1841,167.762,3.19375,-3.0394603381417302
11.1841,167.762,3.1968750000000004,-2.9126274419010105
11.1841,167.762,3.2,-2.823112881855907
11.1841,167.762,3.203125,-2.740092331471849
11.1841,167.762,3.2062500000000003,-2.662255648008493
11.1841,167.762,3.209375,-2.5909410896367273
11.1841,167.762,3.2125000000000004,-2.5216486378921905
11.1841,167.762,3.215625,-2.466840719250046
11.1841,167.762,3.21875,-2.445099848905073
11.1841,167.762,3.2218750000000003,-2.466416333764938
11.1841,167.762,3.225,-2.493047127869607
11.1841,167.762,3.2281250000000004,-2.449004309553336
11.1841,167.762,3.23125,-2.4651712013765676
11.1841,167.762,3.234375,-2.497856692151413
11.1841,167.762,3.2375000000000003,-2.5694534431224625
11.1841,167.762,3.240625,-2.6865764419774925
11.1841,167.762,3.2437500000000004,-2.74199726582847
11.1841,167.762,3.246875,-2.7695500340677217
11.1841,167.762,3.25,-2.8281382589015807
11.1841,167.762,3.2531250000000003,-2.8990829232987907
11.1841,167.762,3.25625,-2.9375625494269415
11.1841,167.762,3.2593750000000004,-2.949398024884384
11.1841,167.762,3.2625,-2.951067713573279
11.1841,167.762,3.265625,-2.958031404522721
11.1841,167.762,3.2687500000000003,-2.973232214011499
11.1841,167.762,3.271875,-2.9822765860893146
11.1841,167.762,3.2750000000000004,-2.9724993214564788
11.1841,167.762,3.278125,-2.94532956910221
11.1841,167.762,3.28125,-2.8995955685406596
11.1841,167.762,3.2843750000000003,-2.838802353333813
11.1841,167.762,3.2875,-2.7684671061159
11.1841,167.762,3.2906250000000004,-2.7094367786121465
11.1841,167.762,3.29375,-2.6702001502621657
11.1841,167.762,3.296875,-2.6242100357760463
11.1841,167.762,3.3000000000000003,-2.5683508784190185
11.1841,167.762,3.303125,-2.495301451790065
11.1841,167.762,3.3062500000000004,-2.435658929613747
11.1841,167.762,3.309375,-2.387787194412615
11.1841,167.762,3.3125,-2.3698096032766642
11.1841,167.762,3.3156250000000003,-2.376461432196906
11.1841,167.762,3.31875,-2.3572969146730527
11.1841,167.762,3.3218750000000004,-2.3437834659474306
11.1841,167.762,3.325,-2.3586939877613924
11.1841,167.762,3.328125,-2.3936984939851693
11.1841,167.762,3.3312500000000003,-2.436453249576902
11.1841,167.762,3.334375,-2.4943916250340763
11.1841,167.762,3.3375000000000004,-2.540865428918595
11.1841,167.762,3.340625,-2.585328071356227
11.1841,167.762,3.34375,-2.631804898174213
11.1841,167.762,3.3468750000000003,-2.678969940398691
11.1841,167.762,3.35,-2.725323162021625
11.1841,167.762,3.3531250000000004,-2.7602961498907352
11.1841,167.762,3.35625,-2.778291565998088
11.1841,167.762,3.359375,-2.7852423655645597
11.1841,167.762,3.3625000000000003,-2.7901395285754695
11.1841,167.762,3.365625,-2.782520446779624
11.1841,167.762,3.3687500000000004,-2.754889029301715
11.1841,167.762,3.371875,-2.7277384863159657
11.1841,167.762,3.375,-2.686889910188523
11.1841,167.762,3.3781250000000003,-2.6427783267776404
11.1841,167.762,3.38125,-2.6019040276571603
11.1841,167.762,3.3843750000000004,-2.558404508489984
11.1841,167.762,3.3875,-2.5098119819753313
11.1841,167.762,3.390625,-2.456379338165166
11.1841,167.762,3.3937500000000003,-2.404073340970646
11.1841,167.762,3.396875,-2.3556282164190536
11.1841,167.762,3.4000000000000004,-2.316041142176578
11.1841,167.762,3.403125,-2.289286900968261
11.1841,167.762,3.40625,-2.2808611011676874
11.1841,167.762,3.4093750000000003,-2.2803716290482767
11.1841,167.762,3.4125,-2.2981513977250705
11.1841,167.762,3.4156250000000004,-2.3251902492610785
11.1841,167.762,3.41875,-2.3662531314831745
11.1841,167.762,3.421875,-2.4140084200660255
11.1841,167.762,3.4250000000000003,-2.466392989141048
11.1841,167.762,3.428125,-2.536112549203407
11.1841,167.762,3.4312500000000004,-2.618967038901132
11.1841,167.762,3.434375,-2.6976450381500556
11.1841,167.762,3.4375,-2.7705299750395174
11.1841,167.762,3.4406250000000003,-2.838753502092021
11.1841,167.762,3.44375,-2.879685915566401
11.1841,167.762,3.4468750000000004,-2.9272426751845195
11.1841,167.762,3.45,-2.953532197467678
11.1841,167.762,3.453125,-2.9663349749582784
11.1841,167.762,3.4562500000000003,-2.962577153507642
11.1841,167.762,3.459375,-2.9473426556529523
11.1841,167.762,3.4625000000000004,-2.937600310134401
11.1841,167.762,3.465625,-2.923578258083643
11.1841,167.762,3.46875,-2.9169732736834213
11.1841,167.762,3.4718750000000003,-2.925866385227586
11.1841,167.762,3.475,-2.901131168232067
11.1841,167.762,3.4781250000000004,-2.8887468834837393
11.1841,167.762,3.48125,-2.9146915457766154
11.1841,167.762,3.484375,-2.9583447285114843
11.1841,167.762,3.4875000000000003,-3.0175896032969596
11.1841,167.762,3.490625,-3.0639940169851125
11.1841,167.762,3.4937500000000004,-3.083822899016759
11.1841,167.762,3.496875,-3.129986860306863
11.1841,167.762,3.5,-3.1196547464552786
11.1841,167.762,3.5031250000000003,-3.117701472090772
11.1841,167.762,3.50625,-3.1200584017559057
11.1841,167.762,3.5093750000000004,-3.094402706685152
11.1841,167.762,3.5125,-3.102632341330638
11.1841,167.762,3.515625,-3.179179354129655
11.1841,167.762,3.5187500000000003,-3.238852665263363
11.1841,167.762,3.521875,-3.228801319147436
11.1841,167.762,3.5250000000000004,-3.2411890327042965
11.1841,167.762,3.528125,-3.284175915109947
11.1841,167.762,3.53125,-3.329870703529317
11.1841,167.762,3.5343750000000003,-3.3834446974609778
11.1841,167.762,3.5375,-3.412614060805991
11.1841,167.762,3.5406250000000004,-3.407951779749637
11.1841,167.762,3.54375,-3.403363839014823
11.1841,167.762,3.546875,-3.417564981022927
11.1841,167.762,3.5500000000000003,-3.3776814388217664
11.1841,167.762,3.553125,-3.3272902476521566
11.1841,167.762,3.5562500000000004,-3.280864806800565
11.1841,167.762,3.559375,-3.243650237378277
11.1841,167.762,3.5625,-3.211356131573667
11.1841,167.762,3.5656250000000003,-3.1855463591360795
11.1841,167.762,3.56875,-3.183879119112536
11.1841,167.762,3.5718750000000004,-3.1949883595457784
11.1841,167.762,3.575,-3.2234392252929522
11.1841,167.762,3.5781250000000004,-3.2695769581897665
11.1841,167.762,3.5812500000000003,-3.317081634578942
11.1841,167.762,3.584375,-3.358767379685543
11.1841,167.762,3.5875000000000004,-3.4047592934710917
11.1841,167.762,3.590625,-3.495880382583682
11.1841,167.762,3.5937500000000004,-3.6451829568817686
11.1841,167.762,3.5968750000000003,-3.7682886263392295
11.1841,167.762,3.6,-3.851226874350461
11.1841,167.762,3.6031250000000004,-3.8660625221026876
11.1841,167.762,3.60625,-3.8514239287506786
11.1841,167.762,3.6093750000000004,-3.858196970470551
11.1841,167.762,3.6125000000000003,-3.9510714942543768
11.1841,167.762,3.615625,-4.018147280045135
11.1841,167.762,3.6187500000000004,-3.9722915497898144
11.1841,167.762,3.621875,-3.930190577890205
11.1841,167.762,3.6250000000000004,-3.9633527877759107
11.1841,167.762,3.6281250000000003,-4.100311880437588
11.1841,167.762,3.63125,-4.28259211047349
11.1841,167.762,3.6343750000000004,-4.447610053438794
11.1841,167.762,3.6375,-4.619404435594079
11.1841,167.762,3.6406250000000004,-4.761210793217914
11.1841,167.762,3.6437500000000003,-4.742250264534533
11.1841,167.762,3.646875,-4.575461251447251
11.1841,167.762,3.6500000000000004,-4.396542131391057
11.1841,167.762,3.653125,-4.1904230633322905
11.1841,167.762,3.6562500000000004,-3.9925131642144365
11.1841,167.762,3.6593750000000003,-3.803031361348284
11.1841,167.762,3.6625,-3.6194310978957596
11.1841,167.762,3.6656250000000004,-3.4384464406251607
11.1841,167.762,3.66875,-3.2665560039596553
11.1841,167.762,3.6718750000000004,-3.127081080271104
11.1841,167.762,3.6750000000000003,-3.0134911283051253
11.1841,167.762,3.678125,-2.963477279390376
11.1841,167.762,3.6812500000000004,-2.974703761039187
11.1841,167.762,3.684375,-3.002490761231159
11.1841,167.762,3.6875000000000004,-3.0105274615128046
11.1841,167.762,3.6906250000000003,-3.0038856592239456
11.1841,167.762,3.69375,-2.976968778659954
11.1841,167.762,3.6968750000000004,-2.9546200338931716
11.1841,167.762,3.7,-2.9760931188628086
11.1841,167.762,3.7031250000000004,-3.0123021349305175
11.1841,167.762,3.7062500000000003,-3.0742972293857758
11.1841,167.762,3.709375,-3.136272697730192
11.1841,167.762,3.7125000000000004,-3.196963292871884
11.1841,167.762,3.715625,-3.2265193245827097
11.1841,167.762,3.7187500000000004,-3.235167583325458
11.1841,167.762,3.7218750000000003,-3.245182799458889
11.1841,167.762,3.725,-3.275538923100742
11.1841,167.762,3.7281250000000004,-3.348128756494646
11.1841,167.762,3.73125,-3.4260370828092794
11.1841,167.762,3.7343750000000004,-3.555703501225315
11.1841,167.762,3.7375000000000003,-3.7607832420099023
11.1841,167.762,3.740625,-3.9849916628373494
11.1841,167.762,3.7437500000000004,-4.0224018586099195
11.1841,167.762,3.746875,-3.881186752049298
11.1841,167.762,3.7500000000000004,-3.710869839442132
11.1841,167.762,3.7531250000000003,-3.5123053363078793
11.1841,167.762,3.75625,-3.300411428561617
11.1841,167.762,3.7593750000000004,-3.129623000531734
11.1841,167.762,3.7625,-3.0404143860363453
11.1841,167.762,3.7656250000000004,-3.016753414667839
11.1841,167.762,3.7687500000000003,-3.0047231610979375
11.1841,167.762,3.771875,-2.9970371749628786
11.1841,167.762,3.7750000000000004,-3.0064732272848147
11.1841,167.762,3.778125,-3.026668730210391
11.1841,167.762,3.7812500000000004,-3.100685582947677
11.1841,167.762,3.7843750000000003,-3.257396432189515
11.1841,167.762,3.7875,-3.500714903035682
11.1841,167.762,3.7906250000000004,-3.740862131676667
11.1841,167.762,3.79375,-3.945247581570559
11.1841,167.762,3.7968750000000004,-4.1396574602816845
11.1841,167.762,3.8000000000000003,-4.291375905995324
11.1841,167.762,3.803125,-4.39580264221303
11.1841,167.762,3.8062500000000004,-4.439965102178899
11.1841,167.762,3.809375,-4.451429272568156
11.1841,167.762,3.8125000000000004,-4.452064318469651
11.1841,167.762,3.8156250000000003,-4.485639138623871
11.1841,167.762,3.81875,-4.52977993708815
11.1841,167.762,3.8218750000000004,-4.530527702617012
11.1841,167.762,3.825,-4.522239795531079
11.1841,167.762,3.8281250000000004,-4.505557502000587
11.1841,167.762,3.8312500000000003,-4.497179653434558
11.1841,167.762,3.834375,-4.4913365040955995
11.1841,167.762,3.8375000000000004,-4.4886508561157745
11.1841,167.762,3.840625,-4.502750275925638
11.1841,167.762,3.8437500000000004,-4.539273964359235
11.1841,167.762,3.8468750000000003,-4.555159425424278
11.1841,167.762,3.85,-4.6184497299379785
11.1841,167.762,3.8531250000000004,-4.73002444661509
11.1841,167.762,3.85625,-4.81491922594096
11.1841,167.762,3.8593750000000004,-4.9218166966960535
11.1841,167.762,3.8625000000000003,-5.071525848285374
11.1841,167.762,3.865625,-5.159905325801617
11.1841,167.762,3.8687500000000004,-5.262357747048218
11.1841,167.762,3.871875,-5.41893803194781
11.1841,167.762,3.8750000000000004,-5.626575865664833
11.1841,167.762,3.8781250000000003,-5.815870276737778
11.1841,167.762,3.88125,-5.992621122134727
11.1841,167.762,3.8843750000000004,-6.193286097267303
11.1841,167.762,3.8875,-6.407313411954751
11.1841,167.762,3.8906250000000004,-6.6134125065276494
11.1841,167.762,3.8937500000000003,-6.843766577039846
11.1841,167.762,3.896875,-7.063900118532943
11.1841,167.762,3.9000000000000004,-7.269525264128624
11.1841,167.762,3.903125,-7.4888270477377175
11.1841,167.762,3.9062500000000004,-7.723129524096671
11.1841,167.762,3.9093750000000003,-8.002502763622871
11.1841,167.762,3.9125,-8.345069189167672
11.1841,167.762,3.9156250000000004,-8.687733517954563
11.1841,167.762,3.91875,-8.948411120846691
11.1841,167.762,3.9218750000000004,-9.354443310725031
11.1841,167.762,3.9250000000000003,-9.840472093393661
11.1841,167.762,3.928125,-10.462429345473122
11.1841,167.762,3.9312500000000004,-11.077127543486437
11.1841,167.762,3.934375,-11.226497534847887
11.1841,167.762,3.9375000000000004,-10.598034490194486
11.1841,167.762,3.9406250000000003,-9.984605943001673
11.1841,167.762,3.94375,-9.78912141048152
11.1841,167.762,3.9468750000000004,-9.876828589558128
11.1841,167.762,3.95,-10.294896437243588
11.1841,167.762,3.9531250000000004,-11.057463879442418
11.1841,167.762,3.9562500000000003,-11.785589816792877
11.1841,167.762,3.959375,-12.532253582941184
11.1841,167.762,3.9625000000000004,-13.639309612384789
11.1841,167.762,3.965625,-14.381069213296618
11.1841,167.762,3.9687500000000004,-14.827774552512361
11.1841,167.762,3.9718750000000003,-15.36110777759394
11.1841,167.762,3.975,-15.765377796592757
11.1841,167.762,3.9781250000000004,-16.03581562668062
11.1841,167.762,3.98125,-16.362470059252274
11.1841,167.762,3.9843750000000004,-17.200959764181228
11.1841,167.762,3.9875000000000003,-19.071175744109684
11.1841,167.762,3.990625,-21.56325290495684
11.1841,167.762,3.9937500000000004,-26.176604117805642
11.1841,167.762,3.996875,-27.340822926536973
11.1841,167.762,4,-25.777165764016317
11.1841,167.762,4.003125,-24.937375594452405
11.1841,167.762,4.0062500000000005,-25.844685320234433
11.1841,167.762,4.009375,-26.505531838481204
11.1841,167.762,4.0125,-26.711226206768636
11.1841,167.762,4.015625,-23.95978483973799
11.1841,167.762,4.01875,-21.332377697460842
11.1841,167.762,4.0218750000000005,-20.393078666350775
11.1841,167.762,4.025,-20.7476093256711
11.1841,167.762,4.028125,-21.4857766878142
11.1841,167.762,4.03125,-21.862541114991153
11.1841,167.762,4.034375,-22.39243295463103
11.1841,167.762,4.0375000000000005,-22.831209763814137
11.1841,167.762,4.040625,-23.01119651720026
11.1841,167.762,4.04375,-22.73601284219714
11.1841,167.762,4.046875,-21.67240846453451
11.1841,167.762,4.05,-19.357019486671128
11.1841,167.762,4.0531250000000005,-17.42235183229683
11.1841,167.762,4.05625,-16.391213429675048
11.1841,167.762,4.059375,-15.951980925601703
11.1841,167.762,4.0625,-15.682680759151054
11.1841,167.762,4.065625,-15.813578380739655
11.1841,167.762,4.0687500000000005,-15.86531134208645
11.1841,167.762,4.071875,-15.334133336260907
11.1841,167.762,4.075,-14.843285187743486
11.1841,167.762,4.078125,-14.375061294147905
11.1841,167.762,4.08125,-14.438582362388072
11.1841,167.762,4.0843750000000005,-14.388258474249024
11.1841,167.762,4.0875,-13.878351321019771
11.1841,167.762,4.090625,-13.03829299532142
11.1841,167.762,4.09375,-12.232911630499794
11.1841,167.762,4.096875,-11.621725794338449
11.1841,167.762,4.1000000000000005,-10.853302889878435
11.1841,167.762,4.103125,-10.082343989269411
11.1841,167.762,4.10625,-9.417890123552805
11.1841,167.762,4.109375,-8.930062970049818
11.1841,167.762,4.1125,-8.467836677752405
11.1841,167.762,4.1156250000000005,-8.046173274827343
11.1841,167.762,4.11875,-7.8070361208310555
11.1841,167.762,4.121875,-7.6746093987046216
11.1841,167.762,4.125,-7.583234078558641
11.1841,167.762,4.128125,-7.590284503603012
11.1841,167.762,4.1312500000000005,-7.59875966043587
11.1841,167.762,4.134375,-7.618612363861209
11.1841,167.762,4.1375,-7.655414564632598
11.1841,167.762,4.140625,-7.6350109977523575
11.1841,167.762,4.14375,-7.6752559847529795
11.1841,167.762,4.1468750000000005,-7.733474645243687
11.1841,167.762,4.15,-7.791328353284151
11.1841,167.762,4.153125,-7.83944469823293
11.1841,167.762,4.15625,-7.821395787964253
11.1841,167.762,4.159375,-7.774595495150974
11.1841,167.762,4.1625000000000005,-7.738571949216659
11.1841,167.762,4.165625,-7.73093184584437
11.1841,167.762,4.16875,-7.755918228033765
11.1841,167.762,4.171875,-7.8004622017077105
11.1841,167.762,4.175,-7.788951768953407
11.1841,167.762,4.1781250000000005,-7.780288668338788
11.1841,167.762,4.18125,-7.780071960140341
11.1841,167.762,4.184375,-7.748337576808134
11.1841,167.762,4.1875,-7.654572240107732
11.1841,167.762,4.190625,-7.52451899083526
11.1841,167.762,4.1937500000000005,-7.358733285155669
11.1841,167.762,4.196875,-7.220272818708022
11.1841,167.762,4.2,-7.208978204841734
11.1841,167.762,4.203125,-7.1810063315044985
11.1841,167.762,4.20625,-7.219900185093341
11.1841,167.762,4.2093750000000005,-7.333405743332021
11.1841,167.762,4.2125,-7.754392638896821
11.1841,167.762,4.215625,-8.332912620546173
11.1841,167.762,4.21875,-8.905754391439794
11.1841,167.762,4.221875,-9.321915128110827
11.1841,167.762,4.2250000000000005,-9.727669737170146
11.1841,167.762,4.228125,-10.028470449402851
11.1841,167.762,4.23125,-10.221723139444773
11.1841,167.762,4.234375,-10.461306542813833
11.1841,167.762,4.2375,-10.594580204237776
11.1841,167.762,4.2406250000000005,-10.80350983460226
11.1841,167.762,4.24375,-10.758349208517718
11.1841,167.762,4.246875,-10.448896019826337
11.1841,167.762,4.25,-10.28064905751626
11.1841,167.762,4.253125,-10.210846798769024
11.1841,167.762,4.2562500000000005,-10.225597673092835
11.1841,167.762,4.259375,-10.271429385682051
11.1841,167.762,4.2625,-10.369286856544065
11.1841,167.762,4.265625,-10.300677736546763
11.1841,167.762,4.26875,-10.041531602252014
11.1841,167.762,4.2718750000000005,-9.64160209214674
11.1841,167.762,4.275,-9.243475000470307
11.1841,167.762,4.278125,-8.978687412470812
11.1841,167.762,4.28125,-8.843089674120037
11.1841,167.762,4.284375000000001,-8.763485983263038
11.1841,167.762,4.2875000000000005,-8.758027693105076
11.1841,167.762,4.290625,-8.883066861091248
11.1841,167.762,4.29375,-9.189864086315264
11.1841,167.762,4.296875,-9.542854704127699
11.1841,167.762,4.300000000000001,-10.028670150981851
11.1841,167.762,4.3031250000000005,-11.064211477982562
11.1841,167.762,4.30625,-13.031544410975348
11.1841,167.762,4.309375,-15.079820523783294
11.1841,167.762,4.3125,-16.796367688754465
11.1841,167.762,4.315625000000001,-18.353553545468216
11.1841,167.762,4.3187500000000005,-19.29570553046204
11.1841,167.762,4.321875,-19.28980186602806
11.1841,167.762,4.325,-18.034746398083414
11.1841,167.762,4.328125,-16.005165147281378
11.1841,167.762,4.331250000000001,-14.088318737861966
11.1841,167.762,4.3343750000000005,-12.740848575868146
11.1841,167.762,4.3375,-11.882620287557359
11.1841,167.762,4.340625,-11.324985118820399
11.1841,167.762,4.34375,-10.897833720742442
11.1841,167.762,4.346875000000001,-10.308955661997949
11.1841,167.762,4.3500000000000005,-9.798105743390792
11.1841,167.762,4.353125,-9.608649965158456
11.1841,167.762,4.35625,-9.419235754571773
11.1841,167.762,4.359375,-9.0450091885918
11.1841,167.762,4.362500000000001,-8.892187246610947
11.1841,167.762,4.3656250000000005,-8.923041325573264
11.1841,167.762,4.36875,-8.283517300158325
11.1841,167.762,4.371875,-7.8178596701425125
11.1841,167.762,4.375,-7.544306595395528
11.1841,167.762,4.378125000000001,-7.386721066767165
11.1841,167.762,4.3812500000000005,-7.255084416872078
11.1841,167.762,4.384375,-7.203211627649128
11.1841,167.762,4.3875,-7.2021162844502795
11.1841,167.762,4.390625,-7.390723769562314
11.1841,167.762,4.393750000000001,-7.793647607121562
11.1841,167.762,4.3968750000000005,-8.021533838708997
11.1841,167.762,4.4,-8.006366616933834
11.1841,167.762,4.403125,-7.771586661118396
11.1841,167.762,4.40625,-7.67034061251978
11.1841,167.762,4.409375000000001,-7.846512740410278
11.1841,167.762,4.4125000000000005,-8.30666059818437
11.1841,167.762,4.415625,-9.16438119184746
11.1841,167.762,4.41875,-9.490426768527072
11.1841,167.762,4.421875,-10.443678116511661
11.1841,167.762,4.425000000000001,-11.267201847182974
11.1841,167.762,4.4281250000000005,-10.827849805316301
11.1841,167.762,4.43125,-10.004352825012827
11.1841,167.762,4.434375,-9.621319838514772
11.1841,167.762,4.4375,-9.272033344301365
11.1841,167.762,4.440625000000001,-9.425236062843716
11.1841,167.762,4.4437500000000005,-9.585112218602674
11.1841,167.762,4.446875,-9.248406379150673
11.1841,167.762,4.45,-9.169974252020436
11.1841,167.762,4.453125,-9.466350813753346
11.1841,167.762,4.456250000000001,-8.944535677487801
11.1841,167.762,4.4593750000000005,-8.699443161356456
11.1841,167.762,4.4625,-8.107900767395105
11.1841,167.762,4.465625,-8.212660582672868
11.1841,167.762,4.46875,-7.919432566114838
11.1841,167.762,4.471875000000001,-7.437663426089168
11.1841,167.762,4.4750000000000005,-7.220031993312612
11.1841,167.762,4.478125,-7.896024119104857
11.1841,167.762,4.48125,-7.803991663498664
11.1841,167.762,4.484375,-7.488465587522304
11.1841,167.762,4.487500000000001,-7.513848230911435
11.1841,167.762,4.4906250000000005,-7.585198707264716
11.1841,167.762,4.49375,-7.505270551989748
11.1841,167.762,4.496875,-7.494763636087688
11.1841,167.762,4.5,-7.889209528389061
11.1841,167.762,4.503125000000001,-7.824713080649258
11.1841,167.762,4.5062500000000005,-7.911252215364657
11.1841,167.762,4.509375,-8.014486394006738
11.1841,167.762,4.5125,-8.103776831582124
11.1841,167.762,4.515625,-8.142613491411847
11.1841,167.762,4.518750000000001,-8.18888816796761
11.1841,167.762,4.5218750000000005,-8.186336171682713
11.1841,167.762,4.525,-8.148726296859952
11.1841,167.762,4.528125,-8.080924201752943
11.1841,167.762,4.53125,-7.971942304987028
11.1841,167.762,4.534375000000001,-7.855578167101498
11.1841,167.762,4.5375000000000005,-7.759764409036013
11.1841,167.762,4.540625,-7.7002006608422
11.1841,167.762,4.54375,-7.570126057849782
11.1841,167.762,4.546875,-7.298904707249888
11.1841,167.762,4.550000000000001,-7.00768746851805
11.1841,167.762,4.5531250000000005,-6.742986458452017
11.1841,167.762,4.55625,-6.507595378660475
11.1841,167.762,4.559375,-6.320211953113862
11.1841,167.762,4.5625,-6.161340434075378
11.1841,167.762,4.565625000000001,-6.030668408957808
11.1841,167.762,4.5687500000000005,-5.911751779755101
11.1841,167.762,4.571875,-5.815475283125582
11.1841,167.762,4.575,-5.739350503250914
11.1841,167.762,4.578125,-5.6944492716383
11.1841,167.762,4.581250000000001,-5.674751011106929
11.1841,167.762,4.5843750000000005,-5.680827876012669
11.1841,167.762,4.5875,-5.705427026220303
11.1841,167.762,4.590625,-5.7539390070967
11.1841,167.762,4.59375,-5.813837448795973
11.1841,167.762,4.596875000000001,-5.889380595402916
11.1841,167.762,4.6000000000000005,-5.968614206563888
11.1841,167.762,4.603125,-6.051252105475482
11.1841,167.762,4.60625,-6.1200609412049545
11.1841,167.762,4.609375,-6.185514171561637
11.1841,167.762,4.612500000000001,-6.225674610571456
11.1841,167.762,4.6156250000000005,-6.254728918901286
11.1841,167.762,4.61875,-6.255187463785033
11.1841,167.762,4.621875,-6.230296832483404
11.1841,167.762,4.625,-6.178888403566304
11.1841,167.762,4.628125000000001,-6.097635376441324
11.1841,167.762,4.6312500000000005,-5.999936643658886
11.1841,167.762,4.634375,-5.875493189624327
11.1841,167.762,4.6375,-5.741690567485755
11.1841,167.762,4.640625,-5.601298992600587
11.1841,167.762,4.643750000000001,-5.456428714259597
11.1841,167.762,4.6468750000000005,-5.311978266662081
11.1841,167.762,4.65,-5.173787008360469
11.1841,167.762,4.653125,-5.049123215147557
11.1841,167.762,4.65625,-4.9254999035542575
11.1841,167.762,4.659375000000001,-4.828184101115307
11.1841,167.762,4.6625000000000005,-4.739590852053127
11.1841,167.762,4.665625,-4.665811842166993
11.1841,167.762,4.66875,-4.6089757909441795
11.1841,167.762,4.671875,-4.574672625276209
11.1841,167.762,4.675000000000001,-4.549001216812306
11.1841,167.762,4.6781250000000005,-4.530063414123355
11.1841,167.762,4.68125,-4.529742322458181
11.1841,167.762,4.684375,-4.613876772785846
11.1841,167.762,4.6875,-4.708384889554661
11.1841,167.762,4.690625000000001,-4.775199534079658
11.1841,167.762,4.6937500000000005,-4.833007536201871
11.1841,167.762,4.696875,-4.8844121181648354
11.1841,167.762,4.7,-4.916627190335184
11.1841,167.762,4.703125,-4.938859023884241
11.1841,167.762,4.706250000000001,-4.933424042109223
11.1841,167.762,4.7093750000000005,-4.897281365361351
11.1841,167.762,4.7125,-4.8407788890072805
11.1841,167.762,4.715625,-4.756859176848993
11.1841,167.762,4.71875,-4.646816585327145
11.1841,167.762,4.721875000000001,-4.513239542551021
11.1841,167.762,4.7250000000000005,-4.374628331851343
11.1841,167.762,4.728125,-4.2310147299988525
11.1841,167.762,4.73125,-4.079770394748051
11.1841,167.762,4.734375,-3.9374176747207983
11.1841,167.762,4.737500000000001,-3.8042212121391064
11.1841,167.762,4.7406250000000005,-3.6814736072612715
11.1841,167.762,4.74375,-3.5741477631265606
11.1841,167.762,4.746875,-3.476704194796426
11.1841,167.762,4.75,-3.395266829979231
11.1841,167.762,4.753125000000001,-3.3326358791207475
11.1841,167.762,4.7562500000000005,-3.2758204690187327
11.1841,167.762,4.759375,-3.2412105365529102
11.1841,167.762,4.7625,-3.219034029521075
11.1841,167.762,4.765625,-3.2087913953149183
11.1841,167.762,4.768750000000001,-3.2148574134807957
11.1841,167.762,4.7718750000000005,-3.228862230664762
11.1841,167.762,4.775,-3.262501232666826
11.1841,167.762,4.778125,-3.294491346387371
11.1841,167.762,4.78125,-3.342281286766627
11.1841,167.762,4.784375000000001,-3.401077951800623
11.1841,167.762,4.7875000000000005,-3.4558343298959793
11.1841,167.762,4.790625,-3.515404346216631
11.1841,167.762,4.79375,-3.572226570676321
11.1841,167.762,4.796875,-3.6228314724531074
11.1841,167.762,4.800000000000001,-3.6521977358361264
11.1841,167.762,4.8031250000000005,-3.6726672348645555
11.1841,167.762,4.80625,-3.671687924643501
11.1841,167.762,4.809375,-3.6620822241065265
11.1841,167.762,4.8125,-3.6196595921357675
11.1841,167.762,4.815625000000001,-3.5702332558731693
11.1841,167.762,4.8187500000000005,-3.51009206762836
11.1841,167.762,4.821875,-3.4401335042738324
11.1841,167.762,4.825,-3.366979561334225
11.1841,167.762,4.828125,-3.2937611375730604
11.1841,167.762,4.831250000000001,-3.225839211314528
11.1841,167.762,4.8343750000000005,-3.166543868648527
11.1841,167.762,4.8375,-3.118017359912262
11.1841,167.762,4.840625,-3.085283843872322
11.1841,167.762,4.84375,-3.066793351729612
11.1841,167.762,4.846875000000001,-3.0622096580574283
11.1841,167.762,4.8500000000000005,-3.070568609839734
11.1841,167.762,4.853125,-3.0945324969891246
11.1841,167.762,4.85625,-3.1303070832235926
11.1841,167.762,4.859375,-3.1816775540708555
11.1841,167.762,4.862500000000001,-3.244471341038437
11.1841,167.762,4.8656250000000005,-3.317155459015794
11.1841,167.762,4.86875,-3.4027030197542545
11.1841,167.762,4.871875,-3.4910758249061886
11.1841,167.762,4.875,-3.5793605987766526
11.1841,167.762,4.878125000000001,-3.6699615681512987
11.1841,167.762,4.8812500000000005,-3.7492972898264068
11.1841,167.762,4.884375,-3.826708237087157
11.1841,167.762,4.8875,-3.888414421794823
11.1841,167.762,4.890625,-3.9270972615718946
11.1841,167.762,4.893750000000001,-3.9497383470338834
11.1841,167.762,4.8968750000000005,-3.9510457929408793
11.1841,167.762,4.9,-3.9261709101868525
11.1841,167.762,4.903125,-3.883138219933106
11.1841,167.762,4.90625,-3.8184261792607543
11.1841,167.762,4.909375000000001,-3.745955355329719
11.1841,167.762,4.9125000000000005,-3.6599637862695698
11.1841,167.762,4.915625,-3.5726845965846277
11.1841,167.762,4.91875,-3.483034316177272
11.1841,167.762,4.921875,-3.3992283102084704
11.1841,167.762,4.925000000000001,-3.32100771495851
11.1841,167.762,4.9281250000000005,-3.2502596808817907
11.1841,167.762,4.93125,-3.1938553079816607
11.1841,167.762,4.934375,-3.1508270722174636
11.1841,167.762,4.9375,-3.125827086750905
11.1841,167.762,4.940625000000001,-3.120096507942251
11.1841,167.762,4.9437500000000005,-3.1319265552972193
11.1841,167.762,4.946875,-3.1570567575430273
11.1841,167.762,4.95,-3.200634415585288
11.1841,167.762,4.953125,-3.2618190250794155
11.1841,167.762,4.956250000000001,-3.3337201056915733
11.1841,167.762,4.9593750000000005,-3.4154890706028818
11.1841,167.762,4.9625,-3.5154100731418185
11.1841,167.762,4.965625,-3.6191097271162183
11.1841,167.762,4.96875,-3.7307364601454274
11.1841,167.762,4.971875000000001,-3.8348138675205816
11.1841,167.762,4.9750000000000005,-3.937275346954006
11.1841,167.762,4.978125,-4.027541070072317
11.1841,167.762,4.98125,-4.108500958534098
11.1841,167.762,4.984375,-4.171067971721003
11.1841,167.762,4.987500000000001,-4.209489007575767
11.1841,167.762,4.9906250000000005,-4.224278072617368
11.1841,167.762,4.99375,-4.209963628948966
11.1841,167.762,4.996875,-4.177347650671233
11.1841,167.762,5,-4.1309465942478045
11.1841,167.762,5.003125000000001,-4.0615833116561815
11.1841,167.762,5.0062500000000005,-4.013810385243219
11.1841,167.762,5.009375,-3.9528665977541233
11.1841,167.762,5.0125,-3.900996408345037
11.1841,167.762,5.015625,-3.849665385971443
11.1841,167.762,5.018750000000001,-3.810794611588471
11.1841,167.762,5.0218750000000005,-3.7811688197898032
11.1841,167.762,5.025,-3.7622311969421114
11.1841,167.762,5.028125,-3.7632848138262527
11.1841,167.762,5.03125,-3.776760875160094
11.1841,167.762,5.034375000000001,-3.8097444343951103
11.1841,167.762,5.0375000000000005,-3.8647756277458583
11.1841,167.762,5.040625,-3.9309806962609253
11.1841,167.762,5.04375,-4.016354194449129
11.1841,167.762,5.046875,-4.119879082090538
11.1841,167.762,5.050000000000001,-4.236409415671571
11.1841,167.762,5.0531250000000005,-4.368581467372495
11.1841,167.762,5.05625,-4.508965218021928
11.1841,167.762,5.059375,-4.658600591552006
11.1841,167.762,5.0625,-4.81314469532985
11.1841,167.762,5.065625000000001,-4.962505251237977
11.1841,167.762,5.0687500000000005,-5.0955073475259045
11.1841,167.762,5.071875,-5.214874690956204
11.1841,167.762,5.075,-5.310021728853236
11.1841,167.762,5.078125,-5.381287221088483
11.1841,167.762,5.081250000000001,-5.394447270554399
11.1841,167.762,5.0843750000000005,-5.3794713578766995
11.1841,167.762,5.0875,-5.330096969690029
11.1841,167.762,5.090625,-5.252822676292027
11.1841,167.762,5.09375,-5.1498881832052215
11.1841,167.762,5.096875000000001,-5.038539113577992
11.1841,167.762,5.1000000000000005,-4.93058713875013
11.1841,167.762,5.103125,-4.822522662629066
11.1841,167.762,5.10625,-4.695514849898394
11.1841,167.762,5.109375,-4.5592261325143895
11.1841,167.762,5.112500000000001,-4.42461656867933
11.1841,167.762,5.1156250000000005,-4.32455363730572
11.1841,167.762,5.11875,-4.24930095553375
11.1841,167.762,5.121875,-4.204531001484934
11.1841,167.762,5.125,-4.180592609847627
11.1841,167.762,5.128125000000001,-4.183334420779456
11.1841,167.762,5.1312500000000005,-4.205869593810445
11.1841,167.762,5.134375,-4.246566336943686
11.1841,167.762,5.1375,-4.300396098001692
11.1841,167.762,5.140625,-4.377713492374545
11.1841,167.762,5.143750000000001,-4.461067730840495
11.1841,167.762,5.1468750000000005,-4.558736209252169
11.1841,167.762,5.15,-4.661126114757788
11.1841,167.762,5.153125,-4.766943164002338
11.1841,167.762,5.15625,-4.880748778075109
11.1841,167.762,5.159375000000001,-4.988249601934002
11.1841,167.762,5.1625000000000005,-5.085539570145279
11.1841,167.762,5.165625,-5.177819067813498
11.1841,167.762,5.16875,-5.246695402795774
11.1841,167.762,5.171875,-5.293396833887105
11.1841,167.762,5.175000000000001,-5.318910192887293
11.1841,167.762,5.1781250000000005,-5.313664884022411
11.1841,167.762,5.18125,-5.278460899152125
11.1841,167.762,5.184375,-5.219239652512434
11.1841,167.762,5.1875,-5.148130937330083
11.1841,167.762,5.190625000000001,-5.0596933824173895
11.1841,167.762,5.1937500000000005,-4.969826612616302
11.1841,167.762,5.196875,-4.8836069707714715
11.1841,167.762,5.2,-4.803341922675338
11.1841,167.762,5.203125,-4.7316941363258085
11.1841,167.762,5.206250000000001,-4.6724903216393345
11.1841,167.762,5.2093750000000005,-4.623763234639959
11.1841,167.762,5.2125,-4.59378906831747
11.1841,167.762,5.215625,-4.578384361840709
11.1841,167.762,5.21875,-4.593725982829538
11.1841,167.762,5.221875000000001,-4.648485328898201
11.1841,167.762,5.2250000000000005,-4.71419509206008
11.1841,167.762,5.228125,-4.813194785803737
11.1841,167.762,5.23125,-4.949571107532607
11.1841,167.762,5.234375,-5.101567534082449
11.1841,167.762,5.237500000000001,-5.285758153380522
11.1841,167.762,5.2406250000000005,-5.498508833699775
11.1841,167.762,5.24375,-5.740020702712458
11.1841,167.762,5.246875,-6.01161095029587
11.1841,167.762,5.25,-6.304614244781374
11.1841,167.762,5.253125000000001,-6.672761812863723
11.1841,167.762,5.2562500000000005,-7.12002276620047
11.1841,167.762,5.259375,-7.735543165089935
11.1841,167.762,5.2625,-8.70780937725987
11.1841,167.762,5.265625,-10.230835661606267
11.1841,167.762,5.268750000000001,-11.269601179018771
11.1841,167.762,5.2718750000000005,-9.897435227570066
11.1841,167.762,5.275,-8.287657017150437
11.1841,167.762,5.278125,-7.3555944163388665
11.1841,167.762,5.28125,-6.799340054031525
11.1841,167.762,5.284375000000001,-6.414314318275048
11.1841,167.762,5.2875000000000005,-6.108816182331242
11.1841,167.762,5.290625,-5.8543435533372925
11.1841,167.762,5.29375,-5.627781009188936
11.1841,167.762,5.296875,-5.447289801976202
11.1841,167.762,5.300000000000001,-5.296826125939508
11.1841,167.762,5.3031250000000005,-5.17754187342928
11.1841,167.762,5.30625,-5.089926285306721
11.1841,167.762,5.309375,-5.030323652332714
11.1841,167.762,5.3125,-5.00281896499521
11.1841,167.762,5.315625000000001,-4.993897480213277
11.1841,167.762,5.3187500000000005,-5.010783565275522
11.1841,167.762,5.321875,-5.055428121343589
11.1841,167.762,5.325,-5.115985068444894
11.1841,167.762,5.328125,-5.188109651884899
11.1841,167.762,5.331250000000001,-5.273435015693483
11.1841,167.762,5.3343750000000005,-5.360200636724381
11.1841,167.762,5.3375,-5.447289839267459
11.1841,167.762,5.340625,-5.539200861715592
11.1841,167.762,5.34375,-5.631486449468018
11.1841,167.762,5.346875000000001,-5.710432541598943
11.1841,167.762,5.3500000000000005,-5.7753333396442885
11.1841,167.762,5.353125,-5.819793017985752
11.1841,167.762,5.35625,-5.8401386605081544
11.1841,167.762,5.359375,-5.819558316655318
11.1841,167.762,5.362500000000001,-5.763929367608683
11.1841,167.762,5.3656250000000005,-5.687998572345741
11.1841,167.762,5.36875,-5.572911852098642
11.1841,167.762,5.371875,-5.448242453063036
11.1841,167.762,5.375,-5.30736981960254
11.1841,167.762,5.378125000000001,-5.1645867820868006
11.1841,167.762,5.3812500000000005,-5.026998579775209
11.1841,167.762,5.384375,-4.901214664082027
11.1841,167.762,5.3875,-4.796469612593181
11.1841,167.762,5.390625,-4.706823160471586
11.1841,167.762,5.393750000000001,-4.635109607373083
11.1841,167.762,5.3968750000000005,-4.589050138375475
11.1841,167.762,5.4,-4.56997957549108
11.1841,167.762,5.403125,-4.572562087931588
11.1841,167.762,5.40625,-4.5925185683621566
11.1841,167.762,5.409375000000001,-4.635930152621639
11.1841,167.762,5.4125000000000005,-4.702832816672743
11.1841,167.762,5.415625,-4.787982145688125
11.1841,167.762,5.41875,-4.886098812339646
11.1841,167.762,5.421875,-5.00813476680336
11.1841,167.762,5.425000000000001,-5.141364918203303
11.1841,167.762,5.4281250000000005,-5.286138285650277
11.1841,167.762,5.43125,-5.440721872296718
11.1841,167.762,5.434375,-5.595970047098277
11.1841,167.762,5.4375,-5.745875992401993
11.1841,167.762,5.440625000000001,-5.878886757180618
11.1841,167.762,5.4437500000000005,-6.003473241117668
11.1841,167.762,5.446875,-6.084810860946201
11.1841,167.762,5.45,-6.131247291888039
11.1841,167.762,5.453125,-6.141489948286872
11.1841,167.762,5.456250000000001,-6.112893558807273
11.1841,167.762,5.4593750000000005,-6.0444219355617355
11.1841,167.762,5.4625,-5.941301587849553
11.1841,167.762,5.465625,-5.808076708775492
11.1841,167.762,5.46875,-5.656452981819515
11.1841,167.762,5.471875000000001,-5.48569000854223
11.1841,167.762,5.4750000000000005,-5.3286279156233505
11.1841,167.762,5.478125,-5.173607744066273
11.1841,167.762,5.48125,-5.036686251959361
11.1841,167.762,5.484375,-4.91307218502519
11.1841,167.762,5.487500000000001,-4.819599859970255
11.1841,167.762,5.4906250000000005,-4.752342573388367
11.1841,167.762,5.49375,-4.7132215508530475
11.1841,167.762,5.496875,-4.697325072240414
11.1841,167.762,5.5,-4.709579365718248
11.1841,167.762,5.503125000000001,-4.744389559684722
11.1841,167.762,5.5062500000000005,-4.7973970144201195
11.1841,167.762,5.509375,-4.86490214862957
11.1841,167.762,5.5125,-4.94959718204636
11.1841,167.762,5.515625,-5.032876045931127
11.1841,167.762,5.518750000000001,-5.121439293575585
11.1841,167.762,5.5218750000000005,-5.209660748399129
11.1841,167.762,5.525,-5.285319776377175
11.1841,167.762,5.528125,-5.345460346556057
11.1841,167.762,5.53125,-5.380787712744879
11.1841,167.762,5.534375000000001,-5.3981707057002515
11.1841,167.762,5.5375000000000005,-5.3882599053162386
11.1841,167.762,5.540625,-5.350138062203618
11.1841,167.762,5.54375,-5.280208916301614
11.1841,167.762,5.546875,-5.18532390810062
11.1841,167.762,5.550000000000001,-5.067791484227283
11.1841,167.762,5.5531250000000005,-4.929222554662802
11.1841,167.762,5.55625,-4.784759778867951
11.1841,167.762,5.559375,-4.63962186004241
11.1841,167.762,5.5625,-4.494661557298762
11.1841,167.762,5.565625000000001,-4.3597181151234645
11.1841,167.762,5.5687500000000005,-4.238951599468772
11.1841,167.762,5.571875,-4.12891957623484
11.1841,167.762,5.575,-4.044377615289061
11.1841,167.762,5.578125,-3.9835568135641393
11.1841,167.762,5.581250000000001,-3.942309262806944
11.1841,167.762,5.5843750000000005,-3.918941801197111
11.1841,167.762,5.5875,-3.9233948224269604
11.1841,167.762,5.590625,-3.951736624307772
11.1841,167.762,5.59375,-4.0021171671452755
11.1841,167.762,5.596875000000001,-4.069286294922226
11.1841,167.762,5.6000000000000005,-4.158834054890642
11.1841,167.762,5.603125,-4.257784415916582
11.1841,167.762,5.60625,-4.372249153421094
11.1841,167.762,5.609375,-4.498699254887458
11.1841,167.762,5.612500000000001,-4.628789421253667
11.1841,167.762,5.6156250000000005,-4.75423864121335
11.1841,167.762,5.61875,-4.873478460547645
11.1841,167.762,5.621875,-4.976708320978144
11.1841,167.762,5.625,-5.0617422908305345
11.1841,167.762,5.628125000000001,-5.1141976099753395
11.1841,167.762,5.6312500000000005,-5.135587312305747
11.1841,167.762,5.634375,-5.116027238480213
11.1841,167.762,5.6375,-5.056725338970276
11.1841,167.762,5.640625,-4.972141725976836
11.1841,167.762,5.643750000000001,-4.858029910255478
11.1841,167.762,5.6468750000000005,-4.717023180728123
11.1841,167.762,5.65,-4.568568298551358
11.1841,167.762,5.653125,-4.420260573166378
11.1841,167.762,5.65625,-4.276441506654221
11.1841,167.762,5.659375000000001,-4.1462478475077065
11.1841,167.762,5.6625000000000005,-4.029139172943323
11.1841,167.762,5.665625,-3.9347026332131603
11.1841,167.762,5.66875,-3.870905250728272
11.1841,167.762,5.671875,-3.8165531269046764
11.1841,167.762,5.675000000000001,-3.7868697016407307
11.1841,167.762,5.6781250000000005,-3.780641199271554
11.1841,167.762,5.68125,-3.7997487394770824
11.1841,167.762,5.684375,-3.8317013968919666
11.1841,167.762,5.6875,-3.873560970589675
11.1841,167.762,5.690625000000001,-3.941231803716285
11.1841,167.762,5.6937500000000005,-4.013299916121255
11.1841,167.762,5.696875,-4.082060175412867
11.1841,167.762,5.7,-4.149958341679085
11.1841,167.762,5.703125,-4.228318727562575
11.1841,167.762,5.706250000000001,-4.284057110607549
11.1841,167.762,5.7093750000000005,-4.325698064175106
11.1841,167.762,5.7125,-4.355146618848954
11.1841,167.762,5.715625,-4.360325349411845
11.1841,167.762,5.71875,-4.339943677020745
11.1841,167.762,5.721875000000001,-4.289575884892204
11.1841,167.762,5.7250000000000005,-4.216904309125312
11.1841,167.762,5.728125,-4.110309777117351
11.1841,167.762,5.73125,-3.9866886773127326
11.1841,167.762,5.734375,-3.837777785402852
11.1841,167.762,5.737500000000001,-3.685706591265224
11.1841,167.762,5.7406250000000005,-3.5251260897726904
11.1841,167.762,5.74375,-3.3767114300324677
11.1841,167.762,5.746875,-3.2330843358452634
11.1841,167.762,5.75,-3.103321654125049
11.1841,167.762,5.753125000000001,-2.9949821863022024
11.1841,167.762,5.7562500000000005,-2.913560442514262
11.1841,167.762,5.759375,-2.8509589309976247
11.1841,167.762,5.7625,-2.820240606544371
11.1841,167.762,5.765625,-2.8034786909521943
11.1841,167.762,5.768750000000001,-2.8197389757436957
11.1841,167.762,5.7718750000000005,-2.8557978657858096
11.1841,167.762,5.775,-2.905109738726072
11.1841,167.762,5.778125,-2.9802497876803202
11.1841,167.762,5.78125,-3.058171073080431
11.1841,167.762,5.784375000000001,-3.1511677260735023
11.1841,167.762,5.7875000000000005,-3.25577545929841
11.1841,167.762,5.790625,-3.3515538383690098
11.1841,167.762,5.79375,-3.446427978823845
11.1841,167.762,5.796875,-3.5311172854270847
11.1841,167.762,5.800000000000001,-3.6013790805788455
11.1841,167.762,5.8031250000000005,-3.6544318027175966
11.1841,167.762,5.80625,-3.68841744982588
11.1841,167.762,5.809375,-3.693606023016154
11.1841,167.762,5.8125,-3.678238070807891
11.1841,167.762,5.815625000000001,-3.6348599737201774
11.1841,167.762,5.8187500000000005,-3.5628599777018772
11.1841,167.762,5.821875,-3.475155478510951
11.1841,167.762,5.825,-3.368945639615095
11.1841,167.762,5.828125,-3.256817779693529
11.1841,167.762,5.831250000000001,-3.1322536780081163
11.1841,167.762,5.8343750000000005,-3.008298220151345
11.1841,167.762,5.8375,-2.891782141077166
11.1841,167.762,5.840625,-2.7940495273243107
11.1841,167.762,5.84375,-2.70755473679455
11.1841,167.762,5.846875000000001,-2.6448434468671107
11.1841,167.762,5.8500000000000005,-2.5981097045280093
11.1841,167.762,5.853125,-2.581579786481238
11.1841,167.762,5.85625,-2.5836881047801796
11.1841,167.762,5.859375,-2.6094131326119285
11.1841,167.762,5.862500000000001,-2.6564038705849553
11.1841,167.762,5.8656250000000005,-2.7231303678697225
11.1841,167.762,5.86875,-2.8025580853664707
11.1841,167.762,5.871875,-2.8912022114520513
11.1841,167.762,5.875,-2.9813611014123094
11.1841,167.762,5.878125000000001,-3.079833809414124
11.1841,167.762,5.8812500000000005,-3.1735158702747808
11.1841,167.762,5.884375,-3.2603252692785913
11.1841,167.762,5.8875,-3.3311978027835423
11.1841,167.762,5.890625,-3.3932689714470916
11.1841,167.762,5.893750000000001,-3.421160821423138
11.1841,167.762,5.8968750000000005,-3.4280715298244018
11.1841,167.762,5.9,-3.4041943890695507
11.1841,167.762,5.903125,-3.342861050848805
11.1841,167.762,5.90625,-3.2572387907798928
11.1841,167.762,5.909375000000001,-3.1354994162873453
11.1841,167.762,5.9125000000000005,-2.99804408360128
11.1841,167.762,5.915625,-2.8452636697939795
11.1841,167.762,5.91875,-2.681193111616696
11.1841,167.762,5.921875,-2.5193472010752433
11.1841,167.762,5.925000000000001,-2.367486446217601
11.1841,167.762,5.9281250000000005,-2.226545277453572
11.1841,167.762,5.93125,-2.1167544961823914
11.1841,167.762,5.934375,-2.019139204249912
11.1841,167.762,5.9375,-1.9544740024273752
11.1841,167.762,5.940625000000001,-1.9173969186923752
11.1841,167.762,5.9437500000000005,-1.8954157906795397
11.1841,167.762,5.946875,-1.9134866851601908
11.1841,167.762,5.95,-1.9371394603725043
11.1841,167.762,5.953125,-1.9920887747946474
11.1841,167.762,5.956250000000001,-2.0631352942840433
11.1841,167.762,5.9593750000000005,-2.149876176484015
11.1841,167.762,5.9625,-2.2474718742689683
11.1841,167.762,5.965625,-2.3481236459087245
11.1841,167.762,5.96875,-2.4596616115949073
11.1841,167.762,5.971875000000001,-2.568706836351931
11.1841,167.762,5.9750000000000005,-2.6887740842720644
11.1841,167.762,5.978125,-2.797584161686159
11.1841,167.762,5.98125,-2.8987881760625593
11.1841,167.762,5.984375,-2.9827337327912176
11.1841,167.762,5.987500000000001,-3.050772946218818
11.1841,167.762,5.9906250000000005,-3.085622753341457
11.1841,167.762,5.99375,-3.0866222210006553
11.1841,167.762,5.996875,-3.058791737626713
11.1841,167.762,6,-3.005329035868396
