"Current","Field","Frequency","Spectra"
11.8295,177.442,1,-0.9162285190762643
11.8295,177.442,1.003125,-0.874560755251865
11.8295,177.442,1.00625,-0.8372936664156966
11.8295,177.442,1.0093750000000001,-0.8028234975080093
11.8295,177.442,1.0125,-0.7810713158393744
11.8295,177.442,1.015625,-0.767057261771425
11.8295,177.442,1.01875,-0.7661911821661198
11.8295,177.442,1.021875,-0.771872859836769
11.8295,177.442,1.0250000000000001,-0.7950906964162827
11.8295,177.442,1.028125,-0.8286637925887226
11.8295,177.442,1.03125,-0.8746261536206339
11.8295,177.442,1.034375,-0.9321880547495822
11.8295,177.442,1.0375,-0.9963587180072465
11.8295,177.442,1.0406250000000001,-1.062983558255439
11.8295,177.442,1.04375,-1.1332513852463868
11.8295,177.442,1.046875,-1.2010725025796634
11.8295,177.442,1.05,-1.265708041841034
11.8295,177.442,1.053125,-1.3199687313420294
11.8295,177.442,1.0562500000000001,-1.3667937294893089
11.8295,177.442,1.059375,-1.4051149945739596
11.8295,177.442,1.0625,-1.429532273447729
11.8295,177.442,1.065625,-1.4411155775870443
11.8295,177.442,1.06875,-1.4427960752709188
11.8295,177.442,1.0718750000000001,-1.4316089769811422
11.8295,177.442,1.0750000000000002,-1.4086309447702958
11.8295,177.442,1.078125,-1.378734260983884
11.8295,177.442,1.08125,-1.3386406914552906
11.8295,177.442,1.084375,-1.2903571441763748
11.8295,177.442,1.0875000000000001,-1.23781642786256
11.8295,177.442,1.0906250000000002,-1.1839058937199456
11.8295,177.442,1.09375,-1.1354944547829346
11.8295,177.442,1.096875,-1.0788389706748673
11.8295,177.442,1.1,-1.0357283192758253
11.8295,177.442,1.1031250000000001,-0.9957741124065201
11.8295,177.442,1.1062500000000002,-0.9499895601237635
11.8295,177.442,1.109375,-0.9189818152579031
11.8295,177.442,1.1125,-0.8993991070926443
11.8295,177.442,1.115625,-0.8881495969142771
11.8295,177.442,1.1187500000000001,-0.8872143104235051
11.8295,177.442,1.1218750000000002,-0.8957653707272757
11.8295,177.442,1.125,-0.9112185818099099
11.8295,177.442,1.128125,-0.9362537241441324
11.8295,177.442,1.13125,-0.9671752988835712
11.8295,177.442,1.1343750000000001,-1.0040844661265331
11.8295,177.442,1.1375000000000002,-1.0436774395148245
11.8295,177.442,1.140625,-1.082721860360085
11.8295,177.442,1.14375,-1.1183865785646339
11.8295,177.442,1.146875,-1.1561056090722548
11.8295,177.442,1.1500000000000001,-1.186065434157641
11.8295,177.442,1.1531250000000002,-1.2128840457606909
11.8295,177.442,1.15625,-1.227360045562723
11.8295,177.442,1.159375,-1.2364672893009137
11.8295,177.442,1.1625,-1.232526254724372
11.8295,177.442,1.1656250000000001,-1.222225513583543
11.8295,177.442,1.1687500000000002,-1.2000312337868029
11.8295,177.442,1.171875,-1.1702299152445264
11.8295,177.442,1.175,-1.131421163349095
11.8295,177.442,1.178125,-1.086000346109194
11.8295,177.442,1.1812500000000001,-1.0345874171132095
11.8295,177.442,1.1843750000000002,-0.9862737193795919
11.8295,177.442,1.1875,-0.9322909802171903
11.8295,177.442,1.190625,-0.881117141962036
11.8295,177.442,1.19375,-0.8422436237009838
11.8295,177.442,1.1968750000000001,-0.8083248612154037
11.8295,177.442,1.2000000000000002,-0.7832270822970349
11.8295,177.442,1.203125,-0.773274740926251
11.8295,177.442,1.20625,-0.779072123653962
11.8295,177.442,1.209375,-0.7994373980442562
11.8295,177.442,1.2125000000000001,-0.832902730723823
11.8295,177.442,1.2156250000000002,-0.8818319000950898
11.8295,177.442,1.21875,-0.9386273387038363
11.8295,177.442,1.221875,-1.0042072029333569
11.8295,177.442,1.225,-1.0786167315662738
11.8295,177.442,1.2281250000000001,-1.1554987662526575
11.8295,177.442,1.2312500000000002,-1.2324918164282814
11.8295,177.442,1.234375,-1.2989655497744592
11.8295,177.442,1.2375,-1.3573426750891167
11.8295,177.442,1.240625,-1.4098359845864872
11.8295,177.442,1.2437500000000001,-1.4555689995169117
11.8295,177.442,1.2468750000000002,-1.4916517252380288
11.8295,177.442,1.25,-1.5132377291269263
11.8295,177.442,1.253125,-1.5172191140728122
11.8295,177.442,1.25625,-1.5006966632590748
11.8295,177.442,1.2593750000000001,-1.472355304238854
11.8295,177.442,1.2625000000000002,-1.4515521102188564
11.8295,177.442,1.265625,-1.4223018138594816
11.8295,177.442,1.26875,-1.3815578349154838
11.8295,177.442,1.271875,-1.3327597349711633
11.8295,177.442,1.2750000000000001,-1.2815783709829034
11.8295,177.442,1.2781250000000002,-1.2214717101271244
11.8295,177.442,1.28125,-1.1741257775253682
11.8295,177.442,1.284375,-1.1359019516096098
11.8295,177.442,1.2875,-1.098030169705303
11.8295,177.442,1.2906250000000001,-1.0641436344536548
11.8295,177.442,1.2937500000000002,-1.0435740346510447
11.8295,177.442,1.296875,-1.0281986297293737
11.8295,177.442,1.3,-1.0211728029572824
11.8295,177.442,1.303125,-1.0335233349282822
11.8295,177.442,1.3062500000000001,-1.0546821631376027
11.8295,177.442,1.3093750000000002,-1.0778290396562364
11.8295,177.442,1.3125,-1.115166915298261
11.8295,177.442,1.315625,-1.153068987299064
11.8295,177.442,1.31875,-1.1993299756205065
11.8295,177.442,1.3218750000000001,-1.24170020659329
11.8295,177.442,1.3250000000000002,-1.2837712787451632
11.8295,177.442,1.328125,-1.321997292782333
11.8295,177.442,1.33125,-1.3523707993875365
11.8295,177.442,1.334375,-1.3770887118128494
11.8295,177.442,1.3375000000000001,-1.3901958824850846
11.8295,177.442,1.3406250000000002,-1.3950508929467493
11.8295,177.442,1.34375,-1.3886364832644151
11.8295,177.442,1.346875,-1.3714811468782149
11.8295,177.442,1.35,-1.345243440567378
11.8295,177.442,1.3531250000000001,-1.3085032779133379
11.8295,177.442,1.3562500000000002,-1.2620891015283124
11.8295,177.442,1.359375,-1.2168340619277425
11.8295,177.442,1.3625,-1.1588826825665912
11.8295,177.442,1.365625,-1.1000069017773093
11.8295,177.442,1.3687500000000001,-1.0402710428974626
11.8295,177.442,1.3718750000000002,-0.9870003535655659
11.8295,177.442,1.375,-0.9351457610360636
11.8295,177.442,1.378125,-0.8939388927059743
11.8295,177.442,1.38125,-0.8598262960574227
11.8295,177.442,1.3843750000000001,-0.8363602216018877
11.8295,177.442,1.3875000000000002,-0.8274026697155976
11.8295,177.442,1.390625,-0.8339858233525156
11.8295,177.442,1.39375,-0.8569937739440121
11.8295,177.442,1.396875,-0.8952686017999576
11.8295,177.442,1.4000000000000001,-0.9497672944485641
11.8295,177.442,1.4031250000000002,-1.003200821496718
11.8295,177.442,1.40625,-1.0665089812814585
11.8295,177.442,1.409375,-1.1391341948021185
11.8295,177.442,1.4125,-1.2148933174957723
11.8295,177.442,1.4156250000000001,-1.2930584154365938
11.8295,177.442,1.4187500000000002,-1.3633595730531431
11.8295,177.442,1.421875,-1.427748461902742
11.8295,177.442,1.425,-1.4816347989663572
11.8295,177.442,1.428125,-1.5260279529512288
11.8295,177.442,1.4312500000000001,-1.5616231458186893
11.8295,177.442,1.4343750000000002,-1.582715634918281
11.8295,177.442,1.4375,-1.5905824894611456
11.8295,177.442,1.440625,-1.588573563409771
11.8295,177.442,1.44375,-1.5731891524607697
11.8295,177.442,1.4468750000000001,-1.547537713730671
11.8295,177.442,1.4500000000000002,-1.5115878711052668
11.8295,177.442,1.453125,-1.4674362534065264
11.8295,177.442,1.45625,-1.417853651221628
11.8295,177.442,1.459375,-1.3649084227146544
11.8295,177.442,1.4625000000000001,-1.3094841645213184
11.8295,177.442,1.4656250000000002,-1.2571684364073845
11.8295,177.442,1.46875,-1.209251078649445
11.8295,177.442,1.471875,-1.167125682707623
11.8295,177.442,1.475,-1.136428727841072
11.8295,177.442,1.4781250000000001,-1.1160376349450751
11.8295,177.442,1.4812500000000002,-1.1081473435573637
11.8295,177.442,1.484375,-1.1156872297242995
11.8295,177.442,1.4875,-1.1367935626229189
11.8295,177.442,1.490625,-1.1694565679439393
11.8295,177.442,1.4937500000000001,-1.2138765987702431
11.8295,177.442,1.4968750000000002,-1.2690437897349574
11.8295,177.442,1.5,-1.3225213513178078
11.8295,177.442,1.503125,-1.3798057234994539
11.8295,177.442,1.50625,-1.434978539437588
11.8295,177.442,1.5093750000000001,-1.482245064199586
11.8295,177.442,1.5125000000000002,-1.5258227320277562
11.8295,177.442,1.515625,-1.5575883484243205
11.8295,177.442,1.51875,-1.58633323216445
11.8295,177.442,1.521875,-1.596585120498753
11.8295,177.442,1.5250000000000001,-1.593178180356175
11.8295,177.442,1.5281250000000002,-1.5805774112275746
11.8295,177.442,1.53125,-1.5592375456714658
11.8295,177.442,1.534375,-1.5276777627972153
11.8295,177.442,1.5375,-1.4910285514471036
11.8295,177.442,1.5406250000000001,-1.4460483251679253
11.8295,177.442,1.5437500000000002,-1.3950207983719465
11.8295,177.442,1.546875,-1.3359850427285533
11.8295,177.442,1.55,-1.2755482667229636
11.8295,177.442,1.553125,-1.2152492405582496
11.8295,177.442,1.5562500000000001,-1.154341600035031
11.8295,177.442,1.5593750000000002,-1.0972472525991481
11.8295,177.442,1.5625,-1.0449107076053692
11.8295,177.442,1.565625,-1.00241873681508
11.8295,177.442,1.56875,-0.9689737329486987
11.8295,177.442,1.5718750000000001,-0.95232698275945
11.8295,177.442,1.5750000000000002,-0.9485306786133817
11.8295,177.442,1.578125,-0.9630164103587655
11.8295,177.442,1.58125,-0.9894030610049452
11.8295,177.442,1.584375,-1.035672047360243
11.8295,177.442,1.5875000000000001,-1.0988666100511697
11.8295,177.442,1.5906250000000002,-1.1745470539696292
11.8295,177.442,1.59375,-1.2533232697067445
11.8295,177.442,1.596875,-1.3356920712966234
11.8295,177.442,1.6,-1.4196299390152558
11.8295,177.442,1.6031250000000001,-1.494632518396992
11.8295,177.442,1.6062500000000002,-1.5605019343502105
11.8295,177.442,1.609375,-1.6163020577536598
11.8295,177.442,1.6125,-1.659831072806365
11.8295,177.442,1.615625,-1.6832838251506925
11.8295,177.442,1.6187500000000001,-1.6936429351989277
11.8295,177.442,1.6218750000000002,-1.6874941597481894
11.8295,177.442,1.625,-1.6711326794610537
11.8295,177.442,1.628125,-1.640534378479376
11.8295,177.442,1.63125,-1.6039623101498575
11.8295,177.442,1.6343750000000001,-1.559116336660071
11.8295,177.442,1.6375000000000002,-1.510122285904084
11.8295,177.442,1.640625,-1.4628359042378025
11.8295,177.442,1.64375,-1.4106973080326837
11.8295,177.442,1.646875,-1.3632790281062424
11.8295,177.442,1.6500000000000001,-1.3194714280017505
11.8295,177.442,1.6531250000000002,-1.2838253666768367
11.8295,177.442,1.65625,-1.2606420506983853
11.8295,177.442,1.659375,-1.2504367411171093
11.8295,177.442,1.6625,-1.2626588386654527
11.8295,177.442,1.6656250000000001,-1.2658628135491732
11.8295,177.442,1.6687500000000002,-1.2602636087467007
11.8295,177.442,1.671875,-1.2796657327809944
11.8295,177.442,1.675,-1.3160029781672193
11.8295,177.442,1.678125,-1.3607632631594262
11.8295,177.442,1.6812500000000001,-1.414302258538882
11.8295,177.442,1.6843750000000002,-1.4743181899767699
11.8295,177.442,1.6875,-1.5369552982210741
11.8295,177.442,1.690625,-1.5963068626824515
11.8295,177.442,1.69375,-1.6531999190696844
11.8295,177.442,1.6968750000000001,-1.706315329268482
11.8295,177.442,1.7000000000000002,-1.746293634273345
11.8295,177.442,1.703125,-1.7829335173647265
11.8295,177.442,1.70625,-1.8028303888105643
11.8295,177.442,1.709375,-1.8139747488847284
11.8295,177.442,1.7125000000000001,-1.8086698720822272
11.8295,177.442,1.7156250000000002,-1.792173427656195
11.8295,177.442,1.71875,-1.7632656167587968
11.8295,177.442,1.721875,-1.7191822997703154
11.8295,177.442,1.725,-1.6660021246393004
11.8295,177.442,1.7281250000000001,-1.603632475667209
11.8295,177.442,1.7312500000000002,-1.533914486059024
11.8295,177.442,1.734375,-1.4614011219209389
11.8295,177.442,1.7375,-1.3882270804737882
11.8295,177.442,1.740625,-1.3152924628991969
11.8295,177.442,1.7437500000000001,-1.2498576063031557
11.8295,177.442,1.7468750000000002,-1.18910756151628
11.8295,177.442,1.75,-1.139406036703911
11.8295,177.442,1.753125,-1.1021762088246794
11.8295,177.442,1.75625,-1.0833266313523893
11.8295,177.442,1.7593750000000001,-1.082452024564715
11.8295,177.442,1.7625000000000002,-1.096076606193385
11.8295,177.442,1.765625,-1.1293569266920631
11.8295,177.442,1.76875,-1.1745066960939723
11.8295,177.442,1.771875,-1.2322054453509599
11.8295,177.442,1.7750000000000001,-1.2999415735972886
11.8295,177.442,1.7781250000000002,-1.3700130628211369
11.8295,177.442,1.78125,-1.4450552524389226
11.8295,177.442,1.784375,-1.5190117064694806
11.8295,177.442,1.7875,-1.5880157692267007
11.8295,177.442,1.7906250000000001,-1.648168055395144
11.8295,177.442,1.7937500000000002,-1.6977398104027723
11.8295,177.442,1.7968750000000002,-1.732410754509646
11.8295,177.442,1.8,-1.7573161464093656
11.8295,177.442,1.803125,-1.7682180736848265
11.8295,177.442,1.8062500000000001,-1.7651986211530712
11.8295,177.442,1.8093750000000002,-1.750755184985825
11.8295,177.442,1.8125000000000002,-1.7303943258213113
11.8295,177.442,1.815625,-1.7006997989182797
11.8295,177.442,1.81875,-1.6611413891654339
11.8295,177.442,1.8218750000000001,-1.6141652678663767
11.8295,177.442,1.8250000000000002,-1.566230871697873
11.8295,177.442,1.8281250000000002,-1.5140425550474566
11.8295,177.442,1.83125,-1.4651823405349915
11.8295,177.442,1.834375,-1.4181088525735273
11.8295,177.442,1.8375000000000001,-1.3735542514427288
11.8295,177.442,1.8406250000000002,-1.3378353189114776
11.8295,177.442,1.8437500000000002,-1.3145730185881244
11.8295,177.442,1.846875,-1.3026188929992955
11.8295,177.442,1.85,-1.3025777689079054
11.8295,177.442,1.8531250000000001,-1.3152158421203353
11.8295,177.442,1.8562500000000002,-1.3475757052717743
11.8295,177.442,1.8593750000000002,-1.3900343565341604
11.8295,177.442,1.8625,-1.4474839712706227
11.8295,177.442,1.865625,-1.5128544149843945
11.8295,177.442,1.8687500000000001,-1.5830590556947752
11.8295,177.442,1.8718750000000002,-1.654281543180542
11.8295,177.442,1.8750000000000002,-1.7262871804826954
11.8295,177.442,1.878125,-1.794275120615112
11.8295,177.442,1.88125,-1.850698217922905
11.8295,177.442,1.8843750000000001,-1.896532719677382
11.8295,177.442,1.8875000000000002,-1.9322098007673811
11.8295,177.442,1.8906250000000002,-1.9512411710106412
11.8295,177.442,1.89375,-1.9554284709278222
11.8295,177.442,1.896875,-1.9438790015384635
11.8295,177.442,1.9000000000000001,-1.9174887079249145
11.8295,177.442,1.9031250000000002,-1.8804908893717234
11.8295,177.442,1.9062500000000002,-1.8292226003930159
11.8295,177.442,1.909375,-1.770506714528314
11.8295,177.442,1.9125,-1.7061268601639945
11.8295,177.442,1.9156250000000001,-1.632638868675158
11.8295,177.442,1.9187500000000002,-1.5616406359149868
11.8295,177.442,1.9218750000000002,-1.4880406760454215
11.8295,177.442,1.925,-1.4170395955498993
11.8295,177.442,1.928125,-1.35359311098338
11.8295,177.442,1.9312500000000001,-1.2969621953442292
11.8295,177.442,1.9343750000000002,-1.2528442539146956
11.8295,177.442,1.9375000000000002,-1.2176493543573161
11.8295,177.442,1.940625,-1.197221914894847
11.8295,177.442,1.94375,-1.1937865618819434
11.8295,177.442,1.9468750000000001,-1.2049533840647788
11.8295,177.442,1.9500000000000002,-1.232878905569656
11.8295,177.442,1.9531250000000002,-1.2718248248100164
11.8295,177.442,1.95625,-1.3277557085016969
11.8295,177.442,1.959375,-1.3928051674354947
11.8295,177.442,1.9625000000000001,-1.4591279565239894
11.8295,177.442,1.9656250000000002,-1.534638184573073
11.8295,177.442,1.9687500000000002,-1.6061307003963026
11.8295,177.442,1.971875,-1.6693022149843209
11.8295,177.442,1.975,-1.7268007305209165
11.8295,177.442,1.9781250000000001,-1.7750426132985102
11.8295,177.442,1.9812500000000002,-1.8086003847333458
11.8295,177.442,1.9843750000000002,-1.8289023405325302
11.8295,177.442,1.9875,-1.8343743946610287
11.8295,177.442,1.990625,-1.8268275971982688
11.8295,177.442,1.9937500000000001,-1.804324436968915
11.8295,177.442,1.9968750000000002,-1.768612933508743
11.8295,177.442,2,-1.7247050652595552
11.8295,177.442,2.0031250000000003,-1.6692009700281085
11.8295,177.442,2.00625,-1.6086316952182076
11.8295,177.442,2.009375,-1.5450392882816595
11.8295,177.442,2.0125,-1.4828270011837414
11.8295,177.442,2.015625,-1.4188897819679869
11.8295,177.442,2.0187500000000003,-1.3601580413063168
11.8295,177.442,2.021875,-1.3107252849882813
11.8295,177.442,2.025,-1.270516861201206
11.8295,177.442,2.028125,-1.2430387291004596
11.8295,177.442,2.03125,-1.2329465580323637
11.8295,177.442,2.0343750000000003,-1.2400041744873285
11.8295,177.442,2.0375,-1.2663839439383864
11.8295,177.442,2.040625,-1.3044012726214747
11.8295,177.442,2.04375,-1.3579989405974382
11.8295,177.442,2.046875,-1.4236776670106512
11.8295,177.442,2.0500000000000003,-1.4951621393052161
11.8295,177.442,2.053125,-1.5759305768127085
11.8295,177.442,2.05625,-1.6589788570220851
11.8295,177.442,2.059375,-1.741718262765926
11.8295,177.442,2.0625,-1.8154023152321157
11.8295,177.442,2.0656250000000003,-1.880952142561413
11.8295,177.442,2.06875,-1.936244043826536
11.8295,177.442,2.071875,-1.9739961182854988
11.8295,177.442,2.075,-1.9974307963391067
11.8295,177.442,2.078125,-2.006426069895863
11.8295,177.442,2.0812500000000003,-2.0023048064001676
11.8295,177.442,2.084375,-1.9827820943859928
11.8295,177.442,2.0875,-1.9470023711542486
11.8295,177.442,2.090625,-1.8968766348291144
11.8295,177.442,2.09375,-1.835681272772779
11.8295,177.442,2.0968750000000003,-1.7703608491228056
11.8295,177.442,2.1,-1.6981970383605778
11.8295,177.442,2.103125,-1.6241753198654703
11.8295,177.442,2.10625,-1.5518853389267644
11.8295,177.442,2.109375,-1.4803319586983978
11.8295,177.442,2.1125000000000003,-1.4124040570089509
11.8295,177.442,2.115625,-1.3519204512253982
11.8295,177.442,2.11875,-1.299322257972153
11.8295,177.442,2.121875,-1.2589387180802998
11.8295,177.442,2.125,-1.2335915303971143
11.8295,177.442,2.1281250000000003,-1.2225792872254668
11.8295,177.442,2.13125,-1.2305616712931826
11.8295,177.442,2.134375,-1.2571509013349569
11.8295,177.442,2.1375,-1.2987736177293454
11.8295,177.442,2.140625,-1.3517445089873261
11.8295,177.442,2.1437500000000003,-1.4139519516096797
11.8295,177.442,2.146875,-1.4875315243442355
11.8295,177.442,2.1500000000000004,-1.5629908855624042
11.8295,177.442,2.153125,-1.6362481059978182
11.8295,177.442,2.15625,-1.7078874796373287
11.8295,177.442,2.1593750000000003,-1.7689342851539425
11.8295,177.442,2.1625,-1.8159533294446635
11.8295,177.442,2.1656250000000004,-1.8506840330478118
11.8295,177.442,2.16875,-1.8672567082576206
11.8295,177.442,2.171875,-1.8685885559187707
11.8295,177.442,2.1750000000000003,-1.8540938285793829
11.8295,177.442,2.178125,-1.8284348053811987
11.8295,177.442,2.1812500000000004,-1.7872032546070664
11.8295,177.442,2.184375,-1.7366227233332863
11.8295,177.442,2.1875,-1.6748634852912392
11.8295,177.442,2.1906250000000003,-1.607952024686523
11.8295,177.442,2.19375,-1.5371120819669593
11.8295,177.442,2.1968750000000004,-1.4617410417375052
11.8295,177.442,2.2,-1.3863385562994004
11.8295,177.442,2.203125,-1.322052517126103
11.8295,177.442,2.2062500000000003,-1.2682369033321836
11.8295,177.442,2.209375,-1.2212316945872028
11.8295,177.442,2.2125000000000004,-1.1923626333874646
11.8295,177.442,2.215625,-1.178112271350064
11.8295,177.442,2.21875,-1.1785494161353018
11.8295,177.442,2.2218750000000003,-1.1955871961573374
11.8295,177.442,2.225,-1.2317229640118246
11.8295,177.442,2.2281250000000004,-1.2827041346628498
11.8295,177.442,2.23125,-1.344661377527487
11.8295,177.442,2.234375,-1.4175863456428892
11.8295,177.442,2.2375000000000003,-1.499533449351441
11.8295,177.442,2.240625,-1.578717031308293
11.8295,177.442,2.2437500000000004,-1.6611414502798967
11.8295,177.442,2.246875,-1.736333593931676
11.8295,177.442,2.25,-1.8030868740750758
11.8295,177.442,2.2531250000000003,-1.861440221144
11.8295,177.442,2.25625,-1.9067694571989011
11.8295,177.442,2.2593750000000004,-1.937797887042961
11.8295,177.442,2.2625,-1.9526666275282412
11.8295,177.442,2.265625,-1.952186140044968
11.8295,177.442,2.2687500000000003,-1.9402269204118037
11.8295,177.442,2.271875,-1.912265227616055
11.8295,177.442,2.2750000000000004,-1.872051022575926
11.8295,177.442,2.278125,-1.8241918106714696
11.8295,177.442,2.28125,-1.7667273737366638
11.8295,177.442,2.2843750000000003,-1.704524696194971
11.8295,177.442,2.2875,-1.6299581976958077
11.8295,177.442,2.2906250000000004,-1.5597866549259116
11.8295,177.442,2.29375,-1.4896620242991554
11.8295,177.442,2.296875,-1.4222091691450334
11.8295,177.442,2.3000000000000003,-1.360406192856334
11.8295,177.442,2.303125,-1.3069606233354725
11.8295,177.442,2.3062500000000004,-1.2676818236811762
11.8295,177.442,2.309375,-1.2382206143479833
11.8295,177.442,2.3125,-1.2230765632727412
11.8295,177.442,2.3156250000000003,-1.2246087603461677
11.8295,177.442,2.31875,-1.240664216858793
11.8295,177.442,2.3218750000000004,-1.2757602113654887
11.8295,177.442,2.325,-1.3227654902244488
11.8295,177.442,2.328125,-1.3826704536104861
11.8295,177.442,2.3312500000000003,-1.4517540430483702
11.8295,177.442,2.334375,-1.5249363282547481
11.8295,177.442,2.3375000000000004,-1.6010792787438846
11.8295,177.442,2.340625,-1.672952325809287
11.8295,177.442,2.34375,-1.7350414734860742
11.8295,177.442,2.3468750000000003,-1.7902642955390768
11.8295,177.442,2.35,-1.8333081926017685
11.8295,177.442,2.3531250000000004,-1.8630921692193405
11.8295,177.442,2.35625,-1.8760051405055616
11.8295,177.442,2.359375,-1.8719602697106372
11.8295,177.442,2.3625000000000003,-1.8540901025753476
11.8295,177.442,2.365625,-1.8216754522437624
11.8295,177.442,2.3687500000000004,-1.774716422487921
11.8295,177.442,2.371875,-1.7182428999188821
11.8295,177.442,2.375,-1.6537631984662118
11.8295,177.442,2.3781250000000003,-1.581412177195976
11.8295,177.442,2.38125,-1.5087990347059177
11.8295,177.442,2.3843750000000004,-1.4347836473198723
11.8295,177.442,2.3875,-1.364277984636769
11.8295,177.442,2.390625,-1.2990339254413148
11.8295,177.442,2.3937500000000003,-1.2414658478136318
11.8295,177.442,2.396875,-1.1958358694926632
11.8295,177.442,2.4000000000000004,-1.1660855234224503
11.8295,177.442,2.403125,-1.1551217507568943
11.8295,177.442,2.40625,-1.165641077846336
11.8295,177.442,2.4093750000000003,-1.1957185094573557
11.8295,177.442,2.4125,-1.2458549528102936
11.8295,177.442,2.4156250000000004,-1.3182280909697655
11.8295,177.442,2.41875,-1.4146899443368424
11.8295,177.442,2.421875,-1.5374011510310663
11.8295,177.442,2.4250000000000003,-1.7164105294508347
11.8295,177.442,2.428125,-2.0189630705121524
11.8295,177.442,2.4312500000000004,-2.726016162718379
11.8295,177.442,2.434375,-3.393142542591383
11.8295,177.442,2.4375,-2.497732768208502
11.8295,177.442,2.4406250000000003,-2.158122130714098
11.8295,177.442,2.44375,-2.071595789319503
11.8295,177.442,2.4468750000000004,-2.0423201672599722
11.8295,177.442,2.45,-2.0305589930706596
11.8295,177.442,2.453125,-2.010258507111178
11.8295,177.442,2.4562500000000003,-1.9811364622517955
11.8295,177.442,2.459375,-1.941114457937207
11.8295,177.442,2.4625000000000004,-1.8888360743303072
11.8295,177.442,2.465625,-1.8265719906814148
11.8295,177.442,2.46875,-1.757504808463848
11.8295,177.442,2.4718750000000003,-1.6881110393769596
11.8295,177.442,2.475,-1.6146075834505962
11.8295,177.442,2.4781250000000004,-1.542847013524016
11.8295,177.442,2.48125,-1.4734143320906232
11.8295,177.442,2.484375,-1.414299803121154
11.8295,177.442,2.4875000000000003,-1.3597817336838034
11.8295,177.442,2.490625,-1.3175492514981642
11.8295,177.442,2.4937500000000004,-1.2905499587117863
11.8295,177.442,2.496875,-1.2785679656960134
11.8295,177.442,2.5,-1.2846387881363568
11.8295,177.442,2.5031250000000003,-1.302314533563851
11.8295,177.442,2.50625,-1.3422216948036678
11.8295,177.442,2.5093750000000004,-1.3909668888665032
11.8295,177.442,2.5125,-1.4555563263365567
11.8295,177.442,2.515625,-1.5270477445920991
11.8295,177.442,2.5187500000000003,-1.6060908811032804
11.8295,177.442,2.521875,-1.683820129166314
11.8295,177.442,2.5250000000000004,-1.7596146407144273
11.8295,177.442,2.528125,-1.8289346413790528
11.8295,177.442,2.53125,-1.888755764202311
11.8295,177.442,2.5343750000000003,-1.9341052131983574
11.8295,177.442,2.5375,-1.9610775972953551
11.8295,177.442,2.5406250000000004,-1.9731237308249145
11.8295,177.442,2.54375,-1.9699216750862978
11.8295,177.442,2.546875,-1.9490659274764346
11.8295,177.442,2.5500000000000003,-1.9151152235735358
11.8295,177.442,2.553125,-1.8678462309543145
11.8295,177.442,2.5562500000000004,-1.805585762603412
11.8295,177.442,2.559375,-1.7352648763111764
11.8295,177.442,2.5625,-1.661538625501044
11.8295,177.442,2.5656250000000003,-1.5791063159192738
11.8295,177.442,2.56875,-1.503038797992036
11.8295,177.442,2.5718750000000004,-1.4260533083793792
11.8295,177.442,2.575,-1.3597076274829043
11.8295,177.442,2.578125,-1.3051005823808348
11.8295,177.442,2.5812500000000003,-1.2587408996470015
11.8295,177.442,2.584375,-1.2294008664956289
11.8295,177.442,2.5875000000000004,-1.220397890608455
11.8295,177.442,2.590625,-1.2278514838245864
11.8295,177.442,2.59375,-1.2543330801254076
11.8295,177.442,2.5968750000000003,-1.300030381474896
11.8295,177.442,2.6,-1.3616580587653693
11.8295,177.442,2.6031250000000004,-1.438642125053351
11.8295,177.442,2.60625,-1.5231963445166083
11.8295,177.442,2.609375,-1.6142382966902245
11.8295,177.442,2.6125000000000003,-1.703641342896221
11.8295,177.442,2.615625,-1.7869246994803651
11.8295,177.442,2.6187500000000004,-1.8640787323468098
11.8295,177.442,2.621875,-1.9352972209356512
11.8295,177.442,2.625,-1.9877602952447888
11.8295,177.442,2.6281250000000003,-2.027062940510196
11.8295,177.442,2.63125,-2.046468838380219
11.8295,177.442,2.6343750000000004,-2.052152958558316
11.8295,177.442,2.6375,-2.0404852019252213
11.8295,177.442,2.640625,-2.01669618025248
11.8295,177.442,2.6437500000000003,-1.9795291766007184
11.8295,177.442,2.646875,-1.9312641637972028
11.8295,177.442,2.6500000000000004,-1.8751330073670311
11.8295,177.442,2.653125,-1.8160355427926884
11.8295,177.442,2.65625,-1.7525485852508058
11.8295,177.442,2.6593750000000003,-1.688159584620971
11.8295,177.442,2.6625,-1.6285275025254389
11.8295,177.442,2.6656250000000004,-1.5695629697607727
11.8295,177.442,2.66875,-1.5210732228246466
11.8295,177.442,2.671875,-1.4842025588939123
11.8295,177.442,2.6750000000000003,-1.461283023502432
11.8295,177.442,2.678125,-1.4503986056801148
11.8295,177.442,2.6812500000000004,-1.4530049250842814
11.8295,177.442,2.684375,-1.473777651812953
11.8295,177.442,2.6875,-1.5094717394995905
11.8295,177.442,2.6906250000000003,-1.5599357849763722
11.8295,177.442,2.69375,-1.6208705679933777
11.8295,177.442,2.6968750000000004,-1.6934031179139173
11.8295,177.442,2.7,-1.7738363191743427
11.8295,177.442,2.703125,-1.855441620748082
11.8295,177.442,2.7062500000000003,-1.934943585491541
11.8295,177.442,2.709375,-2.011196297436337
11.8295,177.442,2.7125000000000004,-2.0763070178726224
11.8295,177.442,2.715625,-2.1352062995749317
11.8295,177.442,2.71875,-2.180672322335013
11.8295,177.442,2.7218750000000003,-2.2128898736442264
11.8295,177.442,2.725,-2.2309574831800356
11.8295,177.442,2.7281250000000004,-2.2366433150024903
11.8295,177.442,2.73125,-2.2295552188261762
11.8295,177.442,2.734375,-2.2177666487798637
11.8295,177.442,2.7375000000000003,-2.202532813890972
11.8295,177.442,2.740625,-2.183915521973086
11.8295,177.442,2.7437500000000004,-2.1584966973993396
11.8295,177.442,2.746875,-2.10927342443145
11.8295,177.442,2.75,-2.0329490318764116
11.8295,177.442,2.7531250000000003,-1.9435074451730072
11.8295,177.442,2.75625,-1.8527721648846174
11.8295,177.442,2.7593750000000004,-1.7723455081573425
11.8295,177.442,2.7625,-1.7079924007234804
11.8295,177.442,2.765625,-1.6599783733700404
11.8295,177.442,2.7687500000000003,-1.6291798775721293
11.8295,177.442,2.771875,-1.6145251563119905
11.8295,177.442,2.7750000000000004,-1.6243022185717069
11.8295,177.442,2.778125,-1.6492594382702854
11.8295,177.442,2.78125,-1.691011853674774
11.8295,177.442,2.7843750000000003,-1.742645230680753
11.8295,177.442,2.7875,-1.813241089792298
11.8295,177.442,2.7906250000000004,-1.8889429426163389
11.8295,177.442,2.79375,-1.9722432048694731
11.8295,177.442,2.796875,-2.056685897684267
11.8295,177.442,2.8000000000000003,-2.1381242016222948
11.8295,177.442,2.803125,-2.207075921619361
11.8295,177.442,2.8062500000000004,-2.269838667946624
11.8295,177.442,2.809375,-2.3172842850009863
11.8295,177.442,2.8125,-2.348501858816632
11.8295,177.442,2.8156250000000003,-2.366140313499547
11.8295,177.442,2.81875,-2.3639272613120847
11.8295,177.442,2.8218750000000004,-2.3524275540004465
11.8295,177.442,2.825,-2.3282150433112205
11.8295,177.442,2.828125,-2.289803017579127
11.8295,177.442,2.8312500000000003,-2.2456636162898285
11.8295,177.442,2.834375,-2.189798856912442
11.8295,177.442,2.8375000000000004,-2.1324759242353957
11.8295,177.442,2.840625,-2.0754887023108863
11.8295,177.442,2.84375,-2.0187956337614823
11.8295,177.442,2.8468750000000003,-1.962254096158709
11.8295,177.442,2.85,-1.9148292358498773
11.8295,177.442,2.8531250000000004,-1.8776915331618822
11.8295,177.442,2.85625,-1.8533624244284506
11.8295,177.442,2.859375,-1.8364163294740021
11.8295,177.442,2.8625000000000003,-1.8345449877665772
11.8295,177.442,2.865625,-1.8494284812702837
11.8295,177.442,2.8687500000000004,-1.8792865545240915
11.8295,177.442,2.871875,-1.9254474963339352
11.8295,177.442,2.875,-1.9839876329715447
11.8295,177.442,2.8781250000000003,-2.0567263912441516
11.8295,177.442,2.88125,-2.1347096560176686
11.8295,177.442,2.8843750000000004,-2.211425988764663
11.8295,177.442,2.8875,-2.2960208037386107
11.8295,177.442,2.890625,-2.3752890584636353
11.8295,177.442,2.8937500000000003,-2.4484565386633825
11.8295,177.442,2.896875,-2.5130583164261804
11.8295,177.442,2.9000000000000004,-2.5649491093046777
11.8295,177.442,2.903125,-2.6023998661863605
11.8295,177.442,2.90625,-2.6260442879412937
11.8295,177.442,2.9093750000000003,-2.6327945192185394
11.8295,177.442,2.9125,-2.6270671413319318
11.8295,177.442,2.9156250000000004,-2.6066885862986187
11.8295,177.442,2.91875,-2.5769428680859314
11.8295,177.442,2.921875,-2.535826508898377
11.8295,177.442,2.9250000000000003,-2.4857139869414624
11.8295,177.442,2.928125,-2.428727756008246
11.8295,177.442,2.9312500000000004,-2.368619756060855
11.8295,177.442,2.934375,-2.305765128952573
11.8295,177.442,2.9375,-2.244977084767329
11.8295,177.442,2.9406250000000003,-2.1946727410624094
11.8295,177.442,2.94375,-2.1490787200836197
11.8295,177.442,2.9468750000000004,-2.1144056120940564
11.8295,177.442,2.95,-2.0942423892027042
11.8295,177.442,2.953125,-2.08442187381499
11.8295,177.442,2.9562500000000003,-2.0922933551014844
11.8295,177.442,2.959375,-2.1156445731631384
11.8295,177.442,2.9625000000000004,-2.1580086889041312
11.8295,177.442,2.965625,-2.2166657121187727
11.8295,177.442,2.96875,-2.288594401054502
11.8295,177.442,2.9718750000000003,-2.3690538294912415
11.8295,177.442,2.975,-2.4540531102977012
11.8295,177.442,2.9781250000000004,-2.540789578900846
11.8295,177.442,2.98125,-2.619235819254055
11.8295,177.442,2.984375,-2.693703066873195
11.8295,177.442,2.9875000000000003,-2.7556028098172565
11.8295,177.442,2.990625,-2.806621072941799
11.8295,177.442,2.9937500000000004,-2.837081540078759
11.8295,177.442,2.996875,-2.8549835581209853
11.8295,177.442,3,-2.8517138224262233
11.8295,177.442,3.0031250000000003,-2.8397867195264843
11.8295,177.442,3.00625,-2.8113763003966823
11.8295,177.442,3.0093750000000004,-2.767273036551864
11.8295,177.442,3.0125,-2.719307003292504
11.8295,177.442,3.015625,-2.6643621313746553
11.8295,177.442,3.0187500000000003,-2.6066383785619234
11.8295,177.442,3.021875,-2.5458385775795693
11.8295,177.442,3.0250000000000004,-2.485569482149222
11.8295,177.442,3.028125,-2.432295172807081
11.8295,177.442,3.03125,-2.3784181340943817
11.8295,177.442,3.0343750000000003,-2.340762842618168
11.8295,177.442,3.0375,-2.310934283638016
11.8295,177.442,3.0406250000000004,-2.295440712057112
11.8295,177.442,3.04375,-2.296833279194774
11.8295,177.442,3.046875,-2.3144397862774264
11.8295,177.442,3.0500000000000003,-2.3438808071342434
11.8295,177.442,3.053125,-2.384729451256651
11.8295,177.442,3.0562500000000004,-2.4404351960584427
11.8295,177.442,3.059375,-2.506591363213949
11.8295,177.442,3.0625,-2.576820387159785
11.8295,177.442,3.0656250000000003,-2.6534932025947082
11.8295,177.442,3.06875,-2.7308067192668366
11.8295,177.442,3.0718750000000004,-2.804353041714724
11.8295,177.442,3.075,-2.8666596875294137
11.8295,177.442,3.078125,-2.920690885925807
11.8295,177.442,3.0812500000000003,-2.961571705731309
11.8295,177.442,3.084375,-2.98973617627075
11.8295,177.442,3.0875000000000004,-3.0023445335911143
11.8295,177.442,3.090625,-2.9998379417338414
11.8295,177.442,3.09375,-2.9861299266801247
11.8295,177.442,3.0968750000000003,-2.9547509558135774
11.8295,177.442,3.1,-2.9205322535747644
11.8295,177.442,3.1031250000000004,-2.872312952772033
11.8295,177.442,3.10625,-2.81083360010237
11.8295,177.442,3.109375,-2.753273594780813
11.8295,177.442,3.1125000000000003,-2.6910680990135436
11.8295,177.442,3.115625,-2.633972189844332
11.8295,177.442,3.1187500000000004,-2.579808584968339
11.8295,177.442,3.121875,-2.5305652022567946
11.8295,177.442,3.125,-2.4933462113906395
11.8295,177.442,3.1281250000000003,-2.4652291296718762
11.8295,177.442,3.13125,-2.4476765955983986
11.8295,177.442,3.1343750000000004,-2.4481130889422906
11.8295,177.442,3.1375,-2.4587990001479136
11.8295,177.442,3.140625,-2.485225466974722
11.8295,177.442,3.1437500000000003,-2.5210281015072895
11.8295,177.442,3.146875,-2.566731164217946
11.8295,177.442,3.1500000000000004,-2.625771576864528
11.8295,177.442,3.153125,-2.6859625650604557
11.8295,177.442,3.15625,-2.753552176349551
11.8295,177.442,3.1593750000000003,-2.831941416626655
11.8295,177.442,3.1625,-2.9004437072816276
11.8295,177.442,3.1656250000000004,-2.972727678172273
11.8295,177.442,3.16875,-3.029285371182016
11.8295,177.442,3.171875,-3.0637785604842183
11.8295,177.442,3.1750000000000003,-3.103700786458905
11.8295,177.442,3.178125,-3.1332823262658764
11.8295,177.442,3.1812500000000004,-3.1229512525902354
11.8295,177.442,3.184375,-3.1080759393863837
11.8295,177.442,3.1875,-3.1098752968682426
11.8295,177.442,3.1906250000000003,-3.0279559831367626
11.8295,177.442,3.19375,-2.9921711921940464
11.8295,177.442,3.1968750000000004,-3.0639266637816003
11.8295,177.442,3.2,-2.8334168157501525
11.8295,177.442,3.203125,-2.942604721412521
11.8295,177.442,3.2062500000000003,-2.6241110612644665
11.8295,177.442,3.209375,-2.8476132255676005
11.8295,177.442,3.2125000000000004,-2.6232797202783793
11.8295,177.442,3.215625,-2.410225255524957
11.8295,177.442,3.21875,-2.415915051184983
11.8295,177.442,3.2218750000000003,-2.772960961706281
11.8295,177.442,3.225,-3.2266874597127804
11.8295,177.442,3.2281250000000004,-2.479921610393805
11.8295,177.442,3.23125,-2.3301731540707764
11.8295,177.442,3.234375,-2.351676734920466
11.8295,177.442,3.2375000000000003,-2.4240252777241444
11.8295,177.442,3.240625,-2.616106811128569
11.8295,177.442,3.2437500000000004,-2.9622098321876287
11.8295,177.442,3.246875,-3.887005370353038
11.8295,177.442,3.25,-3.1967701378812263
11.8295,177.442,3.2531250000000003,-2.7507460939537216
11.8295,177.442,3.25625,-2.6733936640639766
11.8295,177.442,3.2593750000000004,-2.73145519691105
11.8295,177.442,3.2625,-2.7723874239254402
11.8295,177.442,3.265625,-2.815074167544207
11.8295,177.442,3.2687500000000003,-2.9391185480532322
11.8295,177.442,3.271875,-2.9102560646801576
11.8295,177.442,3.2750000000000004,-2.8597875799822416
11.8295,177.442,3.278125,-2.831819619584074
11.8295,177.442,3.28125,-2.865803987456732
11.8295,177.442,3.2843750000000003,-2.9245127354273173
11.8295,177.442,3.2875,-3.0612214775730933
11.8295,177.442,3.2906250000000004,-3.959129668400375
11.8295,177.442,3.29375,-5.337601530096352
11.8295,177.442,3.296875,-3.5030474302228494
11.8295,177.442,3.3000000000000003,-3.780599714814428
11.8295,177.442,3.303125,-3.3674758926256794
11.8295,177.442,3.3062500000000004,-2.8420127416546976
11.8295,177.442,3.309375,-2.5369467180679166
11.8295,177.442,3.3125,-2.3705100709234386
11.8295,177.442,3.3156250000000003,-2.274815505383274
11.8295,177.442,3.31875,-2.2426821619516795
11.8295,177.442,3.3218750000000004,-2.219674236047979
11.8295,177.442,3.325,-2.2514542329431904
11.8295,177.442,3.328125,-2.2920119374322603
11.8295,177.442,3.3312500000000003,-2.3386252358048836
11.8295,177.442,3.334375,-2.3354825705346567
11.8295,177.442,3.3375000000000004,-2.3786390602672367
11.8295,177.442,3.340625,-2.4524782496858273
11.8295,177.442,3.34375,-2.5600219413157603
11.8295,177.442,3.3468750000000003,-2.674370833492095
11.8295,177.442,3.35,-2.729749833940485
11.8295,177.442,3.3531250000000004,-2.7552398169273715
11.8295,177.442,3.35625,-2.7868320922722867
11.8295,177.442,3.359375,-2.8096443737117682
11.8295,177.442,3.3625000000000003,-2.823043694002439
11.8295,177.442,3.365625,-2.838956384577421
11.8295,177.442,3.3687500000000004,-2.8381244402142105
11.8295,177.442,3.371875,-2.8108054912667595
11.8295,177.442,3.375,-2.7882235864477547
11.8295,177.442,3.3781250000000003,-2.7362857493277075
11.8295,177.442,3.38125,-2.702415037394485
11.8295,177.442,3.3843750000000004,-2.6952743025226376
11.8295,177.442,3.3875,-2.8211966781148967
11.8295,177.442,3.390625,-2.6845286936463397
11.8295,177.442,3.3937500000000003,-2.4375473705857806
11.8295,177.442,3.396875,-2.361247617436611
11.8295,177.442,3.4000000000000004,-2.3260045699123375
11.8295,177.442,3.403125,-2.514530090753918
11.8295,177.442,3.40625,-2.4811688571247736
11.8295,177.442,3.4093750000000003,-2.497509506958618
11.8295,177.442,3.4125,-2.638821889020333
11.8295,177.442,3.4156250000000004,-2.9540660228820617
11.8295,177.442,3.41875,-3.8437322071405227
11.8295,177.442,3.421875,-6.193866563141535
11.8295,177.442,3.4250000000000003,-9.538829214765048
11.8295,177.442,3.428125,-7.335502710180339
11.8295,177.442,3.4312500000000004,-4.84192626868405
11.8295,177.442,3.434375,-3.7937798774622484
11.8295,177.442,3.4375,-3.2886764562750903
11.8295,177.442,3.4406250000000003,-3.0459616385909163
11.8295,177.442,3.44375,-2.9277223183827545
11.8295,177.442,3.4468750000000004,-2.897556938131636
11.8295,177.442,3.45,-2.8717768508666808
11.8295,177.442,3.453125,-2.862763851697011
11.8295,177.442,3.4562500000000003,-2.8440217520074933
11.8295,177.442,3.459375,-2.8201322314819004
11.8295,177.442,3.4625000000000004,-2.7857261418381944
11.8295,177.442,3.465625,-2.753514382454915
11.8295,177.442,3.46875,-2.7545394685724442
11.8295,177.442,3.4718750000000003,-2.7790275512921836
11.8295,177.442,3.475,-2.753961100335818
11.8295,177.442,3.4781250000000004,-2.631518698589797
11.8295,177.442,3.48125,-2.5876816998241177
11.8295,177.442,3.484375,-2.552598745009573
11.8295,177.442,3.4875000000000003,-2.543245661571513
11.8295,177.442,3.490625,-2.5625592919225326
11.8295,177.442,3.4937500000000004,-2.516336186364894
11.8295,177.442,3.496875,-2.4510956344415424
11.8295,177.442,3.5,-2.4235670806299607
11.8295,177.442,3.5031250000000003,-2.4443362388247323
11.8295,177.442,3.50625,-2.484460946837318
11.8295,177.442,3.5093750000000004,-2.5276560628298745
11.8295,177.442,3.5125,-2.5384322083505104
11.8295,177.442,3.515625,-2.5223871117701306
11.8295,177.442,3.5187500000000003,-2.5240372686366888
11.8295,177.442,3.521875,-2.5523770092872144
11.8295,177.442,3.5250000000000004,-2.5994614180766744
11.8295,177.442,3.528125,-2.6412285018553314
11.8295,177.442,3.53125,-2.669925274208574
11.8295,177.442,3.5343750000000003,-2.68682207383985
11.8295,177.442,3.5375,-2.689966495213705
11.8295,177.442,3.5406250000000004,-2.675245584537904
11.8295,177.442,3.54375,-2.664775919342568
11.8295,177.442,3.546875,-2.6705993167195032
11.8295,177.442,3.5500000000000003,-2.6767916491542665
11.8295,177.442,3.553125,-2.6596435341106583
11.8295,177.442,3.5562500000000004,-2.6067336370008114
11.8295,177.442,3.559375,-2.540713791470632
11.8295,177.442,3.5625,-2.4912539336468162
11.8295,177.442,3.5656250000000003,-2.4502154250667147
11.8295,177.442,3.56875,-2.4299096642552693
11.8295,177.442,3.5718750000000004,-2.380233028432562
11.8295,177.442,3.575,-2.307793735161111
11.8295,177.442,3.5781250000000004,-2.2457124620533158
11.8295,177.442,3.5812500000000003,-2.21557334297407
11.8295,177.442,3.584375,-2.1988305149385647
11.8295,177.442,3.5875000000000004,-2.1973711056469023
11.8295,177.442,3.590625,-2.1745556424116024
11.8295,177.442,3.5937500000000004,-2.137382161668671
11.8295,177.442,3.5968750000000003,-2.11905140371082
11.8295,177.442,3.6,-2.1228522317290803
11.8295,177.442,3.6031250000000004,-2.140719123569392
11.8295,177.442,3.60625,-2.1676920486847138
11.8295,177.442,3.6093750000000004,-2.210307753227096
11.8295,177.442,3.6125000000000003,-2.263009763243616
11.8295,177.442,3.615625,-2.3176096409568974
11.8295,177.442,3.6187500000000004,-2.3855904147261677
11.8295,177.442,3.621875,-2.4485232515315687
11.8295,177.442,3.6250000000000004,-2.5119251094849115
11.8295,177.442,3.6281250000000003,-2.5774341735117123
11.8295,177.442,3.63125,-2.646725427283693
11.8295,177.442,3.6343750000000004,-2.7055224620708285
11.8295,177.442,3.6375,-2.745711217703702
11.8295,177.442,3.6406250000000004,-2.7654491361851545
11.8295,177.442,3.6437500000000003,-2.7509236161150206
11.8295,177.442,3.646875,-2.7025409244312715
11.8295,177.442,3.6500000000000004,-2.6404542638341875
11.8295,177.442,3.653125,-2.5902103704986787
11.8295,177.442,3.6562500000000004,-2.549366125588874
11.8295,177.442,3.6593750000000003,-2.514032141914224
11.8295,177.442,3.6625,-2.490280572403491
11.8295,177.442,3.6656250000000004,-2.4747678382458096
11.8295,177.442,3.66875,-2.469038577763517
11.8295,177.442,3.6718750000000004,-2.468076504586376
11.8295,177.442,3.6750000000000003,-2.480095968948645
11.8295,177.442,3.678125,-2.504123748792631
11.8295,177.442,3.6812500000000004,-2.531044256914663
11.8295,177.442,3.684375,-2.5606357888675686
11.8295,177.442,3.6875000000000004,-2.615146679887153
11.8295,177.442,3.6906250000000003,-2.6650580581578516
11.8295,177.442,3.69375,-2.709991273818959
11.8295,177.442,3.6968750000000004,-2.770131561803009
11.8295,177.442,3.7,-2.830880112736235
11.8295,177.442,3.7031250000000004,-2.895279920510325
11.8295,177.442,3.7062500000000003,-2.9658506596996173
11.8295,177.442,3.709375,-3.0333009616985667
11.8295,177.442,3.7125000000000004,-3.088690721403859
11.8295,177.442,3.715625,-3.15706175465409
11.8295,177.442,3.7187500000000004,-3.2290297140493855
11.8295,177.442,3.7218750000000003,-3.30405790041465
11.8295,177.442,3.725,-3.412879995051077
11.8295,177.442,3.7281250000000004,-3.483003819092362
11.8295,177.442,3.73125,-3.516071909921155
11.8295,177.442,3.7343750000000004,-3.619938452886973
11.8295,177.442,3.7375000000000003,-3.7748105864878525
11.8295,177.442,3.740625,-3.939857617915092
11.8295,177.442,3.7437500000000004,-4.032308096935812
11.8295,177.442,3.746875,-4.0202598347826655
11.8295,177.442,3.7500000000000004,-4.052464476941283
11.8295,177.442,3.7531250000000003,-3.9392812677086235
11.8295,177.442,3.75625,-3.8573566316494174
11.8295,177.442,3.7593750000000004,-3.79674169629578
11.8295,177.442,3.7625,-3.6602421466951887
11.8295,177.442,3.7656250000000004,-3.5980150274907396
11.8295,177.442,3.7687500000000003,-3.6569708397702243
11.8295,177.442,3.771875,-3.650032960084213
11.8295,177.442,3.7750000000000004,-3.5945679926127
11.8295,177.442,3.778125,-3.639264832138902
11.8295,177.442,3.7812500000000004,-3.7521585284653676
11.8295,177.442,3.7843750000000003,-3.8592254973679725
11.8295,177.442,3.7875,-3.975432301440015
11.8295,177.442,3.7906250000000004,-4.064401402950893
11.8295,177.442,3.79375,-4.0926051785413105
11.8295,177.442,3.7968750000000004,-4.193035062192647
11.8295,177.442,3.8000000000000003,-4.268787479646803
11.8295,177.442,3.803125,-4.286856756152925
11.8295,177.442,3.8062500000000004,-4.280818553318701
11.8295,177.442,3.809375,-4.304700091443512
11.8295,177.442,3.8125000000000004,-4.318697230690073
11.8295,177.442,3.8156250000000003,-4.335457670906381
11.8295,177.442,3.81875,-4.360555006533927
11.8295,177.442,3.8218750000000004,-4.4137014800815075
11.8295,177.442,3.825,-4.479648224081071
11.8295,177.442,3.8281250000000004,-4.561610733787084
11.8295,177.442,3.8312500000000003,-4.664821695590709
11.8295,177.442,3.834375,-4.724783352659645
11.8295,177.442,3.8375000000000004,-4.746408356506595
11.8295,177.442,3.840625,-4.780072940372369
11.8295,177.442,3.8437500000000004,-4.910693515792516
11.8295,177.442,3.8468750000000003,-5.0547980268688
11.8295,177.442,3.85,-5.193820844341758
11.8295,177.442,3.8531250000000004,-5.265127117515403
11.8295,177.442,3.85625,-5.238067330466749
11.8295,177.442,3.8593750000000004,-5.238850277118856
11.8295,177.442,3.8625000000000003,-5.403902598506711
11.8295,177.442,3.865625,-5.443271784923218
11.8295,177.442,3.8687500000000004,-5.3066705064661255
11.8295,177.442,3.871875,-5.274418306439511
11.8295,177.442,3.8750000000000004,-5.45932399796945
11.8295,177.442,3.8781250000000003,-5.746132985067972
11.8295,177.442,3.88125,-6.080997099036429
11.8295,177.442,3.8843750000000004,-6.460092089481146
11.8295,177.442,3.8875,-6.766105417095768
11.8295,177.442,3.8906250000000004,-6.9588524034471435
11.8295,177.442,3.8937500000000003,-7.055797489230802
11.8295,177.442,3.896875,-6.90333078008957
11.8295,177.442,3.9000000000000004,-6.685589102199264
11.8295,177.442,3.903125,-6.456407527931556
11.8295,177.442,3.9062500000000004,-6.131802792312245
11.8295,177.442,3.9093750000000003,-5.8677836321379795
11.8295,177.442,3.9125,-5.656024981133743
11.8295,177.442,3.9156250000000004,-5.411343601381002
11.8295,177.442,3.91875,-5.155545694637603
11.8295,177.442,3.9218750000000004,-4.92174655641655
11.8295,177.442,3.9250000000000003,-4.702907560790208
11.8295,177.442,3.928125,-4.513983175284703
11.8295,177.442,3.9312500000000004,-4.423148428350428
11.8295,177.442,3.934375,-4.404056739525509
11.8295,177.442,3.9375000000000004,-4.456983010849625
11.8295,177.442,3.9406250000000003,-4.504071007882498
11.8295,177.442,3.94375,-4.526086356521653
11.8295,177.442,3.9468750000000004,-4.524604556322444
11.8295,177.442,3.95,-4.521529216539022
11.8295,177.442,3.9531250000000004,-4.53982134332542
11.8295,177.442,3.9562500000000003,-4.600340962369441
11.8295,177.442,3.959375,-4.685750668178828
11.8295,177.442,3.9625000000000004,-4.809382924614588
11.8295,177.442,3.965625,-4.951807268306074
11.8295,177.442,3.9687500000000004,-5.0861934066481265
11.8295,177.442,3.9718750000000003,-5.175761216431428
11.8295,177.442,3.975,-5.254712048975456
11.8295,177.442,3.9781250000000004,-5.347822017504175
11.8295,177.442,3.98125,-5.458867053896503
11.8295,177.442,3.9843750000000004,-5.585547042634395
11.8295,177.442,3.9875000000000003,-5.718286872196542
11.8295,177.442,3.990625,-5.926849432291189
11.8295,177.442,3.9937500000000004,-6.207868041955205
11.8295,177.442,3.996875,-6.443972712917102
11.8295,177.442,4,-6.416132689713247
11.8295,177.442,4.003125,-6.185315929293961
11.8295,177.442,4.0062500000000005,-5.974095553802547
11.8295,177.442,4.009375,-5.766219113425198
11.8295,177.442,4.0125,-5.524498458379229
11.8295,177.442,4.015625,-5.35528662955859
11.8295,177.442,4.01875,-5.304684350135681
11.8295,177.442,4.0218750000000005,-5.297686037912694
11.8295,177.442,4.025,-5.294853413162036
11.8295,177.442,4.028125,-5.300729679217323
11.8295,177.442,4.03125,-5.3314743739980655
11.8295,177.442,4.034375,-5.405858228205217
11.8295,177.442,4.0375000000000005,-5.565325509125163
11.8295,177.442,4.040625,-5.825487244634346
11.8295,177.442,4.04375,-6.147244444067782
11.8295,177.442,4.046875,-6.431150273492351
11.8295,177.442,4.05,-6.697957630969219
11.8295,177.442,4.0531250000000005,-6.959744162070153
11.8295,177.442,4.05625,-7.201012568475196
11.8295,177.442,4.059375,-7.357537285621271
11.8295,177.442,4.0625,-7.436147233340731
11.8295,177.442,4.065625,-7.4433209179740825
11.8295,177.442,4.0687500000000005,-7.395697509866909
11.8295,177.442,4.071875,-7.297467897604165
11.8295,177.442,4.075,-7.251699102545422
11.8295,177.442,4.078125,-7.220226135828565
11.8295,177.442,4.08125,-7.140620812147574
11.8295,177.442,4.0843750000000005,-7.064962704237146
11.8295,177.442,4.0875,-6.983749076797082
11.8295,177.442,4.090625,-6.901129148432088
11.8295,177.442,4.09375,-6.807917331059391
11.8295,177.442,4.096875,-6.730936588947732
11.8295,177.442,4.1000000000000005,-6.672147789364093
11.8295,177.442,4.103125,-6.631291589586978
11.8295,177.442,4.10625,-6.595850325713788
11.8295,177.442,4.109375,-6.622056890832413
11.8295,177.442,4.1125,-6.680113203422065
11.8295,177.442,4.1156250000000005,-6.711383421411296
11.8295,177.442,4.11875,-6.781041545076398
11.8295,177.442,4.121875,-6.904918229465917
11.8295,177.442,4.125,-6.986430831657695
11.8295,177.442,4.128125,-7.060219389722754
11.8295,177.442,4.1312500000000005,-7.181200639939921
11.8295,177.442,4.134375,-7.367842940798701
11.8295,177.442,4.1375,-7.533780007818605
11.8295,177.442,4.140625,-7.667751866095833
11.8295,177.442,4.14375,-7.809512043407927
11.8295,177.442,4.1468750000000005,-7.938161820652031
11.8295,177.442,4.15,-8.047378095163392
11.8295,177.442,4.153125,-8.175079431733481
11.8295,177.442,4.15625,-8.253615758326404
11.8295,177.442,4.159375,-8.310335179622882
11.8295,177.442,4.1625000000000005,-8.292549002810645
11.8295,177.442,4.165625,-8.291965054868024
11.8295,177.442,4.16875,-8.365451006920505
11.8295,177.442,4.171875,-8.47356074767757
11.8295,177.442,4.175,-8.662411881870817
11.8295,177.442,4.1781250000000005,-8.736536103996848
11.8295,177.442,4.18125,-8.85300018769075
11.8295,177.442,4.184375,-9.090498941910097
11.8295,177.442,4.1875,-9.380711728803163
11.8295,177.442,4.190625,-9.837309400437087
11.8295,177.442,4.1937500000000005,-10.247679075798338
11.8295,177.442,4.196875,-10.229398255319861
11.8295,177.442,4.2,-9.717948870389268
11.8295,177.442,4.203125,-9.299923289525902
11.8295,177.442,4.20625,-9.134129438486507
11.8295,177.442,4.2093750000000005,-9.119461597141928
11.8295,177.442,4.2125,-9.379985016716141
11.8295,177.442,4.215625,-9.842079873162248
11.8295,177.442,4.21875,-10.276870129283447
11.8295,177.442,4.221875,-10.79483883387876
11.8295,177.442,4.2250000000000005,-11.547133913315841
11.8295,177.442,4.228125,-12.044923045696903
11.8295,177.442,4.23125,-12.420442303750113
11.8295,177.442,4.234375,-12.798915821721558
11.8295,177.442,4.2375,-12.97990212696049
11.8295,177.442,4.2406250000000005,-13.027632526877657
11.8295,177.442,4.24375,-13.25738053478959
11.8295,177.442,4.246875,-13.868158970561279
11.8295,177.442,4.25,-14.73893339397129
11.8295,177.442,4.253125,-15.826355244722405
11.8295,177.442,4.2562500000000005,-17.717766071748816
11.8295,177.442,4.259375,-17.414668175527947
11.8295,177.442,4.2625,-16.764545698004692
11.8295,177.442,4.265625,-16.280814998293142
11.8295,177.442,4.26875,-16.31730241087692
11.8295,177.442,4.2718750000000005,-16.533419011162557
11.8295,177.442,4.275,-17.07922878256712
11.8295,177.442,4.278125,-17.69949716524581
11.8295,177.442,4.28125,-17.492549969373677
11.8295,177.442,4.284375000000001,-16.823176105743002
11.8295,177.442,4.2875000000000005,-16.578773575061504
11.8295,177.442,4.290625,-16.77150562721028
11.8295,177.442,4.29375,-17.32711965683237
11.8295,177.442,4.296875,-17.922182629441707
11.8295,177.442,4.300000000000001,-18.656205636980644
11.8295,177.442,4.3031250000000005,-19.699675618381104
11.8295,177.442,4.30625,-21.113105893626376
11.8295,177.442,4.309375,-23.177120167299087
11.8295,177.442,4.3125,-27.53167881685243
11.8295,177.442,4.315625000000001,-32.37080124480592
11.8295,177.442,4.3187500000000005,-31.19817712234139
11.8295,177.442,4.321875,-29.455660775141776
11.8295,177.442,4.325,-28.434616395947174
11.8295,177.442,4.328125,-27.80866807941143
11.8295,177.442,4.331250000000001,-28.473009235420776
11.8295,177.442,4.3343750000000005,-28.860890304467834
11.8295,177.442,4.3375,-26.959014395519706
11.8295,177.442,4.340625,-24.990438766185264
11.8295,177.442,4.34375,-23.560818383956807
11.8295,177.442,4.346875000000001,-23.150384106308735
11.8295,177.442,4.3500000000000005,-22.385682673155035
11.8295,177.442,4.353125,-20.785224310585384
11.8295,177.442,4.35625,-18.71880454316341
11.8295,177.442,4.359375,-17.00741679855472
11.8295,177.442,4.362500000000001,-15.623556979123293
11.8295,177.442,4.3656250000000005,-14.256846117123567
11.8295,177.442,4.36875,-13.079624923163703
11.8295,177.442,4.371875,-12.135791173416784
11.8295,177.442,4.375,-11.350667221876705
11.8295,177.442,4.378125000000001,-10.680686821850756
11.8295,177.442,4.3812500000000005,-10.09600141038856
11.8295,177.442,4.384375,-9.713736695296676
11.8295,177.442,4.3875,-9.417964839097772
11.8295,177.442,4.390625,-9.261537266907252
11.8295,177.442,4.393750000000001,-9.127945153840276
11.8295,177.442,4.3968750000000005,-9.017144431599732
11.8295,177.442,4.4,-8.993122932001674
11.8295,177.442,4.403125,-8.944361181703085
11.8295,177.442,4.40625,-8.895548354855979
11.8295,177.442,4.409375000000001,-8.88775805058337
11.8295,177.442,4.4125000000000005,-8.917380427344073
11.8295,177.442,4.415625,-8.979834230589695
11.8295,177.442,4.41875,-9.031157901491863
11.8295,177.442,4.421875,-9.023032298634883
11.8295,177.442,4.425000000000001,-9.010120499382053
11.8295,177.442,4.4281250000000005,-8.99556188412538
11.8295,177.442,4.43125,-8.99725676961357
11.8295,177.442,4.434375,-8.997826622236511
11.8295,177.442,4.4375,-8.93454333119533
11.8295,177.442,4.440625000000001,-8.81094397775404
11.8295,177.442,4.4437500000000005,-8.690100904379836
11.8295,177.442,4.446875,-8.558616706311653
11.8295,177.442,4.45,-8.41957639941728
11.8295,177.442,4.453125,-8.198817488488922
11.8295,177.442,4.456250000000001,-7.898975029540518
11.8295,177.442,4.4593750000000005,-7.596634825362418
11.8295,177.442,4.4625,-7.34596961406547
11.8295,177.442,4.465625,-7.17190240228207
11.8295,177.442,4.46875,-6.958317274265623
11.8295,177.442,4.471875000000001,-6.800412415732408
11.8295,177.442,4.4750000000000005,-6.661444312094963
11.8295,177.442,4.478125,-6.76218252903209
11.8295,177.442,4.48125,-7.014986111010845
11.8295,177.442,4.484375,-7.366136084412061
11.8295,177.442,4.487500000000001,-7.630079395726054
11.8295,177.442,4.4906250000000005,-7.900326107108543
11.8295,177.442,4.49375,-8.154091139613339
11.8295,177.442,4.496875,-8.295460086963786
11.8295,177.442,4.5,-8.437539633589452
11.8295,177.442,4.503125000000001,-8.537119770976036
11.8295,177.442,4.5062500000000005,-8.621934476684206
11.8295,177.442,4.509375,-8.619748743159521
11.8295,177.442,4.5125,-8.352669728986935
11.8295,177.442,4.515625,-8.14769250945782
11.8295,177.442,4.518750000000001,-7.999951713873642
11.8295,177.442,4.5218750000000005,-7.9293008311666
11.8295,177.442,4.525,-7.890996603255535
11.8295,177.442,4.528125,-7.927697935592399
11.8295,177.442,4.53125,-7.91196058176915
11.8295,177.442,4.534375000000001,-7.732788419988901
11.8295,177.442,4.5375000000000005,-7.445632315192892
11.8295,177.442,4.540625,-7.146508778812545
11.8295,177.442,4.54375,-6.837141955673026
11.8295,177.442,4.546875,-6.587745817481813
11.8295,177.442,4.550000000000001,-6.383349757691757
11.8295,177.442,4.5531250000000005,-6.251027385274778
11.8295,177.442,4.55625,-6.218951529382104
11.8295,177.442,4.559375,-6.351533125858992
11.8295,177.442,4.5625,-6.578554513173643
11.8295,177.442,4.565625000000001,-6.887625604212953
11.8295,177.442,4.5687500000000005,-7.7139321201667155
11.8295,177.442,4.571875,-9.218720629396241
11.8295,177.442,4.575,-10.085285815742093
11.8295,177.442,4.578125,-10.466159872425022
11.8295,177.442,4.581250000000001,-10.706784682301443
11.8295,177.442,4.5843750000000005,-10.778937703620175
11.8295,177.442,4.5875,-10.684492731067998
11.8295,177.442,4.590625,-10.26107410744574
11.8295,177.442,4.59375,-9.664181253690266
11.8295,177.442,4.596875000000001,-8.886097087126423
11.8295,177.442,4.6000000000000005,-8.183043510999862
11.8295,177.442,4.603125,-7.719328947601917
11.8295,177.442,4.60625,-7.397849263591496
11.8295,177.442,4.609375,-7.149614312964468
11.8295,177.442,4.612500000000001,-6.871123237485194
11.8295,177.442,4.6156250000000005,-6.571932733350937
11.8295,177.442,4.61875,-6.5487744846667715
11.8295,177.442,4.621875,-6.6943447249413595
11.8295,177.442,4.625,-6.549650222500807
11.8295,177.442,4.628125000000001,-6.448844519485527
11.8295,177.442,4.6312500000000005,-6.637456554520127
11.8295,177.442,4.634375,-6.335071861775753
11.8295,177.442,4.6375,-5.801355478424007
11.8295,177.442,4.640625,-5.537323772346522
11.8295,177.442,4.643750000000001,-5.357847753036131
11.8295,177.442,4.6468750000000005,-5.186230919324958
11.8295,177.442,4.65,-5.0506273168553895
11.8295,177.442,4.653125,-4.97412466222149
11.8295,177.442,4.65625,-4.936866818845079
11.8295,177.442,4.659375000000001,-5.251878806561489
11.8295,177.442,4.6625000000000005,-5.453073889966019
11.8295,177.442,4.665625,-5.438082720912901
11.8295,177.442,4.66875,-5.171374385949067
11.8295,177.442,4.671875,-4.850554350752255
11.8295,177.442,4.675000000000001,-4.795210663374322
11.8295,177.442,4.6781250000000005,-4.914492130544439
11.8295,177.442,4.68125,-5.447436732662897
11.8295,177.442,4.684375,-5.5719753035081165
11.8295,177.442,4.6875,-5.875150679311751
11.8295,177.442,4.690625000000001,-6.881585742072236
11.8295,177.442,4.6937500000000005,-6.962145502388673
11.8295,177.442,4.696875,-6.19353096237243
11.8295,177.442,4.7,-5.631184466235844
11.8295,177.442,4.703125,-5.276499704881959
11.8295,177.442,4.706250000000001,-5.37360679223368
11.8295,177.442,4.7093750000000005,-5.774192273624567
11.8295,177.442,4.7125,-5.706782327155077
11.8295,177.442,4.715625,-5.607277336427328
11.8295,177.442,4.71875,-6.157502623917787
11.8295,177.442,4.721875000000001,-5.914797800117614
11.8295,177.442,4.7250000000000005,-5.681886121570679
11.8295,177.442,4.728125,-4.997085826128461
11.8295,177.442,4.73125,-4.726048948146071
11.8295,177.442,4.734375,-4.601146061382314
11.8295,177.442,4.737500000000001,-4.4487785259636
11.8295,177.442,4.7406250000000005,-3.993797125774856
11.8295,177.442,4.74375,-4.325169143288114
11.8295,177.442,4.746875,-4.8123390138389475
11.8295,177.442,4.75,-4.007535679524958
11.8295,177.442,4.753125000000001,-3.971390702003426
11.8295,177.442,4.7562500000000005,-3.9967527619102072
11.8295,177.442,4.759375,-3.963883207546177
11.8295,177.442,4.7625,-3.729107669393173
11.8295,177.442,4.765625,-3.890484849427115
11.8295,177.442,4.768750000000001,-3.9346297110760093
11.8295,177.442,4.7718750000000005,-3.850854374799842
11.8295,177.442,4.775,-3.931605682780837
11.8295,177.442,4.778125,-3.9511450542941695
11.8295,177.442,4.78125,-4.005472421425026
11.8295,177.442,4.784375000000001,-4.075610382653881
11.8295,177.442,4.7875000000000005,-4.143287083126794
11.8295,177.442,4.790625,-4.206843226168747
11.8295,177.442,4.79375,-4.263939942913885
11.8295,177.442,4.796875,-4.319198100556979
11.8295,177.442,4.800000000000001,-4.352546447535276
11.8295,177.442,4.8031250000000005,-4.370523129975072
11.8295,177.442,4.80625,-4.371305418441931
11.8295,177.442,4.809375,-4.342613609734778
11.8295,177.442,4.8125,-4.286090872656541
11.8295,177.442,4.815625000000001,-4.2182080688084405
11.8295,177.442,4.8187500000000005,-4.142069232759179
11.8295,177.442,4.821875,-4.056235590603402
11.8295,177.442,4.825,-3.961992535985592
11.8295,177.442,4.828125,-3.868709139767208
11.8295,177.442,4.831250000000001,-3.784620112253216
11.8295,177.442,4.8343750000000005,-3.7052383205550266
11.8295,177.442,4.8375,-3.6427437510901
11.8295,177.442,4.840625,-3.594770419858926
11.8295,177.442,4.84375,-3.560886530588429
11.8295,177.442,4.846875000000001,-3.547446310262936
11.8295,177.442,4.8500000000000005,-3.547216475512494
11.8295,177.442,4.853125,-3.5672144286849012
11.8295,177.442,4.85625,-3.59996725991624
11.8295,177.442,4.859375,-3.646741374794637
11.8295,177.442,4.862500000000001,-3.7094917844431397
11.8295,177.442,4.8656250000000005,-3.7852232949406965
11.8295,177.442,4.86875,-3.8735232110798883
11.8295,177.442,4.871875,-3.9650788000007973
11.8295,177.442,4.875,-4.055070131231904
11.8295,177.442,4.878125000000001,-4.149730318461822
11.8295,177.442,4.8812500000000005,-4.235023219671711
11.8295,177.442,4.884375,-4.311874050190668
11.8295,177.442,4.8875,-4.374587164905574
11.8295,177.442,4.890625,-4.419068018574659
11.8295,177.442,4.893750000000001,-4.439835384027948
11.8295,177.442,4.8968750000000005,-4.436381003190935
11.8295,177.442,4.9,-4.405831893134277
11.8295,177.442,4.903125,-4.357898120457783
11.8295,177.442,4.90625,-4.28327877718547
11.8295,177.442,4.909375000000001,-4.196471390110083
11.8295,177.442,4.9125000000000005,-4.092495666898671
11.8295,177.442,4.915625,-3.986710291934084
11.8295,177.442,4.91875,-3.8790898161321663
11.8295,177.442,4.921875,-3.778371123269269
11.8295,177.442,4.925000000000001,-3.6847382033445735
11.8295,177.442,4.9281250000000005,-3.599704536567337
11.8295,177.442,4.93125,-3.5303029350818105
11.8295,177.442,4.934375,-3.4787254806120105
11.8295,177.442,4.9375,-3.4433945646616038
11.8295,177.442,4.940625000000001,-3.426225480850395
11.8295,177.442,4.9437500000000005,-3.428145259050357
11.8295,177.442,4.946875,-3.450433326609824
11.8295,177.442,4.95,-3.487008490229742
11.8295,177.442,4.953125,-3.5456268735749834
11.8295,177.442,4.956250000000001,-3.616377008520113
11.8295,177.442,4.9593750000000005,-3.7011234614027537
11.8295,177.442,4.9625,-3.7987110630141085
11.8295,177.442,4.965625,-3.9048364562990123
11.8295,177.442,4.96875,-4.0156169308961704
11.8295,177.442,4.971875000000001,-4.124709896267655
11.8295,177.442,4.9750000000000005,-4.230849241461182
11.8295,177.442,4.978125,-4.329360998316586
11.8295,177.442,4.98125,-4.407212951441054
11.8295,177.442,4.984375,-4.467454835681491
11.8295,177.442,4.987500000000001,-4.504020618360484
11.8295,177.442,4.9906250000000005,-4.516005414060741
11.8295,177.442,4.99375,-4.496851445614642
11.8295,177.442,4.996875,-4.462450323751149
11.8295,177.442,5,-4.413159928491611
11.8295,177.442,5.003125000000001,-4.341540636238462
11.8295,177.442,5.0062500000000005,-4.28758039439817
11.8295,177.442,5.009375,-4.218834151899765
11.8295,177.442,5.0125,-4.157542257163486
11.8295,177.442,5.015625,-4.096787186618937
11.8295,177.442,5.018750000000001,-4.050214236216815
11.8295,177.442,5.0218750000000005,-4.012294191470059
11.8295,177.442,5.025,-3.9861406356185647
11.8295,177.442,5.028125,-3.980705552175374
11.8295,177.442,5.03125,-3.992296099224294
11.8295,177.442,5.034375000000001,-4.017562754774296
11.8295,177.442,5.0375000000000005,-4.065696184896575
11.8295,177.442,5.040625,-4.130905867851663
11.8295,177.442,5.04375,-4.216819810345889
11.8295,177.442,5.046875,-4.318419740161473
11.8295,177.442,5.050000000000001,-4.432918717898944
11.8295,177.442,5.0531250000000005,-4.570312946646988
11.8295,177.442,5.05625,-4.710810840618187
11.8295,177.442,5.059375,-4.8591928114910745
11.8295,177.442,5.0625,-5.017271669616765
11.8295,177.442,5.065625000000001,-5.17319661935221
11.8295,177.442,5.0687500000000005,-5.317368319439577
11.8295,177.442,5.071875,-5.442423715644937
11.8295,177.442,5.075,-5.5474815161772355
11.8295,177.442,5.078125,-5.618438531548669
11.8295,177.442,5.081250000000001,-5.640513997642667
11.8295,177.442,5.0843750000000005,-5.628807247728483
11.8295,177.442,5.0875,-5.576595856133575
11.8295,177.442,5.090625,-5.497339143198837
11.8295,177.442,5.09375,-5.391902441321802
11.8295,177.442,5.096875000000001,-5.26869167656448
11.8295,177.442,5.1000000000000005,-5.151674479769827
11.8295,177.442,5.103125,-5.034767215074845
11.8295,177.442,5.10625,-4.900837331948763
11.8295,177.442,5.109375,-4.7521676354603315
11.8295,177.442,5.112500000000001,-4.615171402377446
11.8295,177.442,5.1156250000000005,-4.506838557397914
11.8295,177.442,5.11875,-4.42656325195823
11.8295,177.442,5.121875,-4.3755211063475405
11.8295,177.442,5.125,-4.347690435629319
11.8295,177.442,5.128125000000001,-4.3418691700307805
11.8295,177.442,5.1312500000000005,-4.360936892072163
11.8295,177.442,5.134375,-4.402495291768838
11.8295,177.442,5.1375,-4.4497972733529165
11.8295,177.442,5.140625,-4.528005000283853
11.8295,177.442,5.143750000000001,-4.61257880057526
11.8295,177.442,5.1468750000000005,-4.703686062386463
11.8295,177.442,5.15,-4.808682039197776
11.8295,177.442,5.153125,-4.916605348581372
11.8295,177.442,5.15625,-5.029352345139145
11.8295,177.442,5.159375000000001,-5.139378419548116
11.8295,177.442,5.1625000000000005,-5.240343732851197
11.8295,177.442,5.165625,-5.330275732649195
11.8295,177.442,5.16875,-5.401923627090396
11.8295,177.442,5.171875,-5.450881658128597
11.8295,177.442,5.175000000000001,-5.473730491063419
11.8295,177.442,5.1781250000000005,-5.46424723022527
11.8295,177.442,5.18125,-5.433361569923165
11.8295,177.442,5.184375,-5.3782505121739055
11.8295,177.442,5.1875,-5.301356761147888
11.8295,177.442,5.190625000000001,-5.2094663892071145
11.8295,177.442,5.1937500000000005,-5.1101732177926475
11.8295,177.442,5.196875,-5.024984260216413
11.8295,177.442,5.2,-4.940746572298179
11.8295,177.442,5.203125,-4.861653074930713
11.8295,177.442,5.206250000000001,-4.796110349448192
11.8295,177.442,5.2093750000000005,-4.742031214111135
11.8295,177.442,5.2125,-4.705927183030813
11.8295,177.442,5.215625,-4.68963824182708
11.8295,177.442,5.21875,-4.7039150878952976
11.8295,177.442,5.221875000000001,-4.744953479567399
11.8295,177.442,5.2250000000000005,-4.816865764457432
11.8295,177.442,5.228125,-4.917024976957112
11.8295,177.442,5.23125,-5.050163459886461
11.8295,177.442,5.234375,-5.206286214918699
11.8295,177.442,5.237500000000001,-5.396822160078112
11.8295,177.442,5.2406250000000005,-5.607072136184649
11.8295,177.442,5.24375,-5.853633094414498
11.8295,177.442,5.246875,-6.127575679130654
11.8295,177.442,5.25,-6.432175641425814
11.8295,177.442,5.253125000000001,-6.794567648343176
11.8295,177.442,5.2562500000000005,-7.254313462908928
11.8295,177.442,5.259375,-7.882891261151008
11.8295,177.442,5.2625,-8.859835548816253
11.8295,177.442,5.265625,-10.368933805408298
11.8295,177.442,5.268750000000001,-11.343447062050531
11.8295,177.442,5.2718750000000005,-9.947583923309478
11.8295,177.442,5.275,-8.363336071827502
11.8295,177.442,5.278125,-7.446045644222053
11.8295,177.442,5.28125,-6.901303558550072
11.8295,177.442,5.284375000000001,-6.523635487333626
11.8295,177.442,5.2875000000000005,-6.220685661267705
11.8295,177.442,5.290625,-5.967418108903205
11.8295,177.442,5.29375,-5.742868591847085
11.8295,177.442,5.296875,-5.558520625116811
11.8295,177.442,5.300000000000001,-5.405779540471722
11.8295,177.442,5.3031250000000005,-5.287346182796586
11.8295,177.442,5.30625,-5.194350693620244
11.8295,177.442,5.309375,-5.135700226032391
11.8295,177.442,5.3125,-5.101493436324849
11.8295,177.442,5.315625000000001,-5.091793606699227
11.8295,177.442,5.3187500000000005,-5.113317028028962
11.8295,177.442,5.321875,-5.1541470337265425
11.8295,177.442,5.325,-5.213920111893629
11.8295,177.442,5.328125,-5.2889281612403405
11.8295,177.442,5.331250000000001,-5.3707854536344
11.8295,177.442,5.3343750000000005,-5.46328856808898
11.8295,177.442,5.3375,-5.556572708380435
11.8295,177.442,5.340625,-5.646649078599254
11.8295,177.442,5.34375,-5.741100936811091
11.8295,177.442,5.346875000000001,-5.828991821860616
11.8295,177.442,5.3500000000000005,-5.89645094043806
11.8295,177.442,5.353125,-5.943707995670863
11.8295,177.442,5.35625,-5.963530446530733
11.8295,177.442,5.359375,-5.948685995349657
11.8295,177.442,5.362500000000001,-5.894172233744294
11.8295,177.442,5.3656250000000005,-5.812874270372335
11.8295,177.442,5.36875,-5.700160537738393
11.8295,177.442,5.371875,-5.575891208297989
11.8295,177.442,5.375,-5.439090951349547
11.8295,177.442,5.378125000000001,-5.292269701827418
11.8295,177.442,5.3812500000000005,-5.152545849381905
11.8295,177.442,5.384375,-5.02565246453306
11.8295,177.442,5.3875,-4.912261829956171
11.8295,177.442,5.390625,-4.824018520432872
11.8295,177.442,5.393750000000001,-4.7513150333948655
11.8295,177.442,5.3968750000000005,-4.702262406796172
11.8295,177.442,5.4,-4.684837519850033
11.8295,177.442,5.403125,-4.681443714152294
11.8295,177.442,5.40625,-4.710036934042201
11.8295,177.442,5.409375000000001,-4.7515857389313325
11.8295,177.442,5.4125000000000005,-4.8221399128071925
11.8295,177.442,5.415625,-4.907874805808788
11.8295,177.442,5.41875,-5.008203300027908
11.8295,177.442,5.421875,-5.129040569864989
11.8295,177.442,5.425000000000001,-5.267381302350219
11.8295,177.442,5.4281250000000005,-5.417400304959225
11.8295,177.442,5.43125,-5.574911236697409
11.8295,177.442,5.434375,-5.736307597427647
11.8295,177.442,5.4375,-5.899807694752002
11.8295,177.442,5.440625000000001,-6.038380888894407
11.8295,177.442,5.4437500000000005,-6.157701707296609
11.8295,177.442,5.446875,-6.246870475372451
11.8295,177.442,5.45,-6.300369092803551
11.8295,177.442,5.453125,-6.3188226729067045
11.8295,177.442,5.456250000000001,-6.291192631587162
11.8295,177.442,5.4593750000000005,-6.221388249068767
11.8295,177.442,5.4625,-6.11915122431434
11.8295,177.442,5.465625,-5.984821129916623
11.8295,177.442,5.46875,-5.82765065488016
11.8295,177.442,5.471875000000001,-5.658272523016695
11.8295,177.442,5.4750000000000005,-5.493245485425474
11.8295,177.442,5.478125,-5.336228455699369
11.8295,177.442,5.48125,-5.192609941959469
11.8295,177.442,5.484375,-5.071733598790794
11.8295,177.442,5.487500000000001,-4.96463670234829
11.8295,177.442,5.4906250000000005,-4.896593527525589
11.8295,177.442,5.49375,-4.855996418182263
11.8295,177.442,5.496875,-4.8357505370237694
11.8295,177.442,5.5,-4.854147132418039
11.8295,177.442,5.503125000000001,-4.880786759755812
11.8295,177.442,5.5062500000000005,-4.93036502938771
11.8295,177.442,5.509375,-4.9985532853472145
11.8295,177.442,5.5125,-5.082082927239727
11.8295,177.442,5.515625,-5.163209015163057
11.8295,177.442,5.518750000000001,-5.258553902427589
11.8295,177.442,5.5218750000000005,-5.345661224699318
11.8295,177.442,5.525,-5.419560130053504
11.8295,177.442,5.528125,-5.481772567700899
11.8295,177.442,5.53125,-5.526130506349588
11.8295,177.442,5.534375000000001,-5.549392538935649
11.8295,177.442,5.5375000000000005,-5.536634647263319
11.8295,177.442,5.540625,-5.496859542554434
11.8295,177.442,5.54375,-5.43044575197532
11.8295,177.442,5.546875,-5.331585227736678
11.8295,177.442,5.550000000000001,-5.213461535330731
11.8295,177.442,5.5531250000000005,-5.078336785351034
11.8295,177.442,5.55625,-4.933999837603865
11.8295,177.442,5.559375,-4.780666519785773
11.8295,177.442,5.5625,-4.632771925015427
11.8295,177.442,5.565625000000001,-4.494648017088885
11.8295,177.442,5.5687500000000005,-4.3687495191684205
11.8295,177.442,5.571875,-4.260999729850448
11.8295,177.442,5.575,-4.170192703976013
11.8295,177.442,5.578125,-4.105608989770472
11.8295,177.442,5.581250000000001,-4.057721709644422
11.8295,177.442,5.5843750000000005,-4.033446185375543
11.8295,177.442,5.5875,-4.032796336105516
11.8295,177.442,5.590625,-4.060949811293496
11.8295,177.442,5.59375,-4.1052306297655905
11.8295,177.442,5.596875000000001,-4.173057574322681
11.8295,177.442,5.6000000000000005,-4.262595764760745
11.8295,177.442,5.603125,-4.363877410265767
11.8295,177.442,5.60625,-4.4788192022028985
11.8295,177.442,5.609375,-4.603441751462935
11.8295,177.442,5.612500000000001,-4.737710730744864
11.8295,177.442,5.6156250000000005,-4.863747933744579
11.8295,177.442,5.61875,-4.985593328921278
11.8295,177.442,5.621875,-5.094036272276547
11.8295,177.442,5.625,-5.183711317863921
11.8295,177.442,5.628125000000001,-5.235754466798992
11.8295,177.442,5.6312500000000005,-5.262532921448804
11.8295,177.442,5.634375,-5.247004722297922
11.8295,177.442,5.6375,-5.189716739645959
11.8295,177.442,5.640625,-5.102866176818932
11.8295,177.442,5.643750000000001,-4.985957410914215
11.8295,177.442,5.6468750000000005,-4.846434667875842
11.8295,177.442,5.65,-4.701817566127112
11.8295,177.442,5.653125,-4.546525782482237
11.8295,177.442,5.65625,-4.396532666338084
11.8295,177.442,5.659375000000001,-4.264709609142455
11.8295,177.442,5.6625000000000005,-4.143933874280772
11.8295,177.442,5.665625,-4.0445108957356375
11.8295,177.442,5.66875,-3.9721143304597444
11.8295,177.442,5.671875,-3.9201938103074707
11.8295,177.442,5.675000000000001,-3.8907631893656545
11.8295,177.442,5.6781250000000005,-3.876026205640696
11.8295,177.442,5.68125,-3.8886927019979716
11.8295,177.442,5.684375,-3.9257433086965214
11.8295,177.442,5.6875,-3.9688512006886296
11.8295,177.442,5.690625000000001,-4.030911061219024
11.8295,177.442,5.6937500000000005,-4.097159157691253
11.8295,177.442,5.696875,-4.166721884205542
11.8295,177.442,5.7,-4.240474560143438
11.8295,177.442,5.703125,-4.312312010210718
11.8295,177.442,5.706250000000001,-4.378645760671188
11.8295,177.442,5.7093750000000005,-4.425017510870733
11.8295,177.442,5.7125,-4.454036474845212
11.8295,177.442,5.715625,-4.464348146676535
11.8295,177.442,5.71875,-4.439314103812711
11.8295,177.442,5.721875000000001,-4.392635774038626
11.8295,177.442,5.7250000000000005,-4.320220907069503
11.8295,177.442,5.728125,-4.220061033854022
11.8295,177.442,5.73125,-4.0895566353168356
11.8295,177.442,5.734375,-3.944356517264781
11.8295,177.442,5.737500000000001,-3.782781502908814
11.8295,177.442,5.7406250000000005,-3.6243142551531173
11.8295,177.442,5.74375,-3.472553169830567
11.8295,177.442,5.746875,-3.3292871182475485
11.8295,177.442,5.75,-3.2013725391741588
11.8295,177.442,5.753125000000001,-3.087639408689173
11.8295,177.442,5.7562500000000005,-2.9973167466106916
11.8295,177.442,5.759375,-2.931743883727446
11.8295,177.442,5.7625,-2.897454559298962
11.8295,177.442,5.765625,-2.887155730840459
11.8295,177.442,5.768750000000001,-2.898377688457944
11.8295,177.442,5.7718750000000005,-2.93244454449358
11.8295,177.442,5.775,-2.979791984701153
11.8295,177.442,5.778125,-3.055884747507192
11.8295,177.442,5.78125,-3.1374767462420845
11.8295,177.442,5.784375000000001,-3.2295166304262435
11.8295,177.442,5.7875000000000005,-3.3295719283231344
11.8295,177.442,5.790625,-3.426832867126242
11.8295,177.442,5.79375,-3.5274791563640018
11.8295,177.442,5.796875,-3.615537250062336
11.8295,177.442,5.800000000000001,-3.6782992647671895
11.8295,177.442,5.8031250000000005,-3.738824427096265
11.8295,177.442,5.80625,-3.7713808165116975
11.8295,177.442,5.809375,-3.781301613911195
11.8295,177.442,5.8125,-3.765998079490754
11.8295,177.442,5.815625000000001,-3.721541509092124
11.8295,177.442,5.8187500000000005,-3.6598515751361265
11.8295,177.442,5.821875,-3.5652858351790764
11.8295,177.442,5.825,-3.46663283133355
11.8295,177.442,5.828125,-3.3474225643375837
11.8295,177.442,5.831250000000001,-3.222849058342473
11.8295,177.442,5.8343750000000005,-3.1015734305673694
11.8295,177.442,5.8375,-2.98727174890173
11.8295,177.442,5.840625,-2.8794828609685696
11.8295,177.442,5.84375,-2.794440014413448
11.8295,177.442,5.846875000000001,-2.7257922321889594
11.8295,177.442,5.8500000000000005,-2.683564278756598
11.8295,177.442,5.853125,-2.6620520872414466
11.8295,177.442,5.85625,-2.6609390574231946
11.8295,177.442,5.859375,-2.686679067180586
11.8295,177.442,5.862500000000001,-2.729347114650988
11.8295,177.442,5.8656250000000005,-2.7930800593878784
11.8295,177.442,5.86875,-2.870933173016704
11.8295,177.442,5.871875,-2.958383344648886
11.8295,177.442,5.875,-3.051344285844901
11.8295,177.442,5.878125000000001,-3.1449724518021998
11.8295,177.442,5.8812500000000005,-3.2447076549045777
11.8295,177.442,5.884375,-3.32996211450115
11.8295,177.442,5.8875,-3.3991595035359143
11.8295,177.442,5.890625,-3.4574859471487907
11.8295,177.442,5.893750000000001,-3.4947415937660637
11.8295,177.442,5.8968750000000005,-3.500921000554733
11.8295,177.442,5.9,-3.4747109760480406
11.8295,177.442,5.903125,-3.415686475151018
11.8295,177.442,5.90625,-3.3319413792717696
11.8295,177.442,5.909375000000001,-3.2055083073981736
11.8295,177.442,5.9125000000000005,-3.069290335887181
11.8295,177.442,5.915625,-2.916386795490755
11.8295,177.442,5.91875,-2.7481520913752138
11.8295,177.442,5.921875,-2.5864944685418365
11.8295,177.442,5.925000000000001,-2.4334773178966653
11.8295,177.442,5.9281250000000005,-2.2937325726175746
11.8295,177.442,5.93125,-2.1738637788539146
11.8295,177.442,5.934375,-2.074687267895545
11.8295,177.442,5.9375,-2.0050109507890337
11.8295,177.442,5.940625000000001,-1.9628509720078526
11.8295,177.442,5.9437500000000005,-1.9427535562716092
11.8295,177.442,5.946875,-1.9479750007299255
11.8295,177.442,5.95,-1.9821544852457427
11.8295,177.442,5.953125,-2.031199704512466
11.8295,177.442,5.956250000000001,-2.097209534082772
11.8295,177.442,5.9593750000000005,-2.184736162014379
11.8295,177.442,5.9625,-2.275625428777972
11.8295,177.442,5.965625,-2.3791654742457546
11.8295,177.442,5.96875,-2.4870976411923875
11.8295,177.442,5.971875000000001,-2.5998324931599464
11.8295,177.442,5.9750000000000005,-2.709073188040643
11.8295,177.442,5.978125,-2.824773801008738
11.8295,177.442,5.98125,-2.9243291120378236
11.8295,177.442,5.984375,-3.0158304640071028
11.8295,177.442,5.987500000000001,-3.076577661056132
11.8295,177.442,5.9906250000000005,-3.1138783178853497
11.8295,177.442,5.99375,-3.120701516507021
11.8295,177.442,5.996875,-3.096451798028161
11.8295,177.442,6,-3.0448400764206056
