"Current","Field","Frequency","Spectra"
11.7521,176.281,1,-0.9165482226795194
11.7521,176.281,1.003125,-0.8752280604812618
11.7521,176.281,1.00625,-0.8369835109559662
11.7521,176.281,1.0093750000000001,-0.8066150191503667
11.7521,176.281,1.0125,-0.7827945941995422
11.7521,176.281,1.015625,-0.7700242785519447
11.7521,176.281,1.01875,-0.7677240217179354
11.7521,176.281,1.021875,-0.7765408444374047
11.7521,176.281,1.0250000000000001,-0.7971565971097473
11.7521,176.281,1.028125,-0.8311279092752156
11.7521,176.281,1.03125,-0.8779828286499725
11.7521,176.281,1.034375,-0.9349448113895237
11.7521,176.281,1.0375,-0.9989974292844652
11.7521,176.281,1.0406250000000001,-1.0671321207277487
11.7521,176.281,1.04375,-1.1354797369088454
11.7521,176.281,1.046875,-1.2018829440512409
11.7521,176.281,1.05,-1.2658130775213485
11.7521,176.281,1.053125,-1.3214476561823465
11.7521,176.281,1.0562500000000001,-1.3672279785629329
11.7521,176.281,1.059375,-1.4066551096018447
11.7521,176.281,1.0625,-1.4288080813553563
11.7521,176.281,1.065625,-1.4419913660504413
11.7521,176.281,1.06875,-1.4421053932568861
11.7521,176.281,1.0718750000000001,-1.430660757565667
11.7521,176.281,1.0750000000000002,-1.4103705023164226
11.7521,176.281,1.078125,-1.3798574823009337
11.7521,176.281,1.08125,-1.3418608448259286
11.7521,176.281,1.084375,-1.292959700614034
11.7521,176.281,1.0875000000000001,-1.2401008844444321
11.7521,176.281,1.0906250000000002,-1.1850897884553064
11.7521,176.281,1.09375,-1.1376743306746717
11.7521,176.281,1.096875,-1.080274157440828
11.7521,176.281,1.1,-1.0348429683004872
11.7521,176.281,1.1031250000000001,-0.9943965349606143
11.7521,176.281,1.1062500000000002,-0.949859200281712
11.7521,176.281,1.109375,-0.9177525461736868
11.7521,176.281,1.1125,-0.8974078659245293
11.7521,176.281,1.115625,-0.885607406638571
11.7521,176.281,1.1187500000000001,-0.8863030608153446
11.7521,176.281,1.1218750000000002,-0.8951722685309813
11.7521,176.281,1.125,-0.9110994303170992
11.7521,176.281,1.128125,-0.9343516698215372
11.7521,176.281,1.13125,-0.9665048038815451
11.7521,176.281,1.1343750000000001,-1.0050630298985834
11.7521,176.281,1.1375000000000002,-1.0451583226630101
11.7521,176.281,1.140625,-1.0877172469000636
11.7521,176.281,1.14375,-1.121312987318076
11.7521,176.281,1.146875,-1.1570067716378256
11.7521,176.281,1.1500000000000001,-1.1882929629970296
11.7521,176.281,1.1531250000000002,-1.215528824405647
11.7521,176.281,1.15625,-1.2309780088669173
11.7521,176.281,1.159375,-1.2364661154980712
11.7521,176.281,1.1625,-1.2319682062327248
11.7521,176.281,1.1656250000000001,-1.2197617216302663
11.7521,176.281,1.1687500000000002,-1.2002354824182286
11.7521,176.281,1.171875,-1.1681202286252748
11.7521,176.281,1.175,-1.1299476969983508
11.7521,176.281,1.178125,-1.0871611645023738
11.7521,176.281,1.1812500000000001,-1.0348827337400275
11.7521,176.281,1.1843750000000002,-0.9844571564092006
11.7521,176.281,1.1875,-0.9315973924565193
11.7521,176.281,1.190625,-0.8838444645651391
11.7521,176.281,1.19375,-0.8417348835830492
11.7521,176.281,1.1968750000000001,-0.8100759503985524
11.7521,176.281,1.2000000000000002,-0.7820861217463614
11.7521,176.281,1.203125,-0.7740265533922202
11.7521,176.281,1.20625,-0.77950518062398
11.7521,176.281,1.209375,-0.8000779137672541
11.7521,176.281,1.2125000000000001,-0.8331600410765293
11.7521,176.281,1.2156250000000002,-0.8836568413937758
11.7521,176.281,1.21875,-0.9380737838863512
11.7521,176.281,1.221875,-1.0046852058914197
11.7521,176.281,1.225,-1.0789767923269493
11.7521,176.281,1.2281250000000001,-1.155969241049815
11.7521,176.281,1.2312500000000002,-1.229647331957297
11.7521,176.281,1.234375,-1.2982697156720593
11.7521,176.281,1.2375,-1.3557193482260095
11.7521,176.281,1.240625,-1.4086605448378493
11.7521,176.281,1.2437500000000001,-1.454660661369309
11.7521,176.281,1.2468750000000002,-1.4928313225416756
11.7521,176.281,1.25,-1.5159164528413136
11.7521,176.281,1.253125,-1.5175761310156979
11.7521,176.281,1.25625,-1.5008140332808717
11.7521,176.281,1.2593750000000001,-1.4746803509033382
11.7521,176.281,1.2625000000000002,-1.453583772940224
11.7521,176.281,1.265625,-1.422795587959814
11.7521,176.281,1.26875,-1.384310581163319
11.7521,176.281,1.271875,-1.3328477644071852
11.7521,176.281,1.2750000000000001,-1.2828679946720016
11.7521,176.281,1.2781250000000002,-1.2257561359928233
11.7521,176.281,1.28125,-1.175380179871589
11.7521,176.281,1.284375,-1.1352243273100462
11.7521,176.281,1.2875,-1.0984799171601187
11.7521,176.281,1.2906250000000001,-1.0627928877705188
11.7521,176.281,1.2937500000000002,-1.041403278512355
11.7521,176.281,1.296875,-1.0261708620505792
11.7521,176.281,1.3,-1.023116386801288
11.7521,176.281,1.303125,-1.0347396040691752
11.7521,176.281,1.3062500000000001,-1.0532218502457213
11.7521,176.281,1.3093750000000002,-1.0784655782231627
11.7521,176.281,1.3125,-1.1148826899780024
11.7521,176.281,1.315625,-1.154966653204437
11.7521,176.281,1.31875,-1.1980304765165548
11.7521,176.281,1.3218750000000001,-1.2434784334638112
11.7521,176.281,1.3250000000000002,-1.2870615436264097
11.7521,176.281,1.328125,-1.3244444193852631
11.7521,176.281,1.33125,-1.3548593682159034
11.7521,176.281,1.334375,-1.3786577309552905
11.7521,176.281,1.3375000000000001,-1.392673577723634
11.7521,176.281,1.3406250000000002,-1.3953205105561368
11.7521,176.281,1.34375,-1.3903031034762214
11.7521,176.281,1.346875,-1.3726637842689078
11.7521,176.281,1.35,-1.3462421983131816
11.7521,176.281,1.3531250000000001,-1.310054207999281
11.7521,176.281,1.3562500000000002,-1.2662177685039189
11.7521,176.281,1.359375,-1.2156669889781015
11.7521,176.281,1.3625,-1.1607867694454423
11.7521,176.281,1.365625,-1.102293115210464
11.7521,176.281,1.3687500000000001,-1.0422071031632747
11.7521,176.281,1.3718750000000002,-0.9876772601095763
11.7521,176.281,1.375,-0.9383291202999323
11.7521,176.281,1.378125,-0.8980893022632713
11.7521,176.281,1.38125,-0.8638815397297889
11.7521,176.281,1.3843750000000001,-0.8396921834806859
11.7521,176.281,1.3875000000000002,-0.8313642658873686
11.7521,176.281,1.390625,-0.8365169000673189
11.7521,176.281,1.39375,-0.8592328388977344
11.7521,176.281,1.396875,-0.8970040540448381
11.7521,176.281,1.4000000000000001,-0.9515929148231594
11.7521,176.281,1.4031250000000002,-1.0051135241146656
11.7521,176.281,1.40625,-1.0711928108266173
11.7521,176.281,1.409375,-1.142857631695539
11.7521,176.281,1.4125,-1.2209831781623899
11.7521,176.281,1.4156250000000001,-1.2950799904723318
11.7521,176.281,1.4187500000000002,-1.368816711972562
11.7521,176.281,1.421875,-1.4312343362168987
11.7521,176.281,1.425,-1.4850815223906177
11.7521,176.281,1.428125,-1.529934684431164
11.7521,176.281,1.4312500000000001,-1.563345446471622
11.7521,176.281,1.4343750000000002,-1.5849234988865244
11.7521,176.281,1.4375,-1.5934699637107388
11.7521,176.281,1.440625,-1.5902224067043291
11.7521,176.281,1.44375,-1.575819222485861
11.7521,176.281,1.4468750000000001,-1.5490360686552855
11.7521,176.281,1.4500000000000002,-1.5138361601582486
11.7521,176.281,1.453125,-1.4717675615725314
11.7521,176.281,1.45625,-1.420448797509374
11.7521,176.281,1.459375,-1.3665696323527432
11.7521,176.281,1.4625000000000001,-1.312675855424691
11.7521,176.281,1.4656250000000002,-1.262459474859672
11.7521,176.281,1.46875,-1.2127399057385568
11.7521,176.281,1.471875,-1.1717274736834549
11.7521,176.281,1.475,-1.139395617118443
11.7521,176.281,1.4781250000000001,-1.1205616798665523
11.7521,176.281,1.4812500000000002,-1.1126240610260225
11.7521,176.281,1.484375,-1.1201843365259576
11.7521,176.281,1.4875,-1.1388383355661902
11.7521,176.281,1.490625,-1.1727124687783923
11.7521,176.281,1.4937500000000001,-1.2181684236802288
11.7521,176.281,1.4968750000000002,-1.269588050336612
11.7521,176.281,1.5,-1.3233464304541995
11.7521,176.281,1.503125,-1.3806331259387208
11.7521,176.281,1.50625,-1.435336133424909
11.7521,176.281,1.5093750000000001,-1.4852313134082598
11.7521,176.281,1.5125000000000002,-1.5288211539614207
11.7521,176.281,1.515625,-1.5602710141838627
11.7521,176.281,1.51875,-1.5891814866465732
11.7521,176.281,1.521875,-1.6021973050064604
11.7521,176.281,1.5250000000000001,-1.5984682342608512
11.7521,176.281,1.5281250000000002,-1.5830436298726949
11.7521,176.281,1.53125,-1.5616143883608329
11.7521,176.281,1.534375,-1.534720415122207
11.7521,176.281,1.5375,-1.4959359667226624
11.7521,176.281,1.5406250000000001,-1.4508294028598823
11.7521,176.281,1.5437500000000002,-1.3980310715751278
11.7521,176.281,1.546875,-1.3376147504452
11.7521,176.281,1.55,-1.2800308507097202
11.7521,176.281,1.553125,-1.2163524086727662
11.7521,176.281,1.5562500000000001,-1.156062661890308
11.7521,176.281,1.5593750000000002,-1.100312949430806
11.7521,176.281,1.5625,-1.0469210990959474
11.7521,176.281,1.565625,-1.0019640541428088
11.7521,176.281,1.56875,-0.9727688442103886
11.7521,176.281,1.5718750000000001,-0.9566582217897935
11.7521,176.281,1.5750000000000002,-0.9521142409611995
11.7521,176.281,1.578125,-0.9675669027335027
11.7521,176.281,1.58125,-0.9968156025920221
11.7521,176.281,1.584375,-1.0428787630182594
11.7521,176.281,1.5875000000000001,-1.1046260298621409
11.7521,176.281,1.5906250000000002,-1.177011778711117
11.7521,176.281,1.59375,-1.2586356666971983
11.7521,176.281,1.596875,-1.3411883936078404
11.7521,176.281,1.6,-1.423287960763779
11.7521,176.281,1.6031250000000001,-1.4972522337640883
11.7521,176.281,1.6062500000000002,-1.5638961242975433
11.7521,176.281,1.609375,-1.6191435433241255
11.7521,176.281,1.6125,-1.6600934063705373
11.7521,176.281,1.615625,-1.6881371692146632
11.7521,176.281,1.6187500000000001,-1.6956082296885588
11.7521,176.281,1.6218750000000002,-1.691480521717239
11.7521,176.281,1.625,-1.6758604976952576
11.7521,176.281,1.628125,-1.6460725179873978
11.7521,176.281,1.63125,-1.6074313087316459
11.7521,176.281,1.6343750000000001,-1.56576571616668
11.7521,176.281,1.6375000000000002,-1.5162784804860365
11.7521,176.281,1.640625,-1.4665984234353697
11.7521,176.281,1.64375,-1.4156993991448066
11.7521,176.281,1.646875,-1.3661469945880471
11.7521,176.281,1.6500000000000001,-1.3235085397072401
11.7521,176.281,1.6531250000000002,-1.2876748240213207
11.7521,176.281,1.65625,-1.2643570429895337
11.7521,176.281,1.659375,-1.2531280864398493
11.7521,176.281,1.6625,-1.2667127250211214
11.7521,176.281,1.6656250000000001,-1.2679272026363115
11.7521,176.281,1.6687500000000002,-1.262833676281042
11.7521,176.281,1.671875,-1.2815138393850791
11.7521,176.281,1.675,-1.3170660106908183
11.7521,176.281,1.678125,-1.36363398936548
11.7521,176.281,1.6812500000000001,-1.419593688048537
11.7521,176.281,1.6843750000000002,-1.4773195312256369
11.7521,176.281,1.6875,-1.5380717049647397
11.7521,176.281,1.690625,-1.6013666545059424
11.7521,176.281,1.69375,-1.6574442067787556
11.7521,176.281,1.6968750000000001,-1.7085950955963574
11.7521,176.281,1.7000000000000002,-1.751281355265519
11.7521,176.281,1.703125,-1.785694468512268
11.7521,176.281,1.70625,-1.8072094409685249
11.7521,176.281,1.709375,-1.8171251212455275
11.7521,176.281,1.7125000000000001,-1.8135967231994452
11.7521,176.281,1.7156250000000002,-1.795848242916289
11.7521,176.281,1.71875,-1.7642545228917583
11.7521,176.281,1.721875,-1.722168190184483
11.7521,176.281,1.725,-1.6661557189591794
11.7521,176.281,1.7281250000000001,-1.6056804907683229
11.7521,176.281,1.7312500000000002,-1.5374469375613844
11.7521,176.281,1.734375,-1.4652511141532383
11.7521,176.281,1.7375,-1.3887209002164647
11.7521,176.281,1.740625,-1.3195583327575922
11.7521,176.281,1.7437500000000001,-1.2548340919290881
11.7521,176.281,1.7468750000000002,-1.1927135242215776
11.7521,176.281,1.75,-1.141867827852888
11.7521,176.281,1.753125,-1.1067821423225117
11.7521,176.281,1.75625,-1.0863560747634005
11.7521,176.281,1.7593750000000001,-1.0834104300265008
11.7521,176.281,1.7625000000000002,-1.0990975544121127
11.7521,176.281,1.765625,-1.1319821719506198
11.7521,176.281,1.76875,-1.1766553780361098
11.7521,176.281,1.771875,-1.2342597820256773
11.7521,176.281,1.7750000000000001,-1.3023722849722617
11.7521,176.281,1.7781250000000002,-1.3724100196237619
11.7521,176.281,1.78125,-1.4455961272304931
11.7521,176.281,1.784375,-1.5218853936560095
11.7521,176.281,1.7875,-1.5886691436668863
11.7521,176.281,1.7906250000000001,-1.6491851232561758
11.7521,176.281,1.7937500000000002,-1.700257502142595
11.7521,176.281,1.7968750000000002,-1.7340124076099097
11.7521,176.281,1.8,-1.7622184213148464
11.7521,176.281,1.803125,-1.7701118158704552
11.7521,176.281,1.8062500000000001,-1.7683471116676062
11.7521,176.281,1.8093750000000002,-1.7582140014400136
11.7521,176.281,1.8125000000000002,-1.7350060706970958
11.7521,176.281,1.815625,-1.7039780393348372
11.7521,176.281,1.81875,-1.663011768475444
11.7521,176.281,1.8218750000000001,-1.6195382768519635
11.7521,176.281,1.8250000000000002,-1.568455605603229
11.7521,176.281,1.8281250000000002,-1.51698523482863
11.7521,176.281,1.83125,-1.4661005206896123
11.7521,176.281,1.834375,-1.4200552523573706
11.7521,176.281,1.8375000000000001,-1.3783324990826946
11.7521,176.281,1.8406250000000002,-1.3400721946963303
11.7521,176.281,1.8437500000000002,-1.3191033183166492
11.7521,176.281,1.846875,-1.305831777999686
11.7521,176.281,1.85,-1.304717071836102
11.7521,176.281,1.8531250000000001,-1.3227127936248957
11.7521,176.281,1.8562500000000002,-1.3481445514081831
11.7521,176.281,1.8593750000000002,-1.3942834851433392
11.7521,176.281,1.8625,-1.4511577445716939
11.7521,176.281,1.865625,-1.514922973542287
11.7521,176.281,1.8687500000000001,-1.587945064974324
11.7521,176.281,1.8718750000000002,-1.6577536625080187
11.7521,176.281,1.8750000000000002,-1.7276585932765944
11.7521,176.281,1.878125,-1.7946906285632878
11.7521,176.281,1.88125,-1.852175860942258
11.7521,176.281,1.8843750000000001,-1.8998949232575462
11.7521,176.281,1.8875000000000002,-1.9362585032051056
11.7521,176.281,1.8906250000000002,-1.9560004848402237
11.7521,176.281,1.89375,-1.9596940379713126
11.7521,176.281,1.896875,-1.9453274495023214
11.7521,176.281,1.9000000000000001,-1.9205045736309718
11.7521,176.281,1.9031250000000002,-1.8816560439538708
11.7521,176.281,1.9062500000000002,-1.8309627613063162
11.7521,176.281,1.909375,-1.7762028031454213
11.7521,176.281,1.9125,-1.7099962533188797
11.7521,176.281,1.9156250000000001,-1.637658369561237
11.7521,176.281,1.9187500000000002,-1.562199029328915
11.7521,176.281,1.9218750000000002,-1.4898097688606002
11.7521,176.281,1.925,-1.4216484957836144
11.7521,176.281,1.928125,-1.3549361316591368
11.7521,176.281,1.9312500000000001,-1.2989472966155904
11.7521,176.281,1.9343750000000002,-1.2547787449955763
11.7521,176.281,1.9375000000000002,-1.220927387021526
11.7521,176.281,1.940625,-1.201488667349422
11.7521,176.281,1.94375,-1.1985479554840075
11.7521,176.281,1.9468750000000001,-1.209227499720408
11.7521,176.281,1.9500000000000002,-1.2355582677390213
11.7521,176.281,1.9531250000000002,-1.2749956461549266
11.7521,176.281,1.95625,-1.3309521556404014
11.7521,176.281,1.959375,-1.3948493240492046
11.7521,176.281,1.9625000000000001,-1.4643121337357878
11.7521,176.281,1.9656250000000002,-1.5359830769297866
11.7521,176.281,1.9687500000000002,-1.607983892719911
11.7521,176.281,1.971875,-1.6721934726674186
11.7521,176.281,1.975,-1.730382530593838
11.7521,176.281,1.9781250000000001,-1.7786152482571091
11.7521,176.281,1.9812500000000002,-1.8119267802813153
11.7521,176.281,1.9843750000000002,-1.830560990288552
11.7521,176.281,1.9875,-1.8363138673061892
11.7521,176.281,1.990625,-1.830063211490126
11.7521,176.281,1.9937500000000001,-1.8060494714040918
11.7521,176.281,1.9968750000000002,-1.7707934810731396
11.7521,176.281,2,-1.7266790507013408
11.7521,176.281,2.0031250000000003,-1.6728140902096433
11.7521,176.281,2.00625,-1.6126998744567813
11.7521,176.281,2.009375,-1.5481930209694375
11.7521,176.281,2.0125,-1.4843602917754994
11.7521,176.281,2.015625,-1.4223114146434754
11.7521,176.281,2.0187500000000003,-1.3643379810956426
11.7521,176.281,2.021875,-1.3141695731443233
11.7521,176.281,2.025,-1.273408876757371
11.7521,176.281,2.028125,-1.244836442222062
11.7521,176.281,2.03125,-1.23419628473488
11.7521,176.281,2.0343750000000003,-1.2424358164283786
11.7521,176.281,2.0375,-1.2677886228078419
11.7521,176.281,2.040625,-1.3067088677368517
11.7521,176.281,2.04375,-1.3587145526487576
11.7521,176.281,2.046875,-1.4267642710743118
11.7521,176.281,2.0500000000000003,-1.498588619377093
11.7521,176.281,2.053125,-1.5803602912500845
11.7521,176.281,2.05625,-1.6625260923588334
11.7521,176.281,2.059375,-1.7464692764659122
11.7521,176.281,2.0625,-1.8192085368619568
11.7521,176.281,2.0656250000000003,-1.88270870371821
11.7521,176.281,2.06875,-1.937185433983974
11.7521,176.281,2.071875,-1.9757076270303588
11.7521,176.281,2.075,-1.9981944227157322
11.7521,176.281,2.078125,-2.008631191252974
11.7521,176.281,2.0812500000000003,-2.005642870208783
11.7521,176.281,2.084375,-1.9843307433876556
11.7521,176.281,2.0875,-1.9499087766123586
11.7521,176.281,2.090625,-1.8970234774086046
11.7521,176.281,2.09375,-1.8390779312832417
11.7521,176.281,2.0968750000000003,-1.770764276750341
11.7521,176.281,2.1,-1.700015936721879
11.7521,176.281,2.103125,-1.6277015879543197
11.7521,176.281,2.10625,-1.5528786019776784
11.7521,176.281,2.109375,-1.4839254296699491
11.7521,176.281,2.1125000000000003,-1.4159024702441039
11.7521,176.281,2.115625,-1.3547265784544997
11.7521,176.281,2.11875,-1.3019065537371581
11.7521,176.281,2.121875,-1.2594658144906257
11.7521,176.281,2.125,-1.2360372170033842
11.7521,176.281,2.1281250000000003,-1.2254643449416531
11.7521,176.281,2.13125,-1.2328906448729153
11.7521,176.281,2.134375,-1.2594336778669557
11.7521,176.281,2.1375,-1.3003126520353665
11.7521,176.281,2.140625,-1.3552177926776916
11.7521,176.281,2.1437500000000003,-1.417506086207868
11.7521,176.281,2.146875,-1.4907694258429878
11.7521,176.281,2.1500000000000004,-1.5655213855661843
11.7521,176.281,2.153125,-1.6382413822054607
11.7521,176.281,2.15625,-1.7120949682504727
11.7521,176.281,2.1593750000000003,-1.774325191523711
11.7521,176.281,2.1625,-1.8207929947021828
11.7521,176.281,2.1656250000000004,-1.853960477369976
11.7521,176.281,2.16875,-1.8715296419143443
11.7521,176.281,2.171875,-1.8729250933223986
11.7521,176.281,2.1750000000000003,-1.8573691609600727
11.7521,176.281,2.178125,-1.8306237426825942
11.7521,176.281,2.1812500000000004,-1.7901774321347608
11.7521,176.281,2.184375,-1.7382605670525946
11.7521,176.281,2.1875,-1.673741788990621
11.7521,176.281,2.1906250000000003,-1.6051089972090113
11.7521,176.281,2.19375,-1.5336188227892236
11.7521,176.281,2.1968750000000004,-1.4602904837241675
11.7521,176.281,2.2,-1.388645568524207
11.7521,176.281,2.203125,-1.3254108410212717
11.7521,176.281,2.2062500000000003,-1.2698716866185875
11.7521,176.281,2.209375,-1.2259362263148919
11.7521,176.281,2.2125000000000004,-1.195505866459299
11.7521,176.281,2.215625,-1.1795588968821913
11.7521,176.281,2.21875,-1.1791432996556377
11.7521,176.281,2.2218750000000003,-1.19890951379727
11.7521,176.281,2.225,-1.2337796581822102
11.7521,176.281,2.2281250000000004,-1.2847158688128346
11.7521,176.281,2.23125,-1.3469302120384157
11.7521,176.281,2.234375,-1.4214898366058424
11.7521,176.281,2.2375000000000003,-1.4997798717946706
11.7521,176.281,2.240625,-1.583908708726165
11.7521,176.281,2.2437500000000004,-1.662186830778597
11.7521,176.281,2.246875,-1.7361256046934013
11.7521,176.281,2.25,-1.804579386784977
11.7521,176.281,2.2531250000000003,-1.8643369837680028
11.7521,176.281,2.25625,-1.9096254672455242
11.7521,176.281,2.2593750000000004,-1.9425567011624278
11.7521,176.281,2.2625,-1.9557635095185197
11.7521,176.281,2.265625,-1.9564817145105464
11.7521,176.281,2.2687500000000003,-1.93905550445432
11.7521,176.281,2.271875,-1.9138065883302315
11.7521,176.281,2.2750000000000004,-1.8745191574271862
11.7521,176.281,2.278125,-1.8249732651732489
11.7521,176.281,2.28125,-1.7704148453482338
11.7521,176.281,2.2843750000000003,-1.705667862739476
11.7521,176.281,2.2875,-1.6339465134249416
11.7521,176.281,2.2906250000000004,-1.562503721059127
11.7521,176.281,2.29375,-1.492633673771357
11.7521,176.281,2.296875,-1.4233302798288074
11.7521,176.281,2.3000000000000003,-1.3622921753294792
11.7521,176.281,2.303125,-1.3087734646837015
11.7521,176.281,2.3062500000000004,-1.267691807736484
11.7521,176.281,2.309375,-1.2390088291423536
11.7521,176.281,2.3125,-1.2231542998509424
11.7521,176.281,2.3156250000000003,-1.226154256079362
11.7521,176.281,2.31875,-1.2445388685605505
11.7521,176.281,2.3218750000000004,-1.276258967943593
11.7521,176.281,2.325,-1.3264930779648636
11.7521,176.281,2.328125,-1.3856075349256882
11.7521,176.281,2.3312500000000003,-1.455502559136865
11.7521,176.281,2.334375,-1.528554988687725
11.7521,176.281,2.3375000000000004,-1.603157399995623
11.7521,176.281,2.340625,-1.6718817487698634
11.7521,176.281,2.34375,-1.7374033624574914
11.7521,176.281,2.3468750000000003,-1.7940272445428302
11.7521,176.281,2.35,-1.8337304121390654
11.7521,176.281,2.3531250000000004,-1.863618001585248
11.7521,176.281,2.35625,-1.8758886571736235
11.7521,176.281,2.359375,-1.8726674436307253
11.7521,176.281,2.3625000000000003,-1.8542915133434783
11.7521,176.281,2.365625,-1.8223073689420766
11.7521,176.281,2.3687500000000004,-1.7761047374000614
11.7521,176.281,2.371875,-1.7187060004005459
11.7521,176.281,2.375,-1.6529594805857522
11.7521,176.281,2.3781250000000003,-1.5843685220922357
11.7521,176.281,2.38125,-1.5124460137969995
11.7521,176.281,2.3843750000000004,-1.4368597465345165
11.7521,176.281,2.3875,-1.3675653518908668
11.7521,176.281,2.390625,-1.2996020818785188
11.7521,176.281,2.3937500000000003,-1.2437050811726584
11.7521,176.281,2.396875,-1.1966215018141688
11.7521,176.281,2.4000000000000004,-1.169097934178228
11.7521,176.281,2.403125,-1.1557490936737964
11.7521,176.281,2.40625,-1.166465562635511
11.7521,176.281,2.4093750000000003,-1.1954320599112558
11.7521,176.281,2.4125,-1.2479807377282373
11.7521,176.281,2.4156250000000004,-1.3176994277750074
11.7521,176.281,2.41875,-1.4165633561048707
11.7521,176.281,2.421875,-1.5402319210744033
11.7521,176.281,2.4250000000000003,-1.719553154913804
11.7521,176.281,2.428125,-2.0232035713814653
11.7521,176.281,2.4312500000000004,-2.733910428960283
11.7521,176.281,2.434375,-3.3884839325088354
11.7521,176.281,2.4375,-2.4951204219691583
11.7521,176.281,2.4406250000000003,-2.1589537545490955
11.7521,176.281,2.44375,-2.0721283785737605
11.7521,176.281,2.4468750000000004,-2.045206540024961
11.7521,176.281,2.45,-2.03158883475491
11.7521,176.281,2.453125,-2.0129300229332467
11.7521,176.281,2.4562500000000003,-1.9815977273083063
11.7521,176.281,2.459375,-1.9427645686335293
11.7521,176.281,2.4625000000000004,-1.8896816058373822
11.7521,176.281,2.465625,-1.8273912858995425
11.7521,176.281,2.46875,-1.7595951921829436
11.7521,176.281,2.4718750000000003,-1.6898338680895584
11.7521,176.281,2.475,-1.6152154700461099
11.7521,176.281,2.4781250000000004,-1.5447818224685659
11.7521,176.281,2.48125,-1.4773819644892803
11.7521,176.281,2.484375,-1.41564367837405
11.7521,176.281,2.4875000000000003,-1.3635175895140201
11.7521,176.281,2.490625,-1.3210503626133838
11.7521,176.281,2.4937500000000004,-1.294851309717818
11.7521,176.281,2.496875,-1.2809712494309222
11.7521,176.281,2.5,-1.2891894530058199
11.7521,176.281,2.5031250000000003,-1.3079767958831785
11.7521,176.281,2.50625,-1.346268107710531
11.7521,176.281,2.5093750000000004,-1.3958906601870402
11.7521,176.281,2.5125,-1.4564119189897426
11.7521,176.281,2.515625,-1.5307852220199123
11.7521,176.281,2.5187500000000003,-1.6069941569380355
11.7521,176.281,2.521875,-1.6864425350366137
11.7521,176.281,2.5250000000000004,-1.7627919534828669
11.7521,176.281,2.528125,-1.8338431530624388
11.7521,176.281,2.53125,-1.893034658360092
11.7521,176.281,2.5343750000000003,-1.9374637830462804
11.7521,176.281,2.5375,-1.9671692422713756
11.7521,176.281,2.5406250000000004,-1.979775115257372
11.7521,176.281,2.54375,-1.977564969647353
11.7521,176.281,2.546875,-1.9541789668190754
11.7521,176.281,2.5500000000000003,-1.919054007444221
11.7521,176.281,2.553125,-1.87298094703119
11.7521,176.281,2.5562500000000004,-1.8109419257636692
11.7521,176.281,2.559375,-1.739132208440997
11.7521,176.281,2.5625,-1.6659100114478282
11.7521,176.281,2.5656250000000003,-1.5861288574831425
11.7521,176.281,2.56875,-1.505764825757295
11.7521,176.281,2.5718750000000004,-1.4327487459761143
11.7521,176.281,2.575,-1.367448650658214
11.7521,176.281,2.578125,-1.3118537665742958
11.7521,176.281,2.5812500000000003,-1.2671351934441601
11.7521,176.281,2.584375,-1.2415693080219872
11.7521,176.281,2.5875000000000004,-1.2310561389882801
11.7521,176.281,2.590625,-1.2391600018533797
11.7521,176.281,2.59375,-1.265425822439778
11.7521,176.281,2.5968750000000003,-1.313047279895142
11.7521,176.281,2.6,-1.3746727626383246
11.7521,176.281,2.6031250000000004,-1.4539568162033178
11.7521,176.281,2.60625,-1.5373421749680682
11.7521,176.281,2.609375,-1.6279953279027637
11.7521,176.281,2.6125000000000003,-1.7188986221640759
11.7521,176.281,2.615625,-1.8029734274580602
11.7521,176.281,2.6187500000000004,-1.882580079909129
11.7521,176.281,2.621875,-1.950412946312665
11.7521,176.281,2.625,-2.004531177352314
11.7521,176.281,2.6281250000000003,-2.0437946561741533
11.7521,176.281,2.63125,-2.0651851654006
11.7521,176.281,2.6343750000000004,-2.0695060091799675
11.7521,176.281,2.6375,-2.0573220402038426
11.7521,176.281,2.640625,-2.0320231892856433
11.7521,176.281,2.6437500000000003,-1.9949335251438631
11.7521,176.281,2.646875,-1.9463844701871282
11.7521,176.281,2.6500000000000004,-1.8920750010171328
11.7521,176.281,2.653125,-1.834125603132395
11.7521,176.281,2.65625,-1.7701757705831502
11.7521,176.281,2.6593750000000003,-1.7069024193123021
11.7521,176.281,2.6625,-1.644734630214899
11.7521,176.281,2.6656250000000004,-1.5890875834631115
11.7521,176.281,2.66875,-1.543360144415352
11.7521,176.281,2.671875,-1.5015862482754339
11.7521,176.281,2.6750000000000003,-1.4794015878304063
11.7521,176.281,2.678125,-1.4711387206681625
11.7521,176.281,2.6812500000000004,-1.4716234173507392
11.7521,176.281,2.684375,-1.493252340014426
11.7521,176.281,2.6875,-1.5267860812485599
11.7521,176.281,2.6906250000000003,-1.5792718038311908
11.7521,176.281,2.69375,-1.6424478884119276
11.7521,176.281,2.6968750000000004,-1.7167918480559048
11.7521,176.281,2.7,-1.797070001332513
11.7521,176.281,2.703125,-1.8772812015037188
11.7521,176.281,2.7062500000000003,-1.9586206605691345
11.7521,176.281,2.709375,-2.0355049044207276
11.7521,176.281,2.7125000000000004,-2.1027897717085704
11.7521,176.281,2.715625,-2.1562929741320813
11.7521,176.281,2.71875,-2.202494103489624
11.7521,176.281,2.7218750000000003,-2.2339670977020303
11.7521,176.281,2.725,-2.249176505742742
11.7521,176.281,2.7281250000000004,-2.256035450978728
11.7521,176.281,2.73125,-2.2535145221460544
11.7521,176.281,2.734375,-2.237481165995776
11.7521,176.281,2.7375000000000003,-2.2209817471830418
11.7521,176.281,2.740625,-2.2037964469912072
11.7521,176.281,2.7437500000000004,-2.1773040044168357
11.7521,176.281,2.746875,-2.1295575859179676
11.7521,176.281,2.75,-2.0570345461121966
11.7521,176.281,2.7531250000000003,-1.9703725348427894
11.7521,176.281,2.75625,-1.8784388296416368
11.7521,176.281,2.7593750000000004,-1.7973737349612047
11.7521,176.281,2.7625,-1.7338252900252473
11.7521,176.281,2.765625,-1.6822330792074445
11.7521,176.281,2.7687500000000003,-1.6547524572278638
11.7521,176.281,2.771875,-1.6425805677482939
11.7521,176.281,2.7750000000000004,-1.647394493683372
11.7521,176.281,2.778125,-1.6719944666105668
11.7521,176.281,2.78125,-1.7144473586732347
11.7521,176.281,2.7843750000000003,-1.7684282760468473
11.7521,176.281,2.7875,-1.8357762388094105
11.7521,176.281,2.7906250000000004,-1.9114399503739001
11.7521,176.281,2.79375,-1.9966201205226635
11.7521,176.281,2.796875,-2.079364976546808
11.7521,176.281,2.8000000000000003,-2.1590561503727135
11.7521,176.281,2.803125,-2.232810853751052
11.7521,176.281,2.8062500000000004,-2.292720068438743
11.7521,176.281,2.809375,-2.3419724759740226
11.7521,176.281,2.8125,-2.371436658077716
11.7521,176.281,2.8156250000000003,-2.38545237551901
11.7521,176.281,2.81875,-2.3892783086512077
11.7521,176.281,2.8218750000000004,-2.3771573076301586
11.7521,176.281,2.825,-2.3524532486164764
11.7521,176.281,2.828125,-2.312386296989511
11.7521,176.281,2.8312500000000003,-2.2649875343313246
11.7521,176.281,2.834375,-2.2089897192597077
11.7521,176.281,2.8375000000000004,-2.1505597077172864
11.7521,176.281,2.840625,-2.094029580452128
11.7521,176.281,2.84375,-2.037418601165329
11.7521,176.281,2.8468750000000003,-1.984847500363869
11.7521,176.281,2.85,-1.9340795222591156
11.7521,176.281,2.8531250000000004,-1.8961437544551727
11.7521,176.281,2.85625,-1.8699651233369936
11.7521,176.281,2.859375,-1.8552005909384592
11.7521,176.281,2.8625000000000003,-1.8543250080246343
11.7521,176.281,2.865625,-1.8702776030228785
11.7521,176.281,2.8687500000000004,-1.9029103591204624
11.7521,176.281,2.871875,-1.9470529804537653
11.7521,176.281,2.875,-2.008669486142132
11.7521,176.281,2.8781250000000003,-2.0789417180517673
11.7521,176.281,2.88125,-2.1556139749042473
11.7521,176.281,2.8843750000000004,-2.234936294967726
11.7521,176.281,2.8875,-2.315883592567221
11.7521,176.281,2.890625,-2.396826543870136
11.7521,176.281,2.8937500000000003,-2.4678348734788225
11.7521,176.281,2.896875,-2.5318559501128712
11.7521,176.281,2.9000000000000004,-2.5869981335696854
11.7521,176.281,2.903125,-2.6230555729274396
11.7521,176.281,2.90625,-2.6454606201027655
11.7521,176.281,2.9093750000000003,-2.6545240855414596
11.7521,176.281,2.9125,-2.6482575828196824
11.7521,176.281,2.9156250000000004,-2.629609837110707
11.7521,176.281,2.91875,-2.598407099921155
11.7521,176.281,2.921875,-2.55797652485957
11.7521,176.281,2.9250000000000003,-2.505083092540503
11.7521,176.281,2.928125,-2.4491049959257944
11.7521,176.281,2.9312500000000004,-2.3879150323934772
11.7521,176.281,2.934375,-2.327958289469072
11.7521,176.281,2.9375,-2.2686039511394394
11.7521,176.281,2.9406250000000003,-2.2142811937909643
11.7521,176.281,2.94375,-2.171648705009229
11.7521,176.281,2.9468750000000004,-2.1360481286160344
11.7521,176.281,2.95,-2.114423294611913
11.7521,176.281,2.953125,-2.1082595717709736
11.7521,176.281,2.9562500000000003,-2.1104328801397596
11.7521,176.281,2.959375,-2.135331310736352
11.7521,176.281,2.9625000000000004,-2.1778557573046404
11.7521,176.281,2.965625,-2.2376572226932376
11.7521,176.281,2.96875,-2.3104150992040187
11.7521,176.281,2.9718750000000003,-2.38960019473993
11.7521,176.281,2.975,-2.4756177933244476
11.7521,176.281,2.9781250000000004,-2.562605342550635
11.7521,176.281,2.98125,-2.645367636304998
11.7521,176.281,2.984375,-2.7188550205809383
11.7521,176.281,2.9875000000000003,-2.779446281526319
11.7521,176.281,2.990625,-2.8278349872146737
11.7521,176.281,2.9937500000000004,-2.859771778269839
11.7521,176.281,2.996875,-2.8739064783670996
11.7521,176.281,3,-2.876605397701642
11.7521,176.281,3.0031250000000003,-2.860271879323868
11.7521,176.281,3.00625,-2.8301287521544745
11.7521,176.281,3.0093750000000004,-2.7886635127034545
11.7521,176.281,3.0125,-2.7383226506937874
11.7521,176.281,3.015625,-2.6854513009678644
11.7521,176.281,3.0187500000000003,-2.625148365082709
11.7521,176.281,3.021875,-2.565477148099005
11.7521,176.281,3.0250000000000004,-2.5049043872690318
11.7521,176.281,3.028125,-2.4480683660053275
11.7521,176.281,3.03125,-2.3975576794720683
11.7521,176.281,3.0343750000000003,-2.359401218441169
11.7521,176.281,3.0375,-2.331051238174611
11.7521,176.281,3.0406250000000004,-2.318055104987758
11.7521,176.281,3.04375,-2.3161606023115535
11.7521,176.281,3.046875,-2.3303989373084333
11.7521,176.281,3.0500000000000003,-2.360862621350525
11.7521,176.281,3.053125,-2.403719764787853
11.7521,176.281,3.0562500000000004,-2.457905704267399
11.7521,176.281,3.059375,-2.5213215075630444
11.7521,176.281,3.0625,-2.595293676017449
11.7521,176.281,3.0656250000000003,-2.6713107467838197
11.7521,176.281,3.06875,-2.7484698231682767
11.7521,176.281,3.0718750000000004,-2.820979514756761
11.7521,176.281,3.075,-2.885438634380772
11.7521,176.281,3.078125,-2.939590886137972
11.7521,176.281,3.0812500000000003,-2.9782891153596975
11.7521,176.281,3.084375,-3.0073655650490076
11.7521,176.281,3.0875000000000004,-3.020950537930542
11.7521,176.281,3.090625,-3.018826425216753
11.7521,176.281,3.09375,-3.003042163738259
11.7521,176.281,3.0968750000000003,-2.9749715852382734
11.7521,176.281,3.1,-2.93694920208167
11.7521,176.281,3.1031250000000004,-2.8893081553620705
11.7521,176.281,3.10625,-2.8321606884522144
11.7521,176.281,3.109375,-2.7715974102641043
11.7521,176.281,3.1125000000000003,-2.710465315529195
11.7521,176.281,3.115625,-2.6518958185733736
11.7521,176.281,3.1187500000000004,-2.5974896440758033
11.7521,176.281,3.121875,-2.5525758304323753
11.7521,176.281,3.125,-2.5118419863895087
11.7521,176.281,3.1281250000000003,-2.4859484472787283
11.7521,176.281,3.13125,-2.4740240625270022
11.7521,176.281,3.1343750000000004,-2.4726664133107885
11.7521,176.281,3.1375,-2.4874464638757745
11.7521,176.281,3.140625,-2.515996161258358
11.7521,176.281,3.1437500000000003,-2.540795039574334
11.7521,176.281,3.146875,-2.581843623765142
11.7521,176.281,3.1500000000000004,-2.6612697875451947
11.7521,176.281,3.153125,-2.6963480872494756
11.7521,176.281,3.15625,-2.7759897266633047
11.7521,176.281,3.1593750000000003,-2.8660911851430244
11.7521,176.281,3.1625,-2.885702922946466
11.7521,176.281,3.1656250000000004,-2.965864667878507
11.7521,176.281,3.16875,-3.16939694712656
11.7521,176.281,3.171875,-3.0370044995944028
11.7521,176.281,3.1750000000000003,-3.1686590608147975
11.7521,176.281,3.178125,-2.977617569403796
11.7521,176.281,3.1812500000000004,-3.3484285215489713
11.7521,176.281,3.184375,-3.043360258051877
11.7521,176.281,3.1875,-2.881691751588869
11.7521,176.281,3.1906250000000003,-2.896160784545893
11.7521,176.281,3.19375,-3.2713374269185946
11.7521,176.281,3.1968750000000004,-3.5862641475227717
11.7521,176.281,3.2,-2.8093608156332923
11.7521,176.281,3.203125,-2.610622062910504
11.7521,176.281,3.2062500000000003,-2.535003252992354
11.7521,176.281,3.209375,-2.4905166478621483
11.7521,176.281,3.2125000000000004,-2.567446968620837
11.7521,176.281,3.215625,-2.7888043887467253
11.7521,176.281,3.21875,-3.6118085309894665
11.7521,176.281,3.2218750000000003,-2.866059174063835
11.7521,176.281,3.225,-2.351410680251158
11.7521,176.281,3.2281250000000004,-2.2297436883121162
11.7521,176.281,3.23125,-2.2551272045400643
11.7521,176.281,3.234375,-2.2865501506067316
11.7521,176.281,3.2375000000000003,-2.3579471392229037
11.7521,176.281,3.240625,-2.537229902549842
11.7521,176.281,3.2437500000000004,-2.540807460616961
11.7521,176.281,3.246875,-2.5817048100350353
11.7521,176.281,3.25,-2.6400444119486273
11.7521,176.281,3.2531250000000003,-2.7874837868409923
11.7521,176.281,3.25625,-2.9483691814156754
11.7521,176.281,3.2593750000000004,-3.2422650489713387
11.7521,176.281,3.2625,-4.426108185250187
11.7521,176.281,3.265625,-5.621032426438246
11.7521,176.281,3.2687500000000003,-3.7578827445168734
11.7521,176.281,3.271875,-4.222805255400067
11.7521,176.281,3.2750000000000004,-3.708450748668077
11.7521,176.281,3.278125,-3.2236009641907986
11.7521,176.281,3.28125,-2.9625350714102616
11.7521,176.281,3.2843750000000003,-2.8071676591486048
11.7521,176.281,3.2875,-2.708067408671683
11.7521,176.281,3.2906250000000004,-2.6452771329543645
11.7521,176.281,3.29375,-2.579052064059124
11.7521,176.281,3.296875,-2.538392165096612
11.7521,176.281,3.3000000000000003,-2.4951909971349564
11.7521,176.281,3.303125,-2.445265389178057
11.7521,176.281,3.3062500000000004,-2.3515069933121384
11.7521,176.281,3.309375,-2.2981940221780093
11.7521,176.281,3.3125,-2.277212199888949
11.7521,176.281,3.3156250000000003,-2.3041768303022723
11.7521,176.281,3.31875,-2.3297787160739207
11.7521,176.281,3.3218750000000004,-2.3266246210386106
11.7521,176.281,3.325,-2.328068697223306
11.7521,176.281,3.328125,-2.358894671097075
11.7521,176.281,3.3312500000000003,-2.3974914356173778
11.7521,176.281,3.334375,-2.456172816569643
11.7521,176.281,3.3375000000000004,-2.542954706313231
11.7521,176.281,3.340625,-2.614900238977103
11.7521,176.281,3.34375,-2.683712431184721
11.7521,176.281,3.3468750000000003,-2.7547808226310226
11.7521,176.281,3.35,-2.8229726415496352
11.7521,176.281,3.3531250000000004,-2.861997751368717
11.7521,176.281,3.35625,-3.004354544759539
11.7521,176.281,3.359375,-3.181364338924442
11.7521,176.281,3.3625000000000003,-2.9869282440635745
11.7521,176.281,3.365625,-2.858038190393422
11.7521,176.281,3.3687500000000004,-2.8083191377539585
11.7521,176.281,3.371875,-2.8243667592087855
11.7521,176.281,3.375,-3.0099624384279022
11.7521,176.281,3.3781250000000003,-2.862760130308906
11.7521,176.281,3.38125,-2.846839007323121
11.7521,176.281,3.3843750000000004,-2.910180778987285
11.7521,176.281,3.3875,-3.1798843137087047
11.7521,176.281,3.390625,-4.11357001157743
11.7521,176.281,3.3937500000000003,-6.856362036098783
11.7521,176.281,3.396875,-9.120261355434765
11.7521,176.281,3.4000000000000004,-5.905914658541715
11.7521,176.281,3.403125,-4.123798272163411
11.7521,176.281,3.40625,-3.2783468718611846
11.7521,176.281,3.4093750000000003,-2.8245907507113137
11.7521,176.281,3.4125,-2.5799112858457516
11.7521,176.281,3.4156250000000004,-2.4541991318266216
11.7521,176.281,3.41875,-2.419794485115535
11.7521,176.281,3.421875,-2.404280333323144
11.7521,176.281,3.4250000000000003,-2.426975541597231
11.7521,176.281,3.428125,-2.4612555717611757
11.7521,176.281,3.4312500000000004,-2.506411224184413
11.7521,176.281,3.434375,-2.551483855379103
11.7521,176.281,3.4375,-2.630819701455894
11.7521,176.281,3.4406250000000003,-2.739344869797838
11.7521,176.281,3.44375,-2.8799971019458246
11.7521,176.281,3.4468750000000004,-2.8910881192902242
11.7521,176.281,3.45,-2.8729024088793103
11.7521,176.281,3.453125,-2.9011830980673814
11.7521,176.281,3.4562500000000003,-2.923861981548357
11.7521,176.281,3.459375,-2.96012216854297
11.7521,176.281,3.4625000000000004,-2.983432079062041
11.7521,176.281,3.465625,-2.908206059291957
11.7521,176.281,3.46875,-2.826896938729422
11.7521,176.281,3.4718750000000003,-2.766905600678031
11.7521,176.281,3.475,-2.7341134252503214
11.7521,176.281,3.4781250000000004,-2.6896465748969196
11.7521,176.281,3.48125,-2.6246885313060293
11.7521,176.281,3.484375,-2.527989809127436
11.7521,176.281,3.4875000000000003,-2.4363710716703357
11.7521,176.281,3.490625,-2.380528707632987
11.7521,176.281,3.4937500000000004,-2.353071591822806
11.7521,176.281,3.496875,-2.342993726901804
11.7521,176.281,3.5,-2.3357469288041615
11.7521,176.281,3.5031250000000003,-2.3342246673412106
11.7521,176.281,3.50625,-2.344705021333943
11.7521,176.281,3.5093750000000004,-2.3487182228615886
11.7521,176.281,3.5125,-2.3649767182437733
11.7521,176.281,3.515625,-2.4039225074423802
11.7521,176.281,3.5187500000000003,-2.459296649488341
11.7521,176.281,3.521875,-2.5097417498724988
11.7521,176.281,3.5250000000000004,-2.548760049868341
11.7521,176.281,3.528125,-2.5614656647843024
11.7521,176.281,3.53125,-2.5814378015346007
11.7521,176.281,3.5343750000000003,-2.62016915640259
11.7521,176.281,3.5375,-2.673623802849937
11.7521,176.281,3.5406250000000004,-2.7231760843638075
11.7521,176.281,3.54375,-2.7168283037687817
11.7521,176.281,3.546875,-2.6960075958106806
11.7521,176.281,3.5500000000000003,-2.6853263857441445
11.7521,176.281,3.553125,-2.6690219894350347
11.7521,176.281,3.5562500000000004,-2.6557226096310953
11.7521,176.281,3.559375,-2.6227166566100246
11.7521,176.281,3.5625,-2.557254363434229
11.7521,176.281,3.5656250000000003,-2.4796862956687495
11.7521,176.281,3.56875,-2.408983815559654
11.7521,176.281,3.5718750000000004,-2.337259269882628
11.7521,176.281,3.575,-2.269858043098082
11.7521,176.281,3.5781250000000004,-2.2063904892538853
11.7521,176.281,3.5812500000000003,-2.148790671741961
11.7521,176.281,3.584375,-2.1024460162154757
11.7521,176.281,3.5875000000000004,-2.070353048989901
11.7521,176.281,3.590625,-2.051931539433256
11.7521,176.281,3.5937500000000004,-2.04729781148783
11.7521,176.281,3.5968750000000003,-2.051076937646168
11.7521,176.281,3.6,-2.0730220370343853
11.7521,176.281,3.6031250000000004,-2.1161309450760175
11.7521,176.281,3.60625,-2.177444467192294
11.7521,176.281,3.6093750000000004,-2.2576003024194904
11.7521,176.281,3.6125000000000003,-2.339793178984009
11.7521,176.281,3.615625,-2.4168976288375386
11.7521,176.281,3.6187500000000004,-2.4784514399122184
11.7521,176.281,3.621875,-2.5449687420892704
11.7521,176.281,3.6250000000000004,-2.619230648475802
11.7521,176.281,3.6281250000000003,-2.691185435485495
11.7521,176.281,3.63125,-2.7585708881320232
11.7521,176.281,3.6343750000000004,-2.8197194672067205
11.7521,176.281,3.6375,-2.8551108102121003
11.7521,176.281,3.6406250000000004,-2.866327485978028
11.7521,176.281,3.6437500000000003,-2.846030130681834
11.7521,176.281,3.646875,-2.8119080907181133
11.7521,176.281,3.6500000000000004,-2.7556074346949453
11.7521,176.281,3.653125,-2.7026402839977393
11.7521,176.281,3.6562500000000004,-2.6783423013930823
11.7521,176.281,3.6593750000000003,-2.668830028694229
11.7521,176.281,3.6625,-2.651619374213538
11.7521,176.281,3.6656250000000004,-2.631731022856583
11.7521,176.281,3.66875,-2.620398243066642
11.7521,176.281,3.6718750000000004,-2.6153959379783127
11.7521,176.281,3.6750000000000003,-2.6272758216002243
11.7521,176.281,3.678125,-2.648135492780586
11.7521,176.281,3.6812500000000004,-2.6822834578438832
11.7521,176.281,3.684375,-2.7176891673048917
11.7521,176.281,3.6875000000000004,-2.7735927273301035
11.7521,176.281,3.6906250000000003,-2.8365547363013013
11.7521,176.281,3.69375,-2.947714706230149
11.7521,176.281,3.6968750000000004,-3.111245702081426
11.7521,176.281,3.7,-3.2106180021556474
11.7521,176.281,3.7031250000000004,-3.3346743211921277
11.7521,176.281,3.7062500000000003,-3.526390498855418
11.7521,176.281,3.709375,-3.7687176697084435
11.7521,176.281,3.7125000000000004,-3.994261957149271
11.7521,176.281,3.715625,-4.1178389574708545
11.7521,176.281,3.7187500000000004,-4.178474842108072
11.7521,176.281,3.7218750000000003,-4.231832271525757
11.7521,176.281,3.725,-4.127934638664578
11.7521,176.281,3.7281250000000004,-4.0818517047986616
11.7521,176.281,3.73125,-4.011707829604556
11.7521,176.281,3.7343750000000004,-3.887988029178622
11.7521,176.281,3.7375000000000003,-3.8390435198468253
11.7521,176.281,3.740625,-3.842776389946983
11.7521,176.281,3.7437500000000004,-3.7455245642529844
11.7521,176.281,3.746875,-3.608009953038297
11.7521,176.281,3.7500000000000004,-3.5759561302453746
11.7521,176.281,3.7531250000000003,-3.571367855505107
11.7521,176.281,3.75625,-3.5794646089822946
11.7521,176.281,3.7593750000000004,-3.5973874702577397
11.7521,176.281,3.7625,-3.5922404017375893
11.7521,176.281,3.7656250000000004,-3.570186597279741
11.7521,176.281,3.7687500000000003,-3.6408224494646966
11.7521,176.281,3.771875,-3.681801002645304
11.7521,176.281,3.7750000000000004,-3.7031994113951927
11.7521,176.281,3.778125,-3.7396938944081004
11.7521,176.281,3.7812500000000004,-3.82178656345918
11.7521,176.281,3.7843750000000003,-3.9230505729668903
11.7521,176.281,3.7875,-4.0433426006287485
11.7521,176.281,3.7906250000000004,-4.179210210439118
11.7521,176.281,3.79375,-4.35347601110596
11.7521,176.281,3.7968750000000004,-4.530849161100443
11.7521,176.281,3.8000000000000003,-4.710434380147485
11.7521,176.281,3.803125,-4.8969537208875975
11.7521,176.281,3.8062500000000004,-4.995713763226833
11.7521,176.281,3.809375,-5.036546682425193
11.7521,176.281,3.8125000000000004,-5.105351968772169
11.7521,176.281,3.8156250000000003,-5.236253361654846
11.7521,176.281,3.81875,-5.336352969901478
11.7521,176.281,3.8218750000000004,-5.406998879554922
11.7521,176.281,3.825,-5.3539030734842195
11.7521,176.281,3.8281250000000004,-5.213092289910913
11.7521,176.281,3.8312500000000003,-5.130820839604783
11.7521,176.281,3.834375,-5.185651785624772
11.7521,176.281,3.8375000000000004,-5.073172630243548
11.7521,176.281,3.840625,-4.833569813123132
11.7521,176.281,3.8437500000000004,-4.733255634291243
11.7521,176.281,3.8468750000000003,-4.81959515740523
11.7521,176.281,3.85,-4.997581047719885
11.7521,176.281,3.8531250000000004,-5.2430463644801915
11.7521,176.281,3.85625,-5.544444442562692
11.7521,176.281,3.8593750000000004,-5.778849840960011
11.7521,176.281,3.8625000000000003,-5.982399559813927
11.7521,176.281,3.865625,-6.05891685739905
11.7521,176.281,3.8687500000000004,-5.9479658938760345
11.7521,176.281,3.871875,-5.849641326852376
11.7521,176.281,3.8750000000000004,-5.716425153665527
11.7521,176.281,3.8781250000000003,-5.541703066634792
11.7521,176.281,3.88125,-5.4597283846769695
11.7521,176.281,3.8843750000000004,-5.363469464682824
11.7521,176.281,3.8875,-5.220073513373067
11.7521,176.281,3.8906250000000004,-5.077374147467676
11.7521,176.281,3.8937500000000003,-4.9311420486531
11.7521,176.281,3.896875,-4.772453318687841
11.7521,176.281,3.9000000000000004,-4.6634573900989285
11.7521,176.281,3.903125,-4.613096260540598
11.7521,176.281,3.9062500000000004,-4.627554003701805
11.7521,176.281,3.9093750000000003,-4.6539167760181215
11.7521,176.281,3.9125,-4.633409687522857
11.7521,176.281,3.9156250000000004,-4.5647773552991
11.7521,176.281,3.91875,-4.466016561344812
11.7521,176.281,3.9218750000000004,-4.368477159415834
11.7521,176.281,3.9250000000000003,-4.287887684876398
11.7521,176.281,3.928125,-4.248633247466454
11.7521,176.281,3.9312500000000004,-4.237904293995799
11.7521,176.281,3.934375,-4.261389043496122
11.7521,176.281,3.9375000000000004,-4.300269158521424
11.7521,176.281,3.9406250000000003,-4.33399127346389
11.7521,176.281,3.94375,-4.359553119103179
11.7521,176.281,3.9468750000000004,-4.421645485415498
11.7521,176.281,3.95,-4.52577270930897
11.7521,176.281,3.9531250000000004,-4.700292864524632
11.7521,176.281,3.9562500000000003,-4.907887535503123
11.7521,176.281,3.959375,-5.182669781438783
11.7521,176.281,3.9625000000000004,-5.5669740370637815
11.7521,176.281,3.965625,-6.02392868663725
11.7521,176.281,3.9687500000000004,-6.31280711791319
11.7521,176.281,3.9718750000000003,-6.273726995832468
11.7521,176.281,3.975,-6.134957942157941
11.7521,176.281,3.9781250000000004,-6.020756426987935
11.7521,176.281,3.98125,-5.849449922825746
11.7521,176.281,3.9843750000000004,-5.631123171743967
11.7521,176.281,3.9875000000000003,-5.5273876321662785
11.7521,176.281,3.990625,-5.485574935644541
11.7521,176.281,3.9937500000000004,-5.436453719541654
11.7521,176.281,3.996875,-5.3523824011426235
11.7521,176.281,4,-5.265935223109045
11.7521,176.281,4.003125,-5.18859323326299
11.7521,176.281,4.0062500000000005,-5.148967789221071
11.7521,176.281,4.009375,-5.194451403439015
11.7521,176.281,4.0125,-5.32422169418169
11.7521,176.281,4.015625,-5.4729743754318685
11.7521,176.281,4.01875,-5.603447767825315
11.7521,176.281,4.0218750000000005,-5.753238538706075
11.7521,176.281,4.025,-5.932640475417642
11.7521,176.281,4.028125,-6.098931905502455
11.7521,176.281,4.03125,-6.247396222251353
11.7521,176.281,4.034375,-6.382758596211875
11.7521,176.281,4.0375000000000005,-6.5123873685576825
11.7521,176.281,4.040625,-6.643382314853467
11.7521,176.281,4.04375,-6.8181201576724355
11.7521,176.281,4.046875,-7.060673427587822
11.7521,176.281,4.05,-7.251717796075832
11.7521,176.281,4.0531250000000005,-7.416750863459184
11.7521,176.281,4.05625,-7.549781905269112
11.7521,176.281,4.059375,-7.65083056980102
11.7521,176.281,4.0625,-7.677829277776132
11.7521,176.281,4.065625,-7.67865802612863
11.7521,176.281,4.0687500000000005,-7.632241192202327
11.7521,176.281,4.071875,-7.5643850247145945
11.7521,176.281,4.075,-7.44071571259013
11.7521,176.281,4.078125,-7.33826126372213
11.7521,176.281,4.08125,-7.271430375978555
11.7521,176.281,4.0843750000000005,-7.148559816745412
11.7521,176.281,4.0875,-7.026075773716956
11.7521,176.281,4.090625,-6.9498024262563955
11.7521,176.281,4.09375,-6.853460947656344
11.7521,176.281,4.096875,-6.719152029706149
11.7521,176.281,4.1000000000000005,-6.626197243941338
11.7521,176.281,4.103125,-6.6188688895244745
11.7521,176.281,4.10625,-6.6450868595443335
11.7521,176.281,4.109375,-6.6918915850216765
11.7521,176.281,4.1125,-6.782807208242012
11.7521,176.281,4.1156250000000005,-6.941381743007758
11.7521,176.281,4.11875,-7.138603609529933
11.7521,176.281,4.121875,-7.414231414348762
11.7521,176.281,4.125,-7.740339321350916
11.7521,176.281,4.128125,-8.081879142142848
11.7521,176.281,4.1312500000000005,-8.400604374155456
11.7521,176.281,4.134375,-8.739040959427701
11.7521,176.281,4.1375,-9.131404254829535
11.7521,176.281,4.140625,-9.558102945958453
11.7521,176.281,4.14375,-10.010205234306355
11.7521,176.281,4.1468750000000005,-10.315484171785451
11.7521,176.281,4.15,-10.496180321692762
11.7521,176.281,4.153125,-10.756126432933645
11.7521,176.281,4.15625,-10.990504217692212
11.7521,176.281,4.159375,-11.338815399362236
11.7521,176.281,4.1625000000000005,-11.693565284397858
11.7521,176.281,4.165625,-11.678954767761674
11.7521,176.281,4.16875,-10.919649859189377
11.7521,176.281,4.171875,-10.036244639326359
11.7521,176.281,4.175,-9.41593354382613
11.7521,176.281,4.1781250000000005,-8.995874837283825
11.7521,176.281,4.18125,-8.800537322348115
11.7521,176.281,4.184375,-8.881986726323253
11.7521,176.281,4.1875,-9.045581114024902
11.7521,176.281,4.190625,-9.211519068708117
11.7521,176.281,4.1937500000000005,-9.70403784393905
11.7521,176.281,4.196875,-10.180412586035082
11.7521,176.281,4.2,-10.530318283149958
11.7521,176.281,4.203125,-11.069347367093833
11.7521,176.281,4.20625,-11.621245225672576
11.7521,176.281,4.2093750000000005,-12.17134974331816
11.7521,176.281,4.2125,-13.04121282670389
11.7521,176.281,4.215625,-14.45285481884049
11.7521,176.281,4.21875,-16.409862681755143
11.7521,176.281,4.221875,-18.67388698147747
11.7521,176.281,4.2250000000000005,-22.66762021075285
11.7521,176.281,4.228125,-23.465753026704096
11.7521,176.281,4.23125,-22.84003809459795
11.7521,176.281,4.234375,-22.524738200283608
11.7521,176.281,4.2375,-22.547036489604043
11.7521,176.281,4.2406250000000005,-22.892715734553953
11.7521,176.281,4.24375,-23.11024177122595
11.7521,176.281,4.246875,-24.076002031434033
11.7521,176.281,4.25,-24.500298133941744
11.7521,176.281,4.253125,-22.685409395602605
11.7521,176.281,4.2562500000000005,-20.89637052186778
11.7521,176.281,4.259375,-19.842245484901
11.7521,176.281,4.2625,-19.375841666180975
11.7521,176.281,4.265625,-19.116743211652675
11.7521,176.281,4.26875,-18.933170412364685
11.7521,176.281,4.2718750000000005,-18.882304248450556
11.7521,176.281,4.275,-19.112280590740525
11.7521,176.281,4.278125,-19.52581768874595
11.7521,176.281,4.28125,-20.841945833214332
11.7521,176.281,4.284375000000001,-23.747214991386247
11.7521,176.281,4.2875000000000005,-26.01935291481699
11.7521,176.281,4.290625,-25.913579833079794
11.7521,176.281,4.29375,-24.540196282446793
11.7521,176.281,4.296875,-23.203341368093433
11.7521,176.281,4.300000000000001,-22.152140401660386
11.7521,176.281,4.3031250000000005,-21.990763672573426
11.7521,176.281,4.30625,-20.84451618128788
11.7521,176.281,4.309375,-19.34642536883111
11.7521,176.281,4.3125,-18.031507933727006
11.7521,176.281,4.315625000000001,-17.694968729214438
11.7521,176.281,4.3187500000000005,-17.628193725313142
11.7521,176.281,4.321875,-17.183801036731456
11.7521,176.281,4.325,-16.385451651246782
11.7521,176.281,4.328125,-15.81448220551539
11.7521,176.281,4.331250000000001,-15.553075288712153
11.7521,176.281,4.3343750000000005,-15.139462883260729
11.7521,176.281,4.3375,-14.729745218259449
11.7521,176.281,4.340625,-14.345732659589137
11.7521,176.281,4.34375,-13.980653266755374
11.7521,176.281,4.346875000000001,-13.525981369465898
11.7521,176.281,4.3500000000000005,-12.945468862285818
11.7521,176.281,4.353125,-12.445888571565739
11.7521,176.281,4.35625,-11.935199564446517
11.7521,176.281,4.359375,-11.477363086801322
11.7521,176.281,4.362500000000001,-10.995272298341545
11.7521,176.281,4.3656250000000005,-10.45244855080929
11.7521,176.281,4.36875,-10.03538834031487
11.7521,176.281,4.371875,-9.623880052997631
11.7521,176.281,4.375,-9.189488467208013
11.7521,176.281,4.378125000000001,-8.833243387514853
11.7521,176.281,4.3812500000000005,-8.511329306318826
11.7521,176.281,4.384375,-8.243110867974327
11.7521,176.281,4.3875,-8.008316411798127
11.7521,176.281,4.390625,-7.771786775522741
11.7521,176.281,4.393750000000001,-7.568459163199689
11.7521,176.281,4.3968750000000005,-7.422351245551835
11.7521,176.281,4.4,-7.363114810690191
11.7521,176.281,4.403125,-7.397867035997462
11.7521,176.281,4.40625,-7.502597538910212
11.7521,176.281,4.409375000000001,-7.650510290637635
11.7521,176.281,4.4125000000000005,-7.841235498277309
11.7521,176.281,4.415625,-8.087392149565368
11.7521,176.281,4.41875,-8.348359153442766
11.7521,176.281,4.421875,-8.537355711883505
11.7521,176.281,4.425000000000001,-8.627359444580813
11.7521,176.281,4.4281250000000005,-8.65245227574871
11.7521,176.281,4.43125,-8.670988427322078
11.7521,176.281,4.434375,-8.735837068905985
11.7521,176.281,4.4375,-8.588754795485228
11.7521,176.281,4.440625000000001,-8.409218503584787
11.7521,176.281,4.4437500000000005,-8.172404813386168
11.7521,176.281,4.446875,-8.149921828077307
11.7521,176.281,4.45,-8.251291087364772
11.7521,176.281,4.453125,-8.432571822732282
11.7521,176.281,4.456250000000001,-8.496610191685532
11.7521,176.281,4.4593750000000005,-8.51507883732132
11.7521,176.281,4.4625,-8.541665357835726
11.7521,176.281,4.465625,-8.450138323938122
11.7521,176.281,4.46875,-8.35089617564349
11.7521,176.281,4.471875000000001,-8.255900681570118
11.7521,176.281,4.4750000000000005,-8.131509005820538
11.7521,176.281,4.478125,-8.029003841748938
11.7521,176.281,4.48125,-7.698256941972269
11.7521,176.281,4.484375,-7.4296528160512025
11.7521,176.281,4.487500000000001,-7.2836734589829035
11.7521,176.281,4.4906250000000005,-7.265919328320917
11.7521,176.281,4.49375,-7.335892305165314
11.7521,176.281,4.496875,-7.540086558893742
11.7521,176.281,4.5,-7.757749099067002
11.7521,176.281,4.503125000000001,-7.836268040186644
11.7521,176.281,4.5062500000000005,-7.786968194404493
11.7521,176.281,4.509375,-7.68374032722252
11.7521,176.281,4.5125,-7.612116799020981
11.7521,176.281,4.515625,-7.637542427387284
11.7521,176.281,4.518750000000001,-7.678218172510379
11.7521,176.281,4.5218750000000005,-7.711941780758705
11.7521,176.281,4.525,-7.758966564177446
11.7521,176.281,4.528125,-7.883365128912034
11.7521,176.281,4.53125,-8.058011393241106
11.7521,176.281,4.534375000000001,-8.12564936135839
11.7521,176.281,4.5375000000000005,-8.587629155344901
11.7521,176.281,4.540625,-9.765263893822803
11.7521,176.281,4.54375,-11.011495553508983
11.7521,176.281,4.546875,-11.525268601822006
11.7521,176.281,4.550000000000001,-11.831879531001386
11.7521,176.281,4.5531250000000005,-11.877620216465303
11.7521,176.281,4.55625,-11.776773497443072
11.7521,176.281,4.559375,-11.311215898067807
11.7521,176.281,4.5625,-10.587201344704663
11.7521,176.281,4.565625000000001,-9.569340964472412
11.7521,176.281,4.5687500000000005,-8.504767186331097
11.7521,176.281,4.571875,-7.6905615219790535
11.7521,176.281,4.575,-7.1051731465011265
11.7521,176.281,4.578125,-6.670781434478798
11.7521,176.281,4.581250000000001,-6.32291676641615
11.7521,176.281,4.5843750000000005,-5.959854041740414
11.7521,176.281,4.5875,-5.860650234336031
11.7521,176.281,4.590625,-6.025524431887879
11.7521,176.281,4.59375,-6.027450244631673
11.7521,176.281,4.596875000000001,-6.053590724221175
11.7521,176.281,4.6000000000000005,-6.381428999912573
11.7521,176.281,4.603125,-6.404812307189158
11.7521,176.281,4.60625,-6.062756613437051
11.7521,176.281,4.609375,-6.001603180450671
11.7521,176.281,4.612500000000001,-6.019733971783903
11.7521,176.281,4.6156250000000005,-6.020559886769782
11.7521,176.281,4.61875,-6.021734972041313
11.7521,176.281,4.621875,-6.048294357027051
11.7521,176.281,4.625,-6.049990898403744
11.7521,176.281,4.628125000000001,-6.410353373168126
11.7521,176.281,4.6312500000000005,-6.668601572774763
11.7521,176.281,4.634375,-6.647252253285288
11.7521,176.281,4.6375,-6.3103985340686375
11.7521,176.281,4.640625,-5.801575702949991
11.7521,176.281,4.643750000000001,-5.538061283816087
11.7521,176.281,4.6468750000000005,-5.454081110295293
11.7521,176.281,4.65,-5.806277851051989
11.7521,176.281,4.653125,-5.904420622781153
11.7521,176.281,4.65625,-5.764389237934803
11.7521,176.281,4.659375000000001,-6.549519075397383
11.7521,176.281,4.6625000000000005,-6.616422109021084
11.7521,176.281,4.665625,-5.844831541789781
11.7521,176.281,4.66875,-5.21005608355825
11.7521,176.281,4.671875,-4.831579620860025
11.7521,176.281,4.675000000000001,-4.7983059407719555
11.7521,176.281,4.6781250000000005,-5.170389863890835
11.7521,176.281,4.68125,-5.224531955815156
11.7521,176.281,4.684375,-5.280612687117196
11.7521,176.281,4.6875,-5.960706382336679
11.7521,176.281,4.690625000000001,-6.067497677619396
11.7521,176.281,4.6937500000000005,-6.022961777419955
11.7521,176.281,4.696875,-5.675804224505376
11.7521,176.281,4.7,-5.534451663141468
11.7521,176.281,4.703125,-5.606687523119456
11.7521,176.281,4.706250000000001,-5.691696683212967
11.7521,176.281,4.7093750000000005,-5.205465940857001
11.7521,176.281,4.7125,-5.474297207156978
11.7521,176.281,4.715625,-6.508214683091546
11.7521,176.281,4.71875,-5.420440634081483
11.7521,176.281,4.721875000000001,-5.2291952797349985
11.7521,176.281,4.7250000000000005,-5.222755107597977
11.7521,176.281,4.728125,-5.1271167747611015
11.7521,176.281,4.73125,-4.589353896844109
11.7521,176.281,4.734375,-4.536525281961067
11.7521,176.281,4.737500000000001,-4.672290851386286
11.7521,176.281,4.7406250000000005,-4.295012119542012
11.7521,176.281,4.74375,-4.195657041472653
11.7521,176.281,4.746875,-4.096482041962943
11.7521,176.281,4.75,-4.023169350404463
11.7521,176.281,4.753125000000001,-3.9263777338441197
11.7521,176.281,4.7562500000000005,-3.870873336530101
11.7521,176.281,4.759375,-3.8239500128148145
11.7521,176.281,4.7625,-3.7934966032329624
11.7521,176.281,4.765625,-3.7796583159675623
11.7521,176.281,4.768750000000001,-3.780837801438179
11.7521,176.281,4.7718750000000005,-3.796368045195351
11.7521,176.281,4.775,-3.8277807537161825
11.7521,176.281,4.778125,-3.86477411452554
11.7521,176.281,4.78125,-3.908517219684698
11.7521,176.281,4.784375000000001,-3.9701181722778394
11.7521,176.281,4.7875000000000005,-4.036006467680199
11.7521,176.281,4.790625,-4.10133275321323
11.7521,176.281,4.79375,-4.156987560726779
11.7521,176.281,4.796875,-4.206155717401913
11.7521,176.281,4.800000000000001,-4.24425035177353
11.7521,176.281,4.8031250000000005,-4.261799089979141
11.7521,176.281,4.80625,-4.257601990265188
11.7521,176.281,4.809375,-4.237619695076121
11.7521,176.281,4.8125,-4.190188116226366
11.7521,176.281,4.815625000000001,-4.126318548770621
11.7521,176.281,4.8187500000000005,-4.051695755964797
11.7521,176.281,4.821875,-3.968150368671645
11.7521,176.281,4.825,-3.8751927175343086
11.7521,176.281,4.828125,-3.7855564712908265
11.7521,176.281,4.831250000000001,-3.7003696508186157
11.7521,176.281,4.8343750000000005,-3.621744239483551
11.7521,176.281,4.8375,-3.560882126049007
11.7521,176.281,4.840625,-3.51352987944371
11.7521,176.281,4.84375,-3.4812223755288176
11.7521,176.281,4.846875000000001,-3.467411854118136
11.7521,176.281,4.8500000000000005,-3.4654563176978392
11.7521,176.281,4.853125,-3.4842487049222024
11.7521,176.281,4.85625,-3.515919972429061
11.7521,176.281,4.859375,-3.5609314307822597
11.7521,176.281,4.862500000000001,-3.628485247575197
11.7521,176.281,4.8656250000000005,-3.7002640343863034
11.7521,176.281,4.86875,-3.787764377282281
11.7521,176.281,4.871875,-3.878233547470116
11.7521,176.281,4.875,-3.9757546536768236
11.7521,176.281,4.878125000000001,-4.0673018184148235
11.7521,176.281,4.8812500000000005,-4.158848140290077
11.7521,176.281,4.884375,-4.238294728114208
11.7521,176.281,4.8875,-4.306674959874725
11.7521,176.281,4.890625,-4.352167619575191
11.7521,176.281,4.893750000000001,-4.370663409509874
11.7521,176.281,4.8968750000000005,-4.371186854582974
11.7521,176.281,4.9,-4.341802191881263
11.7521,176.281,4.903125,-4.293575312841101
11.7521,176.281,4.90625,-4.223024632853428
11.7521,176.281,4.909375000000001,-4.138506447178882
11.7521,176.281,4.9125000000000005,-4.037316287502844
11.7521,176.281,4.915625,-3.9366411562757326
11.7521,176.281,4.91875,-3.831342254533471
11.7521,176.281,4.921875,-3.7359351599786663
11.7521,176.281,4.925000000000001,-3.641818697125447
11.7521,176.281,4.9281250000000005,-3.560206171516267
11.7521,176.281,4.93125,-3.4917151600063128
11.7521,176.281,4.934375,-3.441888340293718
11.7521,176.281,4.9375,-3.4051943707424384
11.7521,176.281,4.940625000000001,-3.391967282409198
11.7521,176.281,4.9437500000000005,-3.397554834333717
11.7521,176.281,4.946875,-3.419241805876003
11.7521,176.281,4.95,-3.4569828470764903
11.7521,176.281,4.953125,-3.512381265110824
11.7521,176.281,4.956250000000001,-3.5854734067278904
11.7521,176.281,4.9593750000000005,-3.6692349919134335
11.7521,176.281,4.9625,-3.765874638507087
11.7521,176.281,4.965625,-3.8718046570392888
11.7521,176.281,4.96875,-3.9802513855350874
11.7521,176.281,4.971875000000001,-4.090553199439077
11.7521,176.281,4.9750000000000005,-4.19725617508806
11.7521,176.281,4.978125,-4.290997582988455
11.7521,176.281,4.98125,-4.3708389350409425
11.7521,176.281,4.984375,-4.432506245971143
11.7521,176.281,4.987500000000001,-4.468804796260546
11.7521,176.281,4.9906250000000005,-4.479328896276983
11.7521,176.281,4.99375,-4.4610103375498324
11.7521,176.281,4.996875,-4.4255149914825855
11.7521,176.281,5,-4.377329924578613
11.7521,176.281,5.003125000000001,-4.302796086596146
11.7521,176.281,5.0062500000000005,-4.244209961562545
11.7521,176.281,5.009375,-4.181712676578104
11.7521,176.281,5.0125,-4.117614925125347
11.7521,176.281,5.015625,-4.062261089019635
11.7521,176.281,5.018750000000001,-4.012265000772874
11.7521,176.281,5.0218750000000005,-3.9790865430406486
11.7521,176.281,5.025,-3.955538159607496
11.7521,176.281,5.028125,-3.948472951486303
11.7521,176.281,5.03125,-3.961828975997033
11.7521,176.281,5.034375000000001,-3.9891365382775685
11.7521,176.281,5.0375000000000005,-4.036073395101166
11.7521,176.281,5.040625,-4.107020968867163
11.7521,176.281,5.04375,-4.188554201984857
11.7521,176.281,5.046875,-4.290227358340938
11.7521,176.281,5.050000000000001,-4.406516086859128
11.7521,176.281,5.0531250000000005,-4.547290523964152
11.7521,176.281,5.05625,-4.683237134158592
11.7521,176.281,5.059375,-4.833369295408251
11.7521,176.281,5.0625,-4.991810848723644
11.7521,176.281,5.065625000000001,-5.142929164664737
11.7521,176.281,5.0687500000000005,-5.284812489843507
11.7521,176.281,5.071875,-5.41414156016907
11.7521,176.281,5.075,-5.517535515647801
11.7521,176.281,5.078125,-5.583986673517744
11.7521,176.281,5.081250000000001,-5.609022541817131
11.7521,176.281,5.0843750000000005,-5.595162566761043
11.7521,176.281,5.0875,-5.548797192861078
11.7521,176.281,5.090625,-5.463603646695875
11.7521,176.281,5.09375,-5.362186914861466
11.7521,176.281,5.096875000000001,-5.245506980755064
11.7521,176.281,5.1000000000000005,-5.126414769177163
11.7521,176.281,5.103125,-5.0091725247738985
11.7521,176.281,5.10625,-4.877012299290198
11.7521,176.281,5.109375,-4.726777559153651
11.7521,176.281,5.112500000000001,-4.585944389365585
11.7521,176.281,5.1156250000000005,-4.477371564729234
11.7521,176.281,5.11875,-4.399296027021758
11.7521,176.281,5.121875,-4.347182782675356
11.7521,176.281,5.125,-4.321491280174078
11.7521,176.281,5.128125000000001,-4.318096142968576
11.7521,176.281,5.1312500000000005,-4.335350172698965
11.7521,176.281,5.134375,-4.374567715704528
11.7521,176.281,5.1375,-4.429616032925169
11.7521,176.281,5.140625,-4.502338632385579
11.7521,176.281,5.143750000000001,-4.587729888529754
11.7521,176.281,5.1468750000000005,-4.679542423322951
11.7521,176.281,5.15,-4.78464418470003
11.7521,176.281,5.153125,-4.8991291066337075
11.7521,176.281,5.15625,-5.003130106012176
11.7521,176.281,5.159375000000001,-5.116967754942763
11.7521,176.281,5.1625000000000005,-5.210603539802529
11.7521,176.281,5.165625,-5.308303899631364
11.7521,176.281,5.16875,-5.381751902386175
11.7521,176.281,5.171875,-5.430284257176098
11.7521,176.281,5.175000000000001,-5.453957256990742
11.7521,176.281,5.1781250000000005,-5.444856819207314
11.7521,176.281,5.18125,-5.413379727602926
11.7521,176.281,5.184375,-5.355826499059043
11.7521,176.281,5.1875,-5.285461303039245
11.7521,176.281,5.190625000000001,-5.190577955776561
11.7521,176.281,5.1937500000000005,-5.098282669151148
11.7521,176.281,5.196875,-5.01093036830574
11.7521,176.281,5.2,-4.923172720152856
11.7521,176.281,5.203125,-4.849725516832055
11.7521,176.281,5.206250000000001,-4.784081926249122
11.7521,176.281,5.2093750000000005,-4.731384568566773
11.7521,176.281,5.2125,-4.695528662950645
11.7521,176.281,5.215625,-4.675877656300415
11.7521,176.281,5.21875,-4.690980352381601
11.7521,176.281,5.221875000000001,-4.733296875718157
11.7521,176.281,5.2250000000000005,-4.804926367201594
11.7521,176.281,5.228125,-4.90562544500097
11.7521,176.281,5.23125,-5.036817834945007
11.7521,176.281,5.234375,-5.194657502986191
11.7521,176.281,5.237500000000001,-5.383182266092738
11.7521,176.281,5.2406250000000005,-5.597815250627979
11.7521,176.281,5.24375,-5.839306560535846
11.7521,176.281,5.246875,-6.1114341635194736
11.7521,176.281,5.25,-6.411921224793057
11.7521,176.281,5.253125000000001,-6.783132392412366
11.7521,176.281,5.2562500000000005,-7.250663202252644
11.7521,176.281,5.259375,-7.868935976765745
11.7521,176.281,5.2625,-8.85244044427249
11.7521,176.281,5.265625,-10.361498089581751
11.7521,176.281,5.268750000000001,-11.332648261808986
11.7521,176.281,5.2718750000000005,-9.929210446429991
11.7521,176.281,5.275,-8.343822814488226
11.7521,176.281,5.278125,-7.428118618208713
11.7521,176.281,5.28125,-6.885394500435037
11.7521,176.281,5.284375000000001,-6.508935028528877
11.7521,176.281,5.2875000000000005,-6.211760704015852
11.7521,176.281,5.290625,-5.948136274757675
11.7521,176.281,5.29375,-5.732134423201696
11.7521,176.281,5.296875,-5.541853415305564
11.7521,176.281,5.300000000000001,-5.391756257883344
11.7521,176.281,5.3031250000000005,-5.266680397491355
11.7521,176.281,5.30625,-5.177271374723321
11.7521,176.281,5.309375,-5.120378857199169
11.7521,176.281,5.3125,-5.08694941520227
11.7521,176.281,5.315625000000001,-5.07550531644406
11.7521,176.281,5.3187500000000005,-5.099807145593836
11.7521,176.281,5.321875,-5.141254428983231
11.7521,176.281,5.325,-5.201465006165035
11.7521,176.281,5.328125,-5.2768645059548955
11.7521,176.281,5.331250000000001,-5.357351409527704
11.7521,176.281,5.3343750000000005,-5.448556201118096
11.7521,176.281,5.3375,-5.537141860788026
11.7521,176.281,5.340625,-5.629607357674303
11.7521,176.281,5.34375,-5.729318686404465
11.7521,176.281,5.346875000000001,-5.8121743535619235
11.7521,176.281,5.3500000000000005,-5.877009160637503
11.7521,176.281,5.353125,-5.924129820173308
11.7521,176.281,5.35625,-5.941625117246616
11.7521,176.281,5.359375,-5.922195346920506
11.7521,176.281,5.362500000000001,-5.8749519344571945
11.7521,176.281,5.3656250000000005,-5.793709634934913
11.7521,176.281,5.36875,-5.688707378507381
11.7521,176.281,5.371875,-5.558699122286516
11.7521,176.281,5.375,-5.417485804238487
11.7521,176.281,5.378125000000001,-5.2811672563060394
11.7521,176.281,5.3812500000000005,-5.138219605073467
11.7521,176.281,5.384375,-5.013674515552939
11.7521,176.281,5.3875,-4.901654316571867
11.7521,176.281,5.390625,-4.807213711978366
11.7521,176.281,5.393750000000001,-4.7403420085985
11.7521,176.281,5.3968750000000005,-4.693824866535917
11.7521,176.281,5.4,-4.6701319029033925
11.7521,176.281,5.403125,-4.6731987457272535
11.7521,176.281,5.40625,-4.702456367638641
11.7521,176.281,5.409375000000001,-4.75045969670013
11.7521,176.281,5.4125000000000005,-4.810065658826563
11.7521,176.281,5.415625,-4.901493395641619
11.7521,176.281,5.41875,-5.004852330207248
11.7521,176.281,5.421875,-5.122819877898756
11.7521,176.281,5.425000000000001,-5.262130268050874
11.7521,176.281,5.4281250000000005,-5.407548228915372
11.7521,176.281,5.43125,-5.567797320895297
11.7521,176.281,5.434375,-5.731714023858165
11.7521,176.281,5.4375,-5.8848913506035485
11.7521,176.281,5.440625000000001,-6.026154566087156
11.7521,176.281,5.4437500000000005,-6.147124580917355
11.7521,176.281,5.446875,-6.237842014316381
11.7521,176.281,5.45,-6.290155279837185
11.7521,176.281,5.453125,-6.306956336947852
11.7521,176.281,5.456250000000001,-6.2819623450267255
11.7521,176.281,5.4593750000000005,-6.2118391593656135
11.7521,176.281,5.4625,-6.111040258226899
11.7521,176.281,5.465625,-5.981478480501034
11.7521,176.281,5.46875,-5.819612325422816
11.7521,176.281,5.471875000000001,-5.6523815288614525
11.7521,176.281,5.4750000000000005,-5.483434810877967
11.7521,176.281,5.478125,-5.329046258162808
11.7521,176.281,5.48125,-5.186281629557095
11.7521,176.281,5.484375,-5.0555647700585835
11.7521,176.281,5.487500000000001,-4.958273199989283
11.7521,176.281,5.4906250000000005,-4.885301898349013
11.7521,176.281,5.49375,-4.84197347289105
11.7521,176.281,5.496875,-4.822298913908407
11.7521,176.281,5.5,-4.840875724295178
11.7521,176.281,5.503125000000001,-4.8698717371170614
11.7521,176.281,5.5062500000000005,-4.918351609925027
11.7521,176.281,5.509375,-4.9898771686437895
11.7521,176.281,5.5125,-5.066848190576113
11.7521,176.281,5.515625,-5.14907917891529
11.7521,176.281,5.518750000000001,-5.24256854202772
11.7521,176.281,5.5218750000000005,-5.336873233216183
11.7521,176.281,5.525,-5.41428368380465
11.7521,176.281,5.528125,-5.4740198838725584
11.7521,176.281,5.53125,-5.513381293556962
11.7521,176.281,5.534375000000001,-5.535131337758381
11.7521,176.281,5.5375000000000005,-5.5243250375654975
11.7521,176.281,5.540625,-5.485614528780523
11.7521,176.281,5.54375,-5.412725640829434
11.7521,176.281,5.546875,-5.318294076421969
11.7521,176.281,5.550000000000001,-5.200945333402255
11.7521,176.281,5.5531250000000005,-5.063228304743381
11.7521,176.281,5.55625,-4.918310270806542
11.7521,176.281,5.559375,-4.76771750795551
11.7521,176.281,5.5625,-4.620012119012749
11.7521,176.281,5.565625000000001,-4.48145922043917
11.7521,176.281,5.5687500000000005,-4.35126649764252
11.7521,176.281,5.571875,-4.244750077799353
11.7521,176.281,5.575,-4.153570255161752
11.7521,176.281,5.578125,-4.088283851556379
11.7521,176.281,5.581250000000001,-4.047560151261305
11.7521,176.281,5.5843750000000005,-4.018983425962338
11.7521,176.281,5.5875,-4.0188812956995985
11.7521,176.281,5.590625,-4.045561975699011
11.7521,176.281,5.59375,-4.090233661799049
11.7521,176.281,5.596875000000001,-4.159947410145121
11.7521,176.281,5.6000000000000005,-4.242046078036598
11.7521,176.281,5.603125,-4.342535764708324
11.7521,176.281,5.60625,-4.457675679127553
11.7521,176.281,5.609375,-4.579287746074783
11.7521,176.281,5.612500000000001,-4.717063851855433
11.7521,176.281,5.6156250000000005,-4.847124267521943
11.7521,176.281,5.61875,-4.963925939199212
11.7521,176.281,5.621875,-5.078607598448515
11.7521,176.281,5.625,-5.161379891546619
11.7521,176.281,5.628125000000001,-5.2165195602694645
11.7521,176.281,5.6312500000000005,-5.237207997791221
11.7521,176.281,5.634375,-5.221161357570763
11.7521,176.281,5.6375,-5.166617556006084
11.7521,176.281,5.640625,-5.077271948037097
11.7521,176.281,5.643750000000001,-4.96253151263883
11.7521,176.281,5.6468750000000005,-4.825845215548509
11.7521,176.281,5.65,-4.678297875452273
11.7521,176.281,5.653125,-4.516408263042496
11.7521,176.281,5.65625,-4.374522771769215
11.7521,176.281,5.659375000000001,-4.240875748761864
11.7521,176.281,5.6625000000000005,-4.1255018414530324
11.7521,176.281,5.665625,-4.029743921797072
11.7521,176.281,5.66875,-3.9553020766935036
11.7521,176.281,5.671875,-3.9016289982094925
11.7521,176.281,5.675000000000001,-3.872386113949426
11.7521,176.281,5.6781250000000005,-3.8639996724847396
11.7521,176.281,5.68125,-3.8796941795757123
11.7521,176.281,5.684375,-3.907530592232753
11.7521,176.281,5.6875,-3.9568605215227275
11.7521,176.281,5.690625000000001,-4.017440483578747
11.7521,176.281,5.6937500000000005,-4.0845363001321395
11.7521,176.281,5.696875,-4.1612510460222705
11.7521,176.281,5.7,-4.230685338832644
11.7521,176.281,5.703125,-4.302267904396256
11.7521,176.281,5.706250000000001,-4.36313278327691
11.7521,176.281,5.7093750000000005,-4.412268600411192
11.7521,176.281,5.7125,-4.445103878232886
11.7521,176.281,5.715625,-4.452128820589955
11.7521,176.281,5.71875,-4.431985537003102
11.7521,176.281,5.721875000000001,-4.385574758153631
11.7521,176.281,5.7250000000000005,-4.311800076891467
11.7521,176.281,5.728125,-4.206738708228832
11.7521,176.281,5.73125,-4.081795621244366
11.7521,176.281,5.734375,-3.933165646095871
11.7521,176.281,5.737500000000001,-3.776479558596646
11.7521,176.281,5.7406250000000005,-3.6169677584365227
11.7521,176.281,5.74375,-3.4684047943517693
11.7521,176.281,5.746875,-3.323371711401626
11.7521,176.281,5.75,-3.1951898529069305
11.7521,176.281,5.753125000000001,-3.0831459093886493
11.7521,176.281,5.7562500000000005,-2.9932345384068393
11.7521,176.281,5.759375,-2.928797790051785
11.7521,176.281,5.7625,-2.8922576850920407
11.7521,176.281,5.765625,-2.8798755339524162
11.7521,176.281,5.768750000000001,-2.8899153492837066
11.7521,176.281,5.7718750000000005,-2.928231892577639
11.7521,176.281,5.775,-2.9792787925046156
11.7521,176.281,5.778125,-3.0496266776230256
11.7521,176.281,5.78125,-3.1339160369802856
11.7521,176.281,5.784375000000001,-3.227453860826637
11.7521,176.281,5.7875000000000005,-3.3246735539683976
11.7521,176.281,5.790625,-3.421109897574696
11.7521,176.281,5.79375,-3.5149795199531706
11.7521,176.281,5.796875,-3.604981823037752
11.7521,176.281,5.800000000000001,-3.6722959335675047
11.7521,176.281,5.8031250000000005,-3.734706653913534
11.7521,176.281,5.80625,-3.7648479173861116
11.7521,176.281,5.809375,-3.7762435519629896
11.7521,176.281,5.8125,-3.762333760436479
11.7521,176.281,5.815625000000001,-3.7195473973039164
11.7521,176.281,5.8187500000000005,-3.6536814880025146
11.7521,176.281,5.821875,-3.5652790074520055
11.7521,176.281,5.825,-3.453428010968096
11.7521,176.281,5.828125,-3.3399215199198307
11.7521,176.281,5.831250000000001,-3.2159330335001353
11.7521,176.281,5.8343750000000005,-3.0936793295605565
11.7521,176.281,5.8375,-2.975797928767643
11.7521,176.281,5.840625,-2.871924827668455
11.7521,176.281,5.84375,-2.7881659188543466
11.7521,176.281,5.846875000000001,-2.7215471711254837
11.7521,176.281,5.8500000000000005,-2.6764631574188593
11.7521,176.281,5.853125,-2.6548436335064345
11.7521,176.281,5.85625,-2.654426467343041
11.7521,176.281,5.859375,-2.675874780393186
11.7521,176.281,5.862500000000001,-2.722789427087371
11.7521,176.281,5.8656250000000005,-2.789344164175981
11.7521,176.281,5.86875,-2.8641491006902884
11.7521,176.281,5.871875,-2.956939782186387
11.7521,176.281,5.875,-3.047295026677958
11.7521,176.281,5.878125000000001,-3.1393530878004543
11.7521,176.281,5.8812500000000005,-3.2409821906895777
11.7521,176.281,5.884375,-3.3184853554709406
11.7521,176.281,5.8875,-3.392935392084624
11.7521,176.281,5.890625,-3.4521978087109515
11.7521,176.281,5.893750000000001,-3.482342833330341
11.7521,176.281,5.8968750000000005,-3.494324460147573
11.7521,176.281,5.9,-3.4739895476225864
11.7521,176.281,5.903125,-3.4124438993566253
11.7521,176.281,5.90625,-3.3223424043310708
11.7521,176.281,5.909375000000001,-3.2015012781621914
11.7521,176.281,5.9125000000000005,-3.065011126178789
11.7521,176.281,5.915625,-2.909076170282489
11.7521,176.281,5.91875,-2.7488434674156674
11.7521,176.281,5.921875,-2.5801179142852066
11.7521,176.281,5.925000000000001,-2.4268473058247704
11.7521,176.281,5.9281250000000005,-2.2899170957484642
11.7521,176.281,5.93125,-2.170622434537948
11.7521,176.281,5.934375,-2.065516997437851
11.7521,176.281,5.9375,-2.0039483988834
11.7521,176.281,5.940625000000001,-1.9586318255044055
11.7521,176.281,5.9437500000000005,-1.9384319280237108
11.7521,176.281,5.946875,-1.9495941067115652
11.7521,176.281,5.95,-1.9745919865564698
11.7521,176.281,5.953125,-2.024624097824313
11.7521,176.281,5.956250000000001,-2.0922168861533867
11.7521,176.281,5.9593750000000005,-2.1750949594195927
11.7521,176.281,5.9625,-2.270113659333441
11.7521,176.281,5.965625,-2.375290915549329
11.7521,176.281,5.96875,-2.4820167360922794
11.7521,176.281,5.971875000000001,-2.597436484382043
11.7521,176.281,5.9750000000000005,-2.7150505923573274
11.7521,176.281,5.978125,-2.823825641146006
11.7521,176.281,5.98125,-2.9296454310562376
11.7521,176.281,5.984375,-3.0138025861538824
11.7521,176.281,5.987500000000001,-3.073956445711838
11.7521,176.281,5.9906250000000005,-3.1147035005450108
11.7521,176.281,5.99375,-3.1168972083185413
11.7521,176.281,5.996875,-3.0899866372429576
11.7521,176.281,6,-3.0369612718528356
