"Current","Field","Frequency","Spectra"
9.8712,148.068,1,-0.9191195338285857
9.8712,148.068,1.003125,-0.8758726067006217
9.8712,148.068,1.00625,-0.8382411594858895
9.8712,148.068,1.0093750000000001,-0.8079577017670516
9.8712,148.068,1.0125,-0.784053676823316
9.8712,148.068,1.015625,-0.7703281519144346
9.8712,148.068,1.01875,-0.7684588763961909
9.8712,148.068,1.021875,-0.7761221651797989
9.8712,148.068,1.0250000000000001,-0.7980515760434305
9.8712,148.068,1.028125,-0.8323774798228616
9.8712,148.068,1.03125,-0.8807817973391752
9.8712,148.068,1.034375,-0.9376800321499296
9.8712,148.068,1.0375,-0.9991708475042065
9.8712,148.068,1.0406250000000001,-1.0673974970998985
9.8712,148.068,1.04375,-1.134997681241015
9.8712,148.068,1.046875,-1.2020358960396522
9.8712,148.068,1.05,-1.2674628664999736
9.8712,148.068,1.053125,-1.323183236530371
9.8712,148.068,1.0562500000000001,-1.3688061347530243
9.8712,148.068,1.059375,-1.4074480978966974
9.8712,148.068,1.0625,-1.4293895504677496
9.8712,148.068,1.065625,-1.4395651123659072
9.8712,148.068,1.06875,-1.4430197524377286
9.8712,148.068,1.0718750000000001,-1.431365820039853
9.8712,148.068,1.0750000000000002,-1.4102199270776623
9.8712,148.068,1.078125,-1.380348866337362
9.8712,148.068,1.08125,-1.3412291534553464
9.8712,148.068,1.084375,-1.2922156703715033
9.8712,148.068,1.0875000000000001,-1.2407023219165163
9.8712,148.068,1.0906250000000002,-1.1847877186704234
9.8712,148.068,1.09375,-1.138370340181514
9.8712,148.068,1.096875,-1.080944324711696
9.8712,148.068,1.1,-1.0332524698785044
9.8712,148.068,1.1031250000000001,-0.9949254401485303
9.8712,148.068,1.1062500000000002,-0.949466583087311
9.8712,148.068,1.109375,-0.9177903455913994
9.8712,148.068,1.1125,-0.8975508305558583
9.8712,148.068,1.115625,-0.8865574133900804
9.8712,148.068,1.1187500000000001,-0.8867973223699512
9.8712,148.068,1.1218750000000002,-0.8981911275265893
9.8712,148.068,1.125,-0.9108167967440878
9.8712,148.068,1.128125,-0.9361224428273216
9.8712,148.068,1.13125,-0.9682978149574064
9.8712,148.068,1.1343750000000001,-1.0045618662964502
9.8712,148.068,1.1375000000000002,-1.0447002929870284
9.8712,148.068,1.140625,-1.086815396518205
9.8712,148.068,1.14375,-1.123089542039196
9.8712,148.068,1.146875,-1.1584441352918529
9.8712,148.068,1.1500000000000001,-1.1916357120598253
9.8712,148.068,1.1531250000000002,-1.215728579373864
9.8712,148.068,1.15625,-1.229520016312275
9.8712,148.068,1.159375,-1.2349279401469535
9.8712,148.068,1.1625,-1.2347206693872772
9.8712,148.068,1.1656250000000001,-1.2210500484806928
9.8712,148.068,1.1687500000000002,-1.2006524783707704
9.8712,148.068,1.171875,-1.1681084782544917
9.8712,148.068,1.175,-1.1301549976961902
9.8712,148.068,1.178125,-1.0851441060639564
9.8712,148.068,1.1812500000000001,-1.0346225648647298
9.8712,148.068,1.1843750000000002,-0.9845573600303155
9.8712,148.068,1.1875,-0.9322806590377568
9.8712,148.068,1.190625,-0.8830793577814223
9.8712,148.068,1.19375,-0.8411556271196395
9.8712,148.068,1.1968750000000001,-0.8086660503469227
9.8712,148.068,1.2000000000000002,-0.7854075527346521
9.8712,148.068,1.203125,-0.7756641698215598
9.8712,148.068,1.20625,-0.7812147143664896
9.8712,148.068,1.209375,-0.8007983953321121
9.8712,148.068,1.2125000000000001,-0.8361431714383429
9.8712,148.068,1.2156250000000002,-0.8834878874536352
9.8712,148.068,1.21875,-0.9372624238105971
9.8712,148.068,1.221875,-1.0055988516985421
9.8712,148.068,1.225,-1.0812993266954705
9.8712,148.068,1.2281250000000001,-1.1563910314886976
9.8712,148.068,1.2312500000000002,-1.2327972420202276
9.8712,148.068,1.234375,-1.2993925375125726
9.8712,148.068,1.2375,-1.3587843338586305
9.8712,148.068,1.240625,-1.408751696931914
9.8712,148.068,1.2437500000000001,-1.4579102459778324
9.8712,148.068,1.2468750000000002,-1.4947163238083871
9.8712,148.068,1.25,-1.5130470338967386
9.8712,148.068,1.253125,-1.5174184173940217
9.8712,148.068,1.25625,-1.5005174853762557
9.8712,148.068,1.2593750000000001,-1.47453556302052
9.8712,148.068,1.2625000000000002,-1.4533498030648135
9.8712,148.068,1.265625,-1.4224815664735737
9.8712,148.068,1.26875,-1.3828181550251522
9.8712,148.068,1.271875,-1.3349811494403565
9.8712,148.068,1.2750000000000001,-1.2799432520054599
9.8712,148.068,1.2781250000000002,-1.221823641849715
9.8712,148.068,1.28125,-1.1747639967293477
9.8712,148.068,1.284375,-1.138011143991768
9.8712,148.068,1.2875,-1.0987157132188488
9.8712,148.068,1.2906250000000001,-1.0647686311163036
9.8712,148.068,1.2937500000000002,-1.0426742183368558
9.8712,148.068,1.296875,-1.0282146227146087
9.8712,148.068,1.3,-1.0212493277719419
9.8712,148.068,1.303125,-1.0361537902152747
9.8712,148.068,1.3062500000000001,-1.0548640829550613
9.8712,148.068,1.3093750000000002,-1.0801412789044593
9.8712,148.068,1.3125,-1.1141214074670884
9.8712,148.068,1.315625,-1.154555431750623
9.8712,148.068,1.31875,-1.2002166580287108
9.8712,148.068,1.3218750000000001,-1.2426134993873248
9.8712,148.068,1.3250000000000002,-1.2877895906919878
9.8712,148.068,1.328125,-1.324845907014367
9.8712,148.068,1.33125,-1.3551237608776743
9.8712,148.068,1.334375,-1.3781991702039564
9.8712,148.068,1.3375000000000001,-1.3925618512319946
9.8712,148.068,1.3406250000000002,-1.396009968708832
9.8712,148.068,1.34375,-1.3906324839885242
9.8712,148.068,1.346875,-1.3734638645222064
9.8712,148.068,1.35,-1.3467713771380256
9.8712,148.068,1.3531250000000001,-1.3106327138178633
9.8712,148.068,1.3562500000000002,-1.2655986346509507
9.8712,148.068,1.359375,-1.2185569788566049
9.8712,148.068,1.3625,-1.1632539992112916
9.8712,148.068,1.365625,-1.100780365288438
9.8712,148.068,1.3687500000000001,-1.044438181291407
9.8712,148.068,1.3718750000000002,-0.9885107145383183
9.8712,148.068,1.375,-0.9391904449945205
9.8712,148.068,1.378125,-0.898949879300287
9.8712,148.068,1.38125,-0.864656123059178
9.8712,148.068,1.3843750000000001,-0.841901810083058
9.8712,148.068,1.3875000000000002,-0.83062028353854
9.8712,148.068,1.390625,-0.8366785998483578
9.8712,148.068,1.39375,-0.8602961955484787
9.8712,148.068,1.396875,-0.9001187408026432
9.8712,148.068,1.4000000000000001,-0.9541974443115565
9.8712,148.068,1.4031250000000002,-1.0076226569943123
9.8712,148.068,1.40625,-1.0737087079180554
9.8712,148.068,1.409375,-1.1442754630469494
9.8712,148.068,1.4125,-1.2225252721686974
9.8712,148.068,1.4156250000000001,-1.296506630274876
9.8712,148.068,1.4187500000000002,-1.3704974909069163
9.8712,148.068,1.421875,-1.4336249447697622
9.8712,148.068,1.425,-1.4886211629633006
9.8712,148.068,1.428125,-1.534667316058175
9.8712,148.068,1.4312500000000001,-1.5668142029992846
9.8712,148.068,1.4343750000000002,-1.5867786105747939
9.8712,148.068,1.4375,-1.5952551072804781
9.8712,148.068,1.440625,-1.5911392243240532
9.8712,148.068,1.44375,-1.5777748197034356
9.8712,148.068,1.4468750000000001,-1.5515249916866305
9.8712,148.068,1.4500000000000002,-1.516325327116736
9.8712,148.068,1.453125,-1.4725699288561374
9.8712,148.068,1.45625,-1.421335134787244
9.8712,148.068,1.459375,-1.3682816173733565
9.8712,148.068,1.4625000000000001,-1.3125694809303576
9.8712,148.068,1.4656250000000002,-1.262459090702769
9.8712,148.068,1.46875,-1.214154913999523
9.8712,148.068,1.471875,-1.1740882911826103
9.8712,148.068,1.475,-1.1426420390567895
9.8712,148.068,1.4781250000000001,-1.1215106863544744
9.8712,148.068,1.4812500000000002,-1.1138800637681907
9.8712,148.068,1.484375,-1.1209015895236794
9.8712,148.068,1.4875,-1.1434950380142852
9.8712,148.068,1.490625,-1.17626435071587
9.8712,148.068,1.4937500000000001,-1.2210330986909588
9.8712,148.068,1.4968750000000002,-1.273825239052312
9.8712,148.068,1.5,-1.3285496888756299
9.8712,148.068,1.503125,-1.3843091388891502
9.8712,148.068,1.50625,-1.4388137145975963
9.8712,148.068,1.5093750000000001,-1.4876097047735695
9.8712,148.068,1.5125000000000002,-1.5319295058807902
9.8712,148.068,1.515625,-1.5656494676701949
9.8712,148.068,1.51875,-1.5916960982129158
9.8712,148.068,1.521875,-1.6042546548692884
9.8712,148.068,1.5250000000000001,-1.599516484514779
9.8712,148.068,1.5281250000000002,-1.5847587202211084
9.8712,148.068,1.53125,-1.565232532656864
9.8712,148.068,1.534375,-1.533523186244534
9.8712,148.068,1.5375,-1.4990856369540349
9.8712,148.068,1.5406250000000001,-1.4524268849392319
9.8712,148.068,1.5437500000000002,-1.400819839097994
9.8712,148.068,1.546875,-1.3431977869322802
9.8712,148.068,1.55,-1.2815636524186629
9.8712,148.068,1.553125,-1.2193881214025568
9.8712,148.068,1.5562500000000001,-1.1586480004434272
9.8712,148.068,1.5593750000000002,-1.1018795420550245
9.8712,148.068,1.5625,-1.0493152907751804
9.8712,148.068,1.565625,-1.0068591749636937
9.8712,148.068,1.56875,-0.9768690253021634
9.8712,148.068,1.5718750000000001,-0.9595483278883832
9.8712,148.068,1.5750000000000002,-0.9544445996190778
9.8712,148.068,1.578125,-0.9688174544545326
9.8712,148.068,1.58125,-1.0016274841910646
9.8712,148.068,1.584375,-1.0461598303779038
9.8712,148.068,1.5875000000000001,-1.1087454900792268
9.8712,148.068,1.5906250000000002,-1.1824443763423542
9.8712,148.068,1.59375,-1.263039606794589
9.8712,148.068,1.596875,-1.3459458331716716
9.8712,148.068,1.6,-1.4292849278477007
9.8712,148.068,1.6031250000000001,-1.5039580477117729
9.8712,148.068,1.6062500000000002,-1.5685791669058016
9.8712,148.068,1.609375,-1.6244033744413342
9.8712,148.068,1.6125,-1.665613509923726
9.8712,148.068,1.615625,-1.6904865356556142
9.8712,148.068,1.6187500000000001,-1.6999082760094253
9.8712,148.068,1.6218750000000002,-1.6947170638691376
9.8712,148.068,1.625,-1.6784529104860053
9.8712,148.068,1.628125,-1.6487795372650493
9.8712,148.068,1.63125,-1.6121945365949906
9.8712,148.068,1.6343750000000001,-1.5673190302270859
9.8712,148.068,1.6375000000000002,-1.5219728447059235
9.8712,148.068,1.640625,-1.469781261691434
9.8712,148.068,1.64375,-1.4186383455091887
9.8712,148.068,1.646875,-1.3704345941265932
9.8712,148.068,1.6500000000000001,-1.3270079832144774
9.8712,148.068,1.6531250000000002,-1.2921870294937596
9.8712,148.068,1.65625,-1.2687942671685606
9.8712,148.068,1.659375,-1.2580294184244352
9.8712,148.068,1.6625,-1.269973396209896
9.8712,148.068,1.6656250000000001,-1.273037901421918
9.8712,148.068,1.6687500000000002,-1.2679367740878225
9.8712,148.068,1.671875,-1.2858265920172056
9.8712,148.068,1.675,-1.3232977535258474
9.8712,148.068,1.678125,-1.3679791399089165
9.8712,148.068,1.6812500000000001,-1.4228311670389915
9.8712,148.068,1.6843750000000002,-1.4811299494274432
9.8712,148.068,1.6875,-1.5451842987141577
9.8712,148.068,1.690625,-1.6063758258071037
9.8712,148.068,1.69375,-1.6657230318120841
9.8712,148.068,1.6968750000000001,-1.7160159706602915
9.8712,148.068,1.7000000000000002,-1.7589689960627297
9.8712,148.068,1.703125,-1.7921660701963402
9.8712,148.068,1.70625,-1.8105866653798683
9.8712,148.068,1.709375,-1.8205686354062744
9.8712,148.068,1.7125000000000001,-1.8177452193109664
9.8712,148.068,1.7156250000000002,-1.7966349258203518
9.8712,148.068,1.71875,-1.7678663935883157
9.8712,148.068,1.721875,-1.7254580991616888
9.8712,148.068,1.725,-1.6727009013304226
9.8712,148.068,1.7281250000000001,-1.609061459345397
9.8712,148.068,1.7312500000000002,-1.5412388726689263
9.8712,148.068,1.734375,-1.4714243084342562
9.8712,148.068,1.7375,-1.3930897307809071
9.8712,148.068,1.740625,-1.3244600191064861
9.8712,148.068,1.7437500000000001,-1.2572772534828451
9.8712,148.068,1.7468750000000002,-1.1943002591610006
9.8712,148.068,1.75,-1.146442016520261
9.8712,148.068,1.753125,-1.1122181678035672
9.8712,148.068,1.75625,-1.0918044446971313
9.8712,148.068,1.7593750000000001,-1.0896467221521133
9.8712,148.068,1.7625000000000002,-1.105187211971919
9.8712,148.068,1.765625,-1.1378258516721858
9.8712,148.068,1.76875,-1.184170768572113
9.8712,148.068,1.771875,-1.241476667312807
9.8712,148.068,1.7750000000000001,-1.3097543025234186
9.8712,148.068,1.7781250000000002,-1.3825328539692343
9.8712,148.068,1.78125,-1.453291440271931
9.8712,148.068,1.784375,-1.5303103353542298
9.8712,148.068,1.7875,-1.598882381014251
9.8712,148.068,1.7906250000000001,-1.6566782316938087
9.8712,148.068,1.7937500000000002,-1.7079839404731754
9.8712,148.068,1.7968750000000002,-1.7442028493545072
9.8712,148.068,1.8,-1.7684731890250842
9.8712,148.068,1.803125,-1.777710703094451
9.8712,148.068,1.8062500000000001,-1.774917777155072
9.8712,148.068,1.8093750000000002,-1.7623338850868189
9.8712,148.068,1.8125000000000002,-1.739708877570645
9.8712,148.068,1.815625,-1.7077113135988888
9.8712,148.068,1.81875,-1.6685379071221433
9.8712,148.068,1.8218750000000001,-1.6231644551284643
9.8712,148.068,1.8250000000000002,-1.5728614882370113
9.8712,148.068,1.8281250000000002,-1.5209328402635758
9.8712,148.068,1.83125,-1.471180285648326
9.8712,148.068,1.834375,-1.423060415417729
9.8712,148.068,1.8375000000000001,-1.3808578250764918
9.8712,148.068,1.8406250000000002,-1.3475819183548143
9.8712,148.068,1.8437500000000002,-1.3234745763321512
9.8712,148.068,1.846875,-1.3127508931844087
9.8712,148.068,1.85,-1.3106991133033525
9.8712,148.068,1.8531250000000001,-1.3303091828364595
9.8712,148.068,1.8562500000000002,-1.3584569624691947
9.8712,148.068,1.8593750000000002,-1.4015730450165078
9.8712,148.068,1.8625,-1.4588758927548438
9.8712,148.068,1.865625,-1.524062806215708
9.8712,148.068,1.8687500000000001,-1.5946939632569896
9.8712,148.068,1.8718750000000002,-1.6676020834877185
9.8712,148.068,1.8750000000000002,-1.7379048881971615
9.8712,148.068,1.878125,-1.8038856826941272
9.8712,148.068,1.88125,-1.8612432202709408
9.8712,148.068,1.8843750000000001,-1.907673934647811
9.8712,148.068,1.8875000000000002,-1.9418732341355698
9.8712,148.068,1.8906250000000002,-1.9612607204651178
9.8712,148.068,1.89375,-1.9674402588490918
9.8712,148.068,1.896875,-1.9515435861892105
9.8712,148.068,1.9000000000000001,-1.927084071809536
9.8712,148.068,1.9031250000000002,-1.887466004362775
9.8712,148.068,1.9062500000000002,-1.8370728094551683
9.8712,148.068,1.909375,-1.7776003866493513
9.8712,148.068,1.9125,-1.7126120365767272
9.8712,148.068,1.9156250000000001,-1.6409817251159762
9.8712,148.068,1.9187500000000002,-1.5696031224381104
9.8712,148.068,1.9218750000000002,-1.4987276108802083
9.8712,148.068,1.925,-1.429939194529787
9.8712,148.068,1.928125,-1.3658380169813766
9.8712,148.068,1.9312500000000001,-1.3094177351731915
9.8712,148.068,1.9343750000000002,-1.2666534328388535
9.8712,148.068,1.9375000000000002,-1.2345686793090453
9.8712,148.068,1.940625,-1.219575591621323
9.8712,148.068,1.94375,-1.2173064720878337
9.8712,148.068,1.9468750000000001,-1.232726409477566
9.8712,148.068,1.9500000000000002,-1.2600452040314971
9.8712,148.068,1.9531250000000002,-1.301576117932218
9.8712,148.068,1.95625,-1.3587326156297383
9.8712,148.068,1.959375,-1.426903631216752
9.8712,148.068,1.9625000000000001,-1.495902673238568
9.8712,148.068,1.9656250000000002,-1.5723001752345058
9.8712,148.068,1.9687500000000002,-1.6432450066118278
9.8712,148.068,1.971875,-1.7075526872115852
9.8712,148.068,1.975,-1.7666390764595814
9.8712,148.068,1.9781250000000001,-1.8131590894340843
9.8712,148.068,1.9812500000000002,-1.8468259396630324
9.8712,148.068,1.9843750000000002,-1.8658273554813862
9.8712,148.068,1.9875,-1.8728277915955713
9.8712,148.068,1.990625,-1.8659995684806288
9.8712,148.068,1.9937500000000001,-1.8440640745747832
9.8712,148.068,1.9968750000000002,-1.8084385462553882
9.8712,148.068,2,-1.7640316727630183
9.8712,148.068,2.0031250000000003,-1.7096684261175519
9.8712,148.068,2.00625,-1.6499382740003024
9.8712,148.068,2.009375,-1.5871881464330064
9.8712,148.068,2.0125,-1.5247482028673125
9.8712,148.068,2.015625,-1.4646019601043654
9.8712,148.068,2.0187500000000003,-1.407041667658426
9.8712,148.068,2.021875,-1.360196744833677
9.8712,148.068,2.025,-1.319718827088093
9.8712,148.068,2.028125,-1.2964086941890594
9.8712,148.068,2.03125,-1.2870060086114712
9.8712,148.068,2.0343750000000003,-1.296794487814734
9.8712,148.068,2.0375,-1.3239842170384422
9.8712,148.068,2.040625,-1.3655037105913403
9.8712,148.068,2.04375,-1.4223431932744337
9.8712,148.068,2.046875,-1.4900784889829088
9.8712,148.068,2.0500000000000003,-1.564650797444851
9.8712,148.068,2.053125,-1.6474812228801698
9.8712,148.068,2.05625,-1.7306316160406665
9.8712,148.068,2.059375,-1.814000174312749
9.8712,148.068,2.0625,-1.8894104694913718
9.8712,148.068,2.0656250000000003,-1.952018837936468
9.8712,148.068,2.06875,-2.0048786895494457
9.8712,148.068,2.071875,-2.045754888297253
9.8712,148.068,2.075,-2.0654164388964285
9.8712,148.068,2.078125,-2.0722380838681405
9.8712,148.068,2.0812500000000003,-2.070525582728506
9.8712,148.068,2.084375,-2.050413417502464
9.8712,148.068,2.0875,-2.0142081643947267
9.8712,148.068,2.090625,-1.962070744450737
9.8712,148.068,2.09375,-1.904345058133539
9.8712,148.068,2.0968750000000003,-1.8363954908053097
9.8712,148.068,2.1,-1.7673099158135601
9.8712,148.068,2.103125,-1.6948753314690999
9.8712,148.068,2.10625,-1.6223192929587213
9.8712,148.068,2.109375,-1.5543339939325969
9.8712,148.068,2.1125000000000003,-1.4881647479555613
9.8712,148.068,2.115625,-1.4304591067882115
9.8712,148.068,2.11875,-1.3793720893738073
9.8712,148.068,2.121875,-1.3412887767874413
9.8712,148.068,2.125,-1.3211823700670142
9.8712,148.068,2.1281250000000003,-1.312005045661715
9.8712,148.068,2.13125,-1.324283766385007
9.8712,148.068,2.134375,-1.3542339499842069
9.8712,148.068,2.1375,-1.3974004222161112
9.8712,148.068,2.140625,-1.4519564411864285
9.8712,148.068,2.1437500000000003,-1.5198082334968086
9.8712,148.068,2.146875,-1.5925208033908134
9.8712,148.068,2.1500000000000004,-1.668427315681288
9.8712,148.068,2.153125,-1.74461048941185
9.8712,148.068,2.15625,-1.8162354665243852
9.8712,148.068,2.1593750000000003,-1.87899745502604
9.8712,148.068,2.1625,-1.9260587472469728
9.8712,148.068,2.1656250000000004,-1.9571498868854522
9.8712,148.068,2.16875,-1.9722772539264573
9.8712,148.068,2.171875,-1.9734666333125088
9.8712,148.068,2.1750000000000003,-1.957453261750617
9.8712,148.068,2.178125,-1.9272665331681191
9.8712,148.068,2.1812500000000004,-1.8873916974125433
9.8712,148.068,2.184375,-1.8361793656987249
9.8712,148.068,2.1875,-1.7771910826633661
9.8712,148.068,2.1906250000000003,-1.70966674822508
9.8712,148.068,2.19375,-1.6383238607585928
9.8712,148.068,2.1968750000000004,-1.5621119516279705
9.8712,148.068,2.2,-1.4907709421066186
9.8712,148.068,2.203125,-1.426105762388237
9.8712,148.068,2.2062500000000003,-1.374299960848841
9.8712,148.068,2.209375,-1.3306023199721309
9.8712,148.068,2.2125000000000004,-1.3046102711193575
9.8712,148.068,2.215625,-1.2908620100971782
9.8712,148.068,2.21875,-1.2946153788226566
9.8712,148.068,2.2218750000000003,-1.3157939602164057
9.8712,148.068,2.225,-1.352540785770337
9.8712,148.068,2.2281250000000004,-1.4073746651540326
9.8712,148.068,2.23125,-1.4726954382708735
9.8712,148.068,2.234375,-1.5458426518719688
9.8712,148.068,2.2375000000000003,-1.6265691134420857
9.8712,148.068,2.240625,-1.7071070317992585
9.8712,148.068,2.2437500000000004,-1.787100945184565
9.8712,148.068,2.246875,-1.8602748068223727
9.8712,148.068,2.25,-1.928324871090893
9.8712,148.068,2.2531250000000003,-1.9861311183923651
9.8712,148.068,2.25625,-2.0291866724277887
9.8712,148.068,2.2593750000000004,-2.060168331795336
9.8712,148.068,2.2625,-2.0739007232011892
9.8712,148.068,2.265625,-2.070514711306087
9.8712,148.068,2.2687500000000003,-2.054542565855455
9.8712,148.068,2.271875,-2.026938714910437
9.8712,148.068,2.2750000000000004,-1.98765381516677
9.8712,148.068,2.278125,-1.93690040108657
9.8712,148.068,2.28125,-1.8823266845956885
9.8712,148.068,2.2843750000000003,-1.817563380874481
9.8712,148.068,2.2875,-1.7505696409679108
9.8712,148.068,2.2906250000000004,-1.6772462475822236
9.8712,148.068,2.29375,-1.6086042932779077
9.8712,148.068,2.296875,-1.5427657494222893
9.8712,148.068,2.3000000000000003,-1.486498288900271
9.8712,148.068,2.303125,-1.4352459878141466
9.8712,148.068,2.3062500000000004,-1.3991660709469431
9.8712,148.068,2.309375,-1.3734023008570246
9.8712,148.068,2.3125,-1.3636919445346032
9.8712,148.068,2.3156250000000003,-1.3703742622092518
9.8712,148.068,2.31875,-1.3909491748962077
9.8712,148.068,2.3218750000000004,-1.4301069711054235
9.8712,148.068,2.325,-1.4807829304338505
9.8712,148.068,2.328125,-1.5439400490627675
9.8712,148.068,2.3312500000000003,-1.6170578882433815
9.8712,148.068,2.334375,-1.692135826582617
9.8712,148.068,2.3375000000000004,-1.7693654100979794
9.8712,148.068,2.340625,-1.8400787065881041
9.8712,148.068,2.34375,-1.9038831846114141
9.8712,148.068,2.3468750000000003,-1.9565981803819326
9.8712,148.068,2.35,-2.0012252033595437
9.8712,148.068,2.3531250000000004,-2.0293772256139135
9.8712,148.068,2.35625,-2.041897674602782
9.8712,148.068,2.359375,-2.0372099191412065
9.8712,148.068,2.3625000000000003,-2.0207022406611435
9.8712,148.068,2.365625,-1.9849551700394794
9.8712,148.068,2.3687500000000004,-1.9378526324108782
9.8712,148.068,2.371875,-1.8846158421288584
9.8712,148.068,2.375,-1.82026943001347
9.8712,148.068,2.3781250000000003,-1.749569196260006
9.8712,148.068,2.38125,-1.6800848896134477
9.8712,148.068,2.3843750000000004,-1.6085296981187682
9.8712,148.068,2.3875,-1.53811705767913
9.8712,148.068,2.390625,-1.479200389202012
9.8712,148.068,2.3937500000000003,-1.4237245197641442
9.8712,148.068,2.396875,-1.3821685461373798
9.8712,148.068,2.4000000000000004,-1.3557641373749088
9.8712,148.068,2.403125,-1.350551997062224
9.8712,148.068,2.40625,-1.363416290989121
9.8712,148.068,2.4093750000000003,-1.395456811430955
9.8712,148.068,2.4125,-1.4480887678078591
9.8712,148.068,2.4156250000000004,-1.5238539302465748
9.8712,148.068,2.41875,-1.6238990815875503
9.8712,148.068,2.421875,-1.746110494055929
9.8712,148.068,2.4250000000000003,-1.9213327546377876
9.8712,148.068,2.428125,-2.2222040491484156
9.8712,148.068,2.4312500000000004,-2.931257441195033
9.8712,148.068,2.434375,-3.6206622666782664
9.8712,148.068,2.4375,-2.7413378979842924
9.8712,148.068,2.4406250000000003,-2.396910865051802
9.8712,148.068,2.44375,-2.305437127131491
9.8712,148.068,2.4468750000000004,-2.268976932867109
9.8712,148.068,2.45,-2.2517812775939023
9.8712,148.068,2.453125,-2.2311305959012424
9.8712,148.068,2.4562500000000003,-2.192336789489356
9.8712,148.068,2.459375,-2.160081575789983
9.8712,148.068,2.4625000000000004,-2.1047033827398147
9.8712,148.068,2.465625,-2.0276214797336327
9.8712,148.068,2.46875,-1.9682074729385348
9.8712,148.068,2.4718750000000003,-1.9273222936891603
9.8712,148.068,2.475,-1.8466050194140124
9.8712,148.068,2.4781250000000004,-1.7226784597650786
9.8712,148.068,2.48125,-1.6772273895326506
9.8712,148.068,2.484375,-1.6723598789441514
9.8712,148.068,2.4875000000000003,-1.507149039088944
9.8712,148.068,2.490625,-1.487550282476908
9.8712,148.068,2.4937500000000004,-1.6485289095907718
9.8712,148.068,2.496875,-1.7074428068715397
9.8712,148.068,2.5,-1.4718966796618624
9.8712,148.068,2.5031250000000003,-1.451043068554686
9.8712,148.068,2.50625,-1.4941496091313198
9.8712,148.068,2.5093750000000004,-1.586013356540683
9.8712,148.068,2.5125,-1.7336906180988179
9.8712,148.068,2.515625,-2.1234107032793577
9.8712,148.068,2.5187500000000003,-1.9834842343883177
9.8712,148.068,2.521875,-1.8851528538275588
9.8712,148.068,2.5250000000000004,-1.8817713131213272
9.8712,148.068,2.528125,-1.947755174664457
9.8712,148.068,2.53125,-2.0141290300712114
9.8712,148.068,2.5343750000000003,-2.079889788672778
9.8712,148.068,2.5375,-2.1251213594119553
9.8712,148.068,2.5406250000000004,-2.1228862342537433
9.8712,148.068,2.54375,-2.132094680099436
9.8712,148.068,2.546875,-2.142017829307591
9.8712,148.068,2.5500000000000003,-2.14048721120981
9.8712,148.068,2.553125,-2.1862514365754735
9.8712,148.068,2.5562500000000004,-2.5281425714221317
9.8712,148.068,2.559375,-2.8006350819366266
9.8712,148.068,2.5625,-2.357112204800389
9.8712,148.068,2.5656250000000003,-2.246617677238976
9.8712,148.068,2.56875,-2.0576198115269295
9.8712,148.068,2.5718750000000004,-1.7891510326196867
9.8712,148.068,2.575,-1.5970951277492154
9.8712,148.068,2.578125,-1.4776228584663567
9.8712,148.068,2.5812500000000003,-1.4055081356937635
9.8712,148.068,2.584375,-1.3742147264123783
9.8712,148.068,2.5875000000000004,-1.3605683992848463
9.8712,148.068,2.590625,-1.3666056875611219
9.8712,148.068,2.59375,-1.3993082532600412
9.8712,148.068,2.5968750000000003,-1.442780465605595
9.8712,148.068,2.6,-1.4963929623611194
9.8712,148.068,2.6031250000000004,-1.5764322865007243
9.8712,148.068,2.60625,-1.6766036706096068
9.8712,148.068,2.609375,-1.788673356314567
9.8712,148.068,2.6125000000000003,-1.8863704580142842
9.8712,148.068,2.615625,-1.9713602507103214
9.8712,148.068,2.6187500000000004,-2.045472202022969
9.8712,148.068,2.621875,-2.116210561978273
9.8712,148.068,2.625,-2.1728100432483273
9.8712,148.068,2.6281250000000003,-2.214623290139473
9.8712,148.068,2.63125,-2.234383947163072
9.8712,148.068,2.6343750000000004,-2.240741384938534
9.8712,148.068,2.6375,-2.227609994352134
9.8712,148.068,2.640625,-2.197431361775444
9.8712,148.068,2.6437500000000003,-2.1628946991821754
9.8712,148.068,2.646875,-2.11775674023444
9.8712,148.068,2.6500000000000004,-2.1050806897259324
9.8712,148.068,2.653125,-2.0806792839885775
9.8712,148.068,2.65625,-1.9649303001789087
9.8712,148.068,2.6593750000000003,-1.8698069624276805
9.8712,148.068,2.6625,-1.8115881663043985
9.8712,148.068,2.6656250000000004,-1.8008366240134108
9.8712,148.068,2.66875,-1.804701443395571
9.8712,148.068,2.671875,-1.7721879297689835
9.8712,148.068,2.6750000000000003,-1.7929769200966588
9.8712,148.068,2.678125,-1.9140959380807474
9.8712,148.068,2.6812500000000004,-2.27794890049393
9.8712,148.068,2.684375,-3.208082479766498
9.8712,148.068,2.6875,-4.565222354205574
9.8712,148.068,2.6906250000000003,-4.049605315655818
9.8712,148.068,2.69375,-2.7658245935365593
9.8712,148.068,2.6968750000000004,-2.227376751453572
9.8712,148.068,2.7,-2.0803042804661636
9.8712,148.068,2.703125,-2.058047752534348
9.8712,148.068,2.7062500000000003,-2.0877303288543785
9.8712,148.068,2.709375,-2.1547618410898357
9.8712,148.068,2.7125000000000004,-2.2308980512740515
9.8712,148.068,2.715625,-2.2860225885716847
9.8712,148.068,2.71875,-2.320900436311422
9.8712,148.068,2.7218750000000003,-2.34807391134059
9.8712,148.068,2.725,-2.3705616669828427
9.8712,148.068,2.7281250000000004,-2.390725570627406
9.8712,148.068,2.73125,-2.405274995250996
9.8712,148.068,2.734375,-2.3873834779629877
9.8712,148.068,2.7375000000000003,-2.3560057772899445
9.8712,148.068,2.740625,-2.3309910124941307
9.8712,148.068,2.7437500000000004,-2.3059548612302025
9.8712,148.068,2.746875,-2.281342277220487
9.8712,148.068,2.75,-2.226334267274031
9.8712,148.068,2.7531250000000003,-2.133114388217165
9.8712,148.068,2.75625,-2.035853972307466
9.8712,148.068,2.7593750000000004,-1.9443444971658133
9.8712,148.068,2.7625,-1.8597747810252365
9.8712,148.068,2.765625,-1.800923726992619
9.8712,148.068,2.7687500000000003,-1.7650572684827477
9.8712,148.068,2.771875,-1.7526790904430003
9.8712,148.068,2.7750000000000004,-1.7558429159841948
9.8712,148.068,2.778125,-1.7715571301877495
9.8712,148.068,2.78125,-1.7979805112441505
9.8712,148.068,2.7843750000000003,-1.837092824798293
9.8712,148.068,2.7875,-1.8908255726530343
9.8712,148.068,2.7906250000000004,-1.9594216440331844
9.8712,148.068,2.79375,-2.0426308867777614
9.8712,148.068,2.796875,-2.126184529683151
9.8712,148.068,2.8000000000000003,-2.2006675743063893
9.8712,148.068,2.803125,-2.2694448652819625
9.8712,148.068,2.8062500000000004,-2.3293418972976974
9.8712,148.068,2.809375,-2.3816907555670936
9.8712,148.068,2.8125,-2.4264736213271734
9.8712,148.068,2.8156250000000003,-2.443460318755219
9.8712,148.068,2.81875,-2.444633010272917
9.8712,148.068,2.8218750000000004,-2.4302351158765108
9.8712,148.068,2.825,-2.402745931335012
9.8712,148.068,2.828125,-2.362753902190691
9.8712,148.068,2.8312500000000003,-2.315360546049066
9.8712,148.068,2.834375,-2.2609807626184293
9.8712,148.068,2.8375000000000004,-2.197549726191718
9.8712,148.068,2.840625,-2.1372750493371444
9.8712,148.068,2.84375,-2.072877036878971
9.8712,148.068,2.8468750000000003,-2.0150892324347978
9.8712,148.068,2.85,-1.9647294448689734
9.8712,148.068,2.8531250000000004,-1.9183740122678232
9.8712,148.068,2.85625,-1.8873142497601085
9.8712,148.068,2.859375,-1.864251753133718
9.8712,148.068,2.8625000000000003,-1.8564900319455282
9.8712,148.068,2.865625,-1.8661543667997726
9.8712,148.068,2.8687500000000004,-1.8957504217138026
9.8712,148.068,2.871875,-1.940826063497199
9.8712,148.068,2.875,-2.00453037889006
9.8712,148.068,2.8781250000000003,-2.0797063429016576
9.8712,148.068,2.88125,-2.160314354722183
9.8712,148.068,2.8843750000000004,-2.2361873007332767
9.8712,148.068,2.8875,-2.3252116864794696
9.8712,148.068,2.890625,-2.405632647173037
9.8712,148.068,2.8937500000000003,-2.4829517170232096
9.8712,148.068,2.896875,-2.5489859559168564
9.8712,148.068,2.9000000000000004,-2.6065842492193902
9.8712,148.068,2.903125,-2.652402239805627
9.8712,148.068,2.90625,-2.6763260500471704
9.8712,148.068,2.9093750000000003,-2.6858430866897636
9.8712,148.068,2.9125,-2.6856988207259445
9.8712,148.068,2.9156250000000004,-2.6640798050173737
9.8712,148.068,2.91875,-2.6336820961154075
9.8712,148.068,2.921875,-2.5936680631403473
9.8712,148.068,2.9250000000000003,-2.5490460910235697
9.8712,148.068,2.928125,-2.503355106971581
9.8712,148.068,2.9312500000000004,-2.447051100360697
9.8712,148.068,2.934375,-2.396946789828194
9.8712,148.068,2.9375,-2.3410407372004114
9.8712,148.068,2.9406250000000003,-2.2970752496278255
9.8712,148.068,2.94375,-2.261826263156006
9.8712,148.068,2.9468750000000004,-2.237504419705684
9.8712,148.068,2.95,-2.222280865858685
9.8712,148.068,2.953125,-2.2217000538076546
9.8712,148.068,2.9562500000000003,-2.229913376647379
9.8712,148.068,2.959375,-2.265056680624009
9.8712,148.068,2.9625000000000004,-2.3263673824925513
9.8712,148.068,2.965625,-2.4100448305130975
9.8712,148.068,2.96875,-2.514430512246664
9.8712,148.068,2.9718750000000003,-2.627127768649948
9.8712,148.068,2.975,-2.762139539500565
9.8712,148.068,2.9781250000000004,-2.8956564794561808
9.8712,148.068,2.98125,-3.0202501726839093
9.8712,148.068,2.984375,-3.136131309185244
9.8712,148.068,2.9875000000000003,-3.2443471316823076
9.8712,148.068,2.990625,-3.316214419096719
9.8712,148.068,2.9937500000000004,-3.364530539628907
9.8712,148.068,2.996875,-3.4001103169018436
9.8712,148.068,3,-3.399744454217553
9.8712,148.068,3.0031250000000003,-3.358735824434569
9.8712,148.068,3.00625,-3.2845693069439137
9.8712,148.068,3.0093750000000004,-3.2055586242813194
9.8712,148.068,3.0125,-3.129477562445267
9.8712,148.068,3.015625,-3.076532594133019
9.8712,148.068,3.0187500000000003,-3.024546517632627
9.8712,148.068,3.021875,-2.951317147829264
9.8712,148.068,3.0250000000000004,-2.8683200518495138
9.8712,148.068,3.028125,-2.8021361324650584
9.8712,148.068,3.03125,-2.746904909317431
9.8712,148.068,3.0343750000000003,-2.70325651467553
9.8712,148.068,3.0375,-2.676415806614258
9.8712,148.068,3.0406250000000004,-2.6528302909495585
9.8712,148.068,3.04375,-2.6528238979643834
9.8712,148.068,3.046875,-2.6762855505397565
9.8712,148.068,3.0500000000000003,-2.7198525515542205
9.8712,148.068,3.053125,-2.759771813533926
9.8712,148.068,3.0562500000000004,-2.8150279643663834
9.8712,148.068,3.059375,-2.8868222948629914
9.8712,148.068,3.0625,-2.9697227053775492
9.8712,148.068,3.0656250000000003,-3.066690089444835
9.8712,148.068,3.06875,-3.1790858735638228
9.8712,148.068,3.0718750000000004,-3.2918718523685753
9.8712,148.068,3.075,-3.38452185413239
9.8712,148.068,3.078125,-3.46897703371047
9.8712,148.068,3.0812500000000003,-3.552392708900898
9.8712,148.068,3.084375,-3.6298141357858404
9.8712,148.068,3.0875000000000004,-3.689786924952474
9.8712,148.068,3.090625,-3.728868478321429
9.8712,148.068,3.09375,-3.735361854442431
9.8712,148.068,3.0968750000000003,-3.7274665790524453
9.8712,148.068,3.1,-3.7059349018390315
9.8712,148.068,3.1031250000000004,-3.6469679680862783
9.8712,148.068,3.10625,-3.5598233670602752
9.8712,148.068,3.109375,-3.4672562269922205
9.8712,148.068,3.1125000000000003,-3.369148309478841
9.8712,148.068,3.115625,-3.2890775630330844
9.8712,148.068,3.1187500000000004,-3.2389519936926754
9.8712,148.068,3.121875,-3.2068771647650376
9.8712,148.068,3.125,-3.175760391781523
9.8712,148.068,3.1281250000000003,-3.1340880793932637
9.8712,148.068,3.13125,-3.092767632397526
9.8712,148.068,3.1343750000000004,-3.118129215829085
9.8712,148.068,3.1375,-3.1986690890427734
9.8712,148.068,3.140625,-3.279400273096363
9.8712,148.068,3.1437500000000003,-3.3824340991136492
9.8712,148.068,3.146875,-3.500779213797991
9.8712,148.068,3.1500000000000004,-3.5820092496811906
9.8712,148.068,3.153125,-3.5946459261876598
9.8712,148.068,3.15625,-3.592385115312081
9.8712,148.068,3.1593750000000003,-3.5990181229328932
9.8712,148.068,3.1625,-3.5715241087970186
9.8712,148.068,3.1656250000000004,-3.5463206484762284
9.8712,148.068,3.16875,-3.5333218229472347
9.8712,148.068,3.171875,-3.492124368899678
9.8712,148.068,3.1750000000000003,-3.4514357761098813
9.8712,148.068,3.178125,-3.431021101594859
9.8712,148.068,3.1812500000000004,-3.4035094232892664
9.8712,148.068,3.184375,-3.349763360893119
9.8712,148.068,3.1875,-3.284493498337038
9.8712,148.068,3.1906250000000003,-3.2193328353459734
9.8712,148.068,3.19375,-3.143657310685131
9.8712,148.068,3.1968750000000004,-3.0697190514698853
9.8712,148.068,3.2,-3.0044676712208744
9.8712,148.068,3.203125,-2.92839787123407
9.8712,148.068,3.2062500000000003,-2.8557497457891206
9.8712,148.068,3.209375,-2.780342294946783
9.8712,148.068,3.2125000000000004,-2.708284159128235
9.8712,148.068,3.215625,-2.6537755153523905
9.8712,148.068,3.21875,-2.6236417692526857
9.8712,148.068,3.2218750000000003,-2.6268212459824465
9.8712,148.068,3.225,-2.6580064869012263
9.8712,148.068,3.2281250000000004,-2.72952911169655
9.8712,148.068,3.23125,-2.84801510665011
9.8712,148.068,3.234375,-2.9953385134178316
9.8712,148.068,3.2375000000000003,-3.1166941081134354
9.8712,148.068,3.240625,-3.158214182640732
9.8712,148.068,3.2437500000000004,-3.1516736131562983
9.8712,148.068,3.246875,-3.1167605603298836
9.8712,148.068,3.25,-3.0913917421843107
9.8712,148.068,3.2531250000000003,-3.077005863541154
9.8712,148.068,3.25625,-3.0766056008231684
9.8712,148.068,3.2593750000000004,-3.0971444174121365
9.8712,148.068,3.2625,-3.12750156122579
9.8712,148.068,3.265625,-3.138935731818523
9.8712,148.068,3.2687500000000003,-3.1324832216642595
9.8712,148.068,3.271875,-3.1106484892056163
9.8712,148.068,3.2750000000000004,-3.086356502166728
9.8712,148.068,3.278125,-3.077444458255277
9.8712,148.068,3.28125,-3.0845724425701726
9.8712,148.068,3.2843750000000003,-3.0854083099822645
9.8712,148.068,3.2875,-3.085691651413942
9.8712,148.068,3.2906250000000004,-3.0689111637677007
9.8712,148.068,3.29375,-3.0382008573915646
9.8712,148.068,3.296875,-2.999941956863244
9.8712,148.068,3.3000000000000003,-2.9627448670559624
9.8712,148.068,3.303125,-2.9459967866386667
9.8712,148.068,3.3062500000000004,-2.9380599835491257
9.8712,148.068,3.309375,-2.929074103692
9.8712,148.068,3.3125,-2.923336876247002
9.8712,148.068,3.3156250000000003,-2.9168949942239903
9.8712,148.068,3.31875,-2.9121273124862324
9.8712,148.068,3.3218750000000004,-2.926250825618981
9.8712,148.068,3.325,-2.9735013685093885
9.8712,148.068,3.328125,-3.031501810742122
9.8712,148.068,3.3312500000000003,-3.0891976446572595
9.8712,148.068,3.334375,-3.1501015414868263
9.8712,148.068,3.3375000000000004,-3.2147051482377327
9.8712,148.068,3.340625,-3.2945473576181734
9.8712,148.068,3.34375,-3.3647524148394616
9.8712,148.068,3.3468750000000003,-3.4237067112303072
9.8712,148.068,3.35,-3.4717578604579162
9.8712,148.068,3.3531250000000004,-3.493917308903924
9.8712,148.068,3.35625,-3.512573300823215
9.8712,148.068,3.359375,-3.5335732109765168
9.8712,148.068,3.3625000000000003,-3.5567336322981014
9.8712,148.068,3.365625,-3.5481841466887505
9.8712,148.068,3.3687500000000004,-3.523755652681235
9.8712,148.068,3.371875,-3.5217242505286595
9.8712,148.068,3.375,-3.5338289213115432
9.8712,148.068,3.3781250000000003,-3.5633386949622854
9.8712,148.068,3.38125,-3.587515421005107
9.8712,148.068,3.3843750000000004,-3.6255013019250844
9.8712,148.068,3.3875,-3.6911910375098294
9.8712,148.068,3.390625,-3.789239821405794
9.8712,148.068,3.3937500000000003,-3.897482326548452
9.8712,148.068,3.396875,-4.054914193049554
9.8712,148.068,3.4000000000000004,-4.198757249665075
9.8712,148.068,3.403125,-4.359975202832256
9.8712,148.068,3.40625,-4.595278647642426
9.8712,148.068,3.4093750000000003,-4.889891311847931
9.8712,148.068,3.4125,-5.2781846760306035
9.8712,148.068,3.4156250000000004,-5.594224104053922
9.8712,148.068,3.41875,-5.632749118299961
9.8712,148.068,3.421875,-5.416599341276242
9.8712,148.068,3.4250000000000003,-5.201332893784869
9.8712,148.068,3.428125,-5.161465106365722
9.8712,148.068,3.4312500000000004,-5.246889179232231
9.8712,148.068,3.434375,-5.47847937810607
9.8712,148.068,3.4375,-5.725322203726728
9.8712,148.068,3.4406250000000003,-5.9875073802346375
9.8712,148.068,3.44375,-6.321306970641865
9.8712,148.068,3.4468750000000004,-6.554310132149224
9.8712,148.068,3.45,-6.710187047093763
9.8712,148.068,3.453125,-6.888237760212221
9.8712,148.068,3.4562500000000003,-7.058996279375985
9.8712,148.068,3.459375,-7.313903122405811
9.8712,148.068,3.4625000000000004,-7.6481047157473885
9.8712,148.068,3.465625,-8.16067321421453
9.8712,148.068,3.46875,-8.921038258354246
9.8712,148.068,3.4718750000000003,-9.100658542810907
9.8712,148.068,3.475,-8.861631773008806
9.8712,148.068,3.4781250000000004,-8.735747287751819
9.8712,148.068,3.48125,-8.74017153292905
9.8712,148.068,3.484375,-8.891112901732749
9.8712,148.068,3.4875000000000003,-9.093948950602464
9.8712,148.068,3.490625,-9.253520064887494
9.8712,148.068,3.4937500000000004,-9.084102611274256
9.8712,148.068,3.496875,-8.76214900962301
9.8712,148.068,3.5,-8.640041808601982
9.8712,148.068,3.5031250000000003,-8.78852134666505
9.8712,148.068,3.50625,-9.080034752079847
9.8712,148.068,3.5093750000000004,-9.335682563732833
9.8712,148.068,3.5125,-9.652655889392799
9.8712,148.068,3.515625,-10.096370672902445
9.8712,148.068,3.5187500000000003,-10.677628129222514
9.8712,148.068,3.521875,-11.328731815696514
9.8712,148.068,3.5250000000000004,-12.118145606396098
9.8712,148.068,3.528125,-12.911138079110454
9.8712,148.068,3.53125,-13.249881554755294
9.8712,148.068,3.5343750000000003,-13.192092225965995
9.8712,148.068,3.5375,-12.940617944719488
9.8712,148.068,3.5406250000000004,-12.204501596378012
9.8712,148.068,3.54375,-11.851401191890618
9.8712,148.068,3.546875,-11.839727129011184
9.8712,148.068,3.5500000000000003,-11.42262563440351
9.8712,148.068,3.553125,-10.940129250042146
9.8712,148.068,3.5562500000000004,-10.428116072554865
9.8712,148.068,3.559375,-10.086835678449175
9.8712,148.068,3.5625,-9.732776792737898
9.8712,148.068,3.5656250000000003,-9.240767513751123
9.8712,148.068,3.56875,-8.60773382243538
9.8712,148.068,3.5718750000000004,-8.123231351523652
9.8712,148.068,3.575,-7.615657571607
9.8712,148.068,3.5781250000000004,-7.07983887117543
9.8712,148.068,3.5812500000000003,-6.530903506504645
9.8712,148.068,3.584375,-6.022666850432216
9.8712,148.068,3.5875000000000004,-5.605948211437283
9.8712,148.068,3.590625,-5.204099835305432
9.8712,148.068,3.5937500000000004,-4.841417634484971
9.8712,148.068,3.5968750000000003,-4.563034403859806
9.8712,148.068,3.6,-4.359810148080305
9.8712,148.068,3.6031250000000004,-4.232000833135049
9.8712,148.068,3.60625,-4.171908074052506
9.8712,148.068,3.6093750000000004,-4.1138960005857355
9.8712,148.068,3.6125000000000003,-4.057453585751066
9.8712,148.068,3.615625,-4.029511215141952
9.8712,148.068,3.6187500000000004,-4.039683187741689
9.8712,148.068,3.621875,-4.0432283004463425
9.8712,148.068,3.6250000000000004,-4.058897532978996
9.8712,148.068,3.6281250000000003,-4.098966094262032
9.8712,148.068,3.63125,-4.148483345301378
9.8712,148.068,3.6343750000000004,-4.186291038404605
9.8712,148.068,3.6375,-4.194252975940743
9.8712,148.068,3.6406250000000004,-4.1505458988136255
9.8712,148.068,3.6437500000000003,-4.058942779796279
9.8712,148.068,3.646875,-3.894695175639788
9.8712,148.068,3.6500000000000004,-3.6639618606431985
9.8712,148.068,3.653125,-3.479922184833976
9.8712,148.068,3.6562500000000004,-3.377223434230415
9.8712,148.068,3.6593750000000003,-3.2968073380999097
9.8712,148.068,3.6625,-3.2299853658134436
9.8712,148.068,3.6656250000000004,-3.17154887421109
9.8712,148.068,3.66875,-3.0826340369046257
9.8712,148.068,3.6718750000000004,-3.012245167474741
9.8712,148.068,3.6750000000000003,-2.995614314993364
9.8712,148.068,3.678125,-3.037864094585012
9.8712,148.068,3.6812500000000004,-3.080470161348944
9.8712,148.068,3.684375,-3.2530550058774605
9.8712,148.068,3.6875000000000004,-3.566482136710063
9.8712,148.068,3.6906250000000003,-3.8592388101999706
9.8712,148.068,3.69375,-4.017020866388766
9.8712,148.068,3.6968750000000004,-4.156341569948648
9.8712,148.068,3.7,-4.239953728830828
9.8712,148.068,3.7031250000000004,-4.296993103507696
9.8712,148.068,3.7062500000000003,-4.360318682930716
9.8712,148.068,3.709375,-4.446684699267757
9.8712,148.068,3.7125000000000004,-4.517704433980949
9.8712,148.068,3.715625,-4.528968145581416
9.8712,148.068,3.7187500000000004,-4.323221343690092
9.8712,148.068,3.7218750000000003,-4.149315383894216
9.8712,148.068,3.725,-4.142981771730437
9.8712,148.068,3.7281250000000004,-4.191587978658798
9.8712,148.068,3.73125,-4.305603978164344
9.8712,148.068,3.7343750000000004,-4.47877453248602
9.8712,148.068,3.7375000000000003,-4.5447211941244205
9.8712,148.068,3.740625,-4.421378590747099
9.8712,148.068,3.7437500000000004,-4.167390658052728
9.8712,148.068,3.746875,-4.005766521853456
9.8712,148.068,3.7500000000000004,-3.9445028981977757
9.8712,148.068,3.7531250000000003,-3.931551265382006
9.8712,148.068,3.75625,-3.9693800314880967
9.8712,148.068,3.7593750000000004,-4.045083191947211
9.8712,148.068,3.7625,-4.286099970951982
9.8712,148.068,3.7656250000000004,-4.6007006937768615
9.8712,148.068,3.7687500000000003,-4.928056217216714
9.8712,148.068,3.771875,-5.363029972856671
9.8712,148.068,3.7750000000000004,-5.983113409041767
9.8712,148.068,3.778125,-6.966597430468716
9.8712,148.068,3.7812500000000004,-8.042570089928073
9.8712,148.068,3.7843750000000003,-9.038290043403864
9.8712,148.068,3.7875,-9.60260394071712
9.8712,148.068,3.7906250000000004,-10.17204967267901
9.8712,148.068,3.79375,-10.603062890878457
9.8712,148.068,3.7968750000000004,-10.556211138692662
9.8712,148.068,3.8000000000000003,-9.752148962261245
9.8712,148.068,3.803125,-8.456898044550686
9.8712,148.068,3.8062500000000004,-7.049831713649441
9.8712,148.068,3.809375,-5.908046520204624
9.8712,148.068,3.8125000000000004,-5.2969658061118485
9.8712,148.068,3.8156250000000003,-4.910719536452421
9.8712,148.068,3.81875,-4.382732263314711
9.8712,148.068,3.8218750000000004,-4.104797567370861
9.8712,148.068,3.825,-4.02102562077779
9.8712,148.068,3.8281250000000004,-3.94202146032014
9.8712,148.068,3.8312500000000003,-3.9421456452286803
9.8712,148.068,3.834375,-4.13373443821247
9.8712,148.068,3.8375000000000004,-4.1468644706246565
9.8712,148.068,3.840625,-3.9337998289734006
9.8712,148.068,3.8437500000000004,-3.7813457986978123
9.8712,148.068,3.8468750000000003,-3.7015196415700675
9.8712,148.068,3.85,-3.652409572968155
9.8712,148.068,3.8531250000000004,-3.7022240375138002
9.8712,148.068,3.85625,-3.777325441389656
9.8712,148.068,3.8593750000000004,-4.02307168933177
9.8712,148.068,3.8625000000000003,-4.269928934353796
9.8712,148.068,3.865625,-4.377961544672245
9.8712,148.068,3.8687500000000004,-4.212802626357876
9.8712,148.068,3.871875,-4.004812851397571
9.8712,148.068,3.8750000000000004,-4.018341482992822
9.8712,148.068,3.8781250000000003,-4.328574122255348
9.8712,148.068,3.88125,-5.012063605691277
9.8712,148.068,3.8843750000000004,-5.863808465399311
9.8712,148.068,3.8875,-6.4372025193114
9.8712,148.068,3.8906250000000004,-6.821462627109249
9.8712,148.068,3.8937500000000003,-6.434267191475001
9.8712,148.068,3.896875,-5.649748073778106
9.8712,148.068,3.9000000000000004,-5.111132137252473
9.8712,148.068,3.903125,-5.073821419179244
9.8712,148.068,3.9062500000000004,-5.213504325240751
9.8712,148.068,3.9093750000000003,-5.564886454576828
9.8712,148.068,3.9125,-5.7251864854635235
9.8712,148.068,3.9156250000000004,-5.468047429118158
9.8712,148.068,3.91875,-5.535177001444088
9.8712,148.068,3.9218750000000004,-5.549061657369889
9.8712,148.068,3.9250000000000003,-5.239262726249621
9.8712,148.068,3.928125,-5.23429050957443
9.8712,148.068,3.9312500000000004,-5.427613053183507
9.8712,148.068,3.934375,-5.610243629174683
9.8712,148.068,3.9375000000000004,-4.74433143611841
9.8712,148.068,3.9406250000000003,-4.496582074839491
9.8712,148.068,3.94375,-4.93943376614934
9.8712,148.068,3.9468750000000004,-5.626841198635554
9.8712,148.068,3.95,-5.396867941679919
9.8712,148.068,3.9531250000000004,-4.8848735669044805
9.8712,148.068,3.9562500000000003,-5.400442401636544
9.8712,148.068,3.959375,-5.416930651006625
9.8712,148.068,3.9625000000000004,-5.154312846306882
9.8712,148.068,3.965625,-5.46211970063487
9.8712,148.068,3.9687500000000004,-5.693537126985245
9.8712,148.068,3.9718750000000003,-5.635619864728886
9.8712,148.068,3.975,-5.807743190196446
9.8712,148.068,3.9781250000000004,-5.841667336076489
9.8712,148.068,3.98125,-5.987583297190002
9.8712,148.068,3.9843750000000004,-6.036819193297108
9.8712,148.068,3.9875000000000003,-6.094714022130557
9.8712,148.068,3.990625,-6.12796800907211
9.8712,148.068,3.9937500000000004,-6.13762721196332
9.8712,148.068,3.996875,-6.134296443509105
9.8712,148.068,4,-6.113984255613288
9.8712,148.068,4.003125,-6.077725237285668
9.8712,148.068,4.0062500000000005,-6.027145350085074
9.8712,148.068,4.009375,-5.975773516202377
9.8712,148.068,4.0125,-5.918164844386476
9.8712,148.068,4.015625,-5.866935044268697
9.8712,148.068,4.01875,-5.825801486478868
9.8712,148.068,4.0218750000000005,-5.796609899083252
9.8712,148.068,4.025,-5.775064736419697
9.8712,148.068,4.028125,-5.767651006489584
9.8712,148.068,4.03125,-5.785267340298073
9.8712,148.068,4.034375,-5.820074379279209
9.8712,148.068,4.0375000000000005,-5.873510800560754
9.8712,148.068,4.040625,-5.951264606921235
9.8712,148.068,4.04375,-6.043489872870833
9.8712,148.068,4.046875,-6.152187918379718
9.8712,148.068,4.05,-6.2771692459422415
9.8712,148.068,4.0531250000000005,-6.415845525790141
9.8712,148.068,4.05625,-6.559350753191479
9.8712,148.068,4.059375,-6.701468313455596
9.8712,148.068,4.0625,-6.835457380958262
9.8712,148.068,4.065625,-6.945361979396782
9.8712,148.068,4.0687500000000005,-7.035239875025928
9.8712,148.068,4.071875,-7.105008708633827
9.8712,148.068,4.075,-7.151366598726331
9.8712,148.068,4.078125,-7.179476193273613
9.8712,148.068,4.08125,-7.190379652668584
9.8712,148.068,4.0843750000000005,-7.172377841527652
9.8712,148.068,4.0875,-7.136446024125359
9.8712,148.068,4.090625,-7.081164441538846
9.8712,148.068,4.09375,-6.993918220265911
9.8712,148.068,4.096875,-6.901210944330551
9.8712,148.068,4.1000000000000005,-6.804623217529857
9.8712,148.068,4.103125,-6.712510485095352
9.8712,148.068,4.10625,-6.635191486372669
9.8712,148.068,4.109375,-6.574077361610469
9.8712,148.068,4.1125,-6.529018489905532
9.8712,148.068,4.1156250000000005,-6.508042146944874
9.8712,148.068,4.11875,-6.500457639161344
9.8712,148.068,4.121875,-6.518673147943868
9.8712,148.068,4.125,-6.558909378276554
9.8712,148.068,4.128125,-6.619756389301181
9.8712,148.068,4.1312500000000005,-6.700463952918487
9.8712,148.068,4.134375,-6.807523820445742
9.8712,148.068,4.1375,-6.934236852508241
9.8712,148.068,4.140625,-7.078549798302236
9.8712,148.068,4.14375,-7.228559225761456
9.8712,148.068,4.1468750000000005,-7.390431732828415
9.8712,148.068,4.15,-7.540257136585792
9.8712,148.068,4.153125,-7.684901190159527
9.8712,148.068,4.15625,-7.808557742258153
9.8712,148.068,4.159375,-7.904199125867669
9.8712,148.068,4.1625000000000005,-7.956701071507277
9.8712,148.068,4.165625,-7.970952445083163
9.8712,148.068,4.16875,-7.960110239630548
9.8712,148.068,4.171875,-7.905826957466666
9.8712,148.068,4.175,-7.8213510787010065
9.8712,148.068,4.1781250000000005,-7.722394344499877
9.8712,148.068,4.18125,-7.607083017601179
9.8712,148.068,4.184375,-7.483256731863453
9.8712,148.068,4.1875,-7.369204021919633
9.8712,148.068,4.190625,-7.256977216988737
9.8712,148.068,4.1937500000000005,-7.162505424524729
9.8712,148.068,4.196875,-7.081191146885337
9.8712,148.068,4.2,-7.027821171948306
9.8712,148.068,4.203125,-6.995574897216051
9.8712,148.068,4.20625,-6.983169642105689
9.8712,148.068,4.2093750000000005,-6.9949316805880155
9.8712,148.068,4.2125,-7.031054348670969
9.8712,148.068,4.215625,-7.0901441119522035
9.8712,148.068,4.21875,-7.17473647364811
9.8712,148.068,4.221875,-7.283246882937395
9.8712,148.068,4.2250000000000005,-7.424699157306897
9.8712,148.068,4.228125,-7.573138223399277
9.8712,148.068,4.23125,-7.732578749544153
9.8712,148.068,4.234375,-7.920002620765253
9.8712,148.068,4.2375,-8.10264838953747
9.8712,148.068,4.2406250000000005,-8.284000505079838
9.8712,148.068,4.24375,-8.446525621448355
9.8712,148.068,4.246875,-8.59919248581761
9.8712,148.068,4.25,-8.714439234088067
9.8712,148.068,4.253125,-8.790398271633562
9.8712,148.068,4.2562500000000005,-8.83252801703011
9.8712,148.068,4.259375,-8.828410088856542
9.8712,148.068,4.2625,-8.7753523340547
9.8712,148.068,4.265625,-8.69462634291182
9.8712,148.068,4.26875,-8.578996984377694
9.8712,148.068,4.2718750000000005,-8.45424247417267
9.8712,148.068,4.275,-8.303153872485113
9.8712,148.068,4.278125,-8.157902106369352
9.8712,148.068,4.28125,-8.026841528330124
9.8712,148.068,4.284375000000001,-7.890779140306851
9.8712,148.068,4.2875000000000005,-7.777000102810815
9.8712,148.068,4.290625,-7.689777575777123
9.8712,148.068,4.29375,-7.6259121307818365
9.8712,148.068,4.296875,-7.585394003129186
9.8712,148.068,4.300000000000001,-7.5724318656510725
9.8712,148.068,4.3031250000000005,-7.590664569559177
9.8712,148.068,4.30625,-7.635678995037227
9.8712,148.068,4.309375,-7.700474180562045
9.8712,148.068,4.3125,-7.792534232355596
9.8712,148.068,4.315625000000001,-7.905588061109881
9.8712,148.068,4.3187500000000005,-8.030804199014831
9.8712,148.068,4.321875,-8.171215557133763
9.8712,148.068,4.325,-8.317170664023529
9.8712,148.068,4.328125,-8.451982990421962
9.8712,148.068,4.331250000000001,-8.568337580576795
9.8712,148.068,4.3343750000000005,-8.664523899742031
9.8712,148.068,4.3375,-8.730408226737298
9.8712,148.068,4.340625,-8.750202486287806
9.8712,148.068,4.34375,-8.723757619292977
9.8712,148.068,4.346875000000001,-8.651468895482745
9.8712,148.068,4.3500000000000005,-8.514761953714116
9.8712,148.068,4.353125,-8.346385574736216
9.8712,148.068,4.35625,-8.141026491857106
9.8712,148.068,4.359375,-7.913016046226683
9.8712,148.068,4.362500000000001,-7.669633050810982
9.8712,148.068,4.3656250000000005,-7.431581352056176
9.8712,148.068,4.36875,-7.227917531165284
9.8712,148.068,4.371875,-7.063846507559868
9.8712,148.068,4.375,-6.927676979815827
9.8712,148.068,4.378125000000001,-6.814347829852211
9.8712,148.068,4.3812500000000005,-6.724567634654891
9.8712,148.068,4.384375,-6.66035378366178
9.8712,148.068,4.3875,-6.608293121096066
9.8712,148.068,4.390625,-6.590912915493837
9.8712,148.068,4.393750000000001,-6.605839508356589
9.8712,148.068,4.3968750000000005,-6.633506769059832
9.8712,148.068,4.4,-6.699951180252411
9.8712,148.068,4.403125,-6.7902088415816255
9.8712,148.068,4.40625,-6.8986478687674
9.8712,148.068,4.409375000000001,-7.034018538834851
9.8712,148.068,4.4125000000000005,-7.1809954957739786
9.8712,148.068,4.415625,-7.350917604409918
9.8712,148.068,4.41875,-7.512359908503359
9.8712,148.068,4.421875,-7.67466477473758
9.8712,148.068,4.425000000000001,-7.831737954106148
9.8712,148.068,4.4281250000000005,-7.971296307025478
9.8712,148.068,4.43125,-8.099465959226185
9.8712,148.068,4.434375,-8.205287496002867
9.8712,148.068,4.4375,-8.164684681707703
9.8712,148.068,4.440625000000001,-8.037995456321333
9.8712,148.068,4.4437500000000005,-7.909054707630453
9.8712,148.068,4.446875,-7.75082730209437
9.8712,148.068,4.45,-7.571836545654065
9.8712,148.068,4.453125,-7.379175647928005
9.8712,148.068,4.456250000000001,-7.1894253533419885
9.8712,148.068,4.4593750000000005,-7.009152944806564
9.8712,148.068,4.4625,-6.847167034460172
9.8712,148.068,4.465625,-6.703210013210789
9.8712,148.068,4.46875,-6.576831433004076
9.8712,148.068,4.471875000000001,-6.4670291911167155
9.8712,148.068,4.4750000000000005,-6.3812679793815725
9.8712,148.068,4.478125,-6.316662353940061
9.8712,148.068,4.48125,-6.273363866010699
9.8712,148.068,4.484375,-6.244475395498307
9.8712,148.068,4.487500000000001,-6.23876912077304
9.8712,148.068,4.4906250000000005,-6.256710072532617
9.8712,148.068,4.49375,-6.286985036999997
9.8712,148.068,4.496875,-6.335237563197657
9.8712,148.068,4.5,-6.393997099901511
9.8712,148.068,4.503125000000001,-6.46965620855148
9.8712,148.068,4.5062500000000005,-6.542251302435519
9.8712,148.068,4.509375,-6.617856810060089
9.8712,148.068,4.5125,-6.68244433934822
9.8712,148.068,4.515625,-6.735338028280859
9.8712,148.068,4.518750000000001,-6.767830952455323
9.8712,148.068,4.5218750000000005,-6.77626731991419
9.8712,148.068,4.525,-6.755116853624425
9.8712,148.068,4.528125,-6.711454980367381
9.8712,148.068,4.53125,-6.639248274648931
9.8712,148.068,4.534375000000001,-6.5652812893311445
9.8712,148.068,4.5375000000000005,-6.508034549886625
9.8712,148.068,4.540625,-6.46710352253195
9.8712,148.068,4.54375,-6.328175068041974
9.8712,148.068,4.546875,-6.082942161832091
9.8712,148.068,4.550000000000001,-5.834146078016675
9.8712,148.068,4.5531250000000005,-5.6074970540695865
9.8712,148.068,4.55625,-5.422472862968581
9.8712,148.068,4.559375,-5.258721919742822
9.8712,148.068,4.5625,-5.127712416617225
9.8712,148.068,4.565625000000001,-5.010670650538075
9.8712,148.068,4.5687500000000005,-4.906547541560892
9.8712,148.068,4.571875,-4.815601056799649
9.8712,148.068,4.575,-4.751772784992453
9.8712,148.068,4.578125,-4.713076854839815
9.8712,148.068,4.581250000000001,-4.6944799446773295
9.8712,148.068,4.5843750000000005,-4.69602435118882
9.8712,148.068,4.5875,-4.713859487154908
9.8712,148.068,4.590625,-4.747048356156217
9.8712,148.068,4.59375,-4.797921232940442
9.8712,148.068,4.596875000000001,-4.8537056219758625
9.8712,148.068,4.6000000000000005,-4.915315790773349
9.8712,148.068,4.603125,-4.973496367745779
9.8712,148.068,4.60625,-5.026478367168291
9.8712,148.068,4.609375,-5.071277422358796
9.8712,148.068,4.612500000000001,-5.103672236147055
9.8712,148.068,4.6156250000000005,-5.122850414576261
9.8712,148.068,4.61875,-5.12693631373634
9.8712,148.068,4.621875,-5.098608359214322
9.8712,148.068,4.625,-5.0523248167741075
9.8712,148.068,4.628125000000001,-4.984416561729009
9.8712,148.068,4.6312500000000005,-4.89495827214304
9.8712,148.068,4.634375,-4.792549671087592
9.8712,148.068,4.6375,-4.685662671734974
9.8712,148.068,4.640625,-4.5679271855751455
9.8712,148.068,4.643750000000001,-4.44757124038966
9.8712,148.068,4.6468750000000005,-4.329433751813461
9.8712,148.068,4.65,-4.2125804848191954
9.8712,148.068,4.653125,-4.108042001665579
9.8712,148.068,4.65625,-4.0091432378795595
9.8712,148.068,4.659375000000001,-3.921289209078949
9.8712,148.068,4.6625000000000005,-3.841073101502182
9.8712,148.068,4.665625,-3.7804785539868835
9.8712,148.068,4.66875,-3.7318632486602317
9.8712,148.068,4.671875,-3.699866622339303
9.8712,148.068,4.675000000000001,-3.672277513034794
9.8712,148.068,4.6781250000000005,-3.6571348629263483
9.8712,148.068,4.68125,-3.6600113723716543
9.8712,148.068,4.684375,-3.7273222616797286
9.8712,148.068,4.6875,-3.800198105282861
9.8712,148.068,4.690625000000001,-3.850036346651014
9.8712,148.068,4.6937500000000005,-3.888946750436047
9.8712,148.068,4.696875,-3.925835157923742
9.8712,148.068,4.7,-3.947356377737523
9.8712,148.068,4.703125,-3.9588282062003692
9.8712,148.068,4.706250000000001,-3.951216392386942
9.8712,148.068,4.7093750000000005,-3.9197462318525567
9.8712,148.068,4.7125,-3.8682379283908563
9.8712,148.068,4.715625,-3.7948894283309373
9.8712,148.068,4.71875,-3.70626997457439
9.8712,148.068,4.721875000000001,-3.597811777579955
9.8712,148.068,4.7250000000000005,-3.483199565571323
9.8712,148.068,4.728125,-3.363098607112388
9.8712,148.068,4.73125,-3.2427723716196084
9.8712,148.068,4.734375,-3.127211786151763
9.8712,148.068,4.737500000000001,-3.02128846371372
9.8712,148.068,4.7406250000000005,-2.917001823426583
9.8712,148.068,4.74375,-2.833562543962943
9.8712,148.068,4.746875,-2.7550228590080588
9.8712,148.068,4.75,-2.694073268693418
9.8712,148.068,4.753125000000001,-2.6431943526994335
9.8712,148.068,4.7562500000000005,-2.6023696478548572
9.8712,148.068,4.759375,-2.5759167390520634
9.8712,148.068,4.7625,-2.559738041304072
9.8712,148.068,4.765625,-2.556270924637424
9.8712,148.068,4.768750000000001,-2.5636880386124816
9.8712,148.068,4.7718750000000005,-2.5787153138358643
9.8712,148.068,4.775,-2.6048418074437016
9.8712,148.068,4.778125,-2.6343246959682602
9.8712,148.068,4.78125,-2.6733906587508183
9.8712,148.068,4.784375000000001,-2.7234522662468685
9.8712,148.068,4.7875000000000005,-2.7714434822494716
9.8712,148.068,4.790625,-2.822995931701074
9.8712,148.068,4.79375,-2.8689695811319837
9.8712,148.068,4.796875,-2.9140439057520995
9.8712,148.068,4.800000000000001,-2.9402302860843617
9.8712,148.068,4.8031250000000005,-2.9611751342789967
9.8712,148.068,4.80625,-2.9659312597328813
9.8712,148.068,4.809375,-2.9529168574676716
9.8712,148.068,4.8125,-2.9236863007492477
9.8712,148.068,4.815625000000001,-2.8902485463414553
9.8712,148.068,4.8187500000000005,-2.8375048679418007
9.8712,148.068,4.821875,-2.7846267933739757
9.8712,148.068,4.825,-2.7280594170111145
9.8712,148.068,4.828125,-2.671111021677413
9.8712,148.068,4.831250000000001,-2.617587032018898
9.8712,148.068,4.8343750000000005,-2.572050457876978
9.8712,148.068,4.8375,-2.537171388719761
9.8712,148.068,4.840625,-2.5136631187273997
9.8712,148.068,4.84375,-2.5019084841585624
9.8712,148.068,4.846875000000001,-2.5061060553903554
9.8712,148.068,4.8500000000000005,-2.5224820423241896
9.8712,148.068,4.853125,-2.5496553034576563
9.8712,148.068,4.85625,-2.5884884155677934
9.8712,148.068,4.859375,-2.635936490647534
9.8712,148.068,4.862500000000001,-2.6999097305804294
9.8712,148.068,4.8656250000000005,-2.771451121208783
9.8712,148.068,4.86875,-2.844803144846982
9.8712,148.068,4.871875,-2.9265410587742533
9.8712,148.068,4.875,-3.0090101604675086
9.8712,148.068,4.878125000000001,-3.0863992595170098
9.8712,148.068,4.8812500000000005,-3.1578119181742696
9.8712,148.068,4.884375,-3.224274281336679
9.8712,148.068,4.8875,-3.2786580543755592
9.8712,148.068,4.890625,-3.316295016275757
9.8712,148.068,4.893750000000001,-3.342330400793076
9.8712,148.068,4.8968750000000005,-3.341131950042777
9.8712,148.068,4.9,-3.3245955362842503
9.8712,148.068,4.903125,-3.288516557993251
9.8712,148.068,4.90625,-3.241365169968512
9.8712,148.068,4.909375000000001,-3.184076427540237
9.8712,148.068,4.9125000000000005,-3.117019584066166
9.8712,148.068,4.915625,-3.0480352840803002
9.8712,148.068,4.91875,-2.9793264718492822
9.8712,148.068,4.921875,-2.913645590604225
9.8712,148.068,4.925000000000001,-2.854054822144143
9.8712,148.068,4.9281250000000005,-2.8041895368034737
9.8712,148.068,4.93125,-2.7631503815557594
9.8712,148.068,4.934375,-2.7373425114523253
9.8712,148.068,4.9375,-2.723624210025794
9.8712,148.068,4.940625000000001,-2.7276139258963368
9.8712,148.068,4.9437500000000005,-2.7505624042680954
9.8712,148.068,4.946875,-2.78395823003289
9.8712,148.068,4.95,-2.8335409059902887
9.8712,148.068,4.953125,-2.899360329780316
9.8712,148.068,4.956250000000001,-2.9728264899303447
9.8712,148.068,4.9593750000000005,-3.0608264916636108
9.8712,148.068,4.9625,-3.1547234847012517
9.8712,148.068,4.965625,-3.264280412271644
9.8712,148.068,4.96875,-3.3660975954099532
9.8712,148.068,4.971875000000001,-3.4729731438614304
9.8712,148.068,4.9750000000000005,-3.5707608257558126
9.8712,148.068,4.978125,-3.6633412559597445
9.8712,148.068,4.98125,-3.7410117428823537
9.8712,148.068,4.984375,-3.80627933474816
9.8712,148.068,4.987500000000001,-3.8505266659355812
9.8712,148.068,4.9906250000000005,-3.866227956909343
9.8712,148.068,4.99375,-3.85454429200757
9.8712,148.068,4.996875,-3.8270095979973062
9.8712,148.068,5,-3.788867711000522
9.8712,148.068,5.003125000000001,-3.727984117233534
9.8712,148.068,5.0062500000000005,-3.6825479459335724
9.8712,148.068,5.009375,-3.638597237128269
9.8712,148.068,5.0125,-3.589453879781331
9.8712,148.068,5.015625,-3.551233022930998
9.8712,148.068,5.018750000000001,-3.519608343969046
9.8712,148.068,5.0218750000000005,-3.501429744625884
9.8712,148.068,5.025,-3.4919794831317583
9.8712,148.068,5.028125,-3.4949058995408833
9.8712,148.068,5.03125,-3.5250162040605386
9.8712,148.068,5.034375000000001,-3.563087304773857
9.8712,148.068,5.0375000000000005,-3.6197672113073445
9.8712,148.068,5.040625,-3.6932314349879034
9.8712,148.068,5.04375,-3.7805167376097097
9.8712,148.068,5.046875,-3.8867256738563896
9.8712,148.068,5.050000000000001,-4.003173963101268
9.8712,148.068,5.0531250000000005,-4.139082685612554
9.8712,148.068,5.05625,-4.273619021195529
9.8712,148.068,5.059375,-4.415098359960172
9.8712,148.068,5.0625,-4.561234424782427
9.8712,148.068,5.065625000000001,-4.699950341536051
9.8712,148.068,5.0687500000000005,-4.832921474455159
9.8712,148.068,5.071875,-4.942852808124711
9.8712,148.068,5.075,-5.030290127867928
9.8712,148.068,5.078125,-5.08927322768527
9.8712,148.068,5.081250000000001,-5.101332769408499
9.8712,148.068,5.0843750000000005,-5.082105772195104
9.8712,148.068,5.0875,-5.033860885299271
9.8712,148.068,5.090625,-4.9602577350038715
9.8712,148.068,5.09375,-4.868188241778604
9.8712,148.068,5.096875000000001,-4.761905158070841
9.8712,148.068,5.1000000000000005,-4.667822251832259
9.8712,148.068,5.103125,-4.57841558271077
9.8712,148.068,5.10625,-4.466658342484343
9.8712,148.068,5.109375,-4.338745926293834
9.8712,148.068,5.112500000000001,-4.215163488271712
9.8712,148.068,5.1156250000000005,-4.121562050771431
9.8712,148.068,5.11875,-4.054331380043078
9.8712,148.068,5.121875,-4.014274944430082
9.8712,148.068,5.125,-4.001529026133008
9.8712,148.068,5.128125000000001,-4.007336176846207
9.8712,148.068,5.1312500000000005,-4.035424956342316
9.8712,148.068,5.134375,-4.081214000970693
9.8712,148.068,5.1375,-4.139394819751951
9.8712,148.068,5.140625,-4.218277091341263
9.8712,148.068,5.143750000000001,-4.303471707133177
9.8712,148.068,5.1468750000000005,-4.39718977464959
9.8712,148.068,5.15,-4.498065603731089
9.8712,148.068,5.153125,-4.606723680974421
9.8712,148.068,5.15625,-4.717387920948776
9.8712,148.068,5.159375000000001,-4.823146542998785
9.8712,148.068,5.1625000000000005,-4.917100086143783
9.8712,148.068,5.165625,-5.000089666031462
9.8712,148.068,5.16875,-5.0661272746146215
9.8712,148.068,5.171875,-5.114847569759098
9.8712,148.068,5.175000000000001,-5.1390555076593
9.8712,148.068,5.1781250000000005,-5.124778566101015
9.8712,148.068,5.18125,-5.095253050215005
9.8712,148.068,5.184375,-5.033177186457024
9.8712,148.068,5.1875,-4.9603599443068305
9.8712,148.068,5.190625000000001,-4.876816609894313
9.8712,148.068,5.1937500000000005,-4.78764994454108
9.8712,148.068,5.196875,-4.704283300447589
9.8712,148.068,5.2,-4.632921517052388
9.8712,148.068,5.203125,-4.5674187518867795
9.8712,148.068,5.206250000000001,-4.515979614544226
9.8712,148.068,5.2093750000000005,-4.470440097254482
9.8712,148.068,5.2125,-4.438005940306594
9.8712,148.068,5.215625,-4.430681111359249
9.8712,148.068,5.21875,-4.451185934234135
9.8712,148.068,5.221875000000001,-4.501239052434973
9.8712,148.068,5.2250000000000005,-4.572220744591288
9.8712,148.068,5.228125,-4.676152892850905
9.8712,148.068,5.23125,-4.810972425535043
9.8712,148.068,5.234375,-4.969505572851432
9.8712,148.068,5.237500000000001,-5.15459208743977
9.8712,148.068,5.2406250000000005,-5.363266601221853
9.8712,148.068,5.24375,-5.597924369300513
9.8712,148.068,5.246875,-5.865710587513816
9.8712,148.068,5.25,-6.158227725753754
9.8712,148.068,5.253125000000001,-6.518737666715069
9.8712,148.068,5.2562500000000005,-6.96400451843822
9.8712,148.068,5.259375,-7.584111005397178
9.8712,148.068,5.2625,-8.578212356781643
9.8712,148.068,5.265625,-10.149243469006361
9.8712,148.068,5.268750000000001,-11.275308330401446
9.8712,148.068,5.2718750000000005,-9.874238740669067
9.8712,148.068,5.275,-8.204254083092707
9.8712,148.068,5.278125,-7.230921778612288
9.8712,148.068,5.28125,-6.657132526860613
9.8712,148.068,5.284375000000001,-6.2530180321715045
9.8712,148.068,5.2875000000000005,-5.945212966837831
9.8712,148.068,5.290625,-5.684623685535763
9.8712,148.068,5.29375,-5.464089484147228
9.8712,148.068,5.296875,-5.283852076514846
9.8712,148.068,5.300000000000001,-5.140164319290474
9.8712,148.068,5.3031250000000005,-5.026902097523729
9.8712,148.068,5.30625,-4.939170955218902
9.8712,148.068,5.309375,-4.8877996353460675
9.8712,148.068,5.3125,-4.860829547701195
9.8712,148.068,5.315625000000001,-4.8563674360840405
9.8712,148.068,5.3187500000000005,-4.878427281055027
9.8712,148.068,5.321875,-4.929828633483169
9.8712,148.068,5.325,-4.992477255166846
9.8712,148.068,5.328125,-5.066692732081275
9.8712,148.068,5.331250000000001,-5.146485466216508
9.8712,148.068,5.3343750000000005,-5.237299724651
9.8712,148.068,5.3375,-5.325855786122949
9.8712,148.068,5.340625,-5.415529044422986
9.8712,148.068,5.34375,-5.5037613241270105
9.8712,148.068,5.346875000000001,-5.586529686190235
9.8712,148.068,5.3500000000000005,-5.646793069388152
9.8712,148.068,5.353125,-5.682851867873589
9.8712,148.068,5.35625,-5.7033690211318415
9.8712,148.068,5.359375,-5.67358182629515
9.8712,148.068,5.362500000000001,-5.617965184247869
9.8712,148.068,5.3656250000000005,-5.538568862255705
9.8712,148.068,5.36875,-5.42730931025356
9.8712,148.068,5.371875,-5.302528423577032
9.8712,148.068,5.375,-5.172984496670391
9.8712,148.068,5.378125000000001,-5.030727175265176
9.8712,148.068,5.3812500000000005,-4.897154943226267
9.8712,148.068,5.384375,-4.777431029464887
9.8712,148.068,5.3875,-4.675982939110533
9.8712,148.068,5.390625,-4.592225978299108
9.8712,148.068,5.393750000000001,-4.5289049318766015
9.8712,148.068,5.3968750000000005,-4.488850766792861
9.8712,148.068,5.4,-4.473080250202265
9.8712,148.068,5.403125,-4.480790845900838
9.8712,148.068,5.40625,-4.506541711729036
9.8712,148.068,5.409375000000001,-4.55605210540598
9.8712,148.068,5.4125000000000005,-4.625304418382349
9.8712,148.068,5.415625,-4.713830064101801
9.8712,148.068,5.41875,-4.81425216241271
9.8712,148.068,5.421875,-4.9402398355164205
9.8712,148.068,5.425000000000001,-5.077016178610498
9.8712,148.068,5.4281250000000005,-5.22585808180617
9.8712,148.068,5.43125,-5.380211371427395
9.8712,148.068,5.434375,-5.534576813226664
9.8712,148.068,5.4375,-5.680628647642991
9.8712,148.068,5.440625000000001,-5.809902177998452
9.8712,148.068,5.4437500000000005,-5.923158792092414
9.8712,148.068,5.446875,-6.0027738246316495
9.8712,148.068,5.45,-6.047383999370192
9.8712,148.068,5.453125,-6.05429217142306
9.8712,148.068,5.456250000000001,-6.021347076871104
9.8712,148.068,5.4593750000000005,-5.94543400717072
9.8712,148.068,5.4625,-5.835705713098473
9.8712,148.068,5.465625,-5.703449701520382
9.8712,148.068,5.46875,-5.547287895061618
9.8712,148.068,5.471875000000001,-5.385737889108901
9.8712,148.068,5.4750000000000005,-5.222480203352378
9.8712,148.068,5.478125,-5.069102837384981
9.8712,148.068,5.48125,-4.935655508149423
9.8712,148.068,5.484375,-4.823452353312919
9.8712,148.068,5.487500000000001,-4.736293817463987
9.8712,148.068,5.4906250000000005,-4.673658916420569
9.8712,148.068,5.49375,-4.637273723935803
9.8712,148.068,5.496875,-4.623675947051556
9.8712,148.068,5.5,-4.6438415416952115
9.8712,148.068,5.503125000000001,-4.674089176887273
9.8712,148.068,5.5062500000000005,-4.732823171563893
9.8712,148.068,5.509375,-4.800506744033472
9.8712,148.068,5.5125,-4.878859339627178
9.8712,148.068,5.515625,-4.966297800386776
9.8712,148.068,5.518750000000001,-5.0565115901931
9.8712,148.068,5.5218750000000005,-5.142301788515182
9.8712,148.068,5.525,-5.220144790729565
9.8712,148.068,5.528125,-5.273379771518821
9.8712,148.068,5.53125,-5.309155259309938
9.8712,148.068,5.534375000000001,-5.317422658836744
9.8712,148.068,5.5375000000000005,-5.303192922135473
9.8712,148.068,5.540625,-5.262448236891664
9.8712,148.068,5.54375,-5.190323046848642
9.8712,148.068,5.546875,-5.090221243747646
9.8712,148.068,5.550000000000001,-4.970524151471835
9.8712,148.068,5.5531250000000005,-4.835010812638304
9.8712,148.068,5.55625,-4.69437284957597
9.8712,148.068,5.559375,-4.552116551010725
9.8712,148.068,5.5625,-4.40175630144184
9.8712,148.068,5.565625000000001,-4.271217541803471
9.8712,148.068,5.5687500000000005,-4.151174622573549
9.8712,148.068,5.571875,-4.050785312763862
9.8712,148.068,5.575,-3.971322611199046
9.8712,148.068,5.578125,-3.9125309984528895
9.8712,148.068,5.581250000000001,-3.880144561373378
9.8712,148.068,5.5843750000000005,-3.8569767258327388
9.8712,148.068,5.5875,-3.8661803337398313
9.8712,148.068,5.590625,-3.896082816207872
9.8712,148.068,5.59375,-3.948578878415385
9.8712,148.068,5.596875000000001,-4.016325416931138
9.8712,148.068,5.6000000000000005,-4.107323060359814
9.8712,148.068,5.603125,-4.208446642420417
9.8712,148.068,5.60625,-4.324287002811752
9.8712,148.068,5.609375,-4.448885949135043
9.8712,148.068,5.612500000000001,-4.5766513300010905
9.8712,148.068,5.6156250000000005,-4.7010273431240375
9.8712,148.068,5.61875,-4.8221027643480685
9.8712,148.068,5.621875,-4.920709005532698
9.8712,148.068,5.625,-5.00276615697337
9.8712,148.068,5.628125000000001,-5.0514036465801135
9.8712,148.068,5.6312500000000005,-5.062625792892861
9.8712,148.068,5.634375,-5.035078056519805
9.8712,148.068,5.6375,-4.984913038595272
9.8712,148.068,5.640625,-4.887049207450128
9.8712,148.068,5.643750000000001,-4.773159270867151
9.8712,148.068,5.6468750000000005,-4.636689576366145
9.8712,148.068,5.65,-4.48848254708272
9.8712,148.068,5.653125,-4.3363421244835685
9.8712,148.068,5.65625,-4.198092922174188
9.8712,148.068,5.659375000000001,-4.065781718820116
9.8712,148.068,5.6625000000000005,-3.9551780688213207
9.8712,148.068,5.665625,-3.8671019886911018
9.8712,148.068,5.66875,-3.801812162038324
9.8712,148.068,5.671875,-3.7532045705617745
9.8712,148.068,5.675000000000001,-3.7311702986119686
9.8712,148.068,5.6781250000000005,-3.731874654871447
9.8712,148.068,5.68125,-3.7454161853603014
9.8712,148.068,5.684375,-3.7808444494810023
9.8712,148.068,5.6875,-3.8267438853646683
9.8712,148.068,5.690625000000001,-3.8967859687021393
9.8712,148.068,5.6937500000000005,-3.9615231245603866
9.8712,148.068,5.696875,-4.033238863940714
9.8712,148.068,5.7,-4.106584690285358
9.8712,148.068,5.703125,-4.177291770510754
9.8712,148.068,5.706250000000001,-4.235989652040813
9.8712,148.068,5.7093750000000005,-4.2793032268082
9.8712,148.068,5.7125,-4.303601934045353
9.8712,148.068,5.715625,-4.309427126751991
9.8712,148.068,5.71875,-4.285702365622708
9.8712,148.068,5.721875000000001,-4.2322833387249785
9.8712,148.068,5.7250000000000005,-4.160269684823156
9.8712,148.068,5.728125,-4.05194758122175
9.8712,148.068,5.73125,-3.9265166815101287
9.8712,148.068,5.734375,-3.7790667428850133
9.8712,148.068,5.737500000000001,-3.625654901980156
9.8712,148.068,5.7406250000000005,-3.4717092814651984
9.8712,148.068,5.74375,-3.3157866792113793
9.8712,148.068,5.746875,-3.182054991839109
9.8712,148.068,5.75,-3.0543288345534063
9.8712,148.068,5.753125000000001,-2.951230029265883
9.8712,148.068,5.7562500000000005,-2.869731075152938
9.8712,148.068,5.759375,-2.810493512425745
9.8712,148.068,5.7625,-2.781112242613517
9.8712,148.068,5.765625,-2.776515678872034
9.8712,148.068,5.768750000000001,-2.790493558330536
9.8712,148.068,5.7718750000000005,-2.8273553909970057
9.8712,148.068,5.775,-2.8852960989218985
9.8712,148.068,5.778125,-2.958712295755725
9.8712,148.068,5.78125,-3.0435054930688303
9.8712,148.068,5.784375000000001,-3.1404302094047285
9.8712,148.068,5.7875000000000005,-3.234589946388126
9.8712,148.068,5.790625,-3.329429110869246
9.8712,148.068,5.79375,-3.4273004251554755
9.8712,148.068,5.796875,-3.5084661657173273
9.8712,148.068,5.800000000000001,-3.580295299589442
9.8712,148.068,5.8031250000000005,-3.6347263557777776
9.8712,148.068,5.80625,-3.666748097752195
9.8712,148.068,5.809375,-3.6712458963239456
9.8712,148.068,5.8125,-3.6501203345508175
9.8712,148.068,5.815625000000001,-3.59989460405302
9.8712,148.068,5.8187500000000005,-3.5313616829856542
9.8712,148.068,5.821875,-3.4383176573239833
9.8712,148.068,5.825,-3.333007279804559
9.8712,148.068,5.828125,-3.2162370237800038
9.8712,148.068,5.831250000000001,-3.0965515399784045
9.8712,148.068,5.8343750000000005,-2.9800645634150396
9.8712,148.068,5.8375,-2.863912273333051
9.8712,148.068,5.840625,-2.7643518327254704
9.8712,148.068,5.84375,-2.676733315164636
9.8712,148.068,5.846875000000001,-2.6219535515150785
9.8712,148.068,5.8500000000000005,-2.580678192217303
9.8712,148.068,5.853125,-2.55937515850864
9.8712,148.068,5.85625,-2.56679671786967
9.8712,148.068,5.859375,-2.5970261306751334
9.8712,148.068,5.862500000000001,-2.6419288653616233
9.8712,148.068,5.8656250000000005,-2.7099534192550023
9.8712,148.068,5.86875,-2.7929388619664355
9.8712,148.068,5.871875,-2.8837112724129215
9.8712,148.068,5.875,-2.977071342169142
9.8712,148.068,5.878125000000001,-3.0732331726796955
9.8712,148.068,5.8812500000000005,-3.168392617033472
9.8712,148.068,5.884375,-3.2551513096720757
9.8712,148.068,5.8875,-3.3198075658951467
9.8712,148.068,5.890625,-3.3762376423759397
9.8712,148.068,5.893750000000001,-3.416165883827408
9.8712,148.068,5.8968750000000005,-3.4187337492675347
9.8712,148.068,5.9,-3.3896229595482206
9.8712,148.068,5.903125,-3.3259956286126515
9.8712,148.068,5.90625,-3.2393946023448947
9.8712,148.068,5.909375000000001,-3.114405085753729
9.8712,148.068,5.9125000000000005,-2.9729273439274446
9.8712,148.068,5.915625,-2.822303331933022
9.8712,148.068,5.91875,-2.660600084013156
9.8712,148.068,5.921875,-2.501379983614292
9.8712,148.068,5.925000000000001,-2.3502453421601315
9.8712,148.068,5.9281250000000005,-2.21660300327607
9.8712,148.068,5.93125,-2.100851192057239
9.8712,148.068,5.934375,-2.010589008841169
9.8712,148.068,5.9375,-1.9444542662981954
9.8712,148.068,5.940625000000001,-1.9094952311553373
9.8712,148.068,5.9437500000000005,-1.8928995850403392
9.8712,148.068,5.946875,-1.9047762220712707
9.8712,148.068,5.95,-1.938487259064482
9.8712,148.068,5.953125,-1.9899617282490702
9.8712,148.068,5.956250000000001,-2.0636898381985813
9.8712,148.068,5.9593750000000005,-2.1489963226168385
9.8712,148.068,5.9625,-2.2447392616035975
9.8712,148.068,5.965625,-2.3492728516059573
9.8712,148.068,5.96875,-2.4572901729296373
9.8712,148.068,5.971875000000001,-2.5742942670471662
9.8712,148.068,5.9750000000000005,-2.6926946116457766
9.8712,148.068,5.978125,-2.8029931329276705
9.8712,148.068,5.98125,-2.905317442305238
9.8712,148.068,5.984375,-2.987312461756237
9.8712,148.068,5.987500000000001,-3.0505853123124678
9.8712,148.068,5.9906250000000005,-3.083365506169244
9.8712,148.068,5.99375,-3.083502515626668
9.8712,148.068,5.996875,-3.058272073676113
9.8712,148.068,6,-2.998290392185643
