"Current","Field","Frequency","Spectra"
11.5079,172.618,1,-0.9178282629806651
11.5079,172.618,1.003125,-0.8755578609080961
11.5079,172.618,1.00625,-0.8405110841023417
11.5079,172.618,1.0093750000000001,-0.8078721193819571
11.5079,172.618,1.0125,-0.7844678463561583
11.5079,172.618,1.015625,-0.7738160359608219
11.5079,172.618,1.01875,-0.7731146193801836
11.5079,172.618,1.021875,-0.7788378038898863
11.5079,172.618,1.0250000000000001,-0.8011161021331609
11.5079,172.618,1.028125,-0.8367299324443662
11.5079,172.618,1.03125,-0.8816703261347735
11.5079,172.618,1.034375,-0.9409246140514287
11.5079,172.618,1.0375,-1.001115353053494
11.5079,172.618,1.0406250000000001,-1.0698555453529488
11.5079,172.618,1.04375,-1.135623849354161
11.5079,172.618,1.046875,-1.20340851892531
11.5079,172.618,1.05,-1.2683346732501488
11.5079,172.618,1.053125,-1.3197395753859285
11.5079,172.618,1.0562500000000001,-1.368106381976208
11.5079,172.618,1.059375,-1.4046663851735264
11.5079,172.618,1.0625,-1.4280830103258486
11.5079,172.618,1.065625,-1.440909719544975
11.5079,172.618,1.06875,-1.4421241873351696
11.5079,172.618,1.0718750000000001,-1.4348185939132083
11.5079,172.618,1.0750000000000002,-1.413308029978233
11.5079,172.618,1.078125,-1.3838510486531683
11.5079,172.618,1.08125,-1.3459667796221404
11.5079,172.618,1.084375,-1.2973084390108074
11.5079,172.618,1.0875000000000001,-1.2443237746191256
11.5079,172.618,1.0906250000000002,-1.1878676945143882
11.5079,172.618,1.09375,-1.1391074315089202
11.5079,172.618,1.096875,-1.0824070442618783
11.5079,172.618,1.1,-1.0346966845060488
11.5079,172.618,1.1031250000000001,-0.9935179978315029
11.5079,172.618,1.1062500000000002,-0.9483437532861662
11.5079,172.618,1.109375,-0.9148413331578921
11.5079,172.618,1.1125,-0.8947322017157566
11.5079,172.618,1.115625,-0.8858116856513234
11.5079,172.618,1.1187500000000001,-0.8876312814441706
11.5079,172.618,1.1218750000000002,-0.8946220346611816
11.5079,172.618,1.125,-0.9108349040851289
11.5079,172.618,1.128125,-0.9366061451984535
11.5079,172.618,1.13125,-0.9697400819875124
11.5079,172.618,1.1343750000000001,-1.0066673447988415
11.5079,172.618,1.1375000000000002,-1.0484300271375406
11.5079,172.618,1.140625,-1.0895483180125114
11.5079,172.618,1.14375,-1.1257121534125551
11.5079,172.618,1.146875,-1.1620027878665897
11.5079,172.618,1.1500000000000001,-1.1906181386858472
11.5079,172.618,1.1531250000000002,-1.2156380232831872
11.5079,172.618,1.15625,-1.2321451476421796
11.5079,172.618,1.159375,-1.2377278358581894
11.5079,172.618,1.1625,-1.2327880929762813
11.5079,172.618,1.1656250000000001,-1.2183370593706866
11.5079,172.618,1.1687500000000002,-1.198544158293434
11.5079,172.618,1.171875,-1.1669733916161962
11.5079,172.618,1.175,-1.1279613552541432
11.5079,172.618,1.178125,-1.0839533544540811
11.5079,172.618,1.1812500000000001,-1.0343518856179685
11.5079,172.618,1.1843750000000002,-0.9829051791070123
11.5079,172.618,1.1875,-0.9319662124489502
11.5079,172.618,1.190625,-0.8847978132250924
11.5079,172.618,1.19375,-0.8447993852542302
11.5079,172.618,1.1968750000000001,-0.8121948469209095
11.5079,172.618,1.2000000000000002,-0.7864634178528856
11.5079,172.618,1.203125,-0.7770400119284372
11.5079,172.618,1.20625,-0.7810641676221085
11.5079,172.618,1.209375,-0.8019966682643245
11.5079,172.618,1.2125000000000001,-0.8378889637838126
11.5079,172.618,1.2156250000000002,-0.8830659459548608
11.5079,172.618,1.21875,-0.9369882150382927
11.5079,172.618,1.221875,-1.0038278301459893
11.5079,172.618,1.225,-1.0799755680715142
11.5079,172.618,1.2281250000000001,-1.1558420970845447
11.5079,172.618,1.2312500000000002,-1.2312222287017485
11.5079,172.618,1.234375,-1.2956877410956749
11.5079,172.618,1.2375,-1.3567350345274367
11.5079,172.618,1.240625,-1.4071300548772236
11.5079,172.618,1.2437500000000001,-1.4563412292935576
11.5079,172.618,1.2468750000000002,-1.4917221474750473
11.5079,172.618,1.25,-1.511226579894986
11.5079,172.618,1.253125,-1.5181323492354446
11.5079,172.618,1.25625,-1.5031882582361757
11.5079,172.618,1.2593750000000001,-1.4799804716437002
11.5079,172.618,1.2625000000000002,-1.456366102460219
11.5079,172.618,1.265625,-1.4264829812418034
11.5079,172.618,1.26875,-1.3871911122050373
11.5079,172.618,1.271875,-1.3365221741658695
11.5079,172.618,1.2750000000000001,-1.282137712445905
11.5079,172.618,1.2781250000000002,-1.2254198175041058
11.5079,172.618,1.28125,-1.1758889017891876
11.5079,172.618,1.284375,-1.1367723126513274
11.5079,172.618,1.2875,-1.1002163783742247
11.5079,172.618,1.2906250000000001,-1.0643923749994422
11.5079,172.618,1.2937500000000002,-1.0400161860116668
11.5079,172.618,1.296875,-1.0251280634046103
11.5079,172.618,1.3,-1.0200395725543538
11.5079,172.618,1.303125,-1.0332166198387043
11.5079,172.618,1.3062500000000001,-1.053189801024825
11.5079,172.618,1.3093750000000002,-1.0775661155220142
11.5079,172.618,1.3125,-1.1169651255104385
11.5079,172.618,1.315625,-1.1568037846715562
11.5079,172.618,1.31875,-1.2015610411017223
11.5079,172.618,1.3218750000000001,-1.2489079647265509
11.5079,172.618,1.3250000000000002,-1.2880117985876631
11.5079,172.618,1.328125,-1.3284413474478771
11.5079,172.618,1.33125,-1.3596239548255435
11.5079,172.618,1.334375,-1.3810356678686349
11.5079,172.618,1.3375000000000001,-1.3944912377245522
11.5079,172.618,1.3406250000000002,-1.3980757604977772
11.5079,172.618,1.34375,-1.3921359651128946
11.5079,172.618,1.346875,-1.374910553048426
11.5079,172.618,1.35,-1.3500510831602912
11.5079,172.618,1.3531250000000001,-1.3108573925298386
11.5079,172.618,1.3562500000000002,-1.267994470137808
11.5079,172.618,1.359375,-1.2199851443738556
11.5079,172.618,1.3625,-1.163390296691496
11.5079,172.618,1.365625,-1.1027579445205913
11.5079,172.618,1.3687500000000001,-1.047015092440276
11.5079,172.618,1.3718750000000002,-0.9924709219847763
11.5079,172.618,1.375,-0.9442253730365345
11.5079,172.618,1.378125,-0.9029870843729476
11.5079,172.618,1.38125,-0.8685732860103135
11.5079,172.618,1.3843750000000001,-0.8446163341771726
11.5079,172.618,1.3875000000000002,-0.8338649457706176
11.5079,172.618,1.390625,-0.8404566997995977
11.5079,172.618,1.39375,-0.8622644927899749
11.5079,172.618,1.396875,-0.9019618684019842
11.5079,172.618,1.4000000000000001,-0.9554263711016702
11.5079,172.618,1.4031250000000002,-1.0085886028392146
11.5079,172.618,1.40625,-1.0753356359691653
11.5079,172.618,1.409375,-1.1460364158294913
11.5079,172.618,1.4125,-1.2252524926579333
11.5079,172.618,1.4156250000000001,-1.3010439010963912
11.5079,172.618,1.4187500000000002,-1.3728517184847306
11.5079,172.618,1.421875,-1.4384755891004566
11.5079,172.618,1.425,-1.49203834779119
11.5079,172.618,1.428125,-1.5369238178858042
11.5079,172.618,1.4312500000000001,-1.5718480801959835
11.5079,172.618,1.4343750000000002,-1.5893211347200662
11.5079,172.618,1.4375,-1.5972050565658003
11.5079,172.618,1.440625,-1.5946474190496738
11.5079,172.618,1.44375,-1.5800683244014582
11.5079,172.618,1.4468750000000001,-1.5518488256730079
11.5079,172.618,1.4500000000000002,-1.5170436933932419
11.5079,172.618,1.453125,-1.4759124316120826
11.5079,172.618,1.45625,-1.423418036601264
11.5079,172.618,1.459375,-1.3690388678861807
11.5079,172.618,1.4625000000000001,-1.3163071126358088
11.5079,172.618,1.4656250000000002,-1.2656506559335838
11.5079,172.618,1.46875,-1.2198923458447726
11.5079,172.618,1.471875,-1.1785420826705484
11.5079,172.618,1.475,-1.1464773795427847
11.5079,172.618,1.4781250000000001,-1.1255328367442226
11.5079,172.618,1.4812500000000002,-1.1188054164677428
11.5079,172.618,1.484375,-1.1248270899905046
11.5079,172.618,1.4875,-1.1458458630242008
11.5079,172.618,1.490625,-1.1777962440411394
11.5079,172.618,1.4937500000000001,-1.2226625026651226
11.5079,172.618,1.4968750000000002,-1.2726251482592743
11.5079,172.618,1.5,-1.3249411637040782
11.5079,172.618,1.503125,-1.3835489485074917
11.5079,172.618,1.50625,-1.4380199509755556
11.5079,172.618,1.5093750000000001,-1.489082463319379
11.5079,172.618,1.5125000000000002,-1.5298683163139222
11.5079,172.618,1.515625,-1.5656918319846589
11.5079,172.618,1.51875,-1.5954574019871492
11.5079,172.618,1.521875,-1.6043230067325065
11.5079,172.618,1.5250000000000001,-1.6040936872186127
11.5079,172.618,1.5281250000000002,-1.5919974448616212
11.5079,172.618,1.53125,-1.5699849065312472
11.5079,172.618,1.534375,-1.540071111429984
11.5079,172.618,1.5375,-1.502178068077348
11.5079,172.618,1.5406250000000001,-1.456439949566667
11.5079,172.618,1.5437500000000002,-1.4020518156327164
11.5079,172.618,1.546875,-1.344280868349138
11.5079,172.618,1.55,-1.2828154839396366
11.5079,172.618,1.553125,-1.2201348924389384
11.5079,172.618,1.5562500000000001,-1.160363069058087
11.5079,172.618,1.5593750000000002,-1.1050777681515824
11.5079,172.618,1.5625,-1.0500405035801381
11.5079,172.618,1.565625,-1.0071957916483245
11.5079,172.618,1.56875,-0.9782203661159196
11.5079,172.618,1.5718750000000001,-0.9588545794290637
11.5079,172.618,1.5750000000000002,-0.9572697131064939
11.5079,172.618,1.578125,-0.9718828558279556
11.5079,172.618,1.58125,-1.0019305080562941
11.5079,172.618,1.584375,-1.049653353600095
11.5079,172.618,1.5875000000000001,-1.1126979393844478
11.5079,172.618,1.5906250000000002,-1.1870204650405374
11.5079,172.618,1.59375,-1.2649613507878308
11.5079,172.618,1.596875,-1.3470759783482402
11.5079,172.618,1.6,-1.4286159566112855
11.5079,172.618,1.6031250000000001,-1.5031644291873179
11.5079,172.618,1.6062500000000002,-1.5682151161177014
11.5079,172.618,1.609375,-1.6227327720931626
11.5079,172.618,1.6125,-1.6635340393427867
11.5079,172.618,1.615625,-1.6904891596775518
11.5079,172.618,1.6187500000000001,-1.700795385406084
11.5079,172.618,1.6218750000000002,-1.6970013744372114
11.5079,172.618,1.625,-1.679208776581115
11.5079,172.618,1.628125,-1.6501414155963492
11.5079,172.618,1.63125,-1.6120314195250978
11.5079,172.618,1.6343750000000001,-1.570579870018837
11.5079,172.618,1.6375000000000002,-1.5210765663421457
11.5079,172.618,1.640625,-1.4745558303025401
11.5079,172.618,1.64375,-1.4217415104804678
11.5079,172.618,1.646875,-1.3729079295769775
11.5079,172.618,1.6500000000000001,-1.3294737337800677
11.5079,172.618,1.6531250000000002,-1.2926162474328518
11.5079,172.618,1.65625,-1.2678470286643575
11.5079,172.618,1.659375,-1.2585061805232942
11.5079,172.618,1.6625,-1.2683039263752014
11.5079,172.618,1.6656250000000001,-1.2701325545102307
11.5079,172.618,1.6687500000000002,-1.2631708685645957
11.5079,172.618,1.671875,-1.2874925451964614
11.5079,172.618,1.675,-1.3207948883926224
11.5079,172.618,1.678125,-1.3661139216190898
11.5079,172.618,1.6812500000000001,-1.4215572815526591
11.5079,172.618,1.6843750000000002,-1.482953284598115
11.5079,172.618,1.6875,-1.5458553725643178
11.5079,172.618,1.690625,-1.6091753908769895
11.5079,172.618,1.69375,-1.6648955848533928
11.5079,172.618,1.6968750000000001,-1.717512594526975
11.5079,172.618,1.7000000000000002,-1.760933639397748
11.5079,172.618,1.703125,-1.7917900169784353
11.5079,172.618,1.70625,-1.8104391781771492
11.5079,172.618,1.709375,-1.8201420672873414
11.5079,172.618,1.7125000000000001,-1.8154205654125306
11.5079,172.618,1.7156250000000002,-1.7988005323222878
11.5079,172.618,1.71875,-1.7674008809813102
11.5079,172.618,1.721875,-1.7235776193567254
11.5079,172.618,1.725,-1.6692540475987918
11.5079,172.618,1.7281250000000001,-1.6105357269365308
11.5079,172.618,1.7312500000000002,-1.5419316191042753
11.5079,172.618,1.734375,-1.4710260541184972
11.5079,172.618,1.7375,-1.395420212868814
11.5079,172.618,1.740625,-1.3263426113293428
11.5079,172.618,1.7437500000000001,-1.259231135298722
11.5079,172.618,1.7468750000000002,-1.1999844734653589
11.5079,172.618,1.75,-1.1474364793923508
11.5079,172.618,1.753125,-1.11272248232731
11.5079,172.618,1.75625,-1.093356123440496
11.5079,172.618,1.7593750000000001,-1.0907003134074744
11.5079,172.618,1.7625000000000002,-1.104562327109277
11.5079,172.618,1.765625,-1.1377695911984422
11.5079,172.618,1.76875,-1.179862311576643
11.5079,172.618,1.771875,-1.236426919655872
11.5079,172.618,1.7750000000000001,-1.3032616445594134
11.5079,172.618,1.7781250000000002,-1.3748861823446854
11.5079,172.618,1.78125,-1.4488270136858337
11.5079,172.618,1.784375,-1.5252249914134575
11.5079,172.618,1.7875,-1.5957774521135628
11.5079,172.618,1.7906250000000001,-1.6560487529981471
11.5079,172.618,1.7937500000000002,-1.7049080488577542
11.5079,172.618,1.7968750000000002,-1.7432397602921257
11.5079,172.618,1.8,-1.7659723513143788
11.5079,172.618,1.803125,-1.779892430122869
11.5079,172.618,1.8062500000000001,-1.775096775954331
11.5079,172.618,1.8093750000000002,-1.7633771486755951
11.5079,172.618,1.8125000000000002,-1.7409699096621756
11.5079,172.618,1.815625,-1.7102484702126786
11.5079,172.618,1.81875,-1.668158647715762
11.5079,172.618,1.8218750000000001,-1.6240427436115596
11.5079,172.618,1.8250000000000002,-1.5713039866883114
11.5079,172.618,1.8281250000000002,-1.520454412540185
11.5079,172.618,1.83125,-1.4685758416402086
11.5079,172.618,1.834375,-1.4238198045710015
11.5079,172.618,1.8375000000000001,-1.3797340414845776
11.5079,172.618,1.8406250000000002,-1.3458738533702763
11.5079,172.618,1.8437500000000002,-1.323078912128157
11.5079,172.618,1.846875,-1.3115437554235472
11.5079,172.618,1.85,-1.3118411712519387
11.5079,172.618,1.8531250000000001,-1.3277249320299678
11.5079,172.618,1.8562500000000002,-1.3561967796728829
11.5079,172.618,1.8593750000000002,-1.39933208812923
11.5079,172.618,1.8625,-1.4552209713010078
11.5079,172.618,1.865625,-1.518555133273112
11.5079,172.618,1.8687500000000001,-1.5920002022975097
11.5079,172.618,1.8718750000000002,-1.6632662639831717
11.5079,172.618,1.8750000000000002,-1.7345609269459494
11.5079,172.618,1.878125,-1.7993573187218905
11.5079,172.618,1.88125,-1.856917441330247
11.5079,172.618,1.8843750000000001,-1.9037059188083627
11.5079,172.618,1.8875000000000002,-1.940522488715216
11.5079,172.618,1.8906250000000002,-1.9596304321844704
11.5079,172.618,1.89375,-1.964971554899526
11.5079,172.618,1.896875,-1.9492430543105441
11.5079,172.618,1.9000000000000001,-1.9274406716934283
11.5079,172.618,1.9031250000000002,-1.888381851315963
11.5079,172.618,1.9062500000000002,-1.839808237521783
11.5079,172.618,1.909375,-1.777892171131052
11.5079,172.618,1.9125,-1.712441244789245
11.5079,172.618,1.9156250000000001,-1.6402044830537577
11.5079,172.618,1.9187500000000002,-1.5667714682115317
11.5079,172.618,1.9218750000000002,-1.4932074304738465
11.5079,172.618,1.925,-1.4261948134364668
11.5079,172.618,1.928125,-1.3598768848947977
11.5079,172.618,1.9312500000000001,-1.3013465685123895
11.5079,172.618,1.9343750000000002,-1.2575866730530532
11.5079,172.618,1.9375000000000002,-1.2239899802288827
11.5079,172.618,1.940625,-1.2043279868707555
11.5079,172.618,1.94375,-1.2034680402524462
11.5079,172.618,1.9468750000000001,-1.2133038655480894
11.5079,172.618,1.9500000000000002,-1.240144178683902
11.5079,172.618,1.9531250000000002,-1.2780360793260934
11.5079,172.618,1.95625,-1.3354510221769613
11.5079,172.618,1.959375,-1.400345915860831
11.5079,172.618,1.9625000000000001,-1.4676017754873796
11.5079,172.618,1.9656250000000002,-1.5410527441276853
11.5079,172.618,1.9687500000000002,-1.6136741546496198
11.5079,172.618,1.971875,-1.6782002375790297
11.5079,172.618,1.975,-1.7337025597461742
11.5079,172.618,1.9781250000000001,-1.7814665366767595
11.5079,172.618,1.9812500000000002,-1.8151056638916323
11.5079,172.618,1.9843750000000002,-1.8331544237130384
11.5079,172.618,1.9875,-1.841045657122498
11.5079,172.618,1.990625,-1.8336461052606041
11.5079,172.618,1.9937500000000001,-1.8106212206058812
11.5079,172.618,1.9968750000000002,-1.7770559523687228
11.5079,172.618,2,-1.7301506758244072
11.5079,172.618,2.0031250000000003,-1.6771147422642927
11.5079,172.618,2.00625,-1.6164697570934674
11.5079,172.618,2.009375,-1.5525421271433548
11.5079,172.618,2.0125,-1.490048474287938
11.5079,172.618,2.015625,-1.4260659057099194
11.5079,172.618,2.0187500000000003,-1.3687072888220007
11.5079,172.618,2.021875,-1.3163196426165666
11.5079,172.618,2.025,-1.2769561119166986
11.5079,172.618,2.028125,-1.2500312602376598
11.5079,172.618,2.03125,-1.2378562254304002
11.5079,172.618,2.0343750000000003,-1.244986179745621
11.5079,172.618,2.0375,-1.2737724775053092
11.5079,172.618,2.040625,-1.3101414629247166
11.5079,172.618,2.04375,-1.3630959875750897
11.5079,172.618,2.046875,-1.4302010492009867
11.5079,172.618,2.0500000000000003,-1.5045488739563415
11.5079,172.618,2.053125,-1.5846218417089284
11.5079,172.618,2.05625,-1.667719761386658
11.5079,172.618,2.059375,-1.7509434841716385
11.5079,172.618,2.0625,-1.8248898459378213
11.5079,172.618,2.0656250000000003,-1.8882331699486923
11.5079,172.618,2.06875,-1.9400662319359117
11.5079,172.618,2.071875,-1.9810718690510623
11.5079,172.618,2.075,-2.001096565978679
11.5079,172.618,2.078125,-2.0110361133825596
11.5079,172.618,2.0812500000000003,-2.0078776858699334
11.5079,172.618,2.084375,-1.9876920754064218
11.5079,172.618,2.0875,-1.9521626981394382
11.5079,172.618,2.090625,-1.9010854978835532
11.5079,172.618,2.09375,-1.8417293658899203
11.5079,172.618,2.0968750000000003,-1.7739929913353245
11.5079,172.618,2.1,-1.7045445083367095
11.5079,172.618,2.103125,-1.6305635362596376
11.5079,172.618,2.10625,-1.5571291753383343
11.5079,172.618,2.109375,-1.4838640236305065
11.5079,172.618,2.1125000000000003,-1.4170517301273282
11.5079,172.618,2.115625,-1.3575303907674174
11.5079,172.618,2.11875,-1.3034898188351343
11.5079,172.618,2.121875,-1.263986484394268
11.5079,172.618,2.125,-1.2402338262887334
11.5079,172.618,2.1281250000000003,-1.2285025072792506
11.5079,172.618,2.13125,-1.2365595079177418
11.5079,172.618,2.134375,-1.2615970396550105
11.5079,172.618,2.1375,-1.3029820614556045
11.5079,172.618,2.140625,-1.3553794282112044
11.5079,172.618,2.1437500000000003,-1.4204486416958275
11.5079,172.618,2.146875,-1.4916718009111682
11.5079,172.618,2.1500000000000004,-1.5684911135028825
11.5079,172.618,2.153125,-1.642742809217176
11.5079,172.618,2.15625,-1.714837656519236
11.5079,172.618,2.1593750000000003,-1.7789249984097997
11.5079,172.618,2.1625,-1.8255162586335218
11.5079,172.618,2.1656250000000004,-1.8584020422626084
11.5079,172.618,2.16875,-1.8773564817405974
11.5079,172.618,2.171875,-1.8773818089904029
11.5079,172.618,2.1750000000000003,-1.8605399548020276
11.5079,172.618,2.178125,-1.8323754255828826
11.5079,172.618,2.1812500000000004,-1.7921187967040975
11.5079,172.618,2.184375,-1.7408895876003365
11.5079,172.618,2.1875,-1.6821250128204879
11.5079,172.618,2.1906250000000003,-1.6166034691108573
11.5079,172.618,2.19375,-1.5459606260350922
11.5079,172.618,2.1968750000000004,-1.4677868210806375
11.5079,172.618,2.2,-1.3922707719406642
11.5079,172.618,2.203125,-1.3277769589717399
11.5079,172.618,2.2062500000000003,-1.271605241278266
11.5079,172.618,2.209375,-1.228878640122791
11.5079,172.618,2.2125000000000004,-1.1977477907638816
11.5079,172.618,2.215625,-1.1840056966281525
11.5079,172.618,2.21875,-1.1842654917319324
11.5079,172.618,2.2218750000000003,-1.2022242279673052
11.5079,172.618,2.225,-1.2380818004641971
11.5079,172.618,2.2281250000000004,-1.2877847100804547
11.5079,172.618,2.23125,-1.3499581725780454
11.5079,172.618,2.234375,-1.4221645907681415
11.5079,172.618,2.2375000000000003,-1.504154889240734
11.5079,172.618,2.240625,-1.5833673735749612
11.5079,172.618,2.2437500000000004,-1.6641398526518616
11.5079,172.618,2.246875,-1.739500912658781
11.5079,172.618,2.25,-1.8082473099282352
11.5079,172.618,2.2531250000000003,-1.8660771877439488
11.5079,172.618,2.25625,-1.9111201012756107
11.5079,172.618,2.2593750000000004,-1.943773576465169
11.5079,172.618,2.2625,-1.958132364667852
11.5079,172.618,2.265625,-1.9575657376778648
11.5079,172.618,2.2687500000000003,-1.9455489132054151
11.5079,172.618,2.271875,-1.9174252758761623
11.5079,172.618,2.2750000000000004,-1.878267401135978
11.5079,172.618,2.278125,-1.8308047626449953
11.5079,172.618,2.28125,-1.771260231462991
11.5079,172.618,2.2843750000000003,-1.7063805785551094
11.5079,172.618,2.2875,-1.6338442723726874
11.5079,172.618,2.2906250000000004,-1.5640469833028823
11.5079,172.618,2.29375,-1.4933517890043888
11.5079,172.618,2.296875,-1.4245443542554834
11.5079,172.618,2.3000000000000003,-1.3619199442064358
11.5079,172.618,2.303125,-1.3088955481898261
11.5079,172.618,2.3062500000000004,-1.2694307842569599
11.5079,172.618,2.309375,-1.2407531273276542
11.5079,172.618,2.3125,-1.2261616560893926
11.5079,172.618,2.3156250000000003,-1.23145943971393
11.5079,172.618,2.31875,-1.24772437567001
11.5079,172.618,2.3218750000000004,-1.2814880045543797
11.5079,172.618,2.325,-1.3299514438911522
11.5079,172.618,2.328125,-1.3912826211360552
11.5079,172.618,2.3312500000000003,-1.4607151137353458
11.5079,172.618,2.334375,-1.533141866368607
11.5079,172.618,2.3375000000000004,-1.6100935639105454
11.5079,172.618,2.340625,-1.6791514587321732
11.5079,172.618,2.34375,-1.7418625671871244
11.5079,172.618,2.3468750000000003,-1.794941480739822
11.5079,172.618,2.35,-1.8367833835367335
11.5079,172.618,2.3531250000000004,-1.8645088380775143
11.5079,172.618,2.35625,-1.8775622784403416
11.5079,172.618,2.359375,-1.8746305254093734
11.5079,172.618,2.3625000000000003,-1.8561719404462143
11.5079,172.618,2.365625,-1.8226071765333347
11.5079,172.618,2.3687500000000004,-1.775538904517307
11.5079,172.618,2.371875,-1.7217251954997725
11.5079,172.618,2.375,-1.6585911766577712
11.5079,172.618,2.3781250000000003,-1.5885926142255942
11.5079,172.618,2.38125,-1.5162146580036004
11.5079,172.618,2.3843750000000004,-1.442960235234745
11.5079,172.618,2.3875,-1.3720460389705338
11.5079,172.618,2.390625,-1.3048206702481056
11.5079,172.618,2.3937500000000003,-1.249056148015568
11.5079,172.618,2.396875,-1.2022088325217315
11.5079,172.618,2.4000000000000004,-1.1718204556872238
11.5079,172.618,2.403125,-1.1602835226847212
11.5079,172.618,2.40625,-1.1681100623450889
11.5079,172.618,2.4093750000000003,-1.198681946694261
11.5079,172.618,2.4125,-1.2501041965402564
11.5079,172.618,2.4156250000000004,-1.3222819900123095
11.5079,172.618,2.41875,-1.4183600146177446
11.5079,172.618,2.421875,-1.5439602497643579
11.5079,172.618,2.4250000000000003,-1.7196993106791372
11.5079,172.618,2.428125,-2.0244048440043723
11.5079,172.618,2.4312500000000004,-2.737070637157232
11.5079,172.618,2.434375,-3.406954932816692
11.5079,172.618,2.4375,-2.5053550673476384
11.5079,172.618,2.4406250000000003,-2.1676342979407575
11.5079,172.618,2.44375,-2.0810088445805652
11.5079,172.618,2.4468750000000004,-2.052734045436326
11.5079,172.618,2.45,-2.039632882853347
11.5079,172.618,2.453125,-2.019622769071698
11.5079,172.618,2.4562500000000003,-1.98789948276185
11.5079,172.618,2.459375,-1.947788720407937
11.5079,172.618,2.4625000000000004,-1.8969610843927023
11.5079,172.618,2.465625,-1.8343837130774956
11.5079,172.618,2.46875,-1.76692326834462
11.5079,172.618,2.4718750000000003,-1.6954209370376594
11.5079,172.618,2.475,-1.6234596182746008
11.5079,172.618,2.4781250000000004,-1.552851648602892
11.5079,172.618,2.48125,-1.4876769834002357
11.5079,172.618,2.484375,-1.4282218521046939
11.5079,172.618,2.4875000000000003,-1.3771138802637883
11.5079,172.618,2.490625,-1.336910737240645
11.5079,172.618,2.4937500000000004,-1.313047949531332
11.5079,172.618,2.496875,-1.3007535179609544
11.5079,172.618,2.5,-1.3073037600941175
11.5079,172.618,2.5031250000000003,-1.3278365077476173
11.5079,172.618,2.50625,-1.366397553875576
11.5079,172.618,2.5093750000000004,-1.4197776919802783
11.5079,172.618,2.5125,-1.4836328092583622
11.5079,172.618,2.515625,-1.5547499246391816
11.5079,172.618,2.5187500000000003,-1.6333443577945421
11.5079,172.618,2.521875,-1.7133112098497967
11.5079,172.618,2.5250000000000004,-1.789097099098666
11.5079,172.618,2.528125,-1.861855133787298
11.5079,172.618,2.53125,-1.9235649168085263
11.5079,172.618,2.5343750000000003,-1.9671528579222344
11.5079,172.618,2.5375,-1.9993277875321815
11.5079,172.618,2.5406250000000004,-2.014128681711641
11.5079,172.618,2.54375,-2.0095236906928933
11.5079,172.618,2.546875,-1.9909635793037441
11.5079,172.618,2.5500000000000003,-1.9576397542783275
11.5079,172.618,2.553125,-1.909432909117765
11.5079,172.618,2.5562500000000004,-1.8507194731049894
11.5079,172.618,2.559375,-1.7799533639628193
11.5079,172.618,2.5625,-1.705894189702949
11.5079,172.618,2.5656250000000003,-1.626843628037768
11.5079,172.618,2.56875,-1.548613473256607
11.5079,172.618,2.5718750000000004,-1.475794556457214
11.5079,172.618,2.575,-1.411725478854352
11.5079,172.618,2.578125,-1.358353689320135
11.5079,172.618,2.5812500000000003,-1.3148047549822364
11.5079,172.618,2.584375,-1.2907011132804476
11.5079,172.618,2.5875000000000004,-1.2829525272443467
11.5079,172.618,2.590625,-1.2920714412879784
11.5079,172.618,2.59375,-1.3241379385806027
11.5079,172.618,2.5968750000000003,-1.3730272368798249
11.5079,172.618,2.6,-1.4359351364304116
11.5079,172.618,2.6031250000000004,-1.515532399408951
11.5079,172.618,2.60625,-1.601518252607621
11.5079,172.618,2.609375,-1.6926220843292716
11.5079,172.618,2.6125000000000003,-1.7818058379954858
11.5079,172.618,2.615625,-1.863433332497704
11.5079,172.618,2.6187500000000004,-1.9403859678930666
11.5079,172.618,2.621875,-2.0077423715876743
11.5079,172.618,2.625,-2.064480238126819
11.5079,172.618,2.6281250000000003,-2.1005840380444503
11.5079,172.618,2.63125,-2.1204512217494815
11.5079,172.618,2.6343750000000004,-2.1248245697668153
11.5079,172.618,2.6375,-2.1135069935149122
11.5079,172.618,2.640625,-2.0865171776966847
11.5079,172.618,2.6437500000000003,-2.0508001335001245
11.5079,172.618,2.646875,-2.0039784663441935
11.5079,172.618,2.6500000000000004,-1.9490914725593385
11.5079,172.618,2.653125,-1.8890539813783749
11.5079,172.618,2.65625,-1.828289302334882
11.5079,172.618,2.6593750000000003,-1.763648783837307
11.5079,172.618,2.6625,-1.7038927981723517
11.5079,172.618,2.6656250000000004,-1.6459970735757947
11.5079,172.618,2.66875,-1.5972690918477488
11.5079,172.618,2.671875,-1.5613811566928568
11.5079,172.618,2.6750000000000003,-1.5379676681095238
11.5079,172.618,2.678125,-1.5273178216288046
11.5079,172.618,2.6812500000000004,-1.5314549487716995
11.5079,172.618,2.684375,-1.5524564304913393
11.5079,172.618,2.6875,-1.5888342216539373
11.5079,172.618,2.6906250000000003,-1.6384463935681934
11.5079,172.618,2.69375,-1.7019689967703644
11.5079,172.618,2.6968750000000004,-1.7791344388367585
11.5079,172.618,2.7,-1.8596394339718436
11.5079,172.618,2.703125,-1.9421522717485202
11.5079,172.618,2.7062500000000003,-2.023054574870676
11.5079,172.618,2.709375,-2.097749124507549
11.5079,172.618,2.7125000000000004,-2.1655579107586305
11.5079,172.618,2.715625,-2.222091591471658
11.5079,172.618,2.71875,-2.2659977006524707
11.5079,172.618,2.7218750000000003,-2.2966824228657012
11.5079,172.618,2.725,-2.315164707091968
11.5079,172.618,2.7281250000000004,-2.3190881586252097
11.5079,172.618,2.73125,-2.3145089472738043
11.5079,172.618,2.734375,-2.3024576049258134
11.5079,172.618,2.7375000000000003,-2.2853342688231724
11.5079,172.618,2.740625,-2.267612659575523
11.5079,172.618,2.7437500000000004,-2.2375532855474236
11.5079,172.618,2.746875,-2.1848429511823158
11.5079,172.618,2.75,-2.106180688787263
11.5079,172.618,2.7531250000000003,-2.0203685293192715
11.5079,172.618,2.75625,-1.9322843858112935
11.5079,172.618,2.7593750000000004,-1.855415519411371
11.5079,172.618,2.7625,-1.7930997237924413
11.5079,172.618,2.765625,-1.7476398786502712
11.5079,172.618,2.7687500000000003,-1.717724427589554
11.5079,172.618,2.771875,-1.7094758932031953
11.5079,172.618,2.7750000000000004,-1.7156939023240005
11.5079,172.618,2.778125,-1.7427087681409739
11.5079,172.618,2.78125,-1.782514563895694
11.5079,172.618,2.7843750000000003,-1.8366236542660768
11.5079,172.618,2.7875,-1.9011115668512677
11.5079,172.618,2.7906250000000004,-1.978202013606759
11.5079,172.618,2.79375,-2.061819703775504
11.5079,172.618,2.796875,-2.14310246198126
11.5079,172.618,2.8000000000000003,-2.224831861043578
11.5079,172.618,2.803125,-2.296171037776821
11.5079,172.618,2.8062500000000004,-2.3576364956922187
11.5079,172.618,2.809375,-2.40479777391266
11.5079,172.618,2.8125,-2.4346299465886103
11.5079,172.618,2.8156250000000003,-2.4490427411410916
11.5079,172.618,2.81875,-2.449207526686718
11.5079,172.618,2.8218750000000004,-2.4382832749222283
11.5079,172.618,2.825,-2.4118968830610688
11.5079,172.618,2.828125,-2.373673418141837
11.5079,172.618,2.8312500000000003,-2.3239579018922836
11.5079,172.618,2.834375,-2.269959716782634
11.5079,172.618,2.8375000000000004,-2.210919746111643
11.5079,172.618,2.840625,-2.1531730350758465
11.5079,172.618,2.84375,-2.092410644113733
11.5079,172.618,2.8468750000000003,-2.0405605067467563
11.5079,172.618,2.85,-1.992297723342933
11.5079,172.618,2.8531250000000004,-1.9553041392130521
11.5079,172.618,2.85625,-1.9287812540913993
11.5079,172.618,2.859375,-1.9135375869100213
11.5079,172.618,2.8625000000000003,-1.9146154428829267
11.5079,172.618,2.865625,-1.9307623969326118
11.5079,172.618,2.8687500000000004,-1.9597824679555007
11.5079,172.618,2.871875,-2.0077850337026453
11.5079,172.618,2.875,-2.067407083996937
11.5079,172.618,2.8781250000000003,-2.1408245017765912
11.5079,172.618,2.88125,-2.217046667179253
11.5079,172.618,2.8843750000000004,-2.2970659992196643
11.5079,172.618,2.8875,-2.378278662561277
11.5079,172.618,2.890625,-2.455836596723552
11.5079,172.618,2.8937500000000003,-2.527244705323824
11.5079,172.618,2.896875,-2.5917527852385973
11.5079,172.618,2.9000000000000004,-2.642889822613234
11.5079,172.618,2.903125,-2.6806026809246197
11.5079,172.618,2.90625,-2.699994453555159
11.5079,172.618,2.9093750000000003,-2.7097137077947493
11.5079,172.618,2.9125,-2.701317878118796
11.5079,172.618,2.9156250000000004,-2.681079623921552
11.5079,172.618,2.91875,-2.6514978077204536
11.5079,172.618,2.921875,-2.610831162646003
11.5079,172.618,2.9250000000000003,-2.5610650700209314
11.5079,172.618,2.928125,-2.503188944691204
11.5079,172.618,2.9312500000000004,-2.4415935531020763
11.5079,172.618,2.934375,-2.382493621646345
11.5079,172.618,2.9375,-2.3233371363836235
11.5079,172.618,2.9406250000000003,-2.2682407309424932
11.5079,172.618,2.94375,-2.225685456473899
11.5079,172.618,2.9468750000000004,-2.1916495289059443
11.5079,172.618,2.95,-2.1690312467429216
11.5079,172.618,2.953125,-2.160997614520301
11.5079,172.618,2.9562500000000003,-2.1694898442535373
11.5079,172.618,2.959375,-2.1928783574022406
11.5079,172.618,2.9625000000000004,-2.2358554421508687
11.5079,172.618,2.965625,-2.2939463657494596
11.5079,172.618,2.96875,-2.367645167093209
11.5079,172.618,2.9718750000000003,-2.4489706283840054
11.5079,172.618,2.975,-2.5365633749012013
11.5079,172.618,2.9781250000000004,-2.6229739874599876
11.5079,172.618,2.98125,-2.7060584238773067
11.5079,172.618,2.984375,-2.7783131273236705
11.5079,172.618,2.9875000000000003,-2.8393593973962155
11.5079,172.618,2.990625,-2.888248023191844
11.5079,172.618,2.9937500000000004,-2.920528293681415
11.5079,172.618,2.996875,-2.934054421635449
11.5079,172.618,3,-2.931094621597018
11.5079,172.618,3.0031250000000003,-2.917032611037506
11.5079,172.618,3.00625,-2.884785123057505
11.5079,172.618,3.0093750000000004,-2.84054452606662
11.5079,172.618,3.0125,-2.793116251455072
11.5079,172.618,3.015625,-2.7388976299285512
11.5079,172.618,3.0187500000000003,-2.6794040941833663
11.5079,172.618,3.021875,-2.6211953017208156
11.5079,172.618,3.0250000000000004,-2.5608313403134533
11.5079,172.618,3.028125,-2.507847836474591
11.5079,172.618,3.03125,-2.456980522792888
11.5079,172.618,3.0343750000000003,-2.420560268652668
11.5079,172.618,3.0375,-2.3933767336434606
11.5079,172.618,3.0406250000000004,-2.3787918543902515
11.5079,172.618,3.04375,-2.378133621997995
11.5079,172.618,3.046875,-2.401099244053454
11.5079,172.618,3.0500000000000003,-2.4219569062564332
11.5079,172.618,3.053125,-2.4605745695469086
11.5079,172.618,3.0562500000000004,-2.5327015736677256
11.5079,172.618,3.059375,-2.5725854303474467
11.5079,172.618,3.0625,-2.662852765317836
11.5079,172.618,3.0656250000000003,-2.7428917227213168
11.5079,172.618,3.06875,-2.779074200660526
11.5079,172.618,3.0718750000000004,-2.8657857744751087
11.5079,172.618,3.075,-3.0177469316224084
11.5079,172.618,3.078125,-2.996481133151256
11.5079,172.618,3.0812500000000003,-3.020275354083223
11.5079,172.618,3.084375,-2.949376322871144
11.5079,172.618,3.0875000000000004,-3.302641203508556
11.5079,172.618,3.090625,-2.9613838594111224
11.5079,172.618,3.09375,-2.873400504002789
11.5079,172.618,3.0968750000000003,-2.920335365536691
11.5079,172.618,3.1,-3.388672245228582
11.5079,172.618,3.1031250000000004,-3.3020427944557196
11.5079,172.618,3.10625,-2.7434030345712292
11.5079,172.618,3.109375,-2.6238550291911715
11.5079,172.618,3.1125000000000003,-2.5492812289089173
11.5079,172.618,3.115625,-2.508424235339975
11.5079,172.618,3.1187500000000004,-2.606636273983341
11.5079,172.618,3.121875,-2.886262116149073
11.5079,172.618,3.125,-3.0950173098866927
11.5079,172.618,3.1281250000000003,-2.6266004629646322
11.5079,172.618,3.13125,-2.265546854971559
11.5079,172.618,3.1343750000000004,-2.19970691238572
11.5079,172.618,3.1375,-2.21958285284762
11.5079,172.618,3.140625,-2.2349791126966307
11.5079,172.618,3.1437500000000003,-2.3217302745116126
11.5079,172.618,3.146875,-2.462617457747499
11.5079,172.618,3.1500000000000004,-2.410709476420388
11.5079,172.618,3.153125,-2.4866316355496485
11.5079,172.618,3.15625,-2.586267411551036
11.5079,172.618,3.1593750000000003,-2.7763437411137994
11.5079,172.618,3.1625,-2.9605110395778444
11.5079,172.618,3.1656250000000004,-3.5573764116197553
11.5079,172.618,3.16875,-5.413900067854004
11.5079,172.618,3.171875,-4.353157625197575
11.5079,172.618,3.1750000000000003,-3.850064783590923
11.5079,172.618,3.178125,-4.022251676044942
11.5079,172.618,3.1812500000000004,-3.465131703534969
11.5079,172.618,3.184375,-3.1150017267482477
11.5079,172.618,3.1875,-2.940476923094158
11.5079,172.618,3.1906250000000003,-2.8165127392968166
11.5079,172.618,3.19375,-2.747376241952822
11.5079,172.618,3.1968750000000004,-2.6838320771759587
11.5079,172.618,3.2,-2.6311973376374964
11.5079,172.618,3.203125,-2.588246220956031
11.5079,172.618,3.2062500000000003,-2.5389704261701924
11.5079,172.618,3.209375,-2.4473881653777454
11.5079,172.618,3.2125000000000004,-2.3734160865201144
11.5079,172.618,3.215625,-2.3348118998580123
11.5079,172.618,3.21875,-2.3276598925758893
11.5079,172.618,3.2218750000000003,-2.3490670823068105
11.5079,172.618,3.225,-2.345902737541526
11.5079,172.618,3.2281250000000004,-2.34194960887127
11.5079,172.618,3.23125,-2.361806711619047
11.5079,172.618,3.234375,-2.401915117137316
11.5079,172.618,3.2375000000000003,-2.4557571215109903
11.5079,172.618,3.240625,-2.5334802248934043
11.5079,172.618,3.2437500000000004,-2.618529321869981
11.5079,172.618,3.246875,-2.6927471776624317
11.5079,172.618,3.25,-2.76555550426604
11.5079,172.618,3.2531250000000003,-2.822678240962264
11.5079,172.618,3.25625,-2.901850646271615
11.5079,172.618,3.2593750000000004,-2.963377469771597
11.5079,172.618,3.2625,-3.160552925657798
11.5079,172.618,3.265625,-3.1804478719652804
11.5079,172.618,3.2687500000000003,-2.9929160122963934
11.5079,172.618,3.271875,-2.961153754876185
11.5079,172.618,3.2750000000000004,-2.9455663429143835
11.5079,172.618,3.278125,-3.0525675484835126
11.5079,172.618,3.28125,-3.0800719291451735
11.5079,172.618,3.2843750000000003,-2.9902641913420043
11.5079,172.618,3.2875,-3.0216778279689365
11.5079,172.618,3.2906250000000004,-3.1300678770958874
11.5079,172.618,3.29375,-3.5915152820927796
11.5079,172.618,3.296875,-5.0382185436006175
11.5079,172.618,3.3000000000000003,-7.6353217672298666
11.5079,172.618,3.303125,-6.9873476152377165
11.5079,172.618,3.3062500000000004,-4.570687965456342
11.5079,172.618,3.309375,-3.546454320663522
11.5079,172.618,3.3125,-3.01951759142626
11.5079,172.618,3.3156250000000003,-2.7249266418389495
11.5079,172.618,3.31875,-2.553922694720827
11.5079,172.618,3.3218750000000004,-2.483539842130446
11.5079,172.618,3.325,-2.4538365882767685
11.5079,172.618,3.328125,-2.4485294619073517
11.5079,172.618,3.3312500000000003,-2.4637475144706174
11.5079,172.618,3.334375,-2.496832093897277
11.5079,172.618,3.3375000000000004,-2.534367467870098
11.5079,172.618,3.340625,-2.592270766797264
11.5079,172.618,3.34375,-2.683725915019517
11.5079,172.618,3.3468750000000003,-2.8120823634648815
11.5079,172.618,3.35,-2.900682909040003
11.5079,172.618,3.3531250000000004,-2.8806062319629966
11.5079,172.618,3.35625,-2.925201963607333
11.5079,172.618,3.359375,-2.9595003059571345
11.5079,172.618,3.3625000000000003,-2.997690457619152
11.5079,172.618,3.365625,-3.0578974104681773
11.5079,172.618,3.3687500000000004,-3.0252377362244856
11.5079,172.618,3.371875,-2.9501774212640877
11.5079,172.618,3.375,-2.8970206885334937
11.5079,172.618,3.3781250000000003,-2.8650528761898455
11.5079,172.618,3.38125,-2.820362471441692
11.5079,172.618,3.3843750000000004,-2.743601262553492
11.5079,172.618,3.3875,-2.6389244286139557
11.5079,172.618,3.390625,-2.543854611759574
11.5079,172.618,3.3937500000000003,-2.4722569495274755
11.5079,172.618,3.396875,-2.422029614594347
11.5079,172.618,3.4000000000000004,-2.3808412908405003
11.5079,172.618,3.403125,-2.3415509509022168
11.5079,172.618,3.40625,-2.3058893083035987
11.5079,172.618,3.4093750000000003,-2.273216184508717
11.5079,172.618,3.4125,-2.2443857976768986
11.5079,172.618,3.4156250000000004,-2.236079846388003
11.5079,172.618,3.41875,-2.2616081664978562
11.5079,172.618,3.421875,-2.3190150426351863
11.5079,172.618,3.4250000000000003,-2.3748165337372393
11.5079,172.618,3.428125,-2.4225387779662073
11.5079,172.618,3.4312500000000004,-2.458239579940852
11.5079,172.618,3.434375,-2.5101037345143173
11.5079,172.618,3.4375,-2.576698967768263
11.5079,172.618,3.4406250000000003,-2.6644828534143805
11.5079,172.618,3.44375,-2.7289843475560427
11.5079,172.618,3.4468750000000004,-2.753329259151836
11.5079,172.618,3.45,-2.7682154648556363
11.5079,172.618,3.453125,-2.786346106135078
11.5079,172.618,3.4562500000000003,-2.795231659629465
11.5079,172.618,3.459375,-2.8028522648424445
11.5079,172.618,3.4625000000000004,-2.7892227759490966
11.5079,172.618,3.465625,-2.7391782196285916
11.5079,172.618,3.46875,-2.6824478713023803
11.5079,172.618,3.4718750000000003,-2.6245743037193163
11.5079,172.618,3.475,-2.5589103432459437
11.5079,172.618,3.4781250000000004,-2.4943721476841576
11.5079,172.618,3.48125,-2.4286461676437603
11.5079,172.618,3.484375,-2.3672890759674257
11.5079,172.618,3.4875000000000003,-2.3086703381055322
11.5079,172.618,3.490625,-2.268403902416632
11.5079,172.618,3.4937500000000004,-2.2413202494695694
11.5079,172.618,3.496875,-2.2174280021360078
11.5079,172.618,3.5,-2.2135414526715183
11.5079,172.618,3.5031250000000003,-2.226040806211564
11.5079,172.618,3.50625,-2.260340515231925
11.5079,172.618,3.5093750000000004,-2.3104298040086735
11.5079,172.618,3.5125,-2.378964899899845
11.5079,172.618,3.515625,-2.433549385152479
11.5079,172.618,3.5187500000000003,-2.482280181167641
11.5079,172.618,3.521875,-2.516933554475988
11.5079,172.618,3.5250000000000004,-2.5665662602417356
11.5079,172.618,3.528125,-2.6128384273849807
11.5079,172.618,3.53125,-2.6577346816541416
11.5079,172.618,3.5343750000000003,-2.698435812078735
11.5079,172.618,3.5375,-2.736868726823575
11.5079,172.618,3.5406250000000004,-2.766257253540618
11.5079,172.618,3.54375,-2.778445304084936
11.5079,172.618,3.546875,-2.7824774909756496
11.5079,172.618,3.5500000000000003,-2.7767954713411873
11.5079,172.618,3.553125,-2.7507995262242897
11.5079,172.618,3.5562500000000004,-2.7177400403567047
11.5079,172.618,3.559375,-2.6985357561339303
11.5079,172.618,3.5625,-2.6726793596960574
11.5079,172.618,3.5656250000000003,-2.6284852604992914
11.5079,172.618,3.56875,-2.585820258588546
11.5079,172.618,3.5718750000000004,-2.5366420767247053
11.5079,172.618,3.575,-2.4961442896029054
11.5079,172.618,3.5781250000000004,-2.4575854852303474
11.5079,172.618,3.5812500000000003,-2.4296173037916184
11.5079,172.618,3.584375,-2.405450403867503
11.5079,172.618,3.5875000000000004,-2.3967821602291024
11.5079,172.618,3.590625,-2.420694446046906
11.5079,172.618,3.5937500000000004,-2.4583252205915604
11.5079,172.618,3.5968750000000003,-2.545539811644945
11.5079,172.618,3.6,-2.6550839115844997
11.5079,172.618,3.6031250000000004,-2.731239073057572
11.5079,172.618,3.60625,-2.8643918629782843
11.5079,172.618,3.6093750000000004,-3.043310241814795
11.5079,172.618,3.6125000000000003,-3.2522922464839388
11.5079,172.618,3.615625,-3.4497703150258814
11.5079,172.618,3.6187500000000004,-3.5632092114150855
11.5079,172.618,3.621875,-3.6646101261159583
11.5079,172.618,3.6250000000000004,-3.7236944734090214
11.5079,172.618,3.6281250000000003,-3.706364000156116
11.5079,172.618,3.63125,-3.7257254087821012
11.5079,172.618,3.6343750000000004,-3.6978244726283327
11.5079,172.618,3.6375,-3.613103066300942
11.5079,172.618,3.6406250000000004,-3.5930155487839457
11.5079,172.618,3.6437500000000003,-3.5959091955866365
11.5079,172.618,3.646875,-3.508699402181375
11.5079,172.618,3.6500000000000004,-3.389179202808579
11.5079,172.618,3.653125,-3.3275453382531532
11.5079,172.618,3.6562500000000004,-3.2909137067210574
11.5079,172.618,3.6593750000000003,-3.2764214908574276
11.5079,172.618,3.6625,-3.268959581946916
11.5079,172.618,3.6656250000000004,-3.237810004420532
11.5079,172.618,3.66875,-3.2016735409407016
11.5079,172.618,3.6718750000000004,-3.234774814983809
11.5079,172.618,3.6750000000000003,-3.245052683595955
11.5079,172.618,3.678125,-3.2429664944414576
11.5079,172.618,3.6812500000000004,-3.2582981379624614
11.5079,172.618,3.684375,-3.308169596635973
11.5079,172.618,3.6875000000000004,-3.360159062406603
11.5079,172.618,3.6906250000000003,-3.422937574761042
11.5079,172.618,3.69375,-3.53010777383755
11.5079,172.618,3.6968750000000004,-3.676143854638996
11.5079,172.618,3.7,-3.8349991207546226
11.5079,172.618,3.7031250000000004,-4.013444929356973
11.5079,172.618,3.7062500000000003,-4.199341102331993
11.5079,172.618,3.709375,-4.329826422138901
11.5079,172.618,3.7125000000000004,-4.4198416305268715
11.5079,172.618,3.715625,-4.5330887728028655
11.5079,172.618,3.7187500000000004,-4.701672057396142
11.5079,172.618,3.7218750000000003,-4.8329376166911
11.5079,172.618,3.725,-4.918428248247454
11.5079,172.618,3.7281250000000004,-4.8815692470166026
11.5079,172.618,3.73125,-4.775763895466335
11.5079,172.618,3.7343750000000004,-4.714792726077363
11.5079,172.618,3.7375000000000003,-4.773817323423491
11.5079,172.618,3.740625,-4.744035585575188
11.5079,172.618,3.7437500000000004,-4.519049512582412
11.5079,172.618,3.746875,-4.3577892970332455
11.5079,172.618,3.7500000000000004,-4.341181577444598
11.5079,172.618,3.7531250000000003,-4.432071560239506
11.5079,172.618,3.75625,-4.613005759092539
11.5079,172.618,3.7593750000000004,-4.811909652472983
11.5079,172.618,3.7625,-4.986243367183832
11.5079,172.618,3.7656250000000004,-5.165575823506348
11.5079,172.618,3.7687500000000003,-5.184261379540553
11.5079,172.618,3.771875,-5.040011085544664
11.5079,172.618,3.7750000000000004,-4.912887012532875
11.5079,172.618,3.778125,-4.76208851948292
11.5079,172.618,3.7812500000000004,-4.611116553571834
11.5079,172.618,3.7843750000000003,-4.5114016953987885
11.5079,172.618,3.7875,-4.384762261322806
11.5079,172.618,3.7906250000000004,-4.2545267849415795
11.5079,172.618,3.79375,-4.107526858828955
11.5079,172.618,3.7968750000000004,-3.984005745216423
11.5079,172.618,3.8000000000000003,-3.866771171255927
11.5079,172.618,3.803125,-3.8105416313841713
11.5079,172.618,3.8062500000000004,-3.811546726307963
11.5079,172.618,3.809375,-3.8677808199703465
11.5079,172.618,3.8125000000000004,-3.8891064086426432
11.5079,172.618,3.8156250000000003,-3.8723005366941408
11.5079,172.618,3.81875,-3.813297859716554
11.5079,172.618,3.8218750000000004,-3.725524890928484
11.5079,172.618,3.825,-3.634614339231544
11.5079,172.618,3.8281250000000004,-3.581354972688087
11.5079,172.618,3.8312500000000003,-3.5408472013137255
11.5079,172.618,3.834375,-3.526623222341711
11.5079,172.618,3.8375000000000004,-3.5240391952914756
11.5079,172.618,3.840625,-3.5199043331869326
11.5079,172.618,3.8437500000000004,-3.5042727411494194
11.5079,172.618,3.8468750000000003,-3.490519444276288
11.5079,172.618,3.85,-3.50810810733725
11.5079,172.618,3.8531250000000004,-3.578382832782316
11.5079,172.618,3.85625,-3.7041778917455463
11.5079,172.618,3.8593750000000004,-3.8662780354879245
11.5079,172.618,3.8625000000000003,-4.112245436004919
11.5079,172.618,3.865625,-4.4681010474037
11.5079,172.618,3.8687500000000004,-4.814100569655821
11.5079,172.618,3.871875,-4.923581916624592
11.5079,172.618,3.8750000000000004,-4.850490735272925
11.5079,172.618,3.8781250000000003,-4.778264291356382
11.5079,172.618,3.88125,-4.6824347305262926
11.5079,172.618,3.8843750000000004,-4.54365703272288
11.5079,172.618,3.8875,-4.463804453999405
11.5079,172.618,3.8906250000000004,-4.4614777214119865
11.5079,172.618,3.8937500000000003,-4.4871613783830195
11.5079,172.618,3.896875,-4.480974667799475
11.5079,172.618,3.9000000000000004,-4.449182006290516
11.5079,172.618,3.903125,-4.4101654549006275
11.5079,172.618,3.9062500000000004,-4.3721588334717305
11.5079,172.618,3.9093750000000003,-4.378093911190955
11.5079,172.618,3.9125,-4.449657756330928
11.5079,172.618,3.9156250000000004,-4.58260464551417
11.5079,172.618,3.91875,-4.68852434407009
11.5079,172.618,3.9218750000000004,-4.781769603991342
11.5079,172.618,3.9250000000000003,-4.890934805908451
11.5079,172.618,3.928125,-4.988901584231182
11.5079,172.618,3.9312500000000004,-5.059390557508797
11.5079,172.618,3.934375,-5.114967905944491
11.5079,172.618,3.9375000000000004,-5.154803947061088
11.5079,172.618,3.9406250000000003,-5.200073430189832
11.5079,172.618,3.94375,-5.2933254569604795
11.5079,172.618,3.9468750000000004,-5.464308741635039
11.5079,172.618,3.95,-5.6096472251348395
11.5079,172.618,3.9531250000000004,-5.757883407326224
11.5079,172.618,3.9562500000000003,-5.90683428726696
11.5079,172.618,3.959375,-6.0628610273306975
11.5079,172.618,3.9625000000000004,-6.192305543966743
11.5079,172.618,3.965625,-6.3251405383023
11.5079,172.618,3.9687500000000004,-6.448739738189194
11.5079,172.618,3.9718750000000003,-6.562568930726794
11.5079,172.618,3.975,-6.629743946462749
11.5079,172.618,3.9781250000000004,-6.673035244645175
11.5079,172.618,3.98125,-6.748341013407277
11.5079,172.618,3.9843750000000004,-6.751019842292765
11.5079,172.618,3.9875000000000003,-6.713556607814613
11.5079,172.618,3.990625,-6.707527005917365
11.5079,172.618,3.9937500000000004,-6.6655848374787
11.5079,172.618,3.996875,-6.5663956638544905
11.5079,172.618,4,-6.482866383568827
11.5079,172.618,4.003125,-6.47544717563708
11.5079,172.618,4.0062500000000005,-6.498683438044285
11.5079,172.618,4.009375,-6.526535272186852
11.5079,172.618,4.0125,-6.591288106746708
11.5079,172.618,4.015625,-6.724897404923878
11.5079,172.618,4.01875,-6.897097289525988
11.5079,172.618,4.0218750000000005,-7.155005330174107
11.5079,172.618,4.025,-7.479756774338211
11.5079,172.618,4.028125,-7.842453691784166
11.5079,172.618,4.03125,-8.215996677085245
11.5079,172.618,4.034375,-8.661232947342434
11.5079,172.618,4.0375000000000005,-9.177847735336433
11.5079,172.618,4.040625,-9.787071404321221
11.5079,172.618,4.04375,-10.45807747024542
11.5079,172.618,4.046875,-11.008250201737063
11.5079,172.618,4.05,-11.471982389659718
11.5079,172.618,4.0531250000000005,-12.059325295689163
11.5079,172.618,4.05625,-12.620547035434448
11.5079,172.618,4.059375,-13.305060873355812
11.5079,172.618,4.0625,-13.905811435409968
11.5079,172.618,4.065625,-13.85120555106184
11.5079,172.618,4.0687500000000005,-12.7608595541376
11.5079,172.618,4.071875,-11.655288238040747
11.5079,172.618,4.075,-10.887680753748036
11.5079,172.618,4.078125,-10.35151744469999
11.5079,172.618,4.08125,-10.11745716291193
11.5079,172.618,4.0843750000000005,-10.15373986624035
11.5079,172.618,4.0875,-10.233508245970063
11.5079,172.618,4.090625,-10.344699102812477
11.5079,172.618,4.09375,-10.798018147785749
11.5079,172.618,4.096875,-11.13688543479566
11.5079,172.618,4.1000000000000005,-11.384917605971278
11.5079,172.618,4.103125,-11.824571499903143
11.5079,172.618,4.10625,-12.28412945529219
11.5079,172.618,4.109375,-12.797645614249568
11.5079,172.618,4.1125,-13.645176129603966
11.5079,172.618,4.1156250000000005,-15.139569481046474
11.5079,172.618,4.11875,-17.434325246419476
11.5079,172.618,4.121875,-20.29867638174364
11.5079,172.618,4.125,-25.256299824550638
11.5079,172.618,4.128125,-26.044634483605105
11.5079,172.618,4.1312500000000005,-25.945370100962606
11.5079,172.618,4.134375,-26.431705560501328
11.5079,172.618,4.1375,-28.462781398655306
11.5079,172.618,4.140625,-30.25845081376761
11.5079,172.618,4.14375,-32.63385354066552
11.5079,172.618,4.1468750000000005,-37.52430091806781
11.5079,172.618,4.15,-38.8634926192508
11.5079,172.618,4.153125,-31.268828660273225
11.5079,172.618,4.15625,-27.564145066075906
11.5079,172.618,4.159375,-25.707920408927166
11.5079,172.618,4.1625000000000005,-24.794521882063044
11.5079,172.618,4.165625,-23.972876627583442
11.5079,172.618,4.16875,-23.42016253837871
11.5079,172.618,4.171875,-23.16563504579006
11.5079,172.618,4.175,-23.30826050116466
11.5079,172.618,4.1781250000000005,-23.707494856497657
11.5079,172.618,4.18125,-26.216150370020742
11.5079,172.618,4.184375,-33.550861573447015
11.5079,172.618,4.1875,-41.79570622993837
11.5079,172.618,4.190625,-29.91928006464708
11.5079,172.618,4.1937500000000005,-25.573458545332
11.5079,172.618,4.196875,-22.78143603590244
11.5079,172.618,4.2,-21.529727190865664
11.5079,172.618,4.203125,-19.88827008127008
11.5079,172.618,4.20625,-17.91102641267624
11.5079,172.618,4.2093750000000005,-16.206206090387475
11.5079,172.618,4.2125,-15.28732532638523
11.5079,172.618,4.215625,-14.876431417269515
11.5079,172.618,4.21875,-14.211563458896697
11.5079,172.618,4.221875,-13.349386751898875
11.5079,172.618,4.2250000000000005,-12.574678944946003
11.5079,172.618,4.228125,-12.163978556680187
11.5079,172.618,4.23125,-11.73199637185287
11.5079,172.618,4.234375,-11.387868265935525
11.5079,172.618,4.2375,-11.138979394903387
11.5079,172.618,4.2406250000000005,-11.093093391506642
11.5079,172.618,4.24375,-11.061992680165654
11.5079,172.618,4.246875,-11.025245536566716
11.5079,172.618,4.25,-11.120152381040258
11.5079,172.618,4.253125,-11.261658025443742
11.5079,172.618,4.2562500000000005,-11.375995337558464
11.5079,172.618,4.259375,-11.47359728443133
11.5079,172.618,4.2625,-11.410652113958303
11.5079,172.618,4.265625,-11.29195193162009
11.5079,172.618,4.26875,-11.089186293229076
11.5079,172.618,4.2718750000000005,-10.721885147496941
11.5079,172.618,4.275,-10.361227243947706
11.5079,172.618,4.278125,-9.978817714623633
11.5079,172.618,4.28125,-9.627082564365137
11.5079,172.618,4.284375000000001,-9.283691097714438
11.5079,172.618,4.2875000000000005,-8.925201676581771
11.5079,172.618,4.290625,-8.578524131124617
11.5079,172.618,4.29375,-8.290622597879318
11.5079,172.618,4.296875,-8.097586074488882
11.5079,172.618,4.300000000000001,-7.998560541227757
11.5079,172.618,4.3031250000000005,-8.005472813901953
11.5079,172.618,4.30625,-8.05942908610359
11.5079,172.618,4.309375,-8.168837991918945
11.5079,172.618,4.3125,-8.345784369140029
11.5079,172.618,4.315625000000001,-8.55737789467015
11.5079,172.618,4.3187500000000005,-8.759042007340879
11.5079,172.618,4.321875,-8.871619995321483
11.5079,172.618,4.325,-8.973867170592968
11.5079,172.618,4.328125,-9.020326812505196
11.5079,172.618,4.331250000000001,-9.144624257284875
11.5079,172.618,4.3343750000000005,-9.206218655157617
11.5079,172.618,4.3375,-9.231000025044558
11.5079,172.618,4.340625,-9.161809660816571
11.5079,172.618,4.34375,-9.233643139847276
11.5079,172.618,4.346875000000001,-9.484935014279195
11.5079,172.618,4.3500000000000005,-9.780295631252212
11.5079,172.618,4.353125,-9.95097700063338
11.5079,172.618,4.35625,-9.932355258494702
11.5079,172.618,4.359375,-9.893188144382574
11.5079,172.618,4.362500000000001,-9.7069391214002
11.5079,172.618,4.3656250000000005,-9.419751157851998
11.5079,172.618,4.36875,-9.193230399348897
11.5079,172.618,4.371875,-8.902980694621624
11.5079,172.618,4.375,-8.73416516357746
11.5079,172.618,4.378125000000001,-8.364907913978737
11.5079,172.618,4.3812500000000005,-7.950610189674724
11.5079,172.618,4.384375,-7.697181032801623
11.5079,172.618,4.3875,-7.579650767135252
11.5079,172.618,4.390625,-7.576502106094695
11.5079,172.618,4.393750000000001,-7.691974819402696
11.5079,172.618,4.3968750000000005,-7.901512887415495
11.5079,172.618,4.4,-8.014772869672184
11.5079,172.618,4.403125,-8.038414608004105
11.5079,172.618,4.40625,-8.018167639524634
11.5079,172.618,4.409375000000001,-8.04285434129831
11.5079,172.618,4.4125000000000005,-8.208500311251912
11.5079,172.618,4.415625,-8.445141592621777
11.5079,172.618,4.41875,-8.705603489328539
11.5079,172.618,4.421875,-9.002529206035618
11.5079,172.618,4.425000000000001,-9.377726799246943
11.5079,172.618,4.4281250000000005,-9.860891753984545
11.5079,172.618,4.43125,-10.213826613965518
11.5079,172.618,4.434375,-10.786206567267541
11.5079,172.618,4.4375,-11.799099529694315
11.5079,172.618,4.440625000000001,-13.435085796954269
11.5079,172.618,4.4437500000000005,-14.402934208478403
11.5079,172.618,4.446875,-15.117804774841241
11.5079,172.618,4.45,-15.524844661364465
11.5079,172.618,4.453125,-15.722255785499827
11.5079,172.618,4.456250000000001,-15.419913479425025
11.5079,172.618,4.4593750000000005,-14.529227945330508
11.5079,172.618,4.4625,-13.053004396525578
11.5079,172.618,4.465625,-11.465454687314145
11.5079,172.618,4.46875,-10.237021206930022
11.5079,172.618,4.471875000000001,-9.357976741229864
11.5079,172.618,4.4750000000000005,-8.72916196935998
11.5079,172.618,4.478125,-8.253701133643002
11.5079,172.618,4.48125,-7.743494552167055
11.5079,172.618,4.484375,-7.465194842416691
11.5079,172.618,4.487500000000001,-7.490296184352757
11.5079,172.618,4.4906250000000005,-7.463876613126725
11.5079,172.618,4.49375,-7.429395070532139
11.5079,172.618,4.496875,-7.675502553078243
11.5079,172.618,4.5,-7.829593007566514
11.5079,172.618,4.503125000000001,-7.4930792094579255
11.5079,172.618,4.5062500000000005,-7.416061850741931
11.5079,172.618,4.509375,-7.440800825262204
11.5079,172.618,4.5125,-7.483456277926384
11.5079,172.618,4.515625,-7.53301438923052
11.5079,172.618,4.518750000000001,-7.600413981327891
11.5079,172.618,4.5218750000000005,-7.633884968258404
11.5079,172.618,4.525,-7.9502226983738575
11.5079,172.618,4.528125,-8.277550351265093
11.5079,172.618,4.53125,-8.352169169758547
11.5079,172.618,4.534375000000001,-8.100795333075366
11.5079,172.618,4.5375000000000005,-7.617705940268631
11.5079,172.618,4.540625,-7.29802337901301
11.5079,172.618,4.54375,-7.104561119054084
11.5079,172.618,4.546875,-7.167077289853816
11.5079,172.618,4.550000000000001,-7.345823511618582
11.5079,172.618,4.5531250000000005,-7.044248596069126
11.5079,172.618,4.55625,-7.629358547734063
11.5079,172.618,4.559375,-7.836461757825508
11.5079,172.618,4.5625,-7.2052563487155386
11.5079,172.618,4.565625000000001,-6.462907279833755
11.5079,172.618,4.5687500000000005,-5.984119563423034
11.5079,172.618,4.571875,-5.727706436933509
11.5079,172.618,4.575,-5.956536525930181
11.5079,172.618,4.578125,-6.0615347698835
11.5079,172.618,4.581250000000001,-5.9469645361005385
11.5079,172.618,4.5843750000000005,-6.305249359172605
11.5079,172.618,4.5875,-6.534154320310685
11.5079,172.618,4.590625,-6.452584803557225
11.5079,172.618,4.59375,-6.315215348364598
11.5079,172.618,4.596875000000001,-6.178746677513378
11.5079,172.618,4.6000000000000005,-6.36610864030799
11.5079,172.618,4.603125,-6.4517821028858116
11.5079,172.618,4.60625,-6.13447757907727
11.5079,172.618,4.609375,-6.3618073375018795
11.5079,172.618,4.612500000000001,-7.439164797058849
11.5079,172.618,4.6156250000000005,-6.841630498016214
11.5079,172.618,4.61875,-6.688311135813667
11.5079,172.618,4.621875,-6.816458148699635
11.5079,172.618,4.625,-6.802284705132652
11.5079,172.618,4.628125000000001,-6.417992830199886
11.5079,172.618,4.6312500000000005,-6.3498892301544485
11.5079,172.618,4.634375,-6.608507760444164
11.5079,172.618,4.6375,-6.199874950305677
11.5079,172.618,4.640625,-6.063383969279243
11.5079,172.618,4.643750000000001,-5.936027054272888
11.5079,172.618,4.6468750000000005,-5.803633832562197
11.5079,172.618,4.65,-5.625312888010243
11.5079,172.618,4.653125,-5.499641269411637
11.5079,172.618,4.65625,-5.3709076394118345
11.5079,172.618,4.659375000000001,-5.260319928978495
11.5079,172.618,4.6625000000000005,-5.170656945587098
11.5079,172.618,4.665625,-5.091481615089051
11.5079,172.618,4.66875,-5.032737585686622
11.5079,172.618,4.671875,-5.001693627803804
11.5079,172.618,4.675000000000001,-4.967210840071572
11.5079,172.618,4.6781250000000005,-4.94356609913509
11.5079,172.618,4.68125,-4.939102955970837
11.5079,172.618,4.684375,-5.026994302666443
11.5079,172.618,4.6875,-5.130509261779517
11.5079,172.618,4.690625000000001,-5.2116942759535565
11.5079,172.618,4.6937500000000005,-5.278653384856184
11.5079,172.618,4.696875,-5.336377384494985
11.5079,172.618,4.7,-5.375513457452722
11.5079,172.618,4.703125,-5.395886880652684
11.5079,172.618,4.706250000000001,-5.393254755333765
11.5079,172.618,4.7093750000000005,-5.3577848048583965
11.5079,172.618,4.7125,-5.2924152284500785
11.5079,172.618,4.715625,-5.197810475687632
11.5079,172.618,4.71875,-5.0789551425008455
11.5079,172.618,4.721875000000001,-4.940623974910492
11.5079,172.618,4.7250000000000005,-4.781452561876664
11.5079,172.618,4.728125,-4.622710290320594
11.5079,172.618,4.73125,-4.458615067423147
11.5079,172.618,4.734375,-4.300142281200962
11.5079,172.618,4.737500000000001,-4.153372134541653
11.5079,172.618,4.7406250000000005,-4.0137727722703795
11.5079,172.618,4.74375,-3.8952491213795053
11.5079,172.618,4.746875,-3.785216711555081
11.5079,172.618,4.75,-3.6946680370405973
11.5079,172.618,4.753125000000001,-3.6199922556571593
11.5079,172.618,4.7562500000000005,-3.556605919511806
11.5079,172.618,4.759375,-3.518426446834111
11.5079,172.618,4.7625,-3.4894801668627435
11.5079,172.618,4.765625,-3.475512970414718
11.5079,172.618,4.768750000000001,-3.479322149049941
11.5079,172.618,4.7718750000000005,-3.4949408492618783
11.5079,172.618,4.775,-3.5242699262265003
11.5079,172.618,4.778125,-3.5616340635140524
11.5079,172.618,4.78125,-3.611021129048486
11.5079,172.618,4.784375000000001,-3.6679257162622108
11.5079,172.618,4.7875000000000005,-3.7273564970444366
11.5079,172.618,4.790625,-3.7869465185747258
11.5079,172.618,4.79375,-3.8462296381279515
11.5079,172.618,4.796875,-3.894549363564227
11.5079,172.618,4.800000000000001,-3.9294659653073687
11.5079,172.618,4.8031250000000005,-3.9491552244484405
11.5079,172.618,4.80625,-3.950194121565229
11.5079,172.618,4.809375,-3.930016024124885
11.5079,172.618,4.8125,-3.893089796627013
11.5079,172.618,4.815625000000001,-3.8390146293063507
11.5079,172.618,4.8187500000000005,-3.7710450492639245
11.5079,172.618,4.821875,-3.6983340746315765
11.5079,172.618,4.825,-3.6163005854140473
11.5079,172.618,4.828125,-3.5354509852395193
11.5079,172.618,4.831250000000001,-3.461480893977587
11.5079,172.618,4.8343750000000005,-3.3953165752459684
11.5079,172.618,4.8375,-3.34217886447373
11.5079,172.618,4.840625,-3.304927412328646
11.5079,172.618,4.84375,-3.277242147745552
11.5079,172.618,4.846875000000001,-3.2685517718560053
11.5079,172.618,4.8500000000000005,-3.275372617270318
11.5079,172.618,4.853125,-3.2987340611949465
11.5079,172.618,4.85625,-3.337854752610091
11.5079,172.618,4.859375,-3.386278291067803
11.5079,172.618,4.862500000000001,-3.4513002897979876
11.5079,172.618,4.8656250000000005,-3.528880797598606
11.5079,172.618,4.86875,-3.618336611970557
11.5079,172.618,4.871875,-3.711520727115417
11.5079,172.618,4.875,-3.804283638108286
11.5079,172.618,4.878125000000001,-3.895812264086266
11.5079,172.618,4.8812500000000005,-3.979910381243527
11.5079,172.618,4.884375,-4.060982330193616
11.5079,172.618,4.8875,-4.124593892416139
11.5079,172.618,4.890625,-4.1685407257213605
11.5079,172.618,4.893750000000001,-4.189399156204126
11.5079,172.618,4.8968750000000005,-4.187990596173991
11.5079,172.618,4.9,-4.157344059702125
11.5079,172.618,4.903125,-4.110689488023395
11.5079,172.618,4.90625,-4.044200862391434
11.5079,172.618,4.909375000000001,-3.966191361306723
11.5079,172.618,4.9125000000000005,-3.872289434521069
11.5079,172.618,4.915625,-3.7753234430569984
11.5079,172.618,4.91875,-3.6783208787914505
11.5079,172.618,4.921875,-3.5873089987702205
11.5079,172.618,4.925000000000001,-3.498673508724006
11.5079,172.618,4.9281250000000005,-3.4264356527542446
11.5079,172.618,4.93125,-3.3609506334188777
11.5079,172.618,4.934375,-3.312314324404876
11.5079,172.618,4.9375,-3.2819525070479685
11.5079,172.618,4.940625000000001,-3.269358788666694
11.5079,172.618,4.9437500000000005,-3.276599050175946
11.5079,172.618,4.946875,-3.2986616500437176
11.5079,172.618,4.95,-3.340083426029285
11.5079,172.618,4.953125,-3.3957076117289238
11.5079,172.618,4.956250000000001,-3.4682537809908967
11.5079,172.618,4.9593750000000005,-3.5513104726653473
11.5079,172.618,4.9625,-3.6468116507790898
11.5079,172.618,4.965625,-3.753415111088686
11.5079,172.618,4.96875,-3.8618213183950854
11.5079,172.618,4.971875000000001,-3.9690405951553664
11.5079,172.618,4.9750000000000005,-4.073751711150639
11.5079,172.618,4.978125,-4.169341858605275
11.5079,172.618,4.98125,-4.250207065215321
11.5079,172.618,4.984375,-4.310824126892698
11.5079,172.618,4.987500000000001,-4.351075796760631
11.5079,172.618,4.9906250000000005,-4.360908249362766
11.5079,172.618,4.99375,-4.3424763273082405
11.5079,172.618,4.996875,-4.308599617103804
11.5079,172.618,5,-4.2628542663474525
11.5079,172.618,5.003125000000001,-4.189095540560034
11.5079,172.618,5.0062500000000005,-4.136516474315698
11.5079,172.618,5.009375,-4.071139814781112
11.5079,172.618,5.0125,-4.010456131438294
11.5079,172.618,5.015625,-3.9575902475108036
11.5079,172.618,5.018750000000001,-3.912331318569805
11.5079,172.618,5.0218750000000005,-3.879426742777372
11.5079,172.618,5.025,-3.85797669745091
11.5079,172.618,5.028125,-3.852235410725278
11.5079,172.618,5.03125,-3.870214952444912
11.5079,172.618,5.034375000000001,-3.8995253736488147
11.5079,172.618,5.0375000000000005,-3.946402350240888
11.5079,172.618,5.040625,-4.014586779261167
11.5079,172.618,5.04375,-4.100953635487407
11.5079,172.618,5.046875,-4.20313846699188
11.5079,172.618,5.050000000000001,-4.321426209702389
11.5079,172.618,5.0531250000000005,-4.452982889120101
11.5079,172.618,5.05625,-4.5960310270791975
11.5079,172.618,5.059375,-4.744662700160088
11.5079,172.618,5.0625,-4.894063969166781
11.5079,172.618,5.065625000000001,-5.046018204257242
11.5079,172.618,5.0687500000000005,-5.1878247616610915
11.5079,172.618,5.071875,-5.310648160974236
11.5079,172.618,5.075,-5.411047479670648
11.5079,172.618,5.078125,-5.475918827428739
11.5079,172.618,5.081250000000001,-5.503724231333891
11.5079,172.618,5.0843750000000005,-5.488796171937248
11.5079,172.618,5.0875,-5.437000253372686
11.5079,172.618,5.090625,-5.36225383873734
11.5079,172.618,5.09375,-5.258709531665823
11.5079,172.618,5.096875000000001,-5.14530827775097
11.5079,172.618,5.1000000000000005,-5.037830305255058
11.5079,172.618,5.103125,-4.923557411662281
11.5079,172.618,5.10625,-4.7913681268798065
11.5079,172.618,5.109375,-4.651073661651811
11.5079,172.618,5.112500000000001,-4.516029412255379
11.5079,172.618,5.1156250000000005,-4.409455278908354
11.5079,172.618,5.11875,-4.333494236874278
11.5079,172.618,5.121875,-4.284640956873702
11.5079,172.618,5.125,-4.258888583376719
11.5079,172.618,5.128125000000001,-4.2607839444285105
11.5079,172.618,5.1312500000000005,-4.279021811436598
11.5079,172.618,5.134375,-4.321076304329072
11.5079,172.618,5.1375,-4.373211049818939
11.5079,172.618,5.140625,-4.450770540387239
11.5079,172.618,5.143750000000001,-4.5365238056455315
11.5079,172.618,5.1468750000000005,-4.635168343936156
11.5079,172.618,5.15,-4.736933235359284
11.5079,172.618,5.153125,-4.8454949475583735
11.5079,172.618,5.15625,-4.961028097086559
11.5079,172.618,5.159375000000001,-5.068049231526227
11.5079,172.618,5.1625000000000005,-5.165326987569366
11.5079,172.618,5.165625,-5.255922347045985
11.5079,172.618,5.16875,-5.323461446618958
11.5079,172.618,5.171875,-5.374192968613874
11.5079,172.618,5.175000000000001,-5.401052672115846
11.5079,172.618,5.1781250000000005,-5.396952973360704
11.5079,172.618,5.18125,-5.3611610872822
11.5079,172.618,5.184375,-5.298775487402119
11.5079,172.618,5.1875,-5.222822880253949
11.5079,172.618,5.190625000000001,-5.139205199113431
11.5079,172.618,5.1937500000000005,-5.038893143989246
11.5079,172.618,5.196875,-4.955714865893238
11.5079,172.618,5.2,-4.877330839614265
11.5079,172.618,5.203125,-4.800935957593785
11.5079,172.618,5.206250000000001,-4.735288721072058
11.5079,172.618,5.2093750000000005,-4.684479785276128
11.5079,172.618,5.2125,-4.6480187430537665
11.5079,172.618,5.215625,-4.63087534168648
11.5079,172.618,5.21875,-4.643539166566645
11.5079,172.618,5.221875000000001,-4.688931198708429
11.5079,172.618,5.2250000000000005,-4.759138800498148
11.5079,172.618,5.228125,-4.857689630195115
11.5079,172.618,5.23125,-4.989886770142004
11.5079,172.618,5.234375,-5.146861594941596
11.5079,172.618,5.237500000000001,-5.331242178644766
11.5079,172.618,5.2406250000000005,-5.544293205058123
11.5079,172.618,5.24375,-5.779340732198871
11.5079,172.618,5.246875,-6.05264996558181
11.5079,172.618,5.25,-6.35943484376884
11.5079,172.618,5.253125000000001,-6.721757844294661
11.5079,172.618,5.2562500000000005,-7.179204688626715
11.5079,172.618,5.259375,-7.803504087058762
11.5079,172.618,5.2625,-8.786658386393151
11.5079,172.618,5.265625,-10.284157090363104
11.5079,172.618,5.268750000000001,-11.27654810095015
11.5079,172.618,5.2718750000000005,-9.884069360329207
11.5079,172.618,5.275,-8.297569938261548
11.5079,172.618,5.278125,-7.378169490748841
11.5079,172.618,5.28125,-6.829769563359606
11.5079,172.618,5.284375000000001,-6.444907121314994
11.5079,172.618,5.2875000000000005,-6.147211257058933
11.5079,172.618,5.290625,-5.894122670062728
11.5079,172.618,5.29375,-5.673834738989814
11.5079,172.618,5.296875,-5.48541926108689
11.5079,172.618,5.300000000000001,-5.335234338299987
11.5079,172.618,5.3031250000000005,-5.218314092465971
11.5079,172.618,5.30625,-5.134026383078799
11.5079,172.618,5.309375,-5.0806738248297005
11.5079,172.618,5.3125,-5.042009856881416
11.5079,172.618,5.315625000000001,-5.037119873270578
11.5079,172.618,5.3187500000000005,-5.055876968922383
11.5079,172.618,5.321875,-5.1029459268921435
11.5079,172.618,5.325,-5.168127507559133
11.5079,172.618,5.328125,-5.243461171507393
11.5079,172.618,5.331250000000001,-5.32367469447225
11.5079,172.618,5.3343750000000005,-5.415566336890429
11.5079,172.618,5.3375,-5.50339018718406
11.5079,172.618,5.340625,-5.592826240906129
11.5079,172.618,5.34375,-5.692131539407329
11.5079,172.618,5.346875000000001,-5.772166581078416
11.5079,172.618,5.3500000000000005,-5.853449578843096
11.5079,172.618,5.353125,-5.889937212393686
11.5079,172.618,5.35625,-5.910713047432109
11.5079,172.618,5.359375,-5.8910393696442975
11.5079,172.618,5.362500000000001,-5.8420090490266805
11.5079,172.618,5.3656250000000005,-5.764847206812491
11.5079,172.618,5.36875,-5.659685149237412
11.5079,172.618,5.371875,-5.5305777332697135
11.5079,172.618,5.375,-5.391038533224471
11.5079,172.618,5.378125000000001,-5.249476480207647
11.5079,172.618,5.3812500000000005,-5.113312437814322
11.5079,172.618,5.384375,-4.9864332015004615
11.5079,172.618,5.3875,-4.8766320523502245
11.5079,172.618,5.390625,-4.78533906345575
11.5079,172.618,5.393750000000001,-4.711056409306529
11.5079,172.618,5.3968750000000005,-4.6704997460530775
11.5079,172.618,5.4,-4.644547569445946
11.5079,172.618,5.403125,-4.646914660044816
11.5079,172.618,5.40625,-4.669072694872113
11.5079,172.618,5.409375000000001,-4.719826255364672
11.5079,172.618,5.4125000000000005,-4.785463171921328
11.5079,172.618,5.415625,-4.871844704456949
11.5079,172.618,5.41875,-4.974498200357689
11.5079,172.618,5.421875,-5.097199287133982
11.5079,172.618,5.425000000000001,-5.228682208846665
11.5079,172.618,5.4281250000000005,-5.374381051958613
11.5079,172.618,5.43125,-5.534147436320297
11.5079,172.618,5.434375,-5.693614527981728
11.5079,172.618,5.4375,-5.847180303769399
11.5079,172.618,5.440625000000001,-5.98250112527673
11.5079,172.618,5.4437500000000005,-6.1047981312970006
11.5079,172.618,5.446875,-6.187727994948044
11.5079,172.618,5.45,-6.237169395244369
11.5079,172.618,5.453125,-6.254733936212129
11.5079,172.618,5.456250000000001,-6.2207220073498615
11.5079,172.618,5.4593750000000005,-6.1572879056968555
11.5079,172.618,5.4625,-6.0522679582031635
11.5079,172.618,5.465625,-5.916342271325659
11.5079,172.618,5.46875,-5.758765181593436
11.5079,172.618,5.471875000000001,-5.596151363325159
11.5079,172.618,5.4750000000000005,-5.4303128319487115
11.5079,172.618,5.478125,-5.266984767469614
11.5079,172.618,5.48125,-5.126118898368533
11.5079,172.618,5.484375,-5.000500574330524
11.5079,172.618,5.487500000000001,-4.902494277979326
11.5079,172.618,5.4906250000000005,-4.828417288664762
11.5079,172.618,5.49375,-4.788752931808478
11.5079,172.618,5.496875,-4.766561188330038
11.5079,172.618,5.5,-4.7818122274208354
11.5079,172.618,5.503125000000001,-4.807231847853812
11.5079,172.618,5.5062500000000005,-4.860569928280016
11.5079,172.618,5.509375,-4.928682314949128
11.5079,172.618,5.5125,-5.004599360537341
11.5079,172.618,5.515625,-5.093986600759196
11.5079,172.618,5.518750000000001,-5.179955338316199
11.5079,172.618,5.5218750000000005,-5.26779915954654
11.5079,172.618,5.525,-5.348920548405798
11.5079,172.618,5.528125,-5.406090295927156
11.5079,172.618,5.53125,-5.448538793376349
11.5079,172.618,5.534375000000001,-5.466072516604733
11.5079,172.618,5.5375000000000005,-5.451378244260566
11.5079,172.618,5.540625,-5.416313227145004
11.5079,172.618,5.54375,-5.342357661208216
11.5079,172.618,5.546875,-5.243126388129713
11.5079,172.618,5.550000000000001,-5.126025644146338
11.5079,172.618,5.5531250000000005,-4.990171100632367
11.5079,172.618,5.55625,-4.845399838480499
11.5079,172.618,5.559375,-4.695365524439211
11.5079,172.618,5.5625,-4.545472109059879
11.5079,172.618,5.565625000000001,-4.408981566160594
11.5079,172.618,5.5687500000000005,-4.286893335363809
11.5079,172.618,5.571875,-4.178049981105084
11.5079,172.618,5.575,-4.089618527306666
11.5079,172.618,5.578125,-4.023652529361126
11.5079,172.618,5.581250000000001,-3.984306800072068
11.5079,172.618,5.5843750000000005,-3.958683855755876
11.5079,172.618,5.5875,-3.9651755784332705
11.5079,172.618,5.590625,-3.988461885917309
11.5079,172.618,5.59375,-4.036301439833608
11.5079,172.618,5.596875000000001,-4.104573995592182
11.5079,172.618,5.6000000000000005,-4.191994468997292
11.5079,172.618,5.603125,-4.293694532910568
11.5079,172.618,5.60625,-4.408121120155482
11.5079,172.618,5.609375,-4.534047102558118
11.5079,172.618,5.612500000000001,-4.66807954198852
11.5079,172.618,5.6156250000000005,-4.795942846130392
11.5079,172.618,5.61875,-4.912196931154443
11.5079,172.618,5.621875,-5.022897048832451
11.5079,172.618,5.625,-5.104741636661059
11.5079,172.618,5.628125000000001,-5.165821332340502
11.5079,172.618,5.6312500000000005,-5.1845362777537805
11.5079,172.618,5.634375,-5.17307516536599
11.5079,172.618,5.6375,-5.1187456738671795
11.5079,172.618,5.640625,-5.02740728770291
11.5079,172.618,5.643750000000001,-4.912564878841544
11.5079,172.618,5.6468750000000005,-4.780188981962779
11.5079,172.618,5.65,-4.629606471951187
11.5079,172.618,5.653125,-4.474430784804044
11.5079,172.618,5.65625,-4.332523153470208
11.5079,172.618,5.659375000000001,-4.207861181573993
11.5079,172.618,5.6625000000000005,-4.083894090746663
11.5079,172.618,5.665625,-3.9857947178654123
11.5079,172.618,5.66875,-3.9243530303309715
11.5079,172.618,5.671875,-3.871648215536338
11.5079,172.618,5.675000000000001,-3.8405144110350777
11.5079,172.618,5.6781250000000005,-3.8334275623186143
11.5079,172.618,5.68125,-3.8532082477059544
11.5079,172.618,5.684375,-3.8824506156306784
11.5079,172.618,5.6875,-3.934074790201589
11.5079,172.618,5.690625000000001,-3.9930877052364595
11.5079,172.618,5.6937500000000005,-4.058918316331716
11.5079,172.618,5.696875,-4.135936553847942
11.5079,172.618,5.7,-4.2078828554265595
11.5079,172.618,5.703125,-4.277274531051715
11.5079,172.618,5.706250000000001,-4.342557984757586
11.5079,172.618,5.7093750000000005,-4.390489325956639
11.5079,172.618,5.7125,-4.416719711794619
11.5079,172.618,5.715625,-4.427141172332252
11.5079,172.618,5.71875,-4.401474333667033
11.5079,172.618,5.721875000000001,-4.3566116639093035
11.5079,172.618,5.7250000000000005,-4.2821941246579485
11.5079,172.618,5.728125,-4.173218450165142
11.5079,172.618,5.73125,-4.0481639578029815
11.5079,172.618,5.734375,-3.907678381019381
11.5079,172.618,5.737500000000001,-3.7477608738560213
11.5079,172.618,5.7406250000000005,-3.589019988679177
11.5079,172.618,5.74375,-3.433328094760468
11.5079,172.618,5.746875,-3.298093267813948
11.5079,172.618,5.75,-3.1658869010937107
11.5079,172.618,5.753125000000001,-3.053731523818591
11.5079,172.618,5.7562500000000005,-2.96683563702207
11.5079,172.618,5.759375,-2.9018838067211656
11.5079,172.618,5.7625,-2.869077830267832
11.5079,172.618,5.765625,-2.8587263710471627
11.5079,172.618,5.768750000000001,-2.865448811360221
11.5079,172.618,5.7718750000000005,-2.903563179739048
11.5079,172.618,5.775,-2.954324687233565
11.5079,172.618,5.778125,-3.024731877031427
11.5079,172.618,5.78125,-3.1088306937307193
11.5079,172.618,5.784375000000001,-3.19925442762183
11.5079,172.618,5.7875000000000005,-3.296909346026472
11.5079,172.618,5.790625,-3.3975934198344055
11.5079,172.618,5.79375,-3.4921775674467477
11.5079,172.618,5.796875,-3.578015123484584
11.5079,172.618,5.800000000000001,-3.6480647347146578
11.5079,172.618,5.8031250000000005,-3.7052748045393806
11.5079,172.618,5.80625,-3.7431265690983127
11.5079,172.618,5.809375,-3.7451300409808566
11.5079,172.618,5.8125,-3.7322099757741274
11.5079,172.618,5.815625000000001,-3.687215527141485
11.5079,172.618,5.8187500000000005,-3.617740110850118
11.5079,172.618,5.821875,-3.534195368080783
11.5079,172.618,5.825,-3.425057377659926
11.5079,172.618,5.828125,-3.3055478726647927
11.5079,172.618,5.831250000000001,-3.185067085054112
11.5079,172.618,5.8343750000000005,-3.060092520144424
11.5079,172.618,5.8375,-2.946330019714721
11.5079,172.618,5.840625,-2.8415139098089486
11.5079,172.618,5.84375,-2.7540596014605967
11.5079,172.618,5.846875000000001,-2.6891372079981086
11.5079,172.618,5.8500000000000005,-2.6458660209428135
11.5079,172.618,5.853125,-2.6261291620719183
11.5079,172.618,5.85625,-2.62604315009843
11.5079,172.618,5.859375,-2.6495704966525895
11.5079,172.618,5.862500000000001,-2.6977119316541955
11.5079,172.618,5.8656250000000005,-2.7602340969688086
11.5079,172.618,5.86875,-2.838245673339732
11.5079,172.618,5.871875,-2.928290334389639
11.5079,172.618,5.875,-3.0198875851312086
11.5079,172.618,5.878125000000001,-3.117523866166029
11.5079,172.618,5.8812500000000005,-3.2061394293447654
11.5079,172.618,5.884375,-3.292796227627525
11.5079,172.618,5.8875,-3.3657513798060816
11.5079,172.618,5.890625,-3.421953130417909
11.5079,172.618,5.893750000000001,-3.4620777542219057
11.5079,172.618,5.8968750000000005,-3.4648819320062305
11.5079,172.618,5.9,-3.4441374907783335
11.5079,172.618,5.903125,-3.3855856567613496
11.5079,172.618,5.90625,-3.294661061303785
11.5079,172.618,5.909375000000001,-3.1745555720660255
11.5079,172.618,5.9125000000000005,-3.037386217858326
11.5079,172.618,5.915625,-2.88111231953794
11.5079,172.618,5.91875,-2.715633378392112
11.5079,172.618,5.921875,-2.5557463998889753
11.5079,172.618,5.925000000000001,-2.401293816941914
11.5079,172.618,5.9281250000000005,-2.264376932184819
11.5079,172.618,5.93125,-2.146904410288367
11.5079,172.618,5.934375,-2.047418402258743
11.5079,172.618,5.9375,-1.9835203938143418
11.5079,172.618,5.940625000000001,-1.9365619199108275
11.5079,172.618,5.9437500000000005,-1.9198123939703324
11.5079,172.618,5.946875,-1.929618284598447
11.5079,172.618,5.95,-1.9589581611187845
11.5079,172.618,5.953125,-2.0121631188976523
11.5079,172.618,5.956250000000001,-2.076326518778258
11.5079,172.618,5.9593750000000005,-2.1627782201143475
11.5079,172.618,5.9625,-2.2632344320399427
11.5079,172.618,5.965625,-2.36073233726033
11.5079,172.618,5.96875,-2.4737876293844887
11.5079,172.618,5.971875000000001,-2.5872595106438006
11.5079,172.618,5.9750000000000005,-2.7014523272090067
11.5079,172.618,5.978125,-2.812275065048939
11.5079,172.618,5.98125,-2.917745844514484
11.5079,172.618,5.984375,-3.0029914289110478
11.5079,172.618,5.987500000000001,-3.0673218810463294
11.5079,172.618,5.9906250000000005,-3.0978423545286833
11.5079,172.618,5.99375,-3.102850361991369
11.5079,172.618,5.996875,-3.0803367936587023
11.5079,172.618,6,-3.0252962434392945
