"Current","Field","Frequency","Spectra"
10.2495,153.742,1,-0.9180840536692652
10.2495,153.742,1.003125,-0.8769484219937478
10.2495,153.742,1.00625,-0.838491429370479
10.2495,153.742,1.0093750000000001,-0.8072814867930795
10.2495,153.742,1.0125,-0.7837131157640725
10.2495,153.742,1.015625,-0.7705596085960392
10.2495,153.742,1.01875,-0.7678289016356875
10.2495,153.742,1.021875,-0.7751048550875383
10.2495,153.742,1.0250000000000001,-0.7979243257377772
10.2495,153.742,1.028125,-0.8330703234874047
10.2495,153.742,1.03125,-0.8788971816884819
10.2495,153.742,1.034375,-0.9352278684224347
10.2495,153.742,1.0375,-0.9990856701259563
10.2495,153.742,1.0406250000000001,-1.0682641756426026
10.2495,153.742,1.04375,-1.135041160837578
10.2495,153.742,1.046875,-1.203148097151343
10.2495,153.742,1.05,-1.2679933013120437
10.2495,153.742,1.053125,-1.3220531359248895
10.2495,153.742,1.0562500000000001,-1.368650314079864
10.2495,153.742,1.059375,-1.4053608157515274
10.2495,153.742,1.0625,-1.4291263059060488
10.2495,153.742,1.065625,-1.4426361014453113
10.2495,153.742,1.06875,-1.4433989438110106
10.2495,153.742,1.0718750000000001,-1.4323328349043543
10.2495,153.742,1.0750000000000002,-1.4105550025272162
10.2495,153.742,1.078125,-1.3810485970865025
10.2495,153.742,1.08125,-1.342035205728223
10.2495,153.742,1.084375,-1.2947694645484291
10.2495,153.742,1.0875000000000001,-1.240395119766856
10.2495,153.742,1.0906250000000002,-1.1847570774671192
10.2495,153.742,1.09375,-1.1374014632751341
10.2495,153.742,1.096875,-1.0804077623134751
10.2495,153.742,1.1,-1.0347432756756794
10.2495,153.742,1.1031250000000001,-0.9950221651249105
10.2495,153.742,1.1062500000000002,-0.950261536563387
10.2495,153.742,1.109375,-0.9184212226338201
10.2495,153.742,1.1125,-0.8993960916672183
10.2495,153.742,1.115625,-0.8880958359772907
10.2495,153.742,1.1187500000000001,-0.8888839389953187
10.2495,153.742,1.1218750000000002,-0.8960546260306788
10.2495,153.742,1.125,-0.9115476306352922
10.2495,153.742,1.128125,-0.9356225830842553
10.2495,153.742,1.13125,-0.9700402535286502
10.2495,153.742,1.1343750000000001,-1.004409727321132
10.2495,153.742,1.1375000000000002,-1.0460219811070717
10.2495,153.742,1.140625,-1.0865721186031592
10.2495,153.742,1.14375,-1.122151381341784
10.2495,153.742,1.146875,-1.1592329740807485
10.2495,153.742,1.1500000000000001,-1.1891492246191515
10.2495,153.742,1.1531250000000002,-1.2145648053055573
10.2495,153.742,1.15625,-1.2299116949687614
10.2495,153.742,1.159375,-1.238070653857012
10.2495,153.742,1.1625,-1.2354270574299582
10.2495,153.742,1.1656250000000001,-1.2210714559146376
10.2495,153.742,1.1687500000000002,-1.1993144950040064
10.2495,153.742,1.171875,-1.1694811236467777
10.2495,153.742,1.175,-1.1312785572748587
10.2495,153.742,1.178125,-1.0858280449290278
10.2495,153.742,1.1812500000000001,-1.035372188410479
10.2495,153.742,1.1843750000000002,-0.9853605388482135
10.2495,153.742,1.1875,-0.9324239977140285
10.2495,153.742,1.190625,-0.8835911915941607
10.2495,153.742,1.19375,-0.8422269605568479
10.2495,153.742,1.1968750000000001,-0.8100090969810416
10.2495,153.742,1.2000000000000002,-0.7827400215204878
10.2495,153.742,1.203125,-0.7743918356689418
10.2495,153.742,1.20625,-0.7811689543612165
10.2495,153.742,1.209375,-0.8005802131604864
10.2495,153.742,1.2125000000000001,-0.8336354533299929
10.2495,153.742,1.2156250000000002,-0.8845988022308438
10.2495,153.742,1.21875,-0.93735823165499
10.2495,153.742,1.221875,-1.0027703371217171
10.2495,153.742,1.225,-1.0813935246843043
10.2495,153.742,1.2281250000000001,-1.1568109225764476
10.2495,153.742,1.2312500000000002,-1.2320510292254545
10.2495,153.742,1.234375,-1.3003917432106586
10.2495,153.742,1.2375,-1.358330250864737
10.2495,153.742,1.240625,-1.4076945714686144
10.2495,153.742,1.2437500000000001,-1.4566267231964647
10.2495,153.742,1.2468750000000002,-1.493051461995881
10.2495,153.742,1.25,-1.5139472361858148
10.2495,153.742,1.253125,-1.5198682641502956
10.2495,153.742,1.25625,-1.5033757421604697
10.2495,153.742,1.2593750000000001,-1.475493596969707
10.2495,153.742,1.2625000000000002,-1.454066592604025
10.2495,153.742,1.265625,-1.4246193477427125
10.2495,153.742,1.26875,-1.3821213675634545
10.2495,153.742,1.271875,-1.3347795107062421
10.2495,153.742,1.2750000000000001,-1.282826825860749
10.2495,153.742,1.2781250000000002,-1.2221850276520025
10.2495,153.742,1.28125,-1.1732274806399832
10.2495,153.742,1.284375,-1.1375311538032604
10.2495,153.742,1.2875,-1.1006326956101447
10.2495,153.742,1.2906250000000001,-1.0653100469632921
10.2495,153.742,1.2937500000000002,-1.0414149994272333
10.2495,153.742,1.296875,-1.0279460452941385
10.2495,153.742,1.3,-1.022560163657975
10.2495,153.742,1.303125,-1.035096964690741
10.2495,153.742,1.3062500000000001,-1.054648529797024
10.2495,153.742,1.3093750000000002,-1.0784342467505887
10.2495,153.742,1.3125,-1.117499235615508
10.2495,153.742,1.315625,-1.1572673536324252
10.2495,153.742,1.31875,-1.1988653496563364
10.2495,153.742,1.3218750000000001,-1.2459085240328545
10.2495,153.742,1.3250000000000002,-1.288208548985248
10.2495,153.742,1.328125,-1.3238959189396908
10.2495,153.742,1.33125,-1.3571123129309974
10.2495,153.742,1.334375,-1.3780332926382455
10.2495,153.742,1.3375000000000001,-1.3934099780527534
10.2495,153.742,1.3406250000000002,-1.3948935737386252
10.2495,153.742,1.34375,-1.3895473128730251
10.2495,153.742,1.346875,-1.374198861814076
10.2495,153.742,1.35,-1.3459642553575448
10.2495,153.742,1.3531250000000001,-1.3093974319592716
10.2495,153.742,1.3562500000000002,-1.2658870411498848
10.2495,153.742,1.359375,-1.2205218958582371
10.2495,153.742,1.3625,-1.1605629126019636
10.2495,153.742,1.365625,-1.1009695735141913
10.2495,153.742,1.3687500000000001,-1.0433438082613393
10.2495,153.742,1.3718750000000002,-0.9900657459705797
10.2495,153.742,1.375,-0.9381022003635449
10.2495,153.742,1.378125,-0.8978834422316694
10.2495,153.742,1.38125,-0.8650086597946888
10.2495,153.742,1.3843750000000001,-0.8403161339974813
10.2495,153.742,1.3875000000000002,-0.8315518898467735
10.2495,153.742,1.390625,-0.8373916426527261
10.2495,153.742,1.39375,-0.859926574856072
10.2495,153.742,1.396875,-0.9021015742592603
10.2495,153.742,1.4000000000000001,-0.9519788240984035
10.2495,153.742,1.4031250000000002,-1.0076492925477658
10.2495,153.742,1.40625,-1.0738800824510237
10.2495,153.742,1.409375,-1.1448988361595076
10.2495,153.742,1.4125,-1.2205503066371461
10.2495,153.742,1.4156250000000001,-1.2942170160573592
10.2495,153.742,1.4187500000000002,-1.3704107639912269
10.2495,153.742,1.421875,-1.431423258071523
10.2495,153.742,1.425,-1.4863823195565464
10.2495,153.742,1.428125,-1.531965469960407
10.2495,153.742,1.4312500000000001,-1.5652260634863056
10.2495,153.742,1.4343750000000002,-1.5862434644942165
10.2495,153.742,1.4375,-1.5935684673151143
10.2495,153.742,1.440625,-1.5910137585259296
10.2495,153.742,1.44375,-1.576868712016172
10.2495,153.742,1.4468750000000001,-1.5500832110705929
10.2495,153.742,1.4500000000000002,-1.515213098164143
10.2495,153.742,1.453125,-1.471656959955754
10.2495,153.742,1.45625,-1.421358340428339
10.2495,153.742,1.459375,-1.366937431878878
10.2495,153.742,1.4625000000000001,-1.3132695217711592
10.2495,153.742,1.4656250000000002,-1.2609857433547744
10.2495,153.742,1.46875,-1.2142412187747218
10.2495,153.742,1.471875,-1.1721143883259846
10.2495,153.742,1.475,-1.1402423720342771
10.2495,153.742,1.4781250000000001,-1.120420660611764
10.2495,153.742,1.4812500000000002,-1.1129021250782811
10.2495,153.742,1.484375,-1.1197273974433977
10.2495,153.742,1.4875,-1.1405279026597983
10.2495,153.742,1.490625,-1.1768054072782577
10.2495,153.742,1.4937500000000001,-1.2196329305645839
10.2495,153.742,1.4968750000000002,-1.2717481298259248
10.2495,153.742,1.5,-1.3247594394735756
10.2495,153.742,1.503125,-1.3844117009876307
10.2495,153.742,1.50625,-1.4370237384226068
10.2495,153.742,1.5093750000000001,-1.487667318854756
10.2495,153.742,1.5125000000000002,-1.5293495138458622
10.2495,153.742,1.515625,-1.5629471307691531
10.2495,153.742,1.51875,-1.5919804021952342
10.2495,153.742,1.521875,-1.6012233015812218
10.2495,153.742,1.5250000000000001,-1.5973066009703527
10.2495,153.742,1.5281250000000002,-1.5862209178797968
10.2495,153.742,1.53125,-1.56390877729338
10.2495,153.742,1.534375,-1.5347762051134006
10.2495,153.742,1.5375,-1.498197458967231
10.2495,153.742,1.5406250000000001,-1.4518661904401835
10.2495,153.742,1.5437500000000002,-1.3994172647587133
10.2495,153.742,1.546875,-1.3417772124113663
10.2495,153.742,1.55,-1.2801677451303006
10.2495,153.742,1.553125,-1.2189743721654984
10.2495,153.742,1.5562500000000001,-1.1573396251887171
10.2495,153.742,1.5593750000000002,-1.1031117451757435
10.2495,153.742,1.5625,-1.049422280969013
10.2495,153.742,1.565625,-1.004582905385885
10.2495,153.742,1.56875,-0.9756435763652624
10.2495,153.742,1.5718750000000001,-0.9573506537358398
10.2495,153.742,1.5750000000000002,-0.9527745594080294
10.2495,153.742,1.578125,-0.9688626418587203
10.2495,153.742,1.58125,-1.0003212299609179
10.2495,153.742,1.584375,-1.0456455673146152
10.2495,153.742,1.5875000000000001,-1.10762064426368
10.2495,153.742,1.5906250000000002,-1.181608823298822
10.2495,153.742,1.59375,-1.2639300833655875
10.2495,153.742,1.596875,-1.345302752867927
10.2495,153.742,1.6,-1.4272530604890998
10.2495,153.742,1.6031250000000001,-1.5025312234056611
10.2495,153.742,1.6062500000000002,-1.5682451252627303
10.2495,153.742,1.609375,-1.6246096373346037
10.2495,153.742,1.6125,-1.6648871813620014
10.2495,153.742,1.615625,-1.6891478868029104
10.2495,153.742,1.6187500000000001,-1.7003712724833042
10.2495,153.742,1.6218750000000002,-1.6963891674682028
10.2495,153.742,1.625,-1.678530283119673
10.2495,153.742,1.628125,-1.6468370597449278
10.2495,153.742,1.63125,-1.609845675204657
10.2495,153.742,1.6343750000000001,-1.5640694446369436
10.2495,153.742,1.6375000000000002,-1.5185729093243099
10.2495,153.742,1.640625,-1.4694692616484992
10.2495,153.742,1.64375,-1.4172964571663194
10.2495,153.742,1.646875,-1.3705938224362577
10.2495,153.742,1.6500000000000001,-1.3254428649186747
10.2495,153.742,1.6531250000000002,-1.2908717925532252
10.2495,153.742,1.65625,-1.2656536524174045
10.2495,153.742,1.659375,-1.2568893681167026
10.2495,153.742,1.6625,-1.2689199818264187
10.2495,153.742,1.6656250000000001,-1.270709643577376
10.2495,153.742,1.6687500000000002,-1.268878112524365
10.2495,153.742,1.671875,-1.286948751026196
10.2495,153.742,1.675,-1.3227734667125506
10.2495,153.742,1.678125,-1.3673875603862817
10.2495,153.742,1.6812500000000001,-1.4222567130106842
10.2495,153.742,1.6843750000000002,-1.4791029705329333
10.2495,153.742,1.6875,-1.5448181105276118
10.2495,153.742,1.690625,-1.6061867084854167
10.2495,153.742,1.69375,-1.661441694548015
10.2495,153.742,1.6968750000000001,-1.7157074492623505
10.2495,153.742,1.7000000000000002,-1.757964462633842
10.2495,153.742,1.703125,-1.7885322688490377
10.2495,153.742,1.70625,-1.8085409385584943
10.2495,153.742,1.709375,-1.8203585558926447
10.2495,153.742,1.7125000000000001,-1.8165878033521008
10.2495,153.742,1.7156250000000002,-1.79821989229803
10.2495,153.742,1.71875,-1.7676892335157204
10.2495,153.742,1.721875,-1.7235498517986525
10.2495,153.742,1.725,-1.6724829408617192
10.2495,153.742,1.7281250000000001,-1.6077148783532327
10.2495,153.742,1.7312500000000002,-1.539633059832238
10.2495,153.742,1.734375,-1.4670510187271288
10.2495,153.742,1.7375,-1.3941166014511839
10.2495,153.742,1.740625,-1.3229160406008078
10.2495,153.742,1.7437500000000001,-1.257361409764011
10.2495,153.742,1.7468750000000002,-1.1945116424430218
10.2495,153.742,1.75,-1.14688931071839
10.2495,153.742,1.753125,-1.1115309270048073
10.2495,153.742,1.75625,-1.0909224120258008
10.2495,153.742,1.7593750000000001,-1.0898091912424652
10.2495,153.742,1.7625000000000002,-1.1039235588987293
10.2495,153.742,1.765625,-1.1376717777808913
10.2495,153.742,1.76875,-1.1823029586857852
10.2495,153.742,1.771875,-1.2390729963037834
10.2495,153.742,1.7750000000000001,-1.3074555758604962
10.2495,153.742,1.7781250000000002,-1.379823555555879
10.2495,153.742,1.78125,-1.4537290304342911
10.2495,153.742,1.784375,-1.5267032947640067
10.2495,153.742,1.7875,-1.5957580581165156
10.2495,153.742,1.7906250000000001,-1.6545179456666346
10.2495,153.742,1.7937500000000002,-1.7051162809692157
10.2495,153.742,1.7968750000000002,-1.7414493165870835
10.2495,153.742,1.8,-1.7678709821755934
10.2495,153.742,1.803125,-1.7760019055665277
10.2495,153.742,1.8062500000000001,-1.7730645605422688
10.2495,153.742,1.8093750000000002,-1.7614953098522244
10.2495,153.742,1.8125000000000002,-1.73938971993579
10.2495,153.742,1.815625,-1.7072837471287343
10.2495,153.742,1.81875,-1.6657168767284214
10.2495,153.742,1.8218750000000001,-1.6212679875285776
10.2495,153.742,1.8250000000000002,-1.5712525951310765
10.2495,153.742,1.8281250000000002,-1.520899957129532
10.2495,153.742,1.83125,-1.4690320568129764
10.2495,153.742,1.834375,-1.4214465227315025
10.2495,153.742,1.8375000000000001,-1.3798016893941087
10.2495,153.742,1.8406250000000002,-1.3448888941156119
10.2495,153.742,1.8437500000000002,-1.3212390217705363
10.2495,153.742,1.846875,-1.3103453635725253
10.2495,153.742,1.85,-1.3086140083101514
10.2495,153.742,1.8531250000000001,-1.3252296699705308
10.2495,153.742,1.8562500000000002,-1.3556056068922846
10.2495,153.742,1.8593750000000002,-1.3990761920671129
10.2495,153.742,1.8625,-1.456942712419242
10.2495,153.742,1.865625,-1.522458968804405
10.2495,153.742,1.8687500000000001,-1.5919440312112227
10.2495,153.742,1.8718750000000002,-1.663749953438555
10.2495,153.742,1.8750000000000002,-1.7343703096530008
10.2495,153.742,1.878125,-1.8022422117810142
10.2495,153.742,1.88125,-1.8586264728894506
10.2495,153.742,1.8843750000000001,-1.9071059916473718
10.2495,153.742,1.8875000000000002,-1.9404365257102054
10.2495,153.742,1.8906250000000002,-1.9604960561825586
10.2495,153.742,1.89375,-1.9644944939850348
10.2495,153.742,1.896875,-1.9492534373628003
10.2495,153.742,1.9000000000000001,-1.9244544080020944
10.2495,153.742,1.9031250000000002,-1.8845793108825737
10.2495,153.742,1.9062500000000002,-1.8362094766440147
10.2495,153.742,1.909375,-1.7775037745887428
10.2495,153.742,1.9125,-1.710105039875599
10.2495,153.742,1.9156250000000001,-1.6397622538213592
10.2495,153.742,1.9187500000000002,-1.5644499946953658
10.2495,153.742,1.9218750000000002,-1.492567146717036
10.2495,153.742,1.925,-1.4215771674199744
10.2495,153.742,1.928125,-1.356431878820286
10.2495,153.742,1.9312500000000001,-1.3012207325330991
10.2495,153.742,1.9343750000000002,-1.2594676729836523
10.2495,153.742,1.9375000000000002,-1.2237333090787332
10.2495,153.742,1.940625,-1.2051333253351313
10.2495,153.742,1.94375,-1.2026171322608121
10.2495,153.742,1.9468750000000001,-1.213759188484109
10.2495,153.742,1.9500000000000002,-1.2414478114556753
10.2495,153.742,1.9531250000000002,-1.2809366656587604
10.2495,153.742,1.95625,-1.3379064519173187
10.2495,153.742,1.959375,-1.4038093068588144
10.2495,153.742,1.9625000000000001,-1.4715723198637984
10.2495,153.742,1.9656250000000002,-1.5439906266445553
10.2495,153.742,1.9687500000000002,-1.6156487768773915
10.2495,153.742,1.971875,-1.6808895679871718
10.2495,153.742,1.975,-1.7378694981454468
10.2495,153.742,1.9781250000000001,-1.7863208606983956
10.2495,153.742,1.9812500000000002,-1.8178375975662422
10.2495,153.742,1.9843750000000002,-1.8367922843447173
10.2495,153.742,1.9875,-1.845680587923766
10.2495,153.742,1.990625,-1.837132272472959
10.2495,153.742,1.9937500000000001,-1.8128501323576993
10.2495,153.742,1.9968750000000002,-1.77957539945562
10.2495,153.742,2,-1.734296883685483
10.2495,153.742,2.0031250000000003,-1.6795729507661745
10.2495,153.742,2.00625,-1.6208787243821987
10.2495,153.742,2.009375,-1.5568490725611306
10.2495,153.742,2.0125,-1.4951695767458395
10.2495,153.742,2.015625,-1.4324862160032765
10.2495,153.742,2.0187500000000003,-1.3769093174110631
10.2495,153.742,2.021875,-1.327499821299153
10.2495,153.742,2.025,-1.2866859353612268
10.2495,153.742,2.028125,-1.2618858406000035
10.2495,153.742,2.03125,-1.2523108715304834
10.2495,153.742,2.0343750000000003,-1.2623977901005916
10.2495,153.742,2.0375,-1.2878373566669836
10.2495,153.742,2.040625,-1.329896950829488
10.2495,153.742,2.04375,-1.38332797072141
10.2495,153.742,2.046875,-1.4529173861374085
10.2495,153.742,2.0500000000000003,-1.524527539908631
10.2495,153.742,2.053125,-1.6075971890080658
10.2495,153.742,2.05625,-1.6952240178770908
10.2495,153.742,2.059375,-1.7739630545171186
10.2495,153.742,2.0625,-1.8494804812097423
10.2495,153.742,2.0656250000000003,-1.9122169516123988
10.2495,153.742,2.06875,-1.9665321265759377
10.2495,153.742,2.071875,-2.006252358950333
10.2495,153.742,2.075,-2.0277184706847935
10.2495,153.742,2.078125,-2.0391171495530487
10.2495,153.742,2.0812500000000003,-2.034507933140671
10.2495,153.742,2.084375,-2.0143267447269446
10.2495,153.742,2.0875,-1.9784333425607439
10.2495,153.742,2.090625,-1.9265681931265277
10.2495,153.742,2.09375,-1.868876660140602
10.2495,153.742,2.0968750000000003,-1.8031016160557423
10.2495,153.742,2.1,-1.7307378332260772
10.2495,153.742,2.103125,-1.6599416570678474
10.2495,153.742,2.10625,-1.5880284068983752
10.2495,153.742,2.109375,-1.5188445615271022
10.2495,153.742,2.1125000000000003,-1.4521678516662733
10.2495,153.742,2.115625,-1.393560323293033
10.2495,153.742,2.11875,-1.3421567163888541
10.2495,153.742,2.121875,-1.3055154473819588
10.2495,153.742,2.125,-1.2794818982349334
10.2495,153.742,2.1281250000000003,-1.2738567687494684
10.2495,153.742,2.13125,-1.285564521707279
10.2495,153.742,2.134375,-1.309889702106044
10.2495,153.742,2.1375,-1.3563043511498791
10.2495,153.742,2.140625,-1.4110053171466506
10.2495,153.742,2.1437500000000003,-1.476896082243198
10.2495,153.742,2.146875,-1.5500151483222901
10.2495,153.742,2.1500000000000004,-1.627433567090553
10.2495,153.742,2.153125,-1.7010031119742706
10.2495,153.742,2.15625,-1.7723022814471547
10.2495,153.742,2.1593750000000003,-1.8342341330223544
10.2495,153.742,2.1625,-1.8843269555273077
10.2495,153.742,2.1656250000000004,-1.9180409976923871
10.2495,153.742,2.16875,-1.9362223268657108
10.2495,153.742,2.171875,-1.9342898946420655
10.2495,153.742,2.1750000000000003,-1.9179968820544204
10.2495,153.742,2.178125,-1.8886388943678964
10.2495,153.742,2.1812500000000004,-1.8486390032247781
10.2495,153.742,2.184375,-1.7971399233892584
10.2495,153.742,2.1875,-1.7395037217506046
10.2495,153.742,2.1906250000000003,-1.6728800224342433
10.2495,153.742,2.19375,-1.602743343010356
10.2495,153.742,2.1968750000000004,-1.5248034367179173
10.2495,153.742,2.2,-1.4540268123356028
10.2495,153.742,2.203125,-1.3903019311624436
10.2495,153.742,2.2062500000000003,-1.3367071793369214
10.2495,153.742,2.209375,-1.2954687507153186
10.2495,153.742,2.2125000000000004,-1.2670438266035264
10.2495,153.742,2.215625,-1.2529580509698595
10.2495,153.742,2.21875,-1.2538292306996903
10.2495,153.742,2.2218750000000003,-1.2770418124593788
10.2495,153.742,2.225,-1.3158848035607535
10.2495,153.742,2.2281250000000004,-1.3676672782474932
10.2495,153.742,2.23125,-1.4332357818828836
10.2495,153.742,2.234375,-1.5062057233431136
10.2495,153.742,2.2375000000000003,-1.5895437978183677
10.2495,153.742,2.240625,-1.6685221952864095
10.2495,153.742,2.2437500000000004,-1.7499821963857245
10.2495,153.742,2.246875,-1.8238279648600364
10.2495,153.742,2.25,-1.8920512546538792
10.2495,153.742,2.2531250000000003,-1.9501545087649566
10.2495,153.742,2.25625,-1.9923282532984674
10.2495,153.742,2.2593750000000004,-2.023984240040166
10.2495,153.742,2.2625,-2.039769663166504
10.2495,153.742,2.265625,-2.0375811278277753
10.2495,153.742,2.2687500000000003,-2.02176930189137
10.2495,153.742,2.271875,-1.9953754752460422
10.2495,153.742,2.2750000000000004,-1.9555080839795451
10.2495,153.742,2.278125,-1.9074626642677757
10.2495,153.742,2.28125,-1.848683935235543
10.2495,153.742,2.2843750000000003,-1.7856490692781706
10.2495,153.742,2.2875,-1.7165289619886372
10.2495,153.742,2.2906250000000004,-1.6469329108755986
10.2495,153.742,2.29375,-1.5776069170048466
10.2495,153.742,2.296875,-1.510021250035283
10.2495,153.742,2.3000000000000003,-1.4517141939153089
10.2495,153.742,2.303125,-1.40303714494731
10.2495,153.742,2.3062500000000004,-1.3639898729618278
10.2495,153.742,2.309375,-1.3395498255777858
10.2495,153.742,2.3125,-1.3287606210689757
10.2495,153.742,2.3156250000000003,-1.333591631808809
10.2495,153.742,2.31875,-1.3528621871381061
10.2495,153.742,2.3218750000000004,-1.392319869827824
10.2495,153.742,2.325,-1.4442714339911624
10.2495,153.742,2.328125,-1.5059107025560472
10.2495,153.742,2.3312500000000003,-1.5797961143325223
10.2495,153.742,2.334375,-1.6547467927935975
10.2495,153.742,2.3375000000000004,-1.7306725344085456
10.2495,153.742,2.340625,-1.8019549622430433
10.2495,153.742,2.34375,-1.866829788836448
10.2495,153.742,2.3468750000000003,-1.9223949709465238
10.2495,153.742,2.35,-1.964915434350032
10.2495,153.742,2.3531250000000004,-1.9922951574369034
10.2495,153.742,2.35625,-2.004792378757025
10.2495,153.742,2.359375,-2.002077566879863
10.2495,153.742,2.3625000000000003,-1.9848376185357852
10.2495,153.742,2.365625,-1.9503173082215581
10.2495,153.742,2.3687500000000004,-1.9025193319810754
10.2495,153.742,2.371875,-1.8468053858758082
10.2495,153.742,2.375,-1.785459060644595
10.2495,153.742,2.3781250000000003,-1.712835090432863
10.2495,153.742,2.38125,-1.6444286237079835
10.2495,153.742,2.3843750000000004,-1.5720538268917597
10.2495,153.742,2.3875,-1.5028871190580215
10.2495,153.742,2.390625,-1.4404062663632988
10.2495,153.742,2.3937500000000003,-1.3864774870180625
10.2495,153.742,2.396875,-1.3442494924366069
10.2495,153.742,2.4000000000000004,-1.319123458578924
10.2495,153.742,2.403125,-1.3114496075633564
10.2495,153.742,2.40625,-1.3237127036193463
10.2495,153.742,2.4093750000000003,-1.359534358334657
10.2495,153.742,2.4125,-1.4107336573002691
10.2495,153.742,2.4156250000000004,-1.48501331705063
10.2495,153.742,2.41875,-1.5837155568344001
10.2495,153.742,2.421875,-1.7069996416085929
10.2495,153.742,2.4250000000000003,-1.8829861548505875
10.2495,153.742,2.428125,-2.1835601731955814
10.2495,153.742,2.4312500000000004,-2.886289113969664
10.2495,153.742,2.434375,-3.5589619367123717
10.2495,153.742,2.4375,-2.6924942362556337
10.2495,153.742,2.4406250000000003,-2.3533964618975
10.2495,153.742,2.44375,-2.2625206637772206
10.2495,153.742,2.4468750000000004,-2.2299081218544154
10.2495,153.742,2.45,-2.2154032639749834
10.2495,153.742,2.453125,-2.192538463340548
10.2495,153.742,2.4562500000000003,-2.1597150950415367
10.2495,153.742,2.459375,-2.1163832240581133
10.2495,153.742,2.4625000000000004,-2.0628026775533472
10.2495,153.742,2.465625,-2.0007530442174266
10.2495,153.742,2.46875,-1.933267894403973
10.2495,153.742,2.4718750000000003,-1.8625289377133012
10.2495,153.742,2.475,-1.7912309996949842
10.2495,153.742,2.4781250000000004,-1.7225709105003237
10.2495,153.742,2.48125,-1.6592879112731518
10.2495,153.742,2.484375,-1.6015038313015741
10.2495,153.742,2.4875000000000003,-1.551257952221302
10.2495,153.742,2.490625,-1.5136712960658036
10.2495,153.742,2.4937500000000004,-1.4898905416005583
10.2495,153.742,2.496875,-1.483127177979913
10.2495,153.742,2.5,-1.4943082885069148
10.2495,153.742,2.5031250000000003,-1.5196022677725183
10.2495,153.742,2.50625,-1.5609562362302287
10.2495,153.742,2.5093750000000004,-1.6161927314816418
10.2495,153.742,2.5125,-1.682719179458356
10.2495,153.742,2.515625,-1.7565859537587154
10.2495,153.742,2.5187500000000003,-1.8385445269488387
10.2495,153.742,2.521875,-1.9171211998597726
10.2495,153.742,2.5250000000000004,-1.9958569085847624
10.2495,153.742,2.528125,-2.0650011050273624
10.2495,153.742,2.53125,-2.12582641750611
10.2495,153.742,2.5343750000000003,-2.170108157330584
10.2495,153.742,2.5375,-2.199654842927681
10.2495,153.742,2.5406250000000004,-2.2131362901123817
10.2495,153.742,2.54375,-2.206495077302276
10.2495,153.742,2.546875,-2.1875736747260985
10.2495,153.742,2.5500000000000003,-2.1512872673415235
10.2495,153.742,2.553125,-2.1029079961218824
10.2495,153.742,2.5562500000000004,-2.0429957632668883
10.2495,153.742,2.559375,-1.971873448430605
10.2495,153.742,2.5625,-1.9014255253819812
10.2495,153.742,2.5656250000000003,-1.8225129820861972
10.2495,153.742,2.56875,-1.7472645626227408
10.2495,153.742,2.5718750000000004,-1.6746032570560923
10.2495,153.742,2.575,-1.6135096131771611
10.2495,153.742,2.578125,-1.5600587878805627
10.2495,153.742,2.5812500000000003,-1.5253676474017916
10.2495,153.742,2.584375,-1.5005333427244767
10.2495,153.742,2.5875000000000004,-1.4867210267003301
10.2495,153.742,2.590625,-1.5099752409416747
10.2495,153.742,2.59375,-1.5260088779538628
10.2495,153.742,2.5968750000000003,-1.59548521344701
10.2495,153.742,2.6,-1.6468170291573458
10.2495,153.742,2.6031250000000004,-1.7107383108760432
10.2495,153.742,2.60625,-1.8130143191948223
10.2495,153.742,2.609375,-1.900807181466084
10.2495,153.742,2.6125000000000003,-2.06260958524462
10.2495,153.742,2.615625,-2.0006212286054637
10.2495,153.742,2.6187500000000004,-2.1608714739219135
10.2495,153.742,2.621875,-2.2139825584101227
10.2495,153.742,2.625,-2.153619739760665
10.2495,153.742,2.6281250000000003,-2.2255053213110956
10.2495,153.742,2.63125,-2.4837498955911017
10.2495,153.742,2.6343750000000004,-2.5272230951550476
10.2495,153.742,2.6375,-2.221067682501383
10.2495,153.742,2.640625,-2.1505949210562427
10.2495,153.742,2.6437500000000003,-2.112938790024001
10.2495,153.742,2.646875,-2.09520635895299
10.2495,153.742,2.6500000000000004,-2.1231594593757217
10.2495,153.742,2.653125,-2.35777359611338
10.2495,153.742,2.65625,-2.1635300220320057
10.2495,153.742,2.6593750000000003,-1.8966696285586875
10.2495,153.742,2.6625,-1.7216426289623579
10.2495,153.742,2.6656250000000004,-1.6533677083964318
10.2495,153.742,2.66875,-1.6089290685660818
10.2495,153.742,2.671875,-1.5863431511107684
10.2495,153.742,2.6750000000000003,-1.6037535406433998
10.2495,153.742,2.678125,-1.569509351693946
10.2495,153.742,2.6812500000000004,-1.5806387675558866
10.2495,153.742,2.684375,-1.627721483457156
10.2495,153.742,2.6875,-1.7174579115773592
10.2495,153.742,2.6906250000000003,-1.8447823546894193
10.2495,153.742,2.69375,-2.2202868029321623
10.2495,153.742,2.6968750000000004,-3.1206963672323034
10.2495,153.742,2.7,-2.6300865674863463
10.2495,153.742,2.703125,-2.560181286573332
10.2495,153.742,2.7062500000000003,-2.559475342316725
10.2495,153.742,2.709375,-2.3595254679176185
10.2495,153.742,2.7125000000000004,-2.278313445341973
10.2495,153.742,2.715625,-2.2517233737819504
10.2495,153.742,2.71875,-2.2600170825457053
10.2495,153.742,2.7218750000000003,-2.287841315812376
10.2495,153.742,2.725,-2.302392718104405
10.2495,153.742,2.7281250000000004,-2.310706055743597
10.2495,153.742,2.73125,-2.3106400904153825
10.2495,153.742,2.734375,-2.297239188609089
10.2495,153.742,2.7375000000000003,-2.2646756799124694
10.2495,153.742,2.740625,-2.2435551066727895
10.2495,153.742,2.7437500000000004,-2.2286629188998237
10.2495,153.742,2.746875,-2.2096636816066586
10.2495,153.742,2.75,-2.151366380512654
10.2495,153.742,2.7531250000000003,-2.06507213216186
10.2495,153.742,2.75625,-1.9700369923016627
10.2495,153.742,2.7593750000000004,-1.8883724524947203
10.2495,153.742,2.7625,-1.8279482320508935
10.2495,153.742,2.765625,-1.7818282229821159
10.2495,153.742,2.7687500000000003,-1.7624324879925013
10.2495,153.742,2.771875,-1.7609308563279569
10.2495,153.742,2.7750000000000004,-1.776507448657919
10.2495,153.742,2.778125,-1.8023176375291268
10.2495,153.742,2.78125,-1.848152797217781
10.2495,153.742,2.7843750000000003,-1.917810879890157
10.2495,153.742,2.7875,-2.0214123173894523
10.2495,153.742,2.7906250000000004,-2.1789740259010615
10.2495,153.742,2.79375,-2.2112331430707504
10.2495,153.742,2.796875,-2.221596047148756
10.2495,153.742,2.8000000000000003,-2.294005964233364
10.2495,153.742,2.803125,-2.4045231965053935
10.2495,153.742,2.8062500000000004,-2.55242347755152
10.2495,153.742,2.809375,-2.6044177360042258
10.2495,153.742,2.8125,-2.6318934065306503
10.2495,153.742,2.8156250000000003,-2.7245613660510655
10.2495,153.742,2.81875,-2.9664822759414395
10.2495,153.742,2.8218750000000004,-3.6381786195915966
10.2495,153.742,2.825,-4.9789301518691484
10.2495,153.742,2.828125,-5.989888881777582
10.2495,153.742,2.8312500000000003,-4.144062401980049
10.2495,153.742,2.834375,-3.0027292571766813
10.2495,153.742,2.8375000000000004,-2.539927055194539
10.2495,153.742,2.840625,-2.3063244516386963
10.2495,153.742,2.84375,-2.151625911556475
10.2495,153.742,2.8468750000000003,-2.058776888561566
10.2495,153.742,2.85,-2.0025962034377494
10.2495,153.742,2.8531250000000004,-1.9613682838518391
10.2495,153.742,2.85625,-1.9275932057986274
10.2495,153.742,2.859375,-1.896234269788362
10.2495,153.742,2.8625000000000003,-1.8879890524294962
10.2495,153.742,2.865625,-1.9107171889743952
10.2495,153.742,2.8687500000000004,-1.9560606016715274
10.2495,153.742,2.871875,-2.024551521814088
10.2495,153.742,2.875,-2.0693553756231067
10.2495,153.742,2.8781250000000003,-2.124751900710048
10.2495,153.742,2.88125,-2.2027469982576924
10.2495,153.742,2.8843750000000004,-2.3020078901609202
10.2495,153.742,2.8875,-2.432447143945878
10.2495,153.742,2.890625,-2.5349615014976696
10.2495,153.742,2.8937500000000003,-2.5940466759948153
10.2495,153.742,2.896875,-2.6349677953463124
10.2495,153.742,2.9000000000000004,-2.6638740015831095
10.2495,153.742,2.903125,-2.67046422673939
10.2495,153.742,2.90625,-2.6812748295172977
10.2495,153.742,2.9093750000000003,-2.686884941053349
10.2495,153.742,2.9125,-2.6801863358135196
10.2495,153.742,2.9156250000000004,-2.6619969180147978
10.2495,153.742,2.91875,-2.6224502688681457
10.2495,153.742,2.921875,-2.5671041694781804
10.2495,153.742,2.9250000000000003,-2.4967604753943746
10.2495,153.742,2.928125,-2.4207193241200966
10.2495,153.742,2.9312500000000004,-2.3518845622543982
10.2495,153.742,2.934375,-2.295192500758839
10.2495,153.742,2.9375,-2.2414031521536018
10.2495,153.742,2.9406250000000003,-2.180415828905999
10.2495,153.742,2.94375,-2.124119011379857
10.2495,153.742,2.9468750000000004,-2.0781091319009666
10.2495,153.742,2.95,-2.051571068173887
10.2495,153.742,2.953125,-2.0551615679687205
10.2495,153.742,2.9562500000000003,-2.0757033770559477
10.2495,153.742,2.959375,-2.0975519065763146
10.2495,153.742,2.9625000000000004,-2.131506797222113
10.2495,153.742,2.965625,-2.1927541846000578
10.2495,153.742,2.96875,-2.2684170622412223
10.2495,153.742,2.9718750000000003,-2.3417412483174234
10.2495,153.742,2.975,-2.4239282586737585
10.2495,153.742,2.9781250000000004,-2.5113169294508837
10.2495,153.742,2.98125,-2.5908740007567443
10.2495,153.742,2.984375,-2.6549493341722337
10.2495,153.742,2.9875000000000003,-2.7121151613335974
10.2495,153.742,2.990625,-2.7584003519781293
10.2495,153.742,2.9937500000000004,-2.783676502438955
10.2495,153.742,2.996875,-2.7884631552105557
10.2495,153.742,3,-2.7792004596118574
10.2495,153.742,3.0031250000000003,-2.7586232861703595
10.2495,153.742,3.00625,-2.7228883407889626
10.2495,153.742,3.0093750000000004,-2.6791844419230197
10.2495,153.742,3.0125,-2.62694701253245
10.2495,153.742,3.015625,-2.5719810074836014
10.2495,153.742,3.0187500000000003,-2.5193714264027225
10.2495,153.742,3.021875,-2.465878211259038
10.2495,153.742,3.0250000000000004,-2.4077038432658266
10.2495,153.742,3.028125,-2.3528736742038605
10.2495,153.742,3.03125,-2.3079977734340553
10.2495,153.742,3.0343750000000003,-2.271007468843616
10.2495,153.742,3.0375,-2.244558998024789
10.2495,153.742,3.0406250000000004,-2.2313821262721194
10.2495,153.742,3.04375,-2.2417442604269016
10.2495,153.742,3.046875,-2.2681715588471185
10.2495,153.742,3.0500000000000003,-2.3063389068727584
10.2495,153.742,3.053125,-2.3537325071103457
10.2495,153.742,3.0562500000000004,-2.4152558786531046
10.2495,153.742,3.059375,-2.4822209621814246
10.2495,153.742,3.0625,-2.5584044568825
10.2495,153.742,3.0656250000000003,-2.6391273021289052
10.2495,153.742,3.06875,-2.7310372699961127
10.2495,153.742,3.0718750000000004,-2.8125709535185175
10.2495,153.742,3.075,-2.8807227734426206
10.2495,153.742,3.078125,-2.9474283939908705
10.2495,153.742,3.0812500000000003,-2.9863824946233235
10.2495,153.742,3.084375,-3.0179270860937093
10.2495,153.742,3.0875000000000004,-3.034965021230912
10.2495,153.742,3.090625,-3.039696188064513
10.2495,153.742,3.09375,-3.0221912443437975
10.2495,153.742,3.0968750000000003,-2.9895725428236113
10.2495,153.742,3.1,-2.9511430783676778
10.2495,153.742,3.1031250000000004,-2.905943955994374
10.2495,153.742,3.10625,-2.8615943803723356
10.2495,153.742,3.109375,-2.822185783028146
10.2495,153.742,3.1125000000000003,-2.787670838282716
10.2495,153.742,3.115625,-2.760030535234024
10.2495,153.742,3.1187500000000004,-2.7549124930666484
10.2495,153.742,3.121875,-2.754037897684212
10.2495,153.742,3.125,-2.767072604464165
10.2495,153.742,3.1281250000000003,-2.796967885099391
10.2495,153.742,3.13125,-2.8434030910713073
10.2495,153.742,3.1343750000000004,-2.8766882515299805
10.2495,153.742,3.1375,-2.932749490192252
10.2495,153.742,3.140625,-2.984339057065695
10.2495,153.742,3.1437500000000003,-3.012553072944075
10.2495,153.742,3.146875,-3.0350509682129774
10.2495,153.742,3.1500000000000004,-3.0609467422511583
10.2495,153.742,3.153125,-3.086032619537977
10.2495,153.742,3.15625,-3.1488930775604724
10.2495,153.742,3.1593750000000003,-3.2397325851858505
10.2495,153.742,3.1625,-3.309161451251418
10.2495,153.742,3.1656250000000004,-3.3353102309775178
10.2495,153.742,3.16875,-3.3733620077035624
10.2495,153.742,3.171875,-3.4093131588555314
10.2495,153.742,3.1750000000000003,-3.4368330164525385
10.2495,153.742,3.178125,-3.4607714887607868
10.2495,153.742,3.1812500000000004,-3.4530200415870254
10.2495,153.742,3.184375,-3.417336773444692
10.2495,153.742,3.1875,-3.3842914963237725
10.2495,153.742,3.1906250000000003,-3.358343703258286
10.2495,153.742,3.19375,-3.3034594220127915
10.2495,153.742,3.1968750000000004,-3.2396545485413375
10.2495,153.742,3.2,-3.1803877754002405
10.2495,153.742,3.203125,-3.1234999665652823
10.2495,153.742,3.2062500000000003,-3.0744272106975967
10.2495,153.742,3.209375,-3.050247905885832
10.2495,153.742,3.2125000000000004,-3.0435484293844954
10.2495,153.742,3.215625,-3.052556212436517
10.2495,153.742,3.21875,-3.0650686437931176
10.2495,153.742,3.2218750000000003,-3.0970471065020346
10.2495,153.742,3.225,-3.1570170168459057
10.2495,153.742,3.2281250000000004,-3.2322082009329884
10.2495,153.742,3.23125,-3.324223312898485
10.2495,153.742,3.234375,-3.425294197036485
10.2495,153.742,3.2375000000000003,-3.542174837438163
10.2495,153.742,3.240625,-3.6372130141004844
10.2495,153.742,3.2437500000000004,-3.7052272780747892
10.2495,153.742,3.246875,-3.755742730407027
10.2495,153.742,3.25,-3.7749633702607843
10.2495,153.742,3.2531250000000003,-3.768587913411508
10.2495,153.742,3.25625,-3.7804000282742836
10.2495,153.742,3.2593750000000004,-3.820169152126836
10.2495,153.742,3.2625,-3.8751154784567188
10.2495,153.742,3.265625,-3.869438663895745
10.2495,153.742,3.2687500000000003,-3.824063011100527
10.2495,153.742,3.271875,-3.7907560092538803
10.2495,153.742,3.2750000000000004,-3.805437457268488
10.2495,153.742,3.278125,-3.8440186267561076
10.2495,153.742,3.28125,-3.876466951117643
10.2495,153.742,3.2843750000000003,-3.901868010535658
10.2495,153.742,3.2875,-3.8887891145401237
10.2495,153.742,3.2906250000000004,-3.836438855059052
10.2495,153.742,3.29375,-3.735722152661671
10.2495,153.742,3.296875,-3.608220001894865
10.2495,153.742,3.3000000000000003,-3.48764999306552
10.2495,153.742,3.303125,-3.3639464079794363
10.2495,153.742,3.3062500000000004,-3.218511756199583
10.2495,153.742,3.309375,-3.096893490970137
10.2495,153.742,3.3125,-3.003330314457884
10.2495,153.742,3.3156250000000003,-2.9067297082957246
10.2495,153.742,3.31875,-2.8440176212491366
10.2495,153.742,3.3218750000000004,-2.8287541215642893
10.2495,153.742,3.325,-2.8293588903547877
10.2495,153.742,3.328125,-2.8154034754859225
10.2495,153.742,3.3312500000000003,-2.8223613958458564
10.2495,153.742,3.334375,-2.8337498420290435
10.2495,153.742,3.3375000000000004,-2.85838329752129
10.2495,153.742,3.340625,-2.9025407861818535
10.2495,153.742,3.34375,-2.961389635066661
10.2495,153.742,3.3468750000000003,-3.008487058612479
10.2495,153.742,3.35,-3.0550228003625772
10.2495,153.742,3.3531250000000004,-3.07664580729417
10.2495,153.742,3.35625,-3.0887683461533726
10.2495,153.742,3.359375,-3.0906324212373155
10.2495,153.742,3.3625000000000003,-3.08565249040057
10.2495,153.742,3.365625,-3.1106997519996797
10.2495,153.742,3.3687500000000004,-3.132403030810403
10.2495,153.742,3.371875,-3.1646637631711565
10.2495,153.742,3.375,-3.2258813889690234
10.2495,153.742,3.3781250000000003,-3.296952988882442
10.2495,153.742,3.38125,-3.3221788621364263
10.2495,153.742,3.3843750000000004,-3.2521521344643958
10.2495,153.742,3.3875,-3.1302658540578077
10.2495,153.742,3.390625,-2.979969671596195
10.2495,153.742,3.3937500000000003,-2.8255227904326574
10.2495,153.742,3.396875,-2.689428160219312
10.2495,153.742,3.4000000000000004,-2.5858302499289088
10.2495,153.742,3.403125,-2.5342662226205332
10.2495,153.742,3.40625,-2.50919028393491
10.2495,153.742,3.4093750000000003,-2.4889864486102633
10.2495,153.742,3.4125,-2.4833484521451785
10.2495,153.742,3.4156250000000004,-2.47357818954299
10.2495,153.742,3.41875,-2.4932196987755693
10.2495,153.742,3.421875,-2.5610355695415477
10.2495,153.742,3.4250000000000003,-2.6805405875559773
10.2495,153.742,3.428125,-2.8269494383832807
10.2495,153.742,3.4312500000000004,-2.9545738122537957
10.2495,153.742,3.434375,-3.081635937150451
10.2495,153.742,3.4375,-3.1839934943815202
10.2495,153.742,3.4406250000000003,-3.249598566280978
10.2495,153.742,3.44375,-3.2967137937271107
10.2495,153.742,3.4468750000000004,-3.350222871221047
10.2495,153.742,3.45,-3.4017020380521377
10.2495,153.742,3.453125,-3.4386802784232002
10.2495,153.742,3.4562500000000003,-3.4421581767004605
10.2495,153.742,3.459375,-3.4247057980962685
10.2495,153.742,3.4625000000000004,-3.3866749825352054
10.2495,153.742,3.465625,-3.3398053147067475
10.2495,153.742,3.46875,-3.2944334397661783
10.2495,153.742,3.4718750000000003,-3.2559657772737225
10.2495,153.742,3.475,-3.2147579797472368
10.2495,153.742,3.4781250000000004,-3.1708393080980173
10.2495,153.742,3.48125,-3.1193601123190584
10.2495,153.742,3.484375,-3.0789968201561617
10.2495,153.742,3.4875000000000003,-3.0589114606717653
10.2495,153.742,3.490625,-3.051871153476424
10.2495,153.742,3.4937500000000004,-3.0602374411308624
10.2495,153.742,3.496875,-3.059762948269066
10.2495,153.742,3.5,-3.0595381790956964
10.2495,153.742,3.5031250000000003,-3.09503797162957
10.2495,153.742,3.50625,-3.1697771748359145
10.2495,153.742,3.5093750000000004,-3.271864610576614
10.2495,153.742,3.5125,-3.3648063695538806
10.2495,153.742,3.515625,-3.461598974666509
10.2495,153.742,3.5187500000000003,-3.5998376875446962
10.2495,153.742,3.521875,-3.7622615620788196
10.2495,153.742,3.5250000000000004,-3.9386036192576257
10.2495,153.742,3.528125,-4.103169996232955
10.2495,153.742,3.53125,-4.278022746539417
10.2495,153.742,3.5343750000000003,-4.478227989754148
10.2495,153.742,3.5375,-4.6825334176087425
10.2495,153.742,3.5406250000000004,-4.86929625108038
10.2495,153.742,3.54375,-5.073541030708793
10.2495,153.742,3.546875,-5.25916649729051
10.2495,153.742,3.5500000000000003,-5.415397819270234
10.2495,153.742,3.553125,-5.622660536220128
10.2495,153.742,3.5562500000000004,-5.878472677713424
10.2495,153.742,3.559375,-6.21620259375414
10.2495,153.742,3.5625,-6.492493699716729
10.2495,153.742,3.5656250000000003,-6.412127037097054
10.2495,153.742,3.56875,-6.018597403255709
10.2495,153.742,3.5718750000000004,-5.621719014702822
10.2495,153.742,3.575,-5.4736638885219255
10.2495,153.742,3.5781250000000004,-5.49089483911514
10.2495,153.742,3.5812500000000003,-5.761929271639666
10.2495,153.742,3.584375,-6.127152611557349
10.2495,153.742,3.5875000000000004,-6.52799646485041
10.2495,153.742,3.590625,-7.124390124235019
10.2495,153.742,3.5937500000000004,-7.64533836828044
10.2495,153.742,3.5968750000000003,-8.056270083692413
10.2495,153.742,3.6,-8.586614515841445
10.2495,153.742,3.6031250000000004,-9.079834074009007
10.2495,153.742,3.60625,-9.69317695221254
10.2495,153.742,3.6093750000000004,-10.390684412786397
10.2495,153.742,3.6125000000000003,-11.336911587797246
10.2495,153.742,3.615625,-12.703168312145557
10.2495,153.742,3.6187500000000004,-13.395875415854388
10.2495,153.742,3.621875,-12.802175767308047
10.2495,153.742,3.6250000000000004,-12.170100056855928
10.2495,153.742,3.6281250000000003,-11.75454085073068
10.2495,153.742,3.63125,-11.647898815943003
10.2495,153.742,3.6343750000000004,-11.624499819533256
10.2495,153.742,3.6375,-11.706950122300196
10.2495,153.742,3.6406250000000004,-11.692338655120302
10.2495,153.742,3.6437500000000003,-11.339248218699783
10.2495,153.742,3.646875,-11.013094471081782
10.2495,153.742,3.6500000000000004,-10.906218274114936
10.2495,153.742,3.653125,-11.08492398058624
10.2495,153.742,3.6562500000000004,-11.240321386415786
10.2495,153.742,3.6593750000000003,-11.294694955685337
10.2495,153.742,3.6625,-11.441393285994861
10.2495,153.742,3.6656250000000004,-11.76009110274813
10.2495,153.742,3.66875,-12.194213102548208
10.2495,153.742,3.6718750000000004,-12.695571096551888
10.2495,153.742,3.6750000000000003,-13.280550188517823
10.2495,153.742,3.678125,-13.460750453750931
10.2495,153.742,3.6812500000000004,-12.981841311337066
10.2495,153.742,3.684375,-12.3689325650708
10.2495,153.742,3.6875000000000004,-11.788463771749505
10.2495,153.742,3.6906250000000003,-11.169348513858795
10.2495,153.742,3.69375,-11.132002686690994
10.2495,153.742,3.6968750000000004,-10.986984842360945
10.2495,153.742,3.7,-10.615955654596622
10.2495,153.742,3.7031250000000004,-10.191079701890866
10.2495,153.742,3.7062500000000003,-9.833245052193371
10.2495,153.742,3.709375,-9.719812464306397
10.2495,153.742,3.7125000000000004,-9.493570695594409
10.2495,153.742,3.715625,-9.140545286314786
10.2495,153.742,3.7187500000000004,-8.666433928309381
10.2495,153.742,3.7218750000000003,-8.330790066956535
10.2495,153.742,3.725,-7.965785252460692
10.2495,153.742,3.7281250000000004,-7.621433906607688
10.2495,153.742,3.73125,-7.34332966675591
10.2495,153.742,3.7343750000000004,-7.24000758505338
10.2495,153.742,3.7375000000000003,-7.063238065242409
10.2495,153.742,3.740625,-6.46701835202575
10.2495,153.742,3.7437500000000004,-5.804426832738412
10.2495,153.742,3.746875,-5.342356951650604
10.2495,153.742,3.7500000000000004,-5.016130189017659
10.2495,153.742,3.7531250000000003,-4.776397274512236
10.2495,153.742,3.75625,-4.6196394070150975
10.2495,153.742,3.7593750000000004,-4.46410846853211
10.2495,153.742,3.7625,-4.30779141322615
10.2495,153.742,3.7656250000000004,-4.163803644210274
10.2495,153.742,3.7687500000000003,-4.044613606964974
10.2495,153.742,3.771875,-3.9241722248959072
10.2495,153.742,3.7750000000000004,-3.8036301004047552
10.2495,153.742,3.778125,-3.671856038244832
10.2495,153.742,3.7812500000000004,-3.5320747063853464
10.2495,153.742,3.7843750000000003,-3.373527007678554
10.2495,153.742,3.7875,-3.262651234469112
10.2495,153.742,3.7906250000000004,-3.2003740821585858
10.2495,153.742,3.79375,-3.1996072386157404
10.2495,153.742,3.7968750000000004,-3.262860679502128
10.2495,153.742,3.8000000000000003,-3.3308263972555068
10.2495,153.742,3.803125,-3.437743359190874
10.2495,153.742,3.8062500000000004,-3.56897005202877
10.2495,153.742,3.809375,-3.654579117259252
10.2495,153.742,3.8125000000000004,-3.7075969804291313
10.2495,153.742,3.8156250000000003,-3.74893657227031
10.2495,153.742,3.81875,-3.713447945883053
10.2495,153.742,3.8218750000000004,-3.655624400826003
10.2495,153.742,3.825,-3.658944904140571
10.2495,153.742,3.8281250000000004,-3.6983277095938134
10.2495,153.742,3.8312500000000003,-3.7275884491462055
10.2495,153.742,3.834375,-3.8763257928121857
10.2495,153.742,3.8375000000000004,-4.254796552258568
10.2495,153.742,3.840625,-4.648271641896716
10.2495,153.742,3.8437500000000004,-4.847528537954748
10.2495,153.742,3.8468750000000003,-4.933429895948208
10.2495,153.742,3.85,-4.951249131946626
10.2495,153.742,3.8531250000000004,-4.918470773753583
10.2495,153.742,3.85625,-4.903978402958998
10.2495,153.742,3.8593750000000004,-4.923168262009928
10.2495,153.742,3.8625000000000003,-4.934583434989321
10.2495,153.742,3.865625,-4.946323560155528
10.2495,153.742,3.8687500000000004,-4.7468317049780255
10.2495,153.742,3.871875,-4.540418689308693
10.2495,153.742,3.8750000000000004,-4.52043004432489
10.2495,153.742,3.8781250000000003,-4.651045804198712
10.2495,153.742,3.88125,-4.834262829268879
10.2495,153.742,3.8843750000000004,-5.106084747306497
10.2495,153.742,3.8875,-5.300120399528623
10.2495,153.742,3.8906250000000004,-5.357094703653345
10.2495,153.742,3.8937500000000003,-5.282462405073374
10.2495,153.742,3.896875,-5.209115356338873
10.2495,153.742,3.9000000000000004,-5.269945363210801
10.2495,153.742,3.903125,-5.37195826246879
10.2495,153.742,3.9062500000000004,-5.512329312056902
10.2495,153.742,3.9093750000000003,-5.655409294725092
10.2495,153.742,3.9125,-5.894575879686038
10.2495,153.742,3.9156250000000004,-6.273979761681195
10.2495,153.742,3.91875,-6.607064702785208
10.2495,153.742,3.9218750000000004,-7.001800572261455
10.2495,153.742,3.9250000000000003,-7.602966053481365
10.2495,153.742,3.928125,-8.613017019718853
10.2495,153.742,3.9312500000000004,-9.826100798630698
10.2495,153.742,3.934375,-10.777703154101808
10.2495,153.742,3.9375000000000004,-11.50992267228585
10.2495,153.742,3.9406250000000003,-11.794567008188867
10.2495,153.742,3.94375,-11.939933043909592
10.2495,153.742,3.9468750000000004,-11.588609273184932
10.2495,153.742,3.95,-10.397867423481857
10.2495,153.742,3.9531250000000004,-8.810197700749233
10.2495,153.742,3.9562500000000003,-7.331589713024815
10.2495,153.742,3.959375,-6.159713223956439
10.2495,153.742,3.9625000000000004,-5.51152979650309
10.2495,153.742,3.965625,-5.224926672926397
10.2495,153.742,3.9687500000000004,-4.829699675265174
10.2495,153.742,3.9718750000000003,-4.587031222597481
10.2495,153.742,3.975,-4.682351028824568
10.2495,153.742,3.9781250000000004,-4.826267823205085
10.2495,153.742,3.98125,-4.947293033678379
10.2495,153.742,3.9843750000000004,-5.37955859287729
10.2495,153.742,3.9875000000000003,-5.785116498194107
10.2495,153.742,3.990625,-5.507563781382706
10.2495,153.742,3.9937500000000004,-5.367878374177596
10.2495,153.742,3.996875,-5.308055522513038
10.2495,153.742,4,-5.34944524207031
10.2495,153.742,4.003125,-5.397822873519979
10.2495,153.742,4.0062500000000005,-5.520377827161161
10.2495,153.742,4.009375,-5.660079828335015
10.2495,153.742,4.0125,-6.067918955111324
10.2495,153.742,4.015625,-6.264363325829407
10.2495,153.742,4.01875,-6.213858270841174
10.2495,153.742,4.0218750000000005,-5.847267868043153
10.2495,153.742,4.025,-5.527749890947547
10.2495,153.742,4.028125,-5.560950302317943
10.2495,153.742,4.03125,-5.894637973273616
10.2495,153.742,4.034375,-6.737748744754804
10.2495,153.742,4.0375000000000005,-7.553908419775053
10.2495,153.742,4.040625,-8.1286546841785
10.2495,153.742,4.04375,-8.500056532586633
10.2495,153.742,4.046875,-7.802345960591768
10.2495,153.742,4.05,-6.92300478477629
10.2495,153.742,4.0531250000000005,-6.6250113110563
10.2495,153.742,4.05625,-6.777534225986034
10.2495,153.742,4.059375,-7.15048708339444
10.2495,153.742,4.0625,-7.8024891070887765
10.2495,153.742,4.065625,-8.010463434974836
10.2495,153.742,4.0687500000000005,-7.867360180739773
10.2495,153.742,4.071875,-8.418419871455454
10.2495,153.742,4.075,-8.205673198766567
10.2495,153.742,4.078125,-8.06114776419885
10.2495,153.742,4.08125,-7.961143265508993
10.2495,153.742,4.0843750000000005,-8.436909094783257
10.2495,153.742,4.0875,-8.186391996509476
10.2495,153.742,4.090625,-7.306099382607899
10.2495,153.742,4.09375,-7.093536121512033
10.2495,153.742,4.096875,-7.750465766073496
10.2495,153.742,4.1000000000000005,-8.21871758923791
10.2495,153.742,4.103125,-7.606186556623084
10.2495,153.742,4.10625,-7.1734209233975
10.2495,153.742,4.109375,-7.465918216219087
10.2495,153.742,4.1125,-7.381634056268681
10.2495,153.742,4.1156250000000005,-6.982919636047384
10.2495,153.742,4.11875,-7.270480932802786
10.2495,153.742,4.121875,-7.32606169361707
10.2495,153.742,4.125,-7.232791594902767
10.2495,153.742,4.128125,-7.3240010193502325
10.2495,153.742,4.1312500000000005,-7.388360853092687
10.2495,153.742,4.134375,-7.5443012175696165
10.2495,153.742,4.1375,-7.669597059168961
10.2495,153.742,4.140625,-7.819052124241443
10.2495,153.742,4.14375,-7.984903493311537
10.2495,153.742,4.1468750000000005,-8.150554484358565
10.2495,153.742,4.15,-8.31697756881695
10.2495,153.742,4.153125,-8.472792910396175
10.2495,153.742,4.15625,-8.602786034154143
10.2495,153.742,4.159375,-8.692807010499434
10.2495,153.742,4.1625000000000005,-8.749840806725272
10.2495,153.742,4.165625,-8.764118437577524
10.2495,153.742,4.16875,-8.726931849959648
10.2495,153.742,4.171875,-8.65847991529098
10.2495,153.742,4.175,-8.551648646604542
10.2495,153.742,4.1781250000000005,-8.437570366226094
10.2495,153.742,4.18125,-8.298219336706605
10.2495,153.742,4.184375,-8.1490395920116
10.2495,153.742,4.1875,-8.004300371352706
10.2495,153.742,4.190625,-7.874404932536015
10.2495,153.742,4.1937500000000005,-7.7601403759711065
10.2495,153.742,4.196875,-7.656564159342533
10.2495,153.742,4.2,-7.588572994836815
10.2495,153.742,4.203125,-7.544212588208733
10.2495,153.742,4.20625,-7.515383492147545
10.2495,153.742,4.2093750000000005,-7.519723268637664
10.2495,153.742,4.2125,-7.549952163522661
10.2495,153.742,4.215625,-7.611332879976591
10.2495,153.742,4.21875,-7.688594088337837
10.2495,153.742,4.221875,-7.798547513622504
10.2495,153.742,4.2250000000000005,-7.937704522851638
10.2495,153.742,4.228125,-8.08636034467979
10.2495,153.742,4.23125,-8.26010234541011
10.2495,153.742,4.234375,-8.448093389808292
10.2495,153.742,4.2375,-8.637072145393867
10.2495,153.742,4.2406250000000005,-8.828052533573828
10.2495,153.742,4.24375,-9.003300381394203
10.2495,153.742,4.246875,-9.16538164261409
10.2495,153.742,4.25,-9.283148629131388
10.2495,153.742,4.253125,-9.360958203677473
10.2495,153.742,4.2562500000000005,-9.40801656014279
10.2495,153.742,4.259375,-9.39378616460752
10.2495,153.742,4.2625,-9.334887813850893
10.2495,153.742,4.265625,-9.231979326399882
10.2495,153.742,4.26875,-9.106576120338
10.2495,153.742,4.2718750000000005,-8.960179981523751
10.2495,153.742,4.275,-8.796967248759556
10.2495,153.742,4.278125,-8.636095295718404
10.2495,153.742,4.28125,-8.482204012007676
10.2495,153.742,4.284375000000001,-8.338408856412416
10.2495,153.742,4.2875000000000005,-8.208835707371568
10.2495,153.742,4.290625,-8.112331400815266
10.2495,153.742,4.29375,-8.039879187672245
10.2495,153.742,4.296875,-7.995837692573808
10.2495,153.742,4.300000000000001,-7.975308671613269
10.2495,153.742,4.3031250000000005,-7.99251825374788
10.2495,153.742,4.30625,-8.035604051853353
10.2495,153.742,4.309375,-8.103907626904915
10.2495,153.742,4.3125,-8.203357367031517
10.2495,153.742,4.315625000000001,-8.321480187842775
10.2495,153.742,4.3187500000000005,-8.453489564889837
10.2495,153.742,4.321875,-8.606701294647666
10.2495,153.742,4.325,-8.75023400119053
10.2495,153.742,4.328125,-8.899381254489683
10.2495,153.742,4.331250000000001,-9.024746751512316
10.2495,153.742,4.3343750000000005,-9.122542918788215
10.2495,153.742,4.3375,-9.189558707013086
10.2495,153.742,4.340625,-9.203751984702851
10.2495,153.742,4.34375,-9.181563913219998
10.2495,153.742,4.346875000000001,-9.093429924649424
10.2495,153.742,4.3500000000000005,-8.960366280158604
10.2495,153.742,4.353125,-8.770346551779188
10.2495,153.742,4.35625,-8.541644316025854
10.2495,153.742,4.359375,-8.303486005133882
10.2495,153.742,4.362500000000001,-8.045403895481575
10.2495,153.742,4.3656250000000005,-7.793920977035391
10.2495,153.742,4.36875,-7.578258877183908
10.2495,153.742,4.371875,-7.398473956885159
10.2495,153.742,4.375,-7.248945123600951
10.2495,153.742,4.378125000000001,-7.124778880310323
10.2495,153.742,4.3812500000000005,-7.031887169421157
10.2495,153.742,4.384375,-6.957797060086453
10.2495,153.742,4.3875,-6.911162857155995
10.2495,153.742,4.390625,-6.890758407898593
10.2495,153.742,4.393750000000001,-6.900731446218517
10.2495,153.742,4.3968750000000005,-6.932722738413332
10.2495,153.742,4.4,-6.993301335921792
10.2495,153.742,4.403125,-7.087148956925039
10.2495,153.742,4.40625,-7.202121933504785
10.2495,153.742,4.409375000000001,-7.341063747860589
10.2495,153.742,4.4125000000000005,-7.4991909791531555
10.2495,153.742,4.415625,-7.671511032729478
10.2495,153.742,4.41875,-7.841671287424335
10.2495,153.742,4.421875,-8.009771075052413
10.2495,153.742,4.425000000000001,-8.169346461295007
10.2495,153.742,4.4281250000000005,-8.312494447324006
10.2495,153.742,4.43125,-8.449440847253161
10.2495,153.742,4.434375,-8.556415286562691
10.2495,153.742,4.4375,-8.513808808101972
10.2495,153.742,4.440625000000001,-8.390728135489622
10.2495,153.742,4.4437500000000005,-8.248556408791966
10.2495,153.742,4.446875,-8.084294024418947
10.2495,153.742,4.45,-7.895104429557431
10.2495,153.742,4.453125,-7.689192131406541
10.2495,153.742,4.456250000000001,-7.498855325945989
10.2495,153.742,4.4593750000000005,-7.306413990442492
10.2495,153.742,4.4625,-7.138230150603384
10.2495,153.742,4.465625,-6.984242319849052
10.2495,153.742,4.46875,-6.853715124116794
10.2495,153.742,4.471875000000001,-6.74135642351516
10.2495,153.742,4.4750000000000005,-6.648364752523577
10.2495,153.742,4.478125,-6.574540119967475
10.2495,153.742,4.48125,-6.5247326633111165
10.2495,153.742,4.484375,-6.495752843024242
10.2495,153.742,4.487500000000001,-6.487396793890237
10.2495,153.742,4.4906250000000005,-6.504417149621283
10.2495,153.742,4.49375,-6.542484539026471
10.2495,153.742,4.496875,-6.590492295770856
10.2495,153.742,4.5,-6.652135646953079
10.2495,153.742,4.503125000000001,-6.7269837340297665
10.2495,153.742,4.5062500000000005,-6.805797467584535
10.2495,153.742,4.509375,-6.878205127141022
10.2495,153.742,4.5125,-6.948457583421636
10.2495,153.742,4.515625,-7.004352114870257
10.2495,153.742,4.518750000000001,-7.042075512445222
10.2495,153.742,4.5218750000000005,-7.046632412316381
10.2495,153.742,4.525,-7.026542660143452
10.2495,153.742,4.528125,-6.978440319836268
10.2495,153.742,4.53125,-6.899996857935243
10.2495,153.742,4.534375000000001,-6.814309270530872
10.2495,153.742,4.5375000000000005,-6.748880619677817
10.2495,153.742,4.540625,-6.6965364451860845
10.2495,153.742,4.54375,-6.5664707097348956
10.2495,153.742,4.546875,-6.322780025903775
10.2495,153.742,4.550000000000001,-6.061808949451404
10.2495,153.742,4.5531250000000005,-5.830898975728856
10.2495,153.742,4.55625,-5.632055417595487
10.2495,153.742,4.559375,-5.465622888327272
10.2495,153.742,4.5625,-5.327241237515347
10.2495,153.742,4.565625000000001,-5.2091408851310845
10.2495,153.742,4.5687500000000005,-5.100494034123157
10.2495,153.742,4.571875,-5.008433536350373
10.2495,153.742,4.575,-4.943842758988802
10.2495,153.742,4.578125,-4.9022352378006335
10.2495,153.742,4.581250000000001,-4.88750320726415
10.2495,153.742,4.5843750000000005,-4.890167063691061
10.2495,153.742,4.5875,-4.906131083956826
10.2495,153.742,4.590625,-4.9483341186537375
10.2495,153.742,4.59375,-5.001206812626286
10.2495,153.742,4.596875000000001,-5.064731026905822
10.2495,153.742,4.6000000000000005,-5.125697707257546
10.2495,153.742,4.603125,-5.1942534289189375
10.2495,153.742,4.60625,-5.254315924315428
10.2495,153.742,4.609375,-5.300821733259264
10.2495,153.742,4.612500000000001,-5.340996032809283
10.2495,153.742,4.6156250000000005,-5.362395888454545
10.2495,153.742,4.61875,-5.36287752665684
10.2495,153.742,4.621875,-5.34123239359964
10.2495,153.742,4.625,-5.295918281306785
10.2495,153.742,4.628125000000001,-5.22812334109995
10.2495,153.742,4.6312500000000005,-5.140639976297939
10.2495,153.742,4.634375,-5.030820590023316
10.2495,153.742,4.6375,-4.920364595480125
10.2495,153.742,4.640625,-4.799550985077136
10.2495,153.742,4.643750000000001,-4.671948590611714
10.2495,153.742,4.6468750000000005,-4.551837446479801
10.2495,153.742,4.65,-4.434019666011312
10.2495,153.742,4.653125,-4.3206575477274765
10.2495,153.742,4.65625,-4.218607822851586
10.2495,153.742,4.659375000000001,-4.128717868829246
10.2495,153.742,4.6625000000000005,-4.051579172902658
10.2495,153.742,4.665625,-3.9856457984551774
10.2495,153.742,4.66875,-3.935223151001292
10.2495,153.742,4.671875,-3.9027803064360245
10.2495,153.742,4.675000000000001,-3.878827969571825
10.2495,153.742,4.6781250000000005,-3.859252599615926
10.2495,153.742,4.68125,-3.860292184828918
10.2495,153.742,4.684375,-3.9270135065695104
10.2495,153.742,4.6875,-4.003416899771178
10.2495,153.742,4.690625000000001,-4.057740859075
10.2495,153.742,4.6937500000000005,-4.101128147634109
10.2495,153.742,4.696875,-4.136664029551746
10.2495,153.742,4.7,-4.159675013608106
10.2495,153.742,4.703125,-4.170287853587173
10.2495,153.742,4.706250000000001,-4.159722919546399
10.2495,153.742,4.7093750000000005,-4.128712013449601
10.2495,153.742,4.7125,-4.072452191678052
10.2495,153.742,4.715625,-3.989833340772474
10.2495,153.742,4.71875,-3.896985537231104
10.2495,153.742,4.721875000000001,-3.7821979822071707
10.2495,153.742,4.7250000000000005,-3.66173274697351
10.2495,153.742,4.728125,-3.534720443883131
10.2495,153.742,4.73125,-3.407231665420852
10.2495,153.742,4.734375,-3.2812875815887264
10.2495,153.742,4.737500000000001,-3.170378340363571
10.2495,153.742,4.7406250000000005,-3.0646483332190098
10.2495,153.742,4.74375,-2.9723700417707484
10.2495,153.742,4.746875,-2.890982411604149
10.2495,153.742,4.75,-2.8270487257049934
10.2495,153.742,4.753125000000001,-2.7707150424047127
10.2495,153.742,4.7562500000000005,-2.7308478972048924
10.2495,153.742,4.759375,-2.6990242822440473
10.2495,153.742,4.7625,-2.6804839114899033
10.2495,153.742,4.765625,-2.6763149556563137
10.2495,153.742,4.768750000000001,-2.6789757926192683
10.2495,153.742,4.7718750000000005,-2.6943371810393906
10.2495,153.742,4.775,-2.7223231799613794
10.2495,153.742,4.778125,-2.7530632979327443
10.2495,153.742,4.78125,-2.793833696454786
10.2495,153.742,4.784375000000001,-2.844688968577758
10.2495,153.742,4.7875000000000005,-2.8956209141490206
10.2495,153.742,4.790625,-2.9492248706520545
10.2495,153.742,4.79375,-2.999507321612377
10.2495,153.742,4.796875,-3.0416963542213606
10.2495,153.742,4.800000000000001,-3.0746931463246154
10.2495,153.742,4.8031250000000005,-3.095933669729531
10.2495,153.742,4.80625,-3.102389319966718
10.2495,153.742,4.809375,-3.0887026948120893
10.2495,153.742,4.8125,-3.0664674204082605
10.2495,153.742,4.815625000000001,-3.027284833539972
10.2495,153.742,4.8187500000000005,-2.9782704382376686
10.2495,153.742,4.821875,-2.9251835631111414
10.2495,153.742,4.825,-2.866004166793555
10.2495,153.742,4.828125,-2.807368342852138
10.2495,153.742,4.831250000000001,-2.7581651691700997
10.2495,153.742,4.8343750000000005,-2.7094463656890273
10.2495,153.742,4.8375,-2.67833207924552
10.2495,153.742,4.840625,-2.658599365207678
10.2495,153.742,4.84375,-2.6500642031865884
10.2495,153.742,4.846875000000001,-2.655230019399383
10.2495,153.742,4.8500000000000005,-2.671103885850454
10.2495,153.742,4.853125,-2.7006554980581217
10.2495,153.742,4.85625,-2.7460638839270377
10.2495,153.742,4.859375,-2.7955171360585496
10.2495,153.742,4.862500000000001,-2.8641225251357634
10.2495,153.742,4.8656250000000005,-2.9414845567047214
10.2495,153.742,4.86875,-3.0202040696666272
10.2495,153.742,4.871875,-3.1082104378971747
10.2495,153.742,4.875,-3.192867439062171
10.2495,153.742,4.878125000000001,-3.278720213478658
10.2495,153.742,4.8812500000000005,-3.356857333059959
10.2495,153.742,4.884375,-3.4241461158295508
10.2495,153.742,4.8875,-3.4851126716423138
10.2495,153.742,4.890625,-3.524130458638706
10.2495,153.742,4.893750000000001,-3.548453170645039
10.2495,153.742,4.8968750000000005,-3.550849375069447
10.2495,153.742,4.9,-3.5303721458111874
10.2495,153.742,4.903125,-3.4915129769777886
10.2495,153.742,4.90625,-3.44197854877281
10.2495,153.742,4.909375000000001,-3.377841850281758
10.2495,153.742,4.9125000000000005,-3.306587995439573
10.2495,153.742,4.915625,-3.2294416470012584
10.2495,153.742,4.91875,-3.1565867848312115
10.2495,153.742,4.921875,-3.0819490402133
10.2495,153.742,4.925000000000001,-3.0159230179663323
10.2495,153.742,4.9281250000000005,-2.959007733498945
10.2495,153.742,4.93125,-2.9128935044650395
10.2495,153.742,4.934375,-2.8786058894319884
10.2495,153.742,4.9375,-2.86213074937185
10.2495,153.742,4.940625000000001,-2.861425400232844
10.2495,153.742,4.9437500000000005,-2.8790398319106125
10.2495,153.742,4.946875,-2.90945792833802
10.2495,153.742,4.95,-2.9543016190794775
10.2495,153.742,4.953125,-3.0139228153798623
10.2495,153.742,4.956250000000001,-3.0906068932203072
10.2495,153.742,4.9593750000000005,-3.17526128635625
10.2495,153.742,4.9625,-3.266512433590629
10.2495,153.742,4.965625,-3.3698091742263254
10.2495,153.742,4.96875,-3.4732898278234083
10.2495,153.742,4.971875000000001,-3.5793206201148458
10.2495,153.742,4.9750000000000005,-3.6729447144517606
10.2495,153.742,4.978125,-3.764571462253698
10.2495,153.742,4.98125,-3.843525791034485
10.2495,153.742,4.984375,-3.904598416708029
10.2495,153.742,4.987500000000001,-3.9424664832484173
10.2495,153.742,4.9906250000000005,-3.9559067374957655
10.2495,153.742,4.99375,-3.941060132925624
10.2495,153.742,4.996875,-3.910412414751929
10.2495,153.742,5,-3.8682788357808064
10.2495,153.742,5.003125000000001,-3.804323311428164
10.2495,153.742,5.0062500000000005,-3.7564595039024837
10.2495,153.742,5.009375,-3.7033946174140002
10.2495,153.742,5.0125,-3.6566858406139433
10.2495,153.742,5.015625,-3.6124342535765823
10.2495,153.742,5.018750000000001,-3.5753511907609226
10.2495,153.742,5.0218750000000005,-3.552068778952685
10.2495,153.742,5.025,-3.5382360550558163
10.2495,153.742,5.028125,-3.544968929794379
10.2495,153.742,5.03125,-3.565673809456382
10.2495,153.742,5.034375000000001,-3.600342231731129
10.2495,153.742,5.0375000000000005,-3.6525038449528497
10.2495,153.742,5.040625,-3.7228493182941005
10.2495,153.742,5.04375,-3.807240323395959
10.2495,153.742,5.046875,-3.909036498635834
10.2495,153.742,5.050000000000001,-4.0272052514078585
10.2495,153.742,5.0531250000000005,-4.1598257370915
10.2495,153.742,5.05625,-4.296005887172037
10.2495,153.742,5.059375,-4.432684787523162
10.2495,153.742,5.0625,-4.581984602459717
10.2495,153.742,5.065625000000001,-4.721927720390852
10.2495,153.742,5.0687500000000005,-4.853418123795144
10.2495,153.742,5.071875,-4.964990196272042
10.2495,153.742,5.075,-5.055638643465002
10.2495,153.742,5.078125,-5.115603475648708
10.2495,153.742,5.081250000000001,-5.133614251222278
10.2495,153.742,5.0843750000000005,-5.114610848613298
10.2495,153.742,5.0875,-5.066248389007461
10.2495,153.742,5.090625,-4.995743918805534
10.2495,153.742,5.09375,-4.900054526379912
10.2495,153.742,5.096875000000001,-4.797777995921648
10.2495,153.742,5.1000000000000005,-4.698675863017677
10.2495,153.742,5.103125,-4.606362013321234
10.2495,153.742,5.10625,-4.495087018491957
10.2495,153.742,5.109375,-4.366135317168583
10.2495,153.742,5.112500000000001,-4.244734012262158
10.2495,153.742,5.1156250000000005,-4.147186891411799
10.2495,153.742,5.11875,-4.081577142419865
10.2495,153.742,5.121875,-4.041349861250435
10.2495,153.742,5.125,-4.028465201787055
10.2495,153.742,5.128125000000001,-4.031067029943067
10.2495,153.742,5.1312500000000005,-4.060151904766213
10.2495,153.742,5.134375,-4.104222089459161
10.2495,153.742,5.1375,-4.160875403286802
10.2495,153.742,5.140625,-4.242521358805962
10.2495,153.742,5.143750000000001,-4.327047006473455
10.2495,153.742,5.1468750000000005,-4.422977444161308
10.2495,153.742,5.15,-4.524033874901995
10.2495,153.742,5.153125,-4.633098583100407
10.2495,153.742,5.15625,-4.738983371834207
10.2495,153.742,5.159375000000001,-4.846927445998011
10.2495,153.742,5.1625000000000005,-4.945142274446183
10.2495,153.742,5.165625,-5.036072936315109
10.2495,153.742,5.16875,-5.09943092656687
10.2495,153.742,5.171875,-5.146827855417896
10.2495,153.742,5.175000000000001,-5.170291619065729
10.2495,153.742,5.1781250000000005,-5.163880665147186
10.2495,153.742,5.18125,-5.127981534323725
10.2495,153.742,5.184375,-5.07108609936102
10.2495,153.742,5.1875,-4.994354027391622
10.2495,153.742,5.190625000000001,-4.91033171224348
10.2495,153.742,5.1937500000000005,-4.820576796034879
10.2495,153.742,5.196875,-4.739760048386446
10.2495,153.742,5.2,-4.667858964895476
10.2495,153.742,5.203125,-4.598929869481752
10.2495,153.742,5.206250000000001,-4.544970296047877
10.2495,153.742,5.2093750000000005,-4.501012649087783
10.2495,153.742,5.2125,-4.469399001918623
10.2495,153.742,5.215625,-4.455790311966238
10.2495,153.742,5.21875,-4.476551116336056
10.2495,153.742,5.221875000000001,-4.525322172638871
10.2495,153.742,5.2250000000000005,-4.598246053561395
10.2495,153.742,5.228125,-4.704442409330541
10.2495,153.742,5.23125,-4.834785524319568
10.2495,153.742,5.234375,-4.990954231479955
10.2495,153.742,5.237500000000001,-5.16970197438047
10.2495,153.742,5.2406250000000005,-5.382104526933757
10.2495,153.742,5.24375,-5.621112353216454
10.2495,153.742,5.246875,-5.886818647010688
10.2495,153.742,5.25,-6.179598669479514
10.2495,153.742,5.253125000000001,-6.537048201760519
10.2495,153.742,5.2562500000000005,-6.986531725672103
10.2495,153.742,5.259375,-7.602010654477617
10.2495,153.742,5.2625,-8.598579270550841
10.2495,153.742,5.265625,-10.159396375529273
10.2495,153.742,5.268750000000001,-11.274324480943216
10.2495,153.742,5.2718750000000005,-9.875368998113132
10.2495,153.742,5.275,-8.217408890695872
10.2495,153.742,5.278125,-7.248869396562641
10.2495,153.742,5.28125,-6.678729219297582
10.2495,153.742,5.284375000000001,-6.288907841829938
10.2495,153.742,5.2875000000000005,-5.9772146619739726
10.2495,153.742,5.290625,-5.721244826569772
10.2495,153.742,5.29375,-5.50038446880034
10.2495,153.742,5.296875,-5.313807733183591
10.2495,153.742,5.300000000000001,-5.168649324560674
10.2495,153.742,5.3031250000000005,-5.053545993668241
10.2495,153.742,5.30625,-4.9712505290528055
10.2495,153.742,5.309375,-4.91331686622153
10.2495,153.742,5.3125,-4.880181388507658
10.2495,153.742,5.315625000000001,-4.881052350868275
10.2495,153.742,5.3187500000000005,-4.902367750887141
10.2495,153.742,5.321875,-4.94460197876594
10.2495,153.742,5.325,-5.01430338330549
10.2495,153.742,5.328125,-5.083278601505674
10.2495,153.742,5.331250000000001,-5.160787086361095
10.2495,153.742,5.3343750000000005,-5.249859506877145
10.2495,153.742,5.3375,-5.335507621265414
10.2495,153.742,5.340625,-5.431431609073013
10.2495,153.742,5.34375,-5.516829694195896
10.2495,153.742,5.346875000000001,-5.595321694979825
10.2495,153.742,5.3500000000000005,-5.656512053645609
10.2495,153.742,5.353125,-5.696070987285849
10.2495,153.742,5.35625,-5.707673245022706
10.2495,153.742,5.359375,-5.690658624700603
10.2495,153.742,5.362500000000001,-5.634935668449627
10.2495,153.742,5.3656250000000005,-5.555449664862067
10.2495,153.742,5.36875,-5.441815239356612
10.2495,153.742,5.371875,-5.316263159884221
10.2495,153.742,5.375,-5.184703296417
10.2495,153.742,5.378125000000001,-5.044990406581821
10.2495,153.742,5.3812500000000005,-4.913398283095641
10.2495,153.742,5.384375,-4.790811827401699
10.2495,153.742,5.3875,-4.680320941107451
10.2495,153.742,5.390625,-4.598317434087519
10.2495,153.742,5.393750000000001,-4.53481029663022
10.2495,153.742,5.3968750000000005,-4.490776842151952
10.2495,153.742,5.4,-4.4770092428503085
10.2495,153.742,5.403125,-4.479174940812192
10.2495,153.742,5.40625,-4.505194097826029
10.2495,153.742,5.409375000000001,-4.554734949806149
10.2495,153.742,5.4125000000000005,-4.6248512013572025
10.2495,153.742,5.415625,-4.708662870990672
10.2495,153.742,5.41875,-4.8169929065308965
10.2495,153.742,5.421875,-4.935115785814166
10.2495,153.742,5.425000000000001,-5.068986899661514
10.2495,153.742,5.4281250000000005,-5.208022040731677
10.2495,153.742,5.43125,-5.366815082756999
10.2495,153.742,5.434375,-5.5246063558692
10.2495,153.742,5.4375,-5.668274593261381
10.2495,153.742,5.440625000000001,-5.802272254016378
10.2495,153.742,5.4437500000000005,-5.915158953929426
10.2495,153.742,5.446875,-5.992318285558812
10.2495,153.742,5.45,-6.0387321934561635
10.2495,153.742,5.453125,-6.047105131223689
10.2495,153.742,5.456250000000001,-6.012863242847973
10.2495,153.742,5.4593750000000005,-5.935363017702683
10.2495,153.742,5.4625,-5.83336067001098
10.2495,153.742,5.465625,-5.695658331733005
10.2495,153.742,5.46875,-5.541842284675039
10.2495,153.742,5.471875000000001,-5.379476509293966
10.2495,153.742,5.4750000000000005,-5.219406747790516
10.2495,153.742,5.478125,-5.072216562879378
10.2495,153.742,5.48125,-4.935506248305614
10.2495,153.742,5.484375,-4.823384580358503
10.2495,153.742,5.487500000000001,-4.7237719762486465
10.2495,153.742,5.4906250000000005,-4.664924710004891
10.2495,153.742,5.49375,-4.6295316538704405
10.2495,153.742,5.496875,-4.619366650836715
10.2495,153.742,5.5,-4.635277865681743
10.2495,153.742,5.503125000000001,-4.667967751417218
10.2495,153.742,5.5062500000000005,-4.725549613839863
10.2495,153.742,5.509375,-4.79326875793772
10.2495,153.742,5.5125,-4.871252815879277
10.2495,153.742,5.515625,-4.957673934044932
10.2495,153.742,5.518750000000001,-5.044653472190096
10.2495,153.742,5.5218750000000005,-5.130631945481027
10.2495,153.742,5.525,-5.200555258214957
10.2495,153.742,5.528125,-5.260889265924798
10.2495,153.742,5.53125,-5.296367856779037
10.2495,153.742,5.534375000000001,-5.311700312414006
10.2495,153.742,5.5375000000000005,-5.297130192049736
10.2495,153.742,5.540625,-5.254322198862136
10.2495,153.742,5.54375,-5.183276933141926
10.2495,153.742,5.546875,-5.083474606314145
10.2495,153.742,5.550000000000001,-4.963109018627786
10.2495,153.742,5.5531250000000005,-4.831627147508736
10.2495,153.742,5.55625,-4.691195724327201
10.2495,153.742,5.559375,-4.543942889621319
10.2495,153.742,5.5625,-4.402029943332422
10.2495,153.742,5.565625000000001,-4.269954182858218
10.2495,153.742,5.5687500000000005,-4.151361774574176
10.2495,153.742,5.571875,-4.05202634506607
10.2495,153.742,5.575,-3.967074490971065
10.2495,153.742,5.578125,-3.9122779442644138
10.2495,153.742,5.581250000000001,-3.870412979026272
10.2495,153.742,5.5843750000000005,-3.846694372989007
10.2495,153.742,5.5875,-3.857957777548573
10.2495,153.742,5.590625,-3.889407745052686
10.2495,153.742,5.59375,-3.9393467448770227
10.2495,153.742,5.596875000000001,-4.00742889504387
10.2495,153.742,5.6000000000000005,-4.099423407269874
10.2495,153.742,5.603125,-4.2010907600556315
10.2495,153.742,5.60625,-4.314319501536408
10.2495,153.742,5.609375,-4.440462920491715
10.2495,153.742,5.612500000000001,-4.564122158027964
10.2495,153.742,5.6156250000000005,-4.69303883768743
10.2495,153.742,5.61875,-4.811611631581366
10.2495,153.742,5.621875,-4.915278615511657
10.2495,153.742,5.625,-4.992530869655887
10.2495,153.742,5.628125000000001,-5.0468299930592835
10.2495,153.742,5.6312500000000005,-5.060454471638147
10.2495,153.742,5.634375,-5.036223687641446
10.2495,153.742,5.6375,-4.980144711575738
10.2495,153.742,5.640625,-4.886377445567673
10.2495,153.742,5.643750000000001,-4.770646796901745
10.2495,153.742,5.6468750000000005,-4.6340935845991655
10.2495,153.742,5.65,-4.484615141310158
10.2495,153.742,5.653125,-4.331698510142374
10.2495,153.742,5.65625,-4.1910478384750425
10.2495,153.742,5.659375000000001,-4.067667415509277
10.2495,153.742,5.6625000000000005,-3.9484159010536475
10.2495,153.742,5.665625,-3.8655976680381317
10.2495,153.742,5.66875,-3.8030738726613316
10.2495,153.742,5.671875,-3.751516059351545
10.2495,153.742,5.675000000000001,-3.731228778315363
10.2495,153.742,5.6781250000000005,-3.730337029537707
10.2495,153.742,5.68125,-3.740804954454015
10.2495,153.742,5.684375,-3.7801624091129393
10.2495,153.742,5.6875,-3.8293245933620907
10.2495,153.742,5.690625000000001,-3.8926917456029217
10.2495,153.742,5.6937500000000005,-3.959202048231632
10.2495,153.742,5.696875,-4.029858168106118
10.2495,153.742,5.7,-4.100587681293917
10.2495,153.742,5.703125,-4.175064981266226
10.2495,153.742,5.706250000000001,-4.237060527030365
10.2495,153.742,5.7093750000000005,-4.283441767736048
10.2495,153.742,5.7125,-4.305307903211525
10.2495,153.742,5.715625,-4.30584742617815
10.2495,153.742,5.71875,-4.27999706940917
10.2495,153.742,5.721875000000001,-4.232298018962644
10.2495,153.742,5.7250000000000005,-4.155361831720276
10.2495,153.742,5.728125,-4.056162669280587
10.2495,153.742,5.73125,-3.92567832091619
10.2495,153.742,5.734375,-3.778228025808747
10.2495,153.742,5.737500000000001,-3.625173565602515
10.2495,153.742,5.7406250000000005,-3.470171414267912
10.2495,153.742,5.74375,-3.3195585534621164
10.2495,153.742,5.746875,-3.183571454883902
10.2495,153.742,5.75,-3.0603360831813124
10.2495,153.742,5.753125000000001,-2.955084512966883
10.2495,153.742,5.7562500000000005,-2.867774620432972
10.2495,153.742,5.759375,-2.8109716685428925
10.2495,153.742,5.7625,-2.7801747170879594
10.2495,153.742,5.765625,-2.7753648598221616
10.2495,153.742,5.768750000000001,-2.7908269302277433
10.2495,153.742,5.7718750000000005,-2.8309414885060775
10.2495,153.742,5.775,-2.882741445919051
10.2495,153.742,5.778125,-2.9551751483120685
10.2495,153.742,5.78125,-3.041176644690398
10.2495,153.742,5.784375000000001,-3.134621941180668
10.2495,153.742,5.7875000000000005,-3.233852891078117
10.2495,153.742,5.790625,-3.331529926720596
10.2495,153.742,5.79375,-3.4243044729756518
10.2495,153.742,5.796875,-3.5104472861038607
10.2495,153.742,5.800000000000001,-3.57785291457491
10.2495,153.742,5.8031250000000005,-3.631871332602201
10.2495,153.742,5.80625,-3.664084118396655
10.2495,153.742,5.809375,-3.673705155030997
10.2495,153.742,5.8125,-3.65197169133409
10.2495,153.742,5.815625000000001,-3.602979127849773
10.2495,153.742,5.8187500000000005,-3.5347730837198292
10.2495,153.742,5.821875,-3.4477044987470977
10.2495,153.742,5.825,-3.338543393508175
10.2495,153.742,5.828125,-3.224791654514573
10.2495,153.742,5.831250000000001,-3.103071656715242
10.2495,153.742,5.8343750000000005,-2.981799394322588
10.2495,153.742,5.8375,-2.868608287095073
10.2495,153.742,5.840625,-2.7649213110846693
10.2495,153.742,5.84375,-2.6831080564381242
10.2495,153.742,5.846875000000001,-2.6217561817058876
10.2495,153.742,5.8500000000000005,-2.583683466382178
10.2495,153.742,5.853125,-2.565631681704442
10.2495,153.742,5.85625,-2.569306616119703
10.2495,153.742,5.859375,-2.594433801537257
10.2495,153.742,5.862500000000001,-2.6446451653634533
10.2495,153.742,5.8656250000000005,-2.7110160724585053
10.2495,153.742,5.86875,-2.7935159716396663
10.2495,153.742,5.871875,-2.8792712612733933
10.2495,153.742,5.875,-2.9788375220436256
10.2495,153.742,5.878125000000001,-3.0705801830436497
10.2495,153.742,5.8812500000000005,-3.163856758254755
10.2495,153.742,5.884375,-3.253488390051391
10.2495,153.742,5.8875,-3.322765955911508
10.2495,153.742,5.890625,-3.380089482967517
10.2495,153.742,5.893750000000001,-3.4161886417052996
10.2495,153.742,5.8968750000000005,-3.4198750900422907
10.2495,153.742,5.9,-3.3908697952147633
10.2495,153.742,5.903125,-3.3287040096751053
10.2495,153.742,5.90625,-3.2394059787952543
10.2495,153.742,5.909375000000001,-3.1189660810582245
10.2495,153.742,5.9125000000000005,-2.978029189014843
10.2495,153.742,5.915625,-2.826240236087825
10.2495,153.742,5.91875,-2.666385423979958
10.2495,153.742,5.921875,-2.5054118434582624
10.2495,153.742,5.925000000000001,-2.3492497675198267
10.2495,153.742,5.9281250000000005,-2.214576839579469
10.2495,153.742,5.93125,-2.0992935209957895
10.2495,153.742,5.934375,-2.010162813071663
10.2495,153.742,5.9375,-1.9484647364623764
10.2495,153.742,5.940625000000001,-1.9092073135283552
10.2495,153.742,5.9437500000000005,-1.8945969647292653
10.2495,153.742,5.946875,-1.9017091852546277
10.2495,153.742,5.95,-1.934814901133775
10.2495,153.742,5.953125,-1.9886726465563007
10.2495,153.742,5.956250000000001,-2.0588232437460015
10.2495,153.742,5.9593750000000005,-2.146385892659711
10.2495,153.742,5.9625,-2.2442505770077177
10.2495,153.742,5.965625,-2.3481659354410382
10.2495,153.742,5.96875,-2.4610612104522374
10.2495,153.742,5.971875000000001,-2.5741699521317756
10.2495,153.742,5.9750000000000005,-2.6870237118570324
10.2495,153.742,5.978125,-2.8012426869453493
10.2495,153.742,5.98125,-2.903367342191302
10.2495,153.742,5.984375,-2.9899329007076525
10.2495,153.742,5.987500000000001,-3.0496264988300616
10.2495,153.742,5.9906250000000005,-3.085547929122345
10.2495,153.742,5.99375,-3.0855672264968432
10.2495,153.742,5.996875,-3.0586057547300904
10.2495,153.742,6,-3.000634722952632
