"Current","Field","Frequency","Spectra"
11.6924,175.386,1,-0.9161852109207708
11.6924,175.386,1.003125,-0.8761612369652605
11.6924,175.386,1.00625,-0.8366590531315955
11.6924,175.386,1.0093750000000001,-0.8051841254463344
11.6924,175.386,1.0125,-0.781116636464158
11.6924,175.386,1.015625,-0.7700936717525593
11.6924,175.386,1.01875,-0.7667766251041284
11.6924,175.386,1.021875,-0.7739159887538924
11.6924,175.386,1.0250000000000001,-0.7962706097518051
11.6924,175.386,1.028125,-0.8311233440450156
11.6924,175.386,1.03125,-0.8779646632324198
11.6924,175.386,1.034375,-0.9336993622611407
11.6924,175.386,1.0375,-0.9981594962924658
11.6924,175.386,1.0406250000000001,-1.0660247452464335
11.6924,175.386,1.04375,-1.134195713163362
11.6924,175.386,1.046875,-1.2015935712522223
11.6924,175.386,1.05,-1.2687406721313224
11.6924,175.386,1.053125,-1.3222355010391509
11.6924,175.386,1.0562500000000001,-1.3677733342361762
11.6924,175.386,1.059375,-1.4041240544143472
11.6924,175.386,1.0625,-1.4289317657144247
11.6924,175.386,1.065625,-1.4409738812292041
11.6924,175.386,1.06875,-1.4432840706604353
11.6924,175.386,1.0718750000000001,-1.431350952866219
11.6924,175.386,1.0750000000000002,-1.410681136868464
11.6924,175.386,1.078125,-1.3808107481777467
11.6924,175.386,1.08125,-1.3404783089846317
11.6924,175.386,1.084375,-1.2920941933202879
11.6924,175.386,1.0875000000000001,-1.2391739641656105
11.6924,175.386,1.0906250000000002,-1.1864442588518003
11.6924,175.386,1.09375,-1.1360831181946227
11.6924,175.386,1.096875,-1.0776802631465268
11.6924,175.386,1.1,-1.0358617145981786
11.6924,175.386,1.1031250000000001,-0.9965543139770832
11.6924,175.386,1.1062500000000002,-0.9488633444700499
11.6924,175.386,1.109375,-0.9192031971881469
11.6924,175.386,1.1125,-0.8974407653028627
11.6924,175.386,1.115625,-0.8879526527323236
11.6924,175.386,1.1187500000000001,-0.8890690090590552
11.6924,175.386,1.1218750000000002,-0.8956837262127814
11.6924,175.386,1.125,-0.9122459365680359
11.6924,175.386,1.128125,-0.9354583001637331
11.6924,175.386,1.13125,-0.9663136675721617
11.6924,175.386,1.1343750000000001,-1.0025639958010584
11.6924,175.386,1.1375000000000002,-1.043471360035606
11.6924,175.386,1.140625,-1.0844128349910438
11.6924,175.386,1.14375,-1.1199379066333495
11.6924,175.386,1.146875,-1.1578402839758515
11.6924,175.386,1.1500000000000001,-1.1895985869637713
11.6924,175.386,1.1531250000000002,-1.2133754249907514
11.6924,175.386,1.15625,-1.2296431869737556
11.6924,175.386,1.159375,-1.235703715661884
11.6924,175.386,1.1625,-1.234742139646788
11.6924,175.386,1.1656250000000001,-1.222747234772926
11.6924,175.386,1.1687500000000002,-1.199647931207561
11.6924,175.386,1.171875,-1.1694103778009777
11.6924,175.386,1.175,-1.1304569359787118
11.6924,175.386,1.178125,-1.086059185467895
11.6924,175.386,1.1812500000000001,-1.0359900305313776
11.6924,175.386,1.1843750000000002,-0.982864223211936
11.6924,175.386,1.1875,-0.9299144552521398
11.6924,175.386,1.190625,-0.8810610958383408
11.6924,175.386,1.19375,-0.8418547161407244
11.6924,175.386,1.1968750000000001,-0.8108246982369655
11.6924,175.386,1.2000000000000002,-0.7837824528069339
11.6924,175.386,1.203125,-0.7751622278270884
11.6924,175.386,1.20625,-0.7792306253030976
11.6924,175.386,1.209375,-0.8007558276935469
11.6924,175.386,1.2125000000000001,-0.8357631900653223
11.6924,175.386,1.2156250000000002,-0.8815096336740795
11.6924,175.386,1.21875,-0.9358198274309613
11.6924,175.386,1.221875,-1.0042054491693295
11.6924,175.386,1.225,-1.0791663436935348
11.6924,175.386,1.2281250000000001,-1.1561606591805904
11.6924,175.386,1.2312500000000002,-1.2291224087499255
11.6924,175.386,1.234375,-1.2979593635362752
11.6924,175.386,1.2375,-1.3593631203134915
11.6924,175.386,1.240625,-1.4086041386612433
11.6924,175.386,1.2437500000000001,-1.4570667195903155
11.6924,175.386,1.2468750000000002,-1.4912955979218872
11.6924,175.386,1.25,-1.5131991385914372
11.6924,175.386,1.253125,-1.5143326293890618
11.6924,175.386,1.25625,-1.4997100452411383
11.6924,175.386,1.2593750000000001,-1.4749193383552872
11.6924,175.386,1.2625000000000002,-1.4527807084219349
11.6924,175.386,1.265625,-1.4244863280709732
11.6924,175.386,1.26875,-1.3832028532372687
11.6924,175.386,1.271875,-1.3349207939816323
11.6924,175.386,1.2750000000000001,-1.2801789783424349
11.6924,175.386,1.2781250000000002,-1.2221830714786044
11.6924,175.386,1.28125,-1.173620027681333
11.6924,175.386,1.284375,-1.137021367111764
11.6924,175.386,1.2875,-1.097886396405934
11.6924,175.386,1.2906250000000001,-1.0660101389125844
11.6924,175.386,1.2937500000000002,-1.0409631134204371
11.6924,175.386,1.296875,-1.0299267261126877
11.6924,175.386,1.3,-1.0222799091540522
11.6924,175.386,1.303125,-1.035400820370447
11.6924,175.386,1.3062500000000001,-1.0528531176900682
11.6924,175.386,1.3093750000000002,-1.078647781812449
11.6924,175.386,1.3125,-1.1136302498428632
11.6924,175.386,1.315625,-1.1541898810165958
11.6924,175.386,1.31875,-1.1990109555923214
11.6924,175.386,1.3218750000000001,-1.2421753491652305
11.6924,175.386,1.3250000000000002,-1.2828272684808848
11.6924,175.386,1.328125,-1.3230113136452313
11.6924,175.386,1.33125,-1.353288902234522
11.6924,175.386,1.334375,-1.379235760180637
11.6924,175.386,1.3375000000000001,-1.3914798333780973
11.6924,175.386,1.3406250000000002,-1.3939473229120103
11.6924,175.386,1.34375,-1.3888114788975945
11.6924,175.386,1.346875,-1.3715622847671853
11.6924,175.386,1.35,-1.345007203662443
11.6924,175.386,1.3531250000000001,-1.3082078650256836
11.6924,175.386,1.3562500000000002,-1.2649553482727625
11.6924,175.386,1.359375,-1.215146107222335
11.6924,175.386,1.3625,-1.1589934207906845
11.6924,175.386,1.365625,-1.101967618393659
11.6924,175.386,1.3687500000000001,-1.041828943650253
11.6924,175.386,1.3718750000000002,-0.9883316961580566
11.6924,175.386,1.375,-0.9387247114102739
11.6924,175.386,1.378125,-0.8949335609454052
11.6924,175.386,1.38125,-0.859779767807261
11.6924,175.386,1.3843750000000001,-0.8384987230313333
11.6924,175.386,1.3875000000000002,-0.8296681951128206
11.6924,175.386,1.390625,-0.834854575693609
11.6924,175.386,1.39375,-0.8583216042764101
11.6924,175.386,1.396875,-0.8961975984725888
11.6924,175.386,1.4000000000000001,-0.9523306176644963
11.6924,175.386,1.4031250000000002,-1.0054569978351626
11.6924,175.386,1.40625,-1.07140488996541
11.6924,175.386,1.409375,-1.1405245905673316
11.6924,175.386,1.4125,-1.2164284694719512
11.6924,175.386,1.4156250000000001,-1.2938996791497783
11.6924,175.386,1.4187500000000002,-1.365084397508547
11.6924,175.386,1.421875,-1.4293877395456553
11.6924,175.386,1.425,-1.482915500356636
11.6924,175.386,1.428125,-1.5308514522382572
11.6924,175.386,1.4312500000000001,-1.5615598240755493
11.6924,175.386,1.4343750000000002,-1.583696825394546
11.6924,175.386,1.4375,-1.5913700099201111
11.6924,175.386,1.440625,-1.5879917784834294
11.6924,175.386,1.44375,-1.5739868816397726
11.6924,175.386,1.4468750000000001,-1.5490119750513207
11.6924,175.386,1.4500000000000002,-1.5128015192628743
11.6924,175.386,1.453125,-1.4687103023189463
11.6924,175.386,1.45625,-1.4183664454688072
11.6924,175.386,1.459375,-1.3644229009342532
11.6924,175.386,1.4625000000000001,-1.312022921365471
11.6924,175.386,1.4656250000000002,-1.2590149779223263
11.6924,175.386,1.46875,-1.211226803561242
11.6924,175.386,1.471875,-1.1712907352417745
11.6924,175.386,1.475,-1.1372513873635244
11.6924,175.386,1.4781250000000001,-1.1169043239836332
11.6924,175.386,1.4812500000000002,-1.110445992004631
11.6924,175.386,1.484375,-1.1150191296497607
11.6924,175.386,1.4875,-1.1359336943245832
11.6924,175.386,1.490625,-1.1708539358901886
11.6924,175.386,1.4937500000000001,-1.2151082623833322
11.6924,175.386,1.4968750000000002,-1.2679460619420249
11.6924,175.386,1.5,-1.322759174008685
11.6924,175.386,1.503125,-1.3803431759095564
11.6924,175.386,1.50625,-1.4337500411073212
11.6924,175.386,1.5093750000000001,-1.4830198722911763
11.6924,175.386,1.5125000000000002,-1.5272134107685589
11.6924,175.386,1.515625,-1.5620287042055034
11.6924,175.386,1.51875,-1.589528025405333
11.6924,175.386,1.521875,-1.5972523792310354
11.6924,175.386,1.5250000000000001,-1.5959082105638036
11.6924,175.386,1.5281250000000002,-1.5824725407178672
11.6924,175.386,1.53125,-1.5611121884307408
11.6924,175.386,1.534375,-1.5286989072568953
11.6924,175.386,1.5375,-1.4930152256815454
11.6924,175.386,1.5406250000000001,-1.4483751673486254
11.6924,175.386,1.5437500000000002,-1.3956456127126349
11.6924,175.386,1.546875,-1.3372607996060908
11.6924,175.386,1.55,-1.275848057628437
11.6924,175.386,1.553125,-1.2153309465589537
11.6924,175.386,1.5562500000000001,-1.156588568094746
11.6924,175.386,1.5593750000000002,-1.0987824765556098
11.6924,175.386,1.5625,-1.0448467888326938
11.6924,175.386,1.565625,-1.0023448307378628
11.6924,175.386,1.56875,-0.9692217114050898
11.6924,175.386,1.5718750000000001,-0.9529198621192141
11.6924,175.386,1.5750000000000002,-0.9486476471925447
11.6924,175.386,1.578125,-0.9643406748159695
11.6924,175.386,1.58125,-0.9928442570846416
11.6924,175.386,1.584375,-1.0399737515326757
11.6924,175.386,1.5875000000000001,-1.1012788909326547
11.6924,175.386,1.5906250000000002,-1.1754335554425586
11.6924,175.386,1.59375,-1.2551657545222559
11.6924,175.386,1.596875,-1.3382801795946553
11.6924,175.386,1.6,-1.420250358159749
11.6924,175.386,1.6031250000000001,-1.4956222351003938
11.6924,175.386,1.6062500000000002,-1.5634194740865812
11.6924,175.386,1.609375,-1.619966127870439
11.6924,175.386,1.6125,-1.6614268597385142
11.6924,175.386,1.615625,-1.6852950303996062
11.6924,175.386,1.6187500000000001,-1.6957225688029387
11.6924,175.386,1.6218750000000002,-1.6901844259948011
11.6924,175.386,1.625,-1.6733854986798544
11.6924,175.386,1.628125,-1.6432846752800194
11.6924,175.386,1.63125,-1.6061901726745174
11.6924,175.386,1.6343750000000001,-1.5605442520383408
11.6924,175.386,1.6375000000000002,-1.5125601476882822
11.6924,175.386,1.640625,-1.4653300741043616
11.6924,175.386,1.64375,-1.4128573355312661
11.6924,175.386,1.646875,-1.3660470214844596
11.6924,175.386,1.6500000000000001,-1.3211777332799726
11.6924,175.386,1.6531250000000002,-1.2874352220958447
11.6924,175.386,1.65625,-1.262964410401655
11.6924,175.386,1.659375,-1.2510928773609753
11.6924,175.386,1.6625,-1.2602540677917595
11.6924,175.386,1.6656250000000001,-1.2638923825519544
11.6924,175.386,1.6687500000000002,-1.2638175314945483
11.6924,175.386,1.671875,-1.2839730897793376
11.6924,175.386,1.675,-1.3153047182299638
11.6924,175.386,1.678125,-1.3646494523753794
11.6924,175.386,1.6812500000000001,-1.4157550001095442
11.6924,175.386,1.6843750000000002,-1.4750765818827318
11.6924,175.386,1.6875,-1.5382899481691747
11.6924,175.386,1.690625,-1.599988143108329
11.6924,175.386,1.69375,-1.6576985205266
11.6924,175.386,1.6968750000000001,-1.7081212294693562
11.6924,175.386,1.7000000000000002,-1.7521859553229058
11.6924,175.386,1.703125,-1.7829398075036276
11.6924,175.386,1.70625,-1.8050762662915034
11.6924,175.386,1.709375,-1.8128501750468744
11.6924,175.386,1.7125000000000001,-1.8113974506172335
11.6924,175.386,1.7156250000000002,-1.7928252092335575
11.6924,175.386,1.71875,-1.7650690313974104
11.6924,175.386,1.721875,-1.7198415565982936
11.6924,175.386,1.725,-1.6660976540550954
11.6924,175.386,1.7281250000000001,-1.6057390765817179
11.6924,175.386,1.7312500000000002,-1.5368575897943093
11.6924,175.386,1.734375,-1.463660583362264
11.6924,175.386,1.7375,-1.3903258367587714
11.6924,175.386,1.740625,-1.3184452918005696
11.6924,175.386,1.7437500000000001,-1.253105708755951
11.6924,175.386,1.7468750000000002,-1.191743836917126
11.6924,175.386,1.75,-1.1399147025660785
11.6924,175.386,1.753125,-1.1065878655016848
11.6924,175.386,1.75625,-1.0852347610566002
11.6924,175.386,1.7593750000000001,-1.0832023486904525
11.6924,175.386,1.7625000000000002,-1.098517562454295
11.6924,175.386,1.765625,-1.1312438986634417
11.6924,175.386,1.76875,-1.1768550096239159
11.6924,175.386,1.771875,-1.2342363509195722
11.6924,175.386,1.7750000000000001,-1.3008919155356902
11.6924,175.386,1.7781250000000002,-1.3718653961529772
11.6924,175.386,1.78125,-1.4434927371874058
11.6924,175.386,1.784375,-1.518923537514407
11.6924,175.386,1.7875,-1.5895572664235014
11.6924,175.386,1.7906250000000001,-1.6506404486570725
11.6924,175.386,1.7937500000000002,-1.695196630677264
11.6924,175.386,1.7968750000000002,-1.735059353253362
11.6924,175.386,1.8,-1.7599798961087763
11.6924,175.386,1.803125,-1.768068634642668
11.6924,175.386,1.8062500000000001,-1.7670117838513286
11.6924,175.386,1.8093750000000002,-1.7538481278966214
11.6924,175.386,1.8125000000000002,-1.7339940117838064
11.6924,175.386,1.815625,-1.7015335845954414
11.6924,175.386,1.81875,-1.6617237900857937
11.6924,175.386,1.8218750000000001,-1.6158607787667234
11.6924,175.386,1.8250000000000002,-1.5651299085440975
11.6924,175.386,1.8281250000000002,-1.5145036519861055
11.6924,175.386,1.83125,-1.4657917999529206
11.6924,175.386,1.834375,-1.4185500621181777
11.6924,175.386,1.8375000000000001,-1.3758924767422063
11.6924,175.386,1.8406250000000002,-1.3395300583611605
11.6924,175.386,1.8437500000000002,-1.3184719670264433
11.6924,175.386,1.846875,-1.3042392838754129
11.6924,175.386,1.85,-1.3034799095827678
11.6924,175.386,1.8531250000000001,-1.3193625272936482
11.6924,175.386,1.8562500000000002,-1.3478230891421072
11.6924,175.386,1.8593750000000002,-1.3923229251306428
11.6924,175.386,1.8625,-1.447524833713423
11.6924,175.386,1.865625,-1.5120262852431288
11.6924,175.386,1.8687500000000001,-1.5847109210732289
11.6924,175.386,1.8718750000000002,-1.6569062778933215
11.6924,175.386,1.8750000000000002,-1.728440420385751
11.6924,175.386,1.878125,-1.798255561957542
11.6924,175.386,1.88125,-1.8518722013587112
11.6924,175.386,1.8843750000000001,-1.8996515947603148
11.6924,175.386,1.8875000000000002,-1.9337450021048275
11.6924,175.386,1.8906250000000002,-1.9541147473471914
11.6924,175.386,1.89375,-1.9585616640738988
11.6924,175.386,1.896875,-1.9448635508321657
11.6924,175.386,1.9000000000000001,-1.9211843316299797
11.6924,175.386,1.9031250000000002,-1.882297544740238
11.6924,175.386,1.9062500000000002,-1.8306638099465624
11.6924,175.386,1.909375,-1.7745464351684777
11.6924,175.386,1.9125,-1.70577936775343
11.6924,175.386,1.9156250000000001,-1.6362406382299648
11.6924,175.386,1.9187500000000002,-1.562954292937214
11.6924,175.386,1.9218750000000002,-1.4897482322917868
11.6924,175.386,1.925,-1.4188662195854154
11.6924,175.386,1.928125,-1.3540146989367619
11.6924,175.386,1.9312500000000001,-1.2977101344611857
11.6924,175.386,1.9343750000000002,-1.2548083386265916
11.6924,175.386,1.9375000000000002,-1.2199040463478559
11.6924,175.386,1.940625,-1.1991738284197888
11.6924,175.386,1.94375,-1.1976315866093183
11.6924,175.386,1.9468750000000001,-1.2072940924792623
11.6924,175.386,1.9500000000000002,-1.234998504189833
11.6924,175.386,1.9531250000000002,-1.273120286417628
11.6924,175.386,1.95625,-1.32965783554316
11.6924,175.386,1.959375,-1.3939516810978583
11.6924,175.386,1.9625000000000001,-1.4623349815512716
11.6924,175.386,1.9656250000000002,-1.5376271836097335
11.6924,175.386,1.9687500000000002,-1.608137216839406
11.6924,175.386,1.971875,-1.6722678931482027
11.6924,175.386,1.975,-1.7299360263883794
11.6924,175.386,1.9781250000000001,-1.7761603339346521
11.6924,175.386,1.9812500000000002,-1.8113064173210427
11.6924,175.386,1.9843750000000002,-1.8301254213334786
11.6924,175.386,1.9875,-1.8352124405663626
11.6924,175.386,1.990625,-1.8306147960995867
11.6924,175.386,1.9937500000000001,-1.8055168458267215
11.6924,175.386,1.9968750000000002,-1.7704705288521274
11.6924,175.386,2,-1.7254129285133977
11.6924,175.386,2.0031250000000003,-1.6707720078204338
11.6924,175.386,2.00625,-1.6108456316720021
11.6924,175.386,2.009375,-1.5454725257920896
11.6924,175.386,2.0125,-1.4832251907399434
11.6924,175.386,2.015625,-1.4214982840251202
11.6924,175.386,2.0187500000000003,-1.364135639784025
11.6924,175.386,2.021875,-1.3130063422027494
11.6924,175.386,2.025,-1.271477567021364
11.6924,175.386,2.028125,-1.2434869554546888
11.6924,175.386,2.03125,-1.2334642413620083
11.6924,175.386,2.0343750000000003,-1.2408913715482255
11.6924,175.386,2.0375,-1.2655377032565431
11.6924,175.386,2.040625,-1.304444576826426
11.6924,175.386,2.04375,-1.3604315793420028
11.6924,175.386,2.046875,-1.4244681835326496
11.6924,175.386,2.0500000000000003,-1.4987512606750957
11.6924,175.386,2.053125,-1.5783014851454735
11.6924,175.386,2.05625,-1.6613218567648427
11.6924,175.386,2.059375,-1.7436143629864231
11.6924,175.386,2.0625,-1.8206258633590242
11.6924,175.386,2.0656250000000003,-1.8846265272809646
11.6924,175.386,2.06875,-1.9355822599045909
11.6924,175.386,2.071875,-1.9745367199354733
11.6924,175.386,2.075,-1.996698917539153
11.6924,175.386,2.078125,-2.0093955715312664
11.6924,175.386,2.0812500000000003,-2.003180644064188
11.6924,175.386,2.084375,-1.9838165298009034
11.6924,175.386,2.0875,-1.9466232065503646
11.6924,175.386,2.090625,-1.8963414834885493
11.6924,175.386,2.09375,-1.8368441110427596
11.6924,175.386,2.0968750000000003,-1.769110410103232
11.6924,175.386,2.1,-1.6995852960905644
11.6924,175.386,2.103125,-1.6257591980680686
11.6924,175.386,2.10625,-1.5507699839530507
11.6924,175.386,2.109375,-1.4814181969287739
11.6924,175.386,2.1125000000000003,-1.413233268462506
11.6924,175.386,2.115625,-1.3534267895335912
11.6924,175.386,2.11875,-1.3011053954449903
11.6924,175.386,2.121875,-1.2592241968567766
11.6924,175.386,2.125,-1.2326584336664224
11.6924,175.386,2.1281250000000003,-1.2242412446657294
11.6924,175.386,2.13125,-1.2322790862156288
11.6924,175.386,2.134375,-1.2583958179909873
11.6924,175.386,2.1375,-1.2992529426924606
11.6924,175.386,2.140625,-1.3524450655278484
11.6924,175.386,2.1437500000000003,-1.4156820407981565
11.6924,175.386,2.146875,-1.4877237044888212
11.6924,175.386,2.1500000000000004,-1.5641585958033997
11.6924,175.386,2.153125,-1.636602572896586
11.6924,175.386,2.15625,-1.7120865974495532
11.6924,175.386,2.1593750000000003,-1.7717861835157998
11.6924,175.386,2.1625,-1.8199276919197085
11.6924,175.386,2.1656250000000004,-1.85307669116301
11.6924,175.386,2.16875,-1.8705187603764148
11.6924,175.386,2.171875,-1.872793444105141
11.6924,175.386,2.1750000000000003,-1.8582421869906873
11.6924,175.386,2.178125,-1.8271163413279705
11.6924,175.386,2.1812500000000004,-1.7898283976913196
11.6924,175.386,2.184375,-1.7371854520302978
11.6924,175.386,2.1875,-1.6763531388035204
11.6924,175.386,2.1906250000000003,-1.614721466404886
11.6924,175.386,2.19375,-1.5400866625711522
11.6924,175.386,2.1968750000000004,-1.4640415305269427
11.6924,175.386,2.2,-1.3894805207087035
11.6924,175.386,2.203125,-1.3222984827553903
11.6924,175.386,2.2062500000000003,-1.2670847223313964
11.6924,175.386,2.209375,-1.2251071005203316
11.6924,175.386,2.2125000000000004,-1.1941700051811113
11.6924,175.386,2.215625,-1.176573267030682
11.6924,175.386,2.21875,-1.1790707602785313
11.6924,175.386,2.2218750000000003,-1.1959356308733968
11.6924,175.386,2.225,-1.2338073480847198
11.6924,175.386,2.2281250000000004,-1.2817920002164942
11.6924,175.386,2.23125,-1.3473937563371006
11.6924,175.386,2.234375,-1.4191314468030232
11.6924,175.386,2.2375000000000003,-1.4992323924968183
11.6924,175.386,2.240625,-1.581371017516415
11.6924,175.386,2.2437500000000004,-1.6615977883733546
11.6924,175.386,2.246875,-1.7352447030817295
11.6924,175.386,2.25,-1.8054484297737792
11.6924,175.386,2.2531250000000003,-1.8622305989269659
11.6924,175.386,2.25625,-1.906548954848305
11.6924,175.386,2.2593750000000004,-1.9382148345982069
11.6924,175.386,2.2625,-1.9545721083491128
11.6924,175.386,2.265625,-1.9533947733059596
11.6924,175.386,2.2687500000000003,-1.9366256580842434
11.6924,175.386,2.271875,-1.9128315705118013
11.6924,175.386,2.2750000000000004,-1.874125189474045
11.6924,175.386,2.278125,-1.8226112486745485
11.6924,175.386,2.28125,-1.76702371661143
11.6924,175.386,2.2843750000000003,-1.702040160125799
11.6924,175.386,2.2875,-1.6326855744241882
11.6924,175.386,2.2906250000000004,-1.5608809509420571
11.6924,175.386,2.29375,-1.4890552543288753
11.6924,175.386,2.296875,-1.4207452044198534
11.6924,175.386,2.3000000000000003,-1.3613615186384354
11.6924,175.386,2.303125,-1.3089605422171542
11.6924,175.386,2.3062500000000004,-1.2663600050666635
11.6924,175.386,2.309375,-1.2388183926337815
11.6924,175.386,2.3125,-1.22403410748639
11.6924,175.386,2.3156250000000003,-1.2282763590824808
11.6924,175.386,2.31875,-1.243531977315444
11.6924,175.386,2.3218750000000004,-1.2777849718230452
11.6924,175.386,2.325,-1.3245153753827976
11.6924,175.386,2.328125,-1.3836400638234025
11.6924,175.386,2.3312500000000003,-1.4554013397785057
11.6924,175.386,2.334375,-1.5282469039517115
11.6924,175.386,2.3375000000000004,-1.601920246476766
11.6924,175.386,2.340625,-1.6721846177429676
11.6924,175.386,2.34375,-1.7375937429998622
11.6924,175.386,2.3468750000000003,-1.7908170901047749
11.6924,175.386,2.35,-1.8343286439636428
11.6924,175.386,2.3531250000000004,-1.8619431157811162
11.6924,175.386,2.35625,-1.8764355130327794
11.6924,175.386,2.359375,-1.8728825811135252
11.6924,175.386,2.3625000000000003,-1.8559477008484002
11.6924,175.386,2.365625,-1.820629249283012
11.6924,175.386,2.3687500000000004,-1.7754958461224613
11.6924,175.386,2.371875,-1.7179761719388995
11.6924,175.386,2.375,-1.6530285261019277
11.6924,175.386,2.3781250000000003,-1.5816748994827616
11.6924,175.386,2.38125,-1.5129549092451047
11.6924,175.386,2.3843750000000004,-1.4378345048437582
11.6924,175.386,2.3875,-1.3676022944023558
11.6924,175.386,2.390625,-1.2977106054042356
11.6924,175.386,2.3937500000000003,-1.2428755859023346
11.6924,175.386,2.396875,-1.197674547263798
11.6924,175.386,2.4000000000000004,-1.167158750559047
11.6924,175.386,2.403125,-1.1566832865907426
11.6924,175.386,2.40625,-1.1661531105013638
11.6924,175.386,2.4093750000000003,-1.196699269734349
11.6924,175.386,2.4125,-1.248040191162138
11.6924,175.386,2.4156250000000004,-1.3191791551506178
11.6924,175.386,2.41875,-1.4155994961305682
11.6924,175.386,2.421875,-1.5419607439655525
11.6924,175.386,2.4250000000000003,-1.7166702127006017
11.6924,175.386,2.428125,-2.024324857268392
11.6924,175.386,2.4312500000000004,-2.735275387864271
11.6924,175.386,2.434375,-3.4014773741655926
11.6924,175.386,2.4375,-2.494192961513636
11.6924,175.386,2.4406250000000003,-2.159480327616856
11.6924,175.386,2.44375,-2.0725545758892947
11.6924,175.386,2.4468750000000004,-2.0463850285323337
11.6924,175.386,2.45,-2.0321431508138263
11.6924,175.386,2.453125,-2.0114541590209374
11.6924,175.386,2.4562500000000003,-1.9826428075389468
11.6924,175.386,2.459375,-1.9419054586562823
11.6924,175.386,2.4625000000000004,-1.889488582218322
11.6924,175.386,2.465625,-1.8280203245046183
11.6924,175.386,2.46875,-1.7618455218897284
11.6924,175.386,2.4718750000000003,-1.6873057764901116
11.6924,175.386,2.475,-1.613681586240989
11.6924,175.386,2.4781250000000004,-1.545066271787304
11.6924,175.386,2.48125,-1.478333543721432
11.6924,175.386,2.484375,-1.4174134323383512
11.6924,175.386,2.4875000000000003,-1.3604303271218856
11.6924,175.386,2.490625,-1.3236803550193121
11.6924,175.386,2.4937500000000004,-1.2942207652014173
11.6924,175.386,2.496875,-1.2819530419900815
11.6924,175.386,2.5,-1.2897714271406575
11.6924,175.386,2.5031250000000003,-1.3085711625869811
11.6924,175.386,2.50625,-1.3459763417408734
11.6924,175.386,2.5093750000000004,-1.3969903901422214
11.6924,175.386,2.5125,-1.4611785413050706
11.6924,175.386,2.515625,-1.5315948152184533
11.6924,175.386,2.5187500000000003,-1.6102388613024974
11.6924,175.386,2.521875,-1.6904670383503861
11.6924,175.386,2.5250000000000004,-1.7674778447072683
11.6924,175.386,2.528125,-1.8351765041206862
11.6924,175.386,2.53125,-1.8958392500684693
11.6924,175.386,2.5343750000000003,-1.9418392235988406
11.6924,175.386,2.5375,-1.97096214458151
11.6924,175.386,2.5406250000000004,-1.982840174393924
11.6924,175.386,2.54375,-1.979328691173603
11.6924,175.386,2.546875,-1.9566566032874297
11.6924,175.386,2.5500000000000003,-1.9225117872576678
11.6924,175.386,2.553125,-1.8766358750512693
11.6924,175.386,2.5562500000000004,-1.8151273511231916
11.6924,175.386,2.559375,-1.7439510723860328
11.6924,175.386,2.5625,-1.6698900661450127
11.6924,175.386,2.5656250000000003,-1.5912230343070908
11.6924,175.386,2.56875,-1.5116118764914006
11.6924,175.386,2.5718750000000004,-1.4407608332011042
11.6924,175.386,2.575,-1.3737527212688323
11.6924,175.386,2.578125,-1.3187000659434511
11.6924,175.386,2.5812500000000003,-1.2739780569294992
11.6924,175.386,2.584375,-1.249746590986072
11.6924,175.386,2.5875000000000004,-1.241576023990694
11.6924,175.386,2.590625,-1.2512979308477918
11.6924,175.386,2.59375,-1.2775369769108658
11.6924,175.386,2.5968750000000003,-1.3263088370499179
11.6924,175.386,2.6,-1.387005228314857
11.6924,175.386,2.6031250000000004,-1.4655829195262546
11.6924,175.386,2.60625,-1.5519632522899913
11.6924,175.386,2.609375,-1.6431483327373944
11.6924,175.386,2.6125000000000003,-1.7327123616657856
11.6924,175.386,2.615625,-1.8192069909780126
11.6924,175.386,2.6187500000000004,-1.8968478812773246
11.6924,175.386,2.621875,-1.9637673028306892
11.6924,175.386,2.625,-2.0195948327895925
11.6924,175.386,2.6281250000000003,-2.0560886398836646
11.6924,175.386,2.63125,-2.0772147882171814
11.6924,175.386,2.6343750000000004,-2.0820274833520163
11.6924,175.386,2.6375,-2.0698574955517746
11.6924,175.386,2.640625,-2.045723051197482
11.6924,175.386,2.6437500000000003,-2.008332519220971
11.6924,175.386,2.646875,-1.9609692115670463
11.6924,175.386,2.6500000000000004,-1.9049525000733833
11.6924,175.386,2.653125,-1.8467682511592123
11.6924,175.386,2.65625,-1.7806853062643793
11.6924,175.386,2.6593750000000003,-1.7196927605874004
11.6924,175.386,2.6625,-1.6585653837871803
11.6924,175.386,2.6656250000000004,-1.6000120249239531
11.6924,175.386,2.66875,-1.5526954369587633
11.6924,175.386,2.671875,-1.516428120486296
11.6924,175.386,2.6750000000000003,-1.49396720096395
11.6924,175.386,2.678125,-1.482029239501965
11.6924,175.386,2.6812500000000004,-1.4863771723340915
11.6924,175.386,2.684375,-1.5056238263932629
11.6924,175.386,2.6875,-1.5422528294879116
11.6924,175.386,2.6906250000000003,-1.593338955817734
11.6924,175.386,2.69375,-1.6547512788186403
11.6924,175.386,2.6968750000000004,-1.7296183985744888
11.6924,175.386,2.7,-1.8068670746440603
11.6924,175.386,2.703125,-1.891349031020446
11.6924,175.386,2.7062500000000003,-1.9728217290826546
11.6924,175.386,2.709375,-2.0477750393531355
11.6924,175.386,2.7125000000000004,-2.115225988065994
11.6924,175.386,2.715625,-2.1711460780039773
11.6924,175.386,2.71875,-2.214330443829434
11.6924,175.386,2.7218750000000003,-2.246163673832603
11.6924,175.386,2.725,-2.2659209567481193
11.6924,175.386,2.7281250000000004,-2.271850464056078
11.6924,175.386,2.73125,-2.2654287720709974
11.6924,175.386,2.734375,-2.2547098534180954
11.6924,175.386,2.7375000000000003,-2.2414581660643536
11.6924,175.386,2.740625,-2.2195977395993842
11.6924,175.386,2.7437500000000004,-2.1929229793570846
11.6924,175.386,2.746875,-2.142360133144117
11.6924,175.386,2.75,-2.0638792361870664
11.6924,175.386,2.7531250000000003,-1.9751008373314871
11.6924,175.386,2.75625,-1.886387725114174
11.6924,175.386,2.7593750000000004,-1.8097298303657736
11.6924,175.386,2.7625,-1.7437076779609004
11.6924,175.386,2.765625,-1.6963273425642735
11.6924,175.386,2.7687500000000003,-1.6677859724170392
11.6924,175.386,2.771875,-1.660597319078745
11.6924,175.386,2.7750000000000004,-1.6662933303007716
11.6924,175.386,2.778125,-1.6909609900323883
11.6924,175.386,2.78125,-1.7289402591306144
11.6924,175.386,2.7843750000000003,-1.7849512561035108
11.6924,175.386,2.7875,-1.8540014789901145
11.6924,175.386,2.7906250000000004,-1.9273125192896947
11.6924,175.386,2.79375,-2.0133268129659934
11.6924,175.386,2.796875,-2.0952484552254846
11.6924,175.386,2.8000000000000003,-2.177177865151696
11.6924,175.386,2.803125,-2.2481073262648152
11.6924,175.386,2.8062500000000004,-2.3060346498975086
11.6924,175.386,2.809375,-2.3549954386600067
11.6924,175.386,2.8125,-2.3859351311101644
11.6924,175.386,2.8156250000000003,-2.4009130709219293
11.6924,175.386,2.81875,-2.400213479695316
11.6924,175.386,2.8218750000000004,-2.387551979826975
11.6924,175.386,2.825,-2.363709434398004
11.6924,175.386,2.828125,-2.3250410194375046
11.6924,175.386,2.8312500000000003,-2.2787720657892403
11.6924,175.386,2.834375,-2.2233125294948586
11.6924,175.386,2.8375000000000004,-2.1661037012047104
11.6924,175.386,2.840625,-2.109400349541276
11.6924,175.386,2.84375,-2.050496992421439
11.6924,175.386,2.8468750000000003,-1.9971037827887645
11.6924,175.386,2.85,-1.9488224382698829
11.6924,175.386,2.8531250000000004,-1.91012407280923
11.6924,175.386,2.85625,-1.886319482278154
11.6924,175.386,2.859375,-1.8688160878815507
11.6924,175.386,2.8625000000000003,-1.8711442782664875
11.6924,175.386,2.865625,-1.8844195040990726
11.6924,175.386,2.8687500000000004,-1.9128258922534251
11.6924,175.386,2.871875,-1.9596155730785167
11.6924,175.386,2.875,-2.0196905007265546
11.6924,175.386,2.8781250000000003,-2.0946094545523577
11.6924,175.386,2.88125,-2.1735420805349923
11.6924,175.386,2.8843750000000004,-2.2479165305059703
11.6924,175.386,2.8875,-2.3316207894705854
11.6924,175.386,2.890625,-2.4100859493686904
11.6924,175.386,2.8937500000000003,-2.4841770888272174
11.6924,175.386,2.896875,-2.5494719802871444
11.6924,175.386,2.9000000000000004,-2.600147589158372
11.6924,175.386,2.903125,-2.6379345862199175
11.6924,175.386,2.90625,-2.6602235624892496
11.6924,175.386,2.9093750000000003,-2.6675209777517805
11.6924,175.386,2.9125,-2.6615552259784647
11.6924,175.386,2.9156250000000004,-2.6423764337095985
11.6924,175.386,2.91875,-2.6093535413170956
11.6924,175.386,2.921875,-2.568697422089623
11.6924,175.386,2.9250000000000003,-2.517702772253397
11.6924,175.386,2.928125,-2.4611502362014686
11.6924,175.386,2.9312500000000004,-2.3992949750194823
11.6924,175.386,2.934375,-2.340108309790906
11.6924,175.386,2.9375,-2.279754589799908
11.6924,175.386,2.9406250000000003,-2.224600302688904
11.6924,175.386,2.94375,-2.18382925308168
11.6924,175.386,2.9468750000000004,-2.148321178409584
11.6924,175.386,2.95,-2.126853053875352
11.6924,175.386,2.953125,-2.119459740713705
11.6924,175.386,2.9562500000000003,-2.1269798273359273
11.6924,175.386,2.959375,-2.151240673341137
11.6924,175.386,2.9625000000000004,-2.1947969520675974
11.6924,175.386,2.965625,-2.2521138651294805
11.6924,175.386,2.96875,-2.325071800434492
11.6924,175.386,2.9718750000000003,-2.4033041078234834
11.6924,175.386,2.975,-2.4899303899834364
11.6924,175.386,2.9781250000000004,-2.5765961713408676
11.6924,175.386,2.98125,-2.6573800057437005
11.6924,175.386,2.984375,-2.7334337479822453
11.6924,175.386,2.9875000000000003,-2.7931610844355563
11.6924,175.386,2.990625,-2.8425138687832803
11.6924,175.386,2.9937500000000004,-2.8722877377953724
11.6924,175.386,2.996875,-2.8890235327165463
11.6924,175.386,3,-2.8899308677473314
11.6924,175.386,3.0031250000000003,-2.873919147614228
11.6924,175.386,3.00625,-2.8411631875389416
11.6924,175.386,3.0093750000000004,-2.8011275538751574
11.6924,175.386,3.0125,-2.75067605362046
11.6924,175.386,3.015625,-2.6969174898849873
11.6924,175.386,3.0187500000000003,-2.6382288505048948
11.6924,175.386,3.021875,-2.5781805067438643
11.6924,175.386,3.0250000000000004,-2.516537596657143
11.6924,175.386,3.028125,-2.4588939363819335
11.6924,175.386,3.03125,-2.4136520741355802
11.6924,175.386,3.0343750000000003,-2.3738873315613587
11.6924,175.386,3.0375,-2.3427043075219607
11.6924,175.386,3.0406250000000004,-2.331155046920293
11.6924,175.386,3.04375,-2.3274706057515666
11.6924,175.386,3.046875,-2.342438659273525
11.6924,175.386,3.0500000000000003,-2.372447221699561
11.6924,175.386,3.053125,-2.4156253627289765
11.6924,175.386,3.0562500000000004,-2.4719789079470895
11.6924,175.386,3.059375,-2.5362740741264496
11.6924,175.386,3.0625,-2.611209883760166
11.6924,175.386,3.0656250000000003,-2.686119639503347
11.6924,175.386,3.06875,-2.7609814908325045
11.6924,175.386,3.0718750000000004,-2.8335762636679194
11.6924,175.386,3.075,-2.8995737836562787
11.6924,175.386,3.078125,-2.954566144497525
11.6924,175.386,3.0812500000000003,-2.994601849166765
11.6924,175.386,3.084375,-3.0195419570465227
11.6924,175.386,3.0875000000000004,-3.0329444166940585
11.6924,175.386,3.090625,-3.031877828540134
11.6924,175.386,3.09375,-3.0178257518904035
11.6924,175.386,3.0968750000000003,-2.984136841032699
11.6924,175.386,3.1,-2.9507670441177263
11.6924,175.386,3.1031250000000004,-2.903692632437239
11.6924,175.386,3.10625,-2.8474100933067863
11.6924,175.386,3.109375,-2.7898485662575725
11.6924,175.386,3.1125000000000003,-2.731731492096529
11.6924,175.386,3.115625,-2.669436690698665
11.6924,175.386,3.1187500000000004,-2.608044405244987
11.6924,175.386,3.121875,-2.5718088717003824
11.6924,175.386,3.125,-2.5272796994223805
11.6924,175.386,3.1281250000000003,-2.501119971583371
11.6924,175.386,3.13125,-2.4683780316754955
11.6924,175.386,3.1343750000000004,-2.5050490745338196
11.6924,175.386,3.1375,-2.477443027281716
11.6924,175.386,3.140625,-2.4992363457400413
11.6924,175.386,3.1437500000000003,-2.6324731024454504
11.6924,175.386,3.146875,-2.5181539749857036
11.6924,175.386,3.1500000000000004,-2.8455030463996116
11.6924,175.386,3.153125,-2.5538237432647124
11.6924,175.386,3.15625,-2.8583994934932253
11.6924,175.386,3.1593750000000003,-2.8418495300887336
11.6924,175.386,3.1625,-2.7000758072925035
11.6924,175.386,3.1656250000000004,-2.8048450133495018
11.6924,175.386,3.16875,-3.1856359493065627
11.6924,175.386,3.171875,-3.8467216570708636
11.6924,175.386,3.1750000000000003,-3.081558013849288
11.6924,175.386,3.178125,-2.8894358458164597
11.6924,175.386,3.1812500000000004,-2.8922258661604654
11.6924,175.386,3.184375,-2.9008301800973153
11.6924,175.386,3.1875,-2.9721799360376466
11.6924,175.386,3.1906250000000003,-3.1747672045531883
11.6924,175.386,3.19375,-4.006809373075106
11.6924,175.386,3.1968750000000004,-3.268018007840446
11.6924,175.386,3.2,-2.7609345932890146
11.6924,175.386,3.203125,-2.54667839226931
11.6924,175.386,3.2062500000000003,-2.4749316279465057
11.6924,175.386,3.209375,-2.418755433441824
11.6924,175.386,3.2125000000000004,-2.3728244567438037
11.6924,175.386,3.215625,-2.428932915814436
11.6924,175.386,3.21875,-2.3761364596970886
11.6924,175.386,3.2218750000000003,-2.302389941178365
11.6924,175.386,3.225,-2.2902042591382115
11.6924,175.386,3.2281250000000004,-2.3697704914426563
11.6924,175.386,3.23125,-2.5033538447420263
11.6924,175.386,3.234375,-2.7447342164331294
11.6924,175.386,3.2375000000000003,-3.8363654630939585
11.6924,175.386,3.240625,-5.483027303561824
11.6924,175.386,3.2437500000000004,-3.487623223797576
11.6924,175.386,3.246875,-3.957922884628862
11.6924,175.386,3.25,-3.5623306513558983
11.6924,175.386,3.2531250000000003,-3.0975140260044647
11.6924,175.386,3.25625,-2.8818712358551792
11.6924,175.386,3.2593750000000004,-2.811036896851595
11.6924,175.386,3.2625,-2.791069256837045
11.6924,175.386,3.265625,-2.8099253438972465
11.6924,175.386,3.2687500000000003,-2.8171441223771083
11.6924,175.386,3.271875,-2.841655670110187
11.6924,175.386,3.2750000000000004,-2.8443131477531303
11.6924,175.386,3.278125,-2.8378980762388926
11.6924,175.386,3.28125,-2.76800381750129
11.6924,175.386,3.2843750000000003,-2.7187261261158575
11.6924,175.386,3.2875,-2.682654932402521
11.6924,175.386,3.2906250000000004,-2.672584438228036
11.6924,175.386,3.29375,-2.6583774605128574
11.6924,175.386,3.296875,-2.6020774515555227
11.6924,175.386,3.3000000000000003,-2.5316711386255797
11.6924,175.386,3.303125,-2.480696078177643
11.6924,175.386,3.3062500000000004,-2.436797092982242
11.6924,175.386,3.309375,-2.398089895426812
11.6924,175.386,3.3125,-2.3886392908184932
11.6924,175.386,3.3156250000000003,-2.3828266098511497
11.6924,175.386,3.31875,-2.379841307832144
11.6924,175.386,3.3218750000000004,-2.3942524529608917
11.6924,175.386,3.325,-2.416182230204216
11.6924,175.386,3.328125,-2.459798303832952
11.6924,175.386,3.3312500000000003,-2.5663553636798926
11.6924,175.386,3.334375,-2.801164664996238
11.6924,175.386,3.3375000000000004,-2.7306896175945
11.6924,175.386,3.340625,-2.622882545198788
11.6924,175.386,3.34375,-2.6615771764816074
11.6924,175.386,3.3468750000000003,-2.7505625237549998
11.6924,175.386,3.35,-3.037258687340898
11.6924,175.386,3.3531250000000004,-3.020062488038819
11.6924,175.386,3.35625,-3.064298694681296
11.6924,175.386,3.359375,-3.2000453476982327
11.6924,175.386,3.3625000000000003,-3.4638226893995205
11.6924,175.386,3.365625,-4.249217077146219
11.6924,175.386,3.3687500000000004,-6.485101659779726
11.6924,175.386,3.371875,-9.396240422882977
11.6924,175.386,3.375,-6.8950715283109885
11.6924,175.386,3.3781250000000003,-4.722069918668826
11.6924,175.386,3.38125,-3.754002682260742
11.6924,175.386,3.3843750000000004,-3.2323906302621435
11.6924,175.386,3.3875,-2.9187346751695147
11.6924,175.386,3.390625,-2.7146540720588144
11.6924,175.386,3.3937500000000003,-2.5950001658282007
11.6924,175.386,3.396875,-2.4921574412995566
11.6924,175.386,3.4000000000000004,-2.4144330702638523
11.6924,175.386,3.403125,-2.35608281291338
11.6924,175.386,3.40625,-2.317017818943143
11.6924,175.386,3.4093750000000003,-2.2778902826537335
11.6924,175.386,3.4125,-2.279608273201404
11.6924,175.386,3.4156250000000004,-2.3369212217025797
11.6924,175.386,3.41875,-2.44904086341767
11.6924,175.386,3.421875,-2.478667677004346
11.6924,175.386,3.4250000000000003,-2.4659674611850035
11.6924,175.386,3.428125,-2.5409906013543186
11.6924,175.386,3.4312500000000004,-2.617035871276772
11.6924,175.386,3.434375,-2.721250306333067
11.6924,175.386,3.4375,-2.8406789735770688
11.6924,175.386,3.4406250000000003,-2.8581004551935956
11.6924,175.386,3.44375,-2.8546532163624274
11.6924,175.386,3.4468750000000004,-2.885039150557412
11.6924,175.386,3.45,-2.9248085152714802
11.6924,175.386,3.453125,-2.947322513387966
11.6924,175.386,3.4562500000000003,-2.9355984496713794
11.6924,175.386,3.459375,-2.8811560020824967
11.6924,175.386,3.4625000000000004,-2.8140032051876562
11.6924,175.386,3.465625,-2.7664345740676346
11.6924,175.386,3.46875,-2.725301450361503
11.6924,175.386,3.4718750000000003,-2.685775531953653
11.6924,175.386,3.475,-2.631657466458697
11.6924,175.386,3.4781250000000004,-2.5638559739239524
11.6924,175.386,3.48125,-2.49522455436203
11.6924,175.386,3.484375,-2.4188002061009777
11.6924,175.386,3.4875000000000003,-2.347471114972623
11.6924,175.386,3.490625,-2.302932173484058
11.6924,175.386,3.4937500000000004,-2.286721131823815
11.6924,175.386,3.496875,-2.2861302359002265
11.6924,175.386,3.5,-2.2809233357115484
11.6924,175.386,3.5031250000000003,-2.268671029634578
11.6924,175.386,3.50625,-2.2761145432600767
11.6924,175.386,3.5093750000000004,-2.314163665657391
11.6924,175.386,3.5125,-2.3872142983207354
11.6924,175.386,3.515625,-2.462297196177729
11.6924,175.386,3.5187500000000003,-2.489941195773631
11.6924,175.386,3.521875,-2.5069245909289304
11.6924,175.386,3.5250000000000004,-2.5498207090504565
11.6924,175.386,3.528125,-2.6011476040576382
11.6924,175.386,3.53125,-2.658106709570855
11.6924,175.386,3.5343750000000003,-2.7078155429705353
11.6924,175.386,3.5375,-2.7142992444886698
11.6924,175.386,3.5406250000000004,-2.7042214847932504
11.6924,175.386,3.54375,-2.694731026662254
11.6924,175.386,3.546875,-2.6733312913593976
11.6924,175.386,3.5500000000000003,-2.6479102158187375
11.6924,175.386,3.553125,-2.604891828921513
11.6924,175.386,3.5562500000000004,-2.559811703139917
11.6924,175.386,3.559375,-2.503447064443164
11.6924,175.386,3.5625,-2.4492449634080335
11.6924,175.386,3.5656250000000003,-2.3984456556593434
11.6924,175.386,3.56875,-2.3365598628463173
11.6924,175.386,3.5718750000000004,-2.2826153356869967
11.6924,175.386,3.575,-2.230275956367672
11.6924,175.386,3.5781250000000004,-2.1874298367286524
11.6924,175.386,3.5812500000000003,-2.1546867315060187
11.6924,175.386,3.584375,-2.143319559724518
11.6924,175.386,3.5875000000000004,-2.1354950772051504
11.6924,175.386,3.590625,-2.127842419836737
11.6924,175.386,3.5937500000000004,-2.123649181431172
11.6924,175.386,3.5968750000000003,-2.1375396634804327
11.6924,175.386,3.6,-2.1683310669486815
11.6924,175.386,3.6031250000000004,-2.2129446131016475
11.6924,175.386,3.60625,-2.2735690643765913
11.6924,175.386,3.6093750000000004,-2.342851738945787
11.6924,175.386,3.6125000000000003,-2.425862650646481
11.6924,175.386,3.615625,-2.5069671075267994
11.6924,175.386,3.6187500000000004,-2.5856011866086237
11.6924,175.386,3.621875,-2.6653505757122553
11.6924,175.386,3.6250000000000004,-2.727288844881705
11.6924,175.386,3.6281250000000003,-2.7899556069991
11.6924,175.386,3.63125,-2.871329591450826
11.6924,175.386,3.6343750000000004,-2.9436196650442903
11.6924,175.386,3.6375,-2.9783138127958946
11.6924,175.386,3.6406250000000004,-2.9771645853039046
11.6924,175.386,3.6437500000000003,-2.9577044810941686
11.6924,175.386,3.646875,-2.918458470709118
11.6924,175.386,3.6500000000000004,-2.8669457496049415
11.6924,175.386,3.653125,-2.8216510598885716
11.6924,175.386,3.6562500000000004,-2.780995477119947
11.6924,175.386,3.6593750000000003,-2.7496365041601916
11.6924,175.386,3.6625,-2.7450348081948754
11.6924,175.386,3.6656250000000004,-2.7519469640260046
11.6924,175.386,3.66875,-2.7946933635073465
11.6924,175.386,3.6718750000000004,-2.884587701372569
11.6924,175.386,3.6750000000000003,-2.9277995328004254
11.6924,175.386,3.678125,-3.0107330047395893
11.6924,175.386,3.6812500000000004,-3.162830900424401
11.6924,175.386,3.684375,-3.366192433678484
11.6924,175.386,3.6875000000000004,-3.5506993043045494
11.6924,175.386,3.6906250000000003,-3.6643139322997014
11.6924,175.386,3.69375,-3.7588588002044876
11.6924,175.386,3.6968750000000004,-3.8457134029386433
11.6924,175.386,3.7,-3.8138340449781207
11.6924,175.386,3.7031250000000004,-3.8439393660088834
11.6924,175.386,3.7062500000000003,-3.831097859243272
11.6924,175.386,3.709375,-3.750783787821223
11.6924,175.386,3.7125000000000004,-3.765327348253976
11.6924,175.386,3.715625,-3.841785760490141
11.6924,175.386,3.7187500000000004,-3.8163486566966895
11.6924,175.386,3.7218750000000003,-3.7447965513185615
11.6924,175.386,3.725,-3.753256492692245
11.6924,175.386,3.7281250000000004,-3.776681970697879
11.6924,175.386,3.73125,-3.7987863550668193
11.6924,175.386,3.7343750000000004,-3.838032462031644
11.6924,175.386,3.7375000000000003,-3.8271167523647738
11.6924,175.386,3.740625,-3.768382067000565
11.6924,175.386,3.7437500000000004,-3.765701070930591
11.6924,175.386,3.746875,-3.732255137934542
11.6924,175.386,3.7500000000000004,-3.66185879502825
11.6924,175.386,3.7531250000000003,-3.6046404765224684
11.6924,175.386,3.75625,-3.5918174838628163
11.6924,175.386,3.7593750000000004,-3.59498515024064
11.6924,175.386,3.7625,-3.628371848730774
11.6924,175.386,3.7656250000000004,-3.692012640530427
11.6924,175.386,3.7687500000000003,-3.8102438749174654
11.6924,175.386,3.771875,-3.9569229135509105
11.6924,175.386,3.7750000000000004,-4.140929653817235
11.6924,175.386,3.778125,-4.353827615684022
11.6924,175.386,3.7812500000000004,-4.524623125429948
11.6924,175.386,3.7843750000000003,-4.648125074442686
11.6924,175.386,3.7875,-4.817393644067231
11.6924,175.386,3.7906250000000004,-5.063325300041582
11.6924,175.386,3.79375,-5.278994606235944
11.6924,175.386,3.7968750000000004,-5.463500252108842
11.6924,175.386,3.8000000000000003,-5.49752700086521
11.6924,175.386,3.803125,-5.4212832671510345
11.6924,175.386,3.8062500000000004,-5.363872556546894
11.6924,175.386,3.809375,-5.464134670830135
11.6924,175.386,3.8125000000000004,-5.39323303586832
11.6924,175.386,3.8156250000000003,-5.128665681699558
11.6924,175.386,3.81875,-4.973088302882341
11.6924,175.386,3.8218750000000004,-4.995864996795726
11.6924,175.386,3.825,-5.091780320900581
11.6924,175.386,3.8281250000000004,-5.256734757263604
11.6924,175.386,3.8312500000000003,-5.450257058071957
11.6924,175.386,3.834375,-5.581559122328343
11.6924,175.386,3.8375000000000004,-5.684770154692823
11.6924,175.386,3.840625,-5.677987700986308
11.6924,175.386,3.8437500000000004,-5.497684233197061
11.6924,175.386,3.8468750000000003,-5.313363729170204
11.6924,175.386,3.85,-5.124638313053359
11.6924,175.386,3.8531250000000004,-4.897558094650416
11.6924,175.386,3.85625,-4.760547252486304
11.6924,175.386,3.8593750000000004,-4.626897795184501
11.6924,175.386,3.8625000000000003,-4.478896747047871
11.6924,175.386,3.865625,-4.346102572963607
11.6924,175.386,3.8687500000000004,-4.231956377502939
11.6924,175.386,3.871875,-4.136078061890997
11.6924,175.386,3.8750000000000004,-4.102277777160846
11.6924,175.386,3.8781250000000003,-4.151217992651079
11.6924,175.386,3.88125,-4.274444424567612
11.6924,175.386,3.8843750000000004,-4.404599032867662
11.6924,175.386,3.8875,-4.490777694153833
11.6924,175.386,3.8906250000000004,-4.5251323301656985
11.6924,175.386,3.8937500000000003,-4.501163931371684
11.6924,175.386,3.896875,-4.46732192372609
11.6924,175.386,3.9000000000000004,-4.438873660765369
11.6924,175.386,3.903125,-4.428604110709429
11.6924,175.386,3.9062500000000004,-4.425620134643698
11.6924,175.386,3.9093750000000003,-4.423658995834135
11.6924,175.386,3.9125,-4.4240999581199585
11.6924,175.386,3.9156250000000004,-4.399341454814686
11.6924,175.386,3.91875,-4.349490308999777
11.6924,175.386,3.9218750000000004,-4.323475008247494
11.6924,175.386,3.9250000000000003,-4.329946671998183
11.6924,175.386,3.928125,-4.391948157373297
11.6924,175.386,3.9312500000000004,-4.486742711711709
11.6924,175.386,3.934375,-4.6472187352216885
11.6924,175.386,3.9375000000000004,-4.91929014680423
11.6924,175.386,3.9406250000000003,-5.261584760908631
11.6924,175.386,3.94375,-5.442286597838243
11.6924,175.386,3.9468750000000004,-5.373963478508037
11.6924,175.386,3.95,-5.263256481707267
11.6924,175.386,3.9531250000000004,-5.184330887948601
11.6924,175.386,3.9562500000000003,-5.068702617662769
11.6924,175.386,3.959375,-4.962721010717901
11.6924,175.386,3.9625000000000004,-4.9743585222663125
11.6924,175.386,3.965625,-5.053743359774811
11.6924,175.386,3.9687500000000004,-5.125568158008704
11.6924,175.386,3.9718750000000003,-5.16424292252395
11.6924,175.386,3.975,-5.1990252823107195
11.6924,175.386,3.9781250000000004,-5.2247241237311615
11.6924,175.386,3.98125,-5.2796064035084385
11.6924,175.386,3.9843750000000004,-5.3916076077603625
11.6924,175.386,3.9875000000000003,-5.5656901795936005
11.6924,175.386,3.990625,-5.714644510878951
11.6924,175.386,3.9937500000000004,-5.811318911319605
11.6924,175.386,3.996875,-5.897738989212998
11.6924,175.386,4,-5.984722832188306
11.6924,175.386,4.003125,-6.025860789954221
11.6924,175.386,4.0062500000000005,-6.037091341432439
11.6924,175.386,4.009375,-6.021822333193992
11.6924,175.386,4.0125,-6.0005406927707705
11.6924,175.386,4.015625,-5.986969540152537
11.6924,175.386,4.01875,-6.034270695866244
11.6924,175.386,4.0218750000000005,-6.145030642183324
11.6924,175.386,4.025,-6.234332731519303
11.6924,175.386,4.028125,-6.349778717696946
11.6924,175.386,4.03125,-6.473090911238321
11.6924,175.386,4.034375,-6.61821895974964
11.6924,175.386,4.0375000000000005,-6.760324035068245
11.6924,175.386,4.040625,-6.933376671172998
11.6924,175.386,4.04375,-7.109313896913319
11.6924,175.386,4.046875,-7.285077431013871
11.6924,175.386,4.05,-7.4212249648985225
11.6924,175.386,4.0531250000000005,-7.580804024160956
11.6924,175.386,4.05625,-7.7273951212278105
11.6924,175.386,4.059375,-7.779366864338559
11.6924,175.386,4.0625,-7.787739803492046
11.6924,175.386,4.065625,-7.7983581395357415
11.6924,175.386,4.0687500000000005,-7.709224026152917
11.6924,175.386,4.071875,-7.545358055651725
11.6924,175.386,4.075,-7.4027905754868115
11.6924,175.386,4.078125,-7.318784504478105
11.6924,175.386,4.08125,-7.244300933656774
11.6924,175.386,4.0843750000000005,-7.153186007299518
11.6924,175.386,4.0875,-7.102752413022691
11.6924,175.386,4.090625,-7.093123342157785
11.6924,175.386,4.09375,-7.10532774125542
11.6924,175.386,4.096875,-7.192869530925484
11.6924,175.386,4.1000000000000005,-7.312761078433672
11.6924,175.386,4.103125,-7.48156449561518
11.6924,175.386,4.10625,-7.638897092225115
11.6924,175.386,4.109375,-7.866451586934841
11.6924,175.386,4.1125,-8.201411768140563
11.6924,175.386,4.1156250000000005,-8.631167967806435
11.6924,175.386,4.11875,-9.159856782228749
11.6924,175.386,4.121875,-9.582741727127203
11.6924,175.386,4.125,-10.043068323524093
11.6924,175.386,4.128125,-10.662048984046088
11.6924,175.386,4.1312500000000005,-11.306133731539063
11.6924,175.386,4.134375,-12.132996785240488
11.6924,175.386,4.1375,-12.840346360589631
11.6924,175.386,4.140625,-12.879662880958518
11.6924,175.386,4.14375,-12.091764992013939
11.6924,175.386,4.1468750000000005,-11.35180483383321
11.6924,175.386,4.15,-10.85352224773394
11.6924,175.386,4.153125,-10.45365996559461
11.6924,175.386,4.15625,-10.274670378355745
11.6924,175.386,4.159375,-10.287145232790468
11.6924,175.386,4.1625000000000005,-10.231066417655352
11.6924,175.386,4.165625,-10.216128192141118
11.6924,175.386,4.16875,-10.473259682250113
11.6924,175.386,4.171875,-10.57143483430705
11.6924,175.386,4.175,-10.60414816710724
11.6924,175.386,4.1781250000000005,-10.772976890745284
11.6924,175.386,4.18125,-10.93413689018228
11.6924,175.386,4.184375,-11.137781137871738
11.6924,175.386,4.1875,-11.65670844452875
11.6924,175.386,4.190625,-12.72766207949271
11.6924,175.386,4.1937500000000005,-14.254622666533134
11.6924,175.386,4.196875,-16.150786806295557
11.6924,175.386,4.2,-18.533846248139618
11.6924,175.386,4.203125,-18.376204208640956
11.6924,175.386,4.20625,-18.376855346073604
11.6924,175.386,4.2093750000000005,-18.792330553084106
11.6924,175.386,4.2125,-20.073896356814245
11.6924,175.386,4.215625,-21.515200971774373
11.6924,175.386,4.21875,-23.71008742966618
11.6924,175.386,4.221875,-25.293281129785793
11.6924,175.386,4.2250000000000005,-24.62815746628166
11.6924,175.386,4.228125,-24.139700702999804
11.6924,175.386,4.23125,-24.899715556398956
11.6924,175.386,4.234375,-26.23420671561483
11.6924,175.386,4.2375,-27.688696755260374
11.6924,175.386,4.2406250000000005,-28.098282411407464
11.6924,175.386,4.24375,-27.585420785500347
11.6924,175.386,4.246875,-26.601351016115405
11.6924,175.386,4.25,-25.69283148679844
11.6924,175.386,4.253125,-24.471333294936723
11.6924,175.386,4.2562500000000005,-24.436355207922492
11.6924,175.386,4.259375,-26.273286231888157
11.6924,175.386,4.2625,-29.879301490797012
11.6924,175.386,4.265625,-35.388888884413525
11.6924,175.386,4.26875,-43.922819016899865
11.6924,175.386,4.2718750000000005,-35.65922453942208
11.6924,175.386,4.275,-31.211430519505296
11.6924,175.386,4.278125,-29.282473588888177
11.6924,175.386,4.28125,-25.387371124808528
11.6924,175.386,4.284375000000001,-21.96789909886157
11.6924,175.386,4.2875000000000005,-19.575399203254044
11.6924,175.386,4.290625,-18.59332219268043
11.6924,175.386,4.29375,-17.695217326064718
11.6924,175.386,4.296875,-16.465256835428107
11.6924,175.386,4.300000000000001,-15.108807482538902
11.6924,175.386,4.3031250000000005,-14.193664813919103
11.6924,175.386,4.30625,-13.498833570779789
11.6924,175.386,4.309375,-12.821078146666176
11.6924,175.386,4.3125,-12.276485506096881
11.6924,175.386,4.315625000000001,-11.953328731419006
11.6924,175.386,4.3187500000000005,-11.709632931830516
11.6924,175.386,4.321875,-11.548598667055236
11.6924,175.386,4.325,-11.45391431869182
11.6924,175.386,4.328125,-11.536415464611409
11.6924,175.386,4.331250000000001,-11.642156422725584
11.6924,175.386,4.3343750000000005,-11.800001080998543
11.6924,175.386,4.3375,-11.867198971760207
11.6924,175.386,4.340625,-11.836974160445994
11.6924,175.386,4.34375,-11.785281991060463
11.6924,175.386,4.346875000000001,-11.53680206556568
11.6924,175.386,4.3500000000000005,-11.176919131609198
11.6924,175.386,4.353125,-10.750187227705503
11.6924,175.386,4.35625,-10.298851556784108
11.6924,175.386,4.359375,-9.82748986455794
11.6924,175.386,4.362500000000001,-9.316648212538036
11.6924,175.386,4.3656250000000005,-8.780403573156955
11.6924,175.386,4.36875,-8.305241496917256
11.6924,175.386,4.371875,-7.921450225393859
11.6924,175.386,4.375,-7.630487861959695
11.6924,175.386,4.378125000000001,-7.42920397528189
11.6924,175.386,4.3812500000000005,-7.3020580062887195
11.6924,175.386,4.384375,-7.211112184380565
11.6924,175.386,4.3875,-7.186314541068938
11.6924,175.386,4.390625,-7.2199969971441345
11.6924,175.386,4.393750000000001,-7.2837794149161725
11.6924,175.386,4.3968750000000005,-7.307620680491452
11.6924,175.386,4.4,-7.3152053238620764
11.6924,175.386,4.403125,-7.332015688553043
11.6924,175.386,4.40625,-7.429699465550646
11.6924,175.386,4.409375000000001,-7.573757111120044
11.6924,175.386,4.4125000000000005,-7.679445344932089
11.6924,175.386,4.415625,-7.819473123410804
11.6924,175.386,4.41875,-8.024820756334456
11.6924,175.386,4.421875,-8.46934757994466
11.6924,175.386,4.425000000000001,-8.998868360611983
11.6924,175.386,4.4281250000000005,-9.514426457373602
11.6924,175.386,4.43125,-9.843432352857025
11.6924,175.386,4.434375,-10.1681593058182
11.6924,175.386,4.4375,-10.366946022232844
11.6924,175.386,4.440625000000001,-10.265703638215687
11.6924,175.386,4.4437500000000005,-10.136918648587304
11.6924,175.386,4.446875,-9.870373909945133
11.6924,175.386,4.45,-9.644038637047439
11.6924,175.386,4.453125,-9.234816374045515
11.6924,175.386,4.456250000000001,-8.624581109887385
11.6924,175.386,4.4593750000000005,-8.150799146302257
11.6924,175.386,4.4625,-7.808626024667175
11.6924,175.386,4.465625,-7.5990554823005265
11.6924,175.386,4.46875,-7.488494262216271
11.6924,175.386,4.471875000000001,-7.5263283035012485
11.6924,175.386,4.4750000000000005,-7.518906140325892
11.6924,175.386,4.478125,-7.3976211715777005
11.6924,175.386,4.48125,-7.209700517019329
11.6924,175.386,4.484375,-7.044955187399939
11.6924,175.386,4.487500000000001,-6.978998788384743
11.6924,175.386,4.4906250000000005,-7.037305897919156
11.6924,175.386,4.49375,-7.157099496349257
11.6924,175.386,4.496875,-7.343217617763871
11.6924,175.386,4.5,-7.635282568338616
11.6924,175.386,4.503125000000001,-8.083857450329392
11.6924,175.386,4.5062500000000005,-8.54292505449762
11.6924,175.386,4.509375,-9.141896985282509
11.6924,175.386,4.5125,-10.344432769455771
11.6924,175.386,4.515625,-12.405095252974782
11.6924,175.386,4.518750000000001,-13.593139838714363
11.6924,175.386,4.5218750000000005,-14.264231839693224
11.6924,175.386,4.525,-14.650224370464898
11.6924,175.386,4.528125,-14.766126880558343
11.6924,175.386,4.53125,-14.581419625077153
11.6924,175.386,4.534375000000001,-13.905054000247059
11.6924,175.386,4.5375000000000005,-12.999460872533861
11.6924,175.386,4.540625,-11.931371192525084
11.6924,175.386,4.54375,-10.769467455069261
11.6924,175.386,4.546875,-9.646053661976161
11.6924,175.386,4.550000000000001,-8.705073079670914
11.6924,175.386,4.5531250000000005,-7.952489313564264
11.6924,175.386,4.55625,-7.243324865316113
11.6924,175.386,4.559375,-6.65041009318911
11.6924,175.386,4.5625,-6.404553356911334
11.6924,175.386,4.565625000000001,-6.33669684712987
11.6924,175.386,4.5687500000000005,-6.097681019264638
11.6924,175.386,4.571875,-6.0114137289653105
11.6924,175.386,4.575,-6.178832989723344
11.6924,175.386,4.578125,-5.8388413144267375
11.6924,175.386,4.581250000000001,-5.559033556633973
11.6924,175.386,4.5843750000000005,-5.461547492215004
11.6924,175.386,4.5875,-5.460922127007626
11.6924,175.386,4.590625,-5.474513197121281
11.6924,175.386,4.59375,-5.555388406604798
11.6924,175.386,4.596875000000001,-5.669960308371692
11.6924,175.386,4.6000000000000005,-5.910650392155842
11.6924,175.386,4.603125,-6.447285224826008
11.6924,175.386,4.60625,-6.765527985524466
11.6924,175.386,4.609375,-6.81504359105689
11.6924,175.386,4.612500000000001,-6.542260210106273
11.6924,175.386,4.6156250000000005,-6.288485991006937
11.6924,175.386,4.61875,-6.288633284019233
11.6924,175.386,4.621875,-6.4560916986862
11.6924,175.386,4.625,-7.042958346005182
11.6924,175.386,4.628125000000001,-6.8771611637347165
11.6924,175.386,4.6312500000000005,-7.227213429962481
11.6924,175.386,4.634375,-7.963703057659349
11.6924,175.386,4.6375,-7.584517517919585
11.6924,175.386,4.640625,-6.577691949400916
11.6924,175.386,4.643750000000001,-5.92754767555896
11.6924,175.386,4.6468750000000005,-5.4380567697006175
11.6924,175.386,4.65,-5.501236895645719
11.6924,175.386,4.653125,-5.676909091999835
11.6924,175.386,4.65625,-5.469035060928236
11.6924,175.386,4.659375000000001,-5.48415881638044
11.6924,175.386,4.6625000000000005,-5.963955465440522
11.6924,175.386,4.665625,-5.630281301499133
11.6924,175.386,4.66875,-5.595616680227415
11.6924,175.386,4.671875,-5.037296426139898
11.6924,175.386,4.675000000000001,-5.105975571127171
11.6924,175.386,4.6781250000000005,-5.136652512387922
11.6924,175.386,4.68125,-4.8960343578332175
11.6924,175.386,4.684375,-4.831431699397845
11.6924,175.386,4.6875,-5.767775658325225
11.6924,175.386,4.690625000000001,-5.8810630950400755
11.6924,175.386,4.6937500000000005,-5.459254973716928
11.6924,175.386,4.696875,-5.5988516238428385
11.6924,175.386,4.7,-5.726042620656227
11.6924,175.386,4.703125,-5.6418287181702755
11.6924,175.386,4.706250000000001,-5.521033359662972
11.6924,175.386,4.7093750000000005,-5.857642937515392
11.6924,175.386,4.7125,-5.618718833083326
11.6924,175.386,4.715625,-5.474887026994031
11.6924,175.386,4.71875,-5.403243669278598
11.6924,175.386,4.721875000000001,-5.24025277929026
11.6924,175.386,4.7250000000000005,-5.051456854332547
11.6924,175.386,4.728125,-4.898505398155823
11.6924,175.386,4.73125,-4.724293672309587
11.6924,175.386,4.734375,-4.557852778642103
11.6924,175.386,4.737500000000001,-4.400932397675305
11.6924,175.386,4.7406250000000005,-4.258506521445778
11.6924,175.386,4.74375,-4.1303670277112134
11.6924,175.386,4.746875,-4.016710144602127
11.6924,175.386,4.75,-3.925613334030684
11.6924,175.386,4.753125000000001,-3.8455141235008665
11.6924,175.386,4.7562500000000005,-3.7791023569422597
11.6924,175.386,4.759375,-3.737790050663852
11.6924,175.386,4.7625,-3.7071978260975436
11.6924,175.386,4.765625,-3.698380345344451
11.6924,175.386,4.768750000000001,-3.6932563707947574
11.6924,175.386,4.7718750000000005,-3.711664171153907
11.6924,175.386,4.775,-3.741916513361545
11.6924,175.386,4.778125,-3.7765251780233267
11.6924,175.386,4.78125,-3.8255401050650772
11.6924,175.386,4.784375000000001,-3.8891642443436107
11.6924,175.386,4.7875000000000005,-3.953261933629921
11.6924,175.386,4.790625,-4.016313442100571
11.6924,175.386,4.79375,-4.07546549483294
11.6924,175.386,4.796875,-4.126413413673097
11.6924,175.386,4.800000000000001,-4.155411760125865
11.6924,175.386,4.8031250000000005,-4.176271310893233
11.6924,175.386,4.80625,-4.174662948702835
11.6924,175.386,4.809375,-4.149876527815631
11.6924,175.386,4.8125,-4.102889012264838
11.6924,175.386,4.815625000000001,-4.040784208473624
11.6924,175.386,4.8187500000000005,-3.963248115650826
11.6924,175.386,4.821875,-3.878842393864572
11.6924,175.386,4.825,-3.788487764686668
11.6924,175.386,4.828125,-3.7015760313498376
11.6924,175.386,4.831250000000001,-3.617418097541803
11.6924,175.386,4.8343750000000005,-3.543823319659487
11.6924,175.386,4.8375,-3.484172341804977
11.6924,175.386,4.840625,-3.435721675854208
11.6924,175.386,4.84375,-3.4101805588030203
11.6924,175.386,4.846875000000001,-3.3979180034858034
11.6924,175.386,4.8500000000000005,-3.4002679887234133
11.6924,175.386,4.853125,-3.424133453679011
11.6924,175.386,4.85625,-3.458139080117366
11.6924,175.386,4.859375,-3.505781551411053
11.6924,175.386,4.862500000000001,-3.574498367459386
11.6924,175.386,4.8656250000000005,-3.6477231897517752
11.6924,175.386,4.86875,-3.733556371195013
11.6924,175.386,4.871875,-3.8298475973859087
11.6924,175.386,4.875,-3.9225357827706424
11.6924,175.386,4.878125000000001,-4.017690190923931
11.6924,175.386,4.8812500000000005,-4.105085136283662
11.6924,175.386,4.884375,-4.181672557798288
11.6924,175.386,4.8875,-4.249238836512289
11.6924,175.386,4.890625,-4.29773175580344
11.6924,175.386,4.893750000000001,-4.3205740371207275
11.6924,175.386,4.8968750000000005,-4.321560620863185
11.6924,175.386,4.9,-4.291622251502314
11.6924,175.386,4.903125,-4.242231637251707
11.6924,175.386,4.90625,-4.175983814675369
11.6924,175.386,4.909375000000001,-4.0926674759843005
11.6924,175.386,4.9125000000000005,-3.9952687979454593
11.6924,175.386,4.915625,-3.895367374230674
11.6924,175.386,4.91875,-3.7917175125505787
11.6924,175.386,4.921875,-3.696068340002671
11.6924,175.386,4.925000000000001,-3.606287726726365
11.6924,175.386,4.9281250000000005,-3.526966795033731
11.6924,175.386,4.93125,-3.458155415913598
11.6924,175.386,4.934375,-3.4098954249920976
11.6924,175.386,4.9375,-3.375583788351821
11.6924,175.386,4.940625000000001,-3.3586613900694537
11.6924,175.386,4.9437500000000005,-3.3652697372855793
11.6924,175.386,4.946875,-3.387992222229172
11.6924,175.386,4.95,-3.4276524336373724
11.6924,175.386,4.953125,-3.483772255774621
11.6924,175.386,4.956250000000001,-3.554926162957436
11.6924,175.386,4.9593750000000005,-3.6347140603218313
11.6924,175.386,4.9625,-3.7339142927200424
11.6924,175.386,4.965625,-3.841483756621419
11.6924,175.386,4.96875,-3.9463175899653407
11.6924,175.386,4.971875000000001,-4.0535668803182805
11.6924,175.386,4.9750000000000005,-4.1597937148265025
11.6924,175.386,4.978125,-4.2502279042802185
11.6924,175.386,4.98125,-4.3332658025001
11.6924,175.386,4.984375,-4.396673041021087
11.6924,175.386,4.987500000000001,-4.435185093165076
11.6924,175.386,4.9906250000000005,-4.4420124475329965
11.6924,175.386,4.99375,-4.42370876530091
11.6924,175.386,4.996875,-4.388463493745628
11.6924,175.386,5,-4.341552449535851
11.6924,175.386,5.003125000000001,-4.271105681493043
11.6924,175.386,5.0062500000000005,-4.214620416959834
11.6924,175.386,5.009375,-4.151430855170909
11.6924,175.386,5.0125,-4.088981408559302
11.6924,175.386,5.015625,-4.033462170606209
11.6924,175.386,5.018750000000001,-3.9863352335779902
11.6924,175.386,5.0218750000000005,-3.953021611146925
11.6924,175.386,5.025,-3.929872106601859
11.6924,175.386,5.028125,-3.922901204411289
11.6924,175.386,5.03125,-3.940204625567294
11.6924,175.386,5.034375000000001,-3.9661939001718745
11.6924,175.386,5.0375000000000005,-4.014399901735156
11.6924,175.386,5.040625,-4.080128352433752
11.6924,175.386,5.04375,-4.165903989519801
11.6924,175.386,5.046875,-4.266179214859424
11.6924,175.386,5.050000000000001,-4.387892696185202
11.6924,175.386,5.0531250000000005,-4.5221265069178065
11.6924,175.386,5.05625,-4.660356673132152
11.6924,175.386,5.059375,-4.808983330559188
11.6924,175.386,5.0625,-4.96667129386659
11.6924,175.386,5.065625000000001,-5.117611124599632
11.6924,175.386,5.0687500000000005,-5.264149271814844
11.6924,175.386,5.071875,-5.384749394316772
11.6924,175.386,5.075,-5.485538545993821
11.6924,175.386,5.078125,-5.55731890669832
11.6924,175.386,5.081250000000001,-5.575047397256037
11.6924,175.386,5.0843750000000005,-5.557549444693752
11.6924,175.386,5.0875,-5.510832415966967
11.6924,175.386,5.090625,-5.427893977045899
11.6924,175.386,5.09375,-5.324782583369185
11.6924,175.386,5.096875000000001,-5.208464016697086
11.6924,175.386,5.1000000000000005,-5.092320280115277
11.6924,175.386,5.103125,-4.973447359753128
11.6924,175.386,5.10625,-4.84228222764468
11.6924,175.386,5.109375,-4.696373393543903
11.6924,175.386,5.112500000000001,-4.560782478924822
11.6924,175.386,5.1156250000000005,-4.4507349348677625
11.6924,175.386,5.11875,-4.375013720451437
11.6924,175.386,5.121875,-4.323635183377525
11.6924,175.386,5.125,-4.2966682183173575
11.6924,175.386,5.128125000000001,-4.293867796918998
11.6924,175.386,5.1312500000000005,-4.315059328768009
11.6924,175.386,5.134375,-4.354570198738334
11.6924,175.386,5.1375,-4.412485083333316
11.6924,175.386,5.140625,-4.487894611767808
11.6924,175.386,5.143750000000001,-4.571231082912762
11.6924,175.386,5.1468750000000005,-4.667010809177398
11.6924,175.386,5.15,-4.76809395930565
11.6924,175.386,5.153125,-4.8817423585429145
11.6924,175.386,5.15625,-4.990832552250415
11.6924,175.386,5.159375000000001,-5.099423959751883
11.6924,175.386,5.1625000000000005,-5.199424513476591
11.6924,175.386,5.165625,-5.2939063997551195
11.6924,175.386,5.16875,-5.366007613903538
11.6924,175.386,5.171875,-5.4140108873509245
11.6924,175.386,5.175000000000001,-5.438475641927775
11.6924,175.386,5.1781250000000005,-5.434162922502979
11.6924,175.386,5.18125,-5.3965977659285125
11.6924,175.386,5.184375,-5.3397686443925885
11.6924,175.386,5.1875,-5.260709721421088
11.6924,175.386,5.190625000000001,-5.1756482498858425
11.6924,175.386,5.1937500000000005,-5.080227027336441
11.6924,175.386,5.196875,-4.991209556817454
11.6924,175.386,5.2,-4.906661099531842
11.6924,175.386,5.203125,-4.833566753230192
11.6924,175.386,5.206250000000001,-4.774760625481049
11.6924,175.386,5.2093750000000005,-4.719891539876334
11.6924,175.386,5.2125,-4.6777342224596214
11.6924,175.386,5.215625,-4.662195813859341
11.6924,175.386,5.21875,-4.676064536259731
11.6924,175.386,5.221875000000001,-4.726071416413566
11.6924,175.386,5.2250000000000005,-4.7907366239692
11.6924,175.386,5.228125,-4.890447803931169
11.6924,175.386,5.23125,-5.0238999118572
11.6924,175.386,5.234375,-5.181792901390341
11.6924,175.386,5.237500000000001,-5.373690088860093
11.6924,175.386,5.2406250000000005,-5.579193873750682
11.6924,175.386,5.24375,-5.8270951258456085
11.6924,175.386,5.246875,-6.092629395496917
11.6924,175.386,5.25,-6.401974872765715
11.6924,175.386,5.253125000000001,-6.771268205945608
11.6924,175.386,5.2562500000000005,-7.224191439879785
11.6924,175.386,5.259375,-7.850720301009542
11.6924,175.386,5.2625,-8.846255585912676
11.6924,175.386,5.265625,-10.350197444211256
11.6924,175.386,5.268750000000001,-11.318140414420562
11.6924,175.386,5.2718750000000005,-9.925753962877186
11.6924,175.386,5.275,-8.320385457436053
11.6924,175.386,5.278125,-7.408260967255159
11.6924,175.386,5.28125,-6.874077772852118
11.6924,175.386,5.284375000000001,-6.487881064885559
11.6924,175.386,5.2875000000000005,-6.189440719996875
11.6924,175.386,5.290625,-5.928787770129654
11.6924,175.386,5.29375,-5.712295178880371
11.6924,175.386,5.296875,-5.520527740109619
11.6924,175.386,5.300000000000001,-5.372967659260274
11.6924,175.386,5.3031250000000005,-5.251784206360278
11.6924,175.386,5.30625,-5.160256904045809
11.6924,175.386,5.309375,-5.099558786236727
11.6924,175.386,5.3125,-5.069084285000844
11.6924,175.386,5.315625000000001,-5.060766244495062
11.6924,175.386,5.3187500000000005,-5.079091512695575
11.6924,175.386,5.321875,-5.122266098363912
11.6924,175.386,5.325,-5.187628185369451
11.6924,175.386,5.328125,-5.25687796982235
11.6924,175.386,5.331250000000001,-5.343535425551586
11.6924,175.386,5.3343750000000005,-5.435816867263909
11.6924,175.386,5.3375,-5.521768523859483
11.6924,175.386,5.340625,-5.6195484244834955
11.6924,175.386,5.34375,-5.708606467068915
11.6924,175.386,5.346875000000001,-5.79028149526806
11.6924,175.386,5.3500000000000005,-5.856020948934483
11.6924,175.386,5.353125,-5.907243979121036
11.6924,175.386,5.35625,-5.927021312115156
11.6924,175.386,5.359375,-5.91187492929703
11.6924,175.386,5.362500000000001,-5.859835769167754
11.6924,175.386,5.3656250000000005,-5.783468691526526
11.6924,175.386,5.36875,-5.6736785182932215
11.6924,175.386,5.371875,-5.545728341266658
11.6924,175.386,5.375,-5.410962856821281
11.6924,175.386,5.378125000000001,-5.260897486580655
11.6924,175.386,5.3812500000000005,-5.127978976999989
11.6924,175.386,5.384375,-5.000335790682877
11.6924,175.386,5.3875,-4.89133040968757
11.6924,175.386,5.390625,-4.80209278803959
11.6924,175.386,5.393750000000001,-4.73237823020419
11.6924,175.386,5.3968750000000005,-4.684840325581398
11.6924,175.386,5.4,-4.66461372274088
11.6924,175.386,5.403125,-4.666446170910311
11.6924,175.386,5.40625,-4.689649139686942
11.6924,175.386,5.409375000000001,-4.739894016809126
11.6924,175.386,5.4125000000000005,-4.805185911590645
11.6924,175.386,5.415625,-4.889803220024092
11.6924,175.386,5.41875,-4.998694559422129
11.6924,175.386,5.421875,-5.117250968880194
11.6924,175.386,5.425000000000001,-5.249481007093263
11.6924,175.386,5.4281250000000005,-5.403524639623459
11.6924,175.386,5.43125,-5.558807915337657
11.6924,175.386,5.434375,-5.722330566178725
11.6924,175.386,5.4375,-5.877911210703045
11.6924,175.386,5.440625000000001,-6.01875139496549
11.6924,175.386,5.4437500000000005,-6.137144277482083
11.6924,175.386,5.446875,-6.227059575268365
11.6924,175.386,5.45,-6.278584100823789
11.6924,175.386,5.453125,-6.299085128751855
11.6924,175.386,5.456250000000001,-6.267054910810778
11.6924,175.386,5.4593750000000005,-6.202628474285564
11.6924,175.386,5.4625,-6.0989084713147035
11.6924,175.386,5.465625,-5.96254475969027
11.6924,175.386,5.46875,-5.808248644777718
11.6924,175.386,5.471875000000001,-5.634839731385156
11.6924,175.386,5.4750000000000005,-5.472409373258815
11.6924,175.386,5.478125,-5.313516408468173
11.6924,175.386,5.48125,-5.16531324328065
11.6924,175.386,5.484375,-5.047564271090329
11.6924,175.386,5.487500000000001,-4.941989970864249
11.6924,175.386,5.4906250000000005,-4.873001290476202
11.6924,175.386,5.49375,-4.828019945824449
11.6924,175.386,5.496875,-4.81113049201136
11.6924,175.386,5.5,-4.824754058726981
11.6924,175.386,5.503125000000001,-4.851960607369415
11.6924,175.386,5.5062500000000005,-4.904513064415781
11.6924,175.386,5.509375,-4.971926024595354
11.6924,175.386,5.5125,-5.050298234302966
11.6924,175.386,5.515625,-5.137173949117039
11.6924,175.386,5.518750000000001,-5.2353361017935764
11.6924,175.386,5.5218750000000005,-5.315017599112552
11.6924,175.386,5.525,-5.395404335891269
11.6924,175.386,5.528125,-5.452799784955196
11.6924,175.386,5.53125,-5.494604195940399
11.6924,175.386,5.534375000000001,-5.509040229371261
11.6924,175.386,5.5375000000000005,-5.507300417187954
11.6924,175.386,5.540625,-5.464255943349131
11.6924,175.386,5.54375,-5.3921932198994105
11.6924,175.386,5.546875,-5.297562148901802
11.6924,175.386,5.550000000000001,-5.181669477802982
11.6924,175.386,5.5531250000000005,-5.045138253798181
11.6924,175.386,5.55625,-4.898444323805554
11.6924,175.386,5.559375,-4.7461378643239405
11.6924,175.386,5.5625,-4.598871655119357
11.6924,175.386,5.565625000000001,-4.456721966118275
11.6924,175.386,5.5687500000000005,-4.335046378836693
11.6924,175.386,5.571875,-4.222000378042488
11.6924,175.386,5.575,-4.130067390658645
11.6924,175.386,5.578125,-4.068977431688773
11.6924,175.386,5.581250000000001,-4.024717455557915
11.6924,175.386,5.5843750000000005,-3.9988695706798625
11.6924,175.386,5.5875,-4.00152544418474
11.6924,175.386,5.590625,-4.024413512725787
11.6924,175.386,5.59375,-4.069910280903632
11.6924,175.386,5.596875000000001,-4.141972509099557
11.6924,175.386,5.6000000000000005,-4.2231788451100805
11.6924,175.386,5.603125,-4.329785496463582
11.6924,175.386,5.60625,-4.440770258129932
11.6924,175.386,5.609375,-4.566109528974646
11.6924,175.386,5.612500000000001,-4.696895109933781
11.6924,175.386,5.6156250000000005,-4.824685753003484
11.6924,175.386,5.61875,-4.948837257840423
11.6924,175.386,5.621875,-5.058299268183326
11.6924,175.386,5.625,-5.139608181812562
11.6924,175.386,5.628125000000001,-5.195719323232401
11.6924,175.386,5.6312500000000005,-5.213119520619238
11.6924,175.386,5.634375,-5.199517585396429
11.6924,175.386,5.6375,-5.146851406320511
11.6924,175.386,5.640625,-5.055834447346802
11.6924,175.386,5.643750000000001,-4.944485877432399
11.6924,175.386,5.6468750000000005,-4.803367368922457
11.6924,175.386,5.65,-4.653177263790435
11.6924,175.386,5.653125,-4.5020651408141985
11.6924,175.386,5.65625,-4.351516883229223
11.6924,175.386,5.659375000000001,-4.218221077036645
11.6924,175.386,5.6625000000000005,-4.104843565144174
11.6924,175.386,5.665625,-4.0083621417997435
11.6924,175.386,5.66875,-3.9386741511967864
11.6924,175.386,5.671875,-3.886364584183788
11.6924,175.386,5.675000000000001,-3.855413731273845
11.6924,175.386,5.6781250000000005,-3.8470638865869096
11.6924,175.386,5.68125,-3.8608579356807367
11.6924,175.386,5.684375,-3.8978042434706723
11.6924,175.386,5.6875,-3.9413487885255254
11.6924,175.386,5.690625000000001,-4.002027954437361
11.6924,175.386,5.6937500000000005,-4.073340908868564
11.6924,175.386,5.696875,-4.148779757808415
11.6924,175.386,5.7,-4.2218774966497605
11.6924,175.386,5.703125,-4.2937434076386
11.6924,175.386,5.706250000000001,-4.3536869261379865
11.6924,175.386,5.7093750000000005,-4.400643137883582
11.6924,175.386,5.7125,-4.434676344775329
11.6924,175.386,5.715625,-4.440183965340811
11.6924,175.386,5.71875,-4.421168429357397
11.6924,175.386,5.721875000000001,-4.370938379650349
11.6924,175.386,5.7250000000000005,-4.30193449856992
11.6924,175.386,5.728125,-4.194544258241742
11.6924,175.386,5.73125,-4.070741739789437
11.6924,175.386,5.734375,-3.9241676838432
11.6924,175.386,5.737500000000001,-3.7712648724964923
11.6924,175.386,5.7406250000000005,-3.604158638273622
11.6924,175.386,5.74375,-3.452551036191467
11.6924,175.386,5.746875,-3.306733425280936
11.6924,175.386,5.75,-3.1823023134011477
11.6924,175.386,5.753125000000001,-3.0710152728386757
11.6924,175.386,5.7562500000000005,-2.977697372800172
11.6924,175.386,5.759375,-2.9197046741797683
11.6924,175.386,5.7625,-2.8843655261331156
11.6924,175.386,5.765625,-2.873638412382867
11.6924,175.386,5.768750000000001,-2.8870437451430786
11.6924,175.386,5.7718750000000005,-2.9186704174317364
11.6924,175.386,5.775,-2.9723893459165645
11.6924,175.386,5.778125,-3.0391206796838466
11.6924,175.386,5.78125,-3.122479927335022
11.6924,175.386,5.784375000000001,-3.2135675759374744
11.6924,175.386,5.7875000000000005,-3.3166308463927594
11.6924,175.386,5.790625,-3.4107307904301853
11.6924,175.386,5.79375,-3.507542228527992
11.6924,175.386,5.796875,-3.5939251359522393
11.6924,175.386,5.800000000000001,-3.6601264410482575
11.6924,175.386,5.8031250000000005,-3.7202124524757756
11.6924,175.386,5.80625,-3.7545613842767445
11.6924,175.386,5.809375,-3.7631218401371735
11.6924,175.386,5.8125,-3.7483716458821723
11.6924,175.386,5.815625000000001,-3.705118504913853
11.6924,175.386,5.8187500000000005,-3.639268371803767
11.6924,175.386,5.821875,-3.5510578136794257
11.6924,175.386,5.825,-3.4448345990017777
11.6924,175.386,5.828125,-3.326828240223714
11.6924,175.386,5.831250000000001,-3.2009687642282323
11.6924,175.386,5.8343750000000005,-3.0831364947958146
11.6924,175.386,5.8375,-2.9681319985530146
11.6924,175.386,5.840625,-2.8659083320908447
11.6924,175.386,5.84375,-2.77517810168722
11.6924,175.386,5.846875000000001,-2.707028074582021
11.6924,175.386,5.8500000000000005,-2.664887396402507
11.6924,175.386,5.853125,-2.6386121456313134
11.6924,175.386,5.85625,-2.643922954020363
11.6924,175.386,5.859375,-2.665028853977293
11.6924,175.386,5.862500000000001,-2.7137931518771534
11.6924,175.386,5.8656250000000005,-2.774746564436033
11.6924,175.386,5.86875,-2.853500448049147
11.6924,175.386,5.871875,-2.939791344059322
11.6924,175.386,5.875,-3.035094155643254
11.6924,175.386,5.878125000000001,-3.1324212922976247
11.6924,175.386,5.8812500000000005,-3.227451649573403
11.6924,175.386,5.884375,-3.3174679091793706
11.6924,175.386,5.8875,-3.3852527041344715
11.6924,175.386,5.890625,-3.4397815701572476
11.6924,175.386,5.893750000000001,-3.4818079500171355
11.6924,175.386,5.8968750000000005,-3.4863377729553884
11.6924,175.386,5.9,-3.4633597838617702
11.6924,175.386,5.903125,-3.3989094195803435
11.6924,175.386,5.90625,-3.3135743225500587
11.6924,175.386,5.909375000000001,-3.1930939883338754
11.6924,175.386,5.9125000000000005,-3.0507637752001897
11.6924,175.386,5.915625,-2.8984095291945793
11.6924,175.386,5.91875,-2.729816181645111
11.6924,175.386,5.921875,-2.5700828432939735
11.6924,175.386,5.925000000000001,-2.4116743894043817
11.6924,175.386,5.9281250000000005,-2.2734389819895906
11.6924,175.386,5.93125,-2.1578840353228483
11.6924,175.386,5.934375,-2.0594406832895644
11.6924,175.386,5.9375,-1.9932344575748375
11.6924,175.386,5.940625000000001,-1.9458457510078722
11.6924,175.386,5.9437500000000005,-1.9328851475178404
11.6924,175.386,5.946875,-1.9392431715920389
11.6924,175.386,5.95,-1.9653100572074553
11.6924,175.386,5.953125,-2.0172469880737243
11.6924,175.386,5.956250000000001,-2.0843310311327556
11.6924,175.386,5.9593750000000005,-2.17075987469642
11.6924,175.386,5.9625,-2.264613457732397
11.6924,175.386,5.965625,-2.3676900168999024
11.6924,175.386,5.96875,-2.479591875083382
11.6924,175.386,5.971875000000001,-2.589423209175697
11.6924,175.386,5.9750000000000005,-2.70754536693004
11.6924,175.386,5.978125,-2.814290107262096
11.6924,175.386,5.98125,-2.91716407087504
11.6924,175.386,5.984375,-3.002125790703401
11.6924,175.386,5.987500000000001,-3.0678032705682243
11.6924,175.386,5.9906250000000005,-3.1035236170217377
11.6924,175.386,5.99375,-3.1055487122078604
11.6924,175.386,5.996875,-3.080819714915244
11.6924,175.386,6,-3.032753397755103
