"Current","Field","Frequency","Spectra"
11.7895,176.843,1,-0.9175515769149505
11.7895,176.843,1.003125,-0.8746613899887203
11.7895,176.843,1.00625,-0.8384186489001781
11.7895,176.843,1.0093750000000001,-0.8064584541426573
11.7895,176.843,1.0125,-0.7837780888759123
11.7895,176.843,1.015625,-0.7682345794544337
11.7895,176.843,1.01875,-0.7685740228309639
11.7895,176.843,1.021875,-0.7723906414519159
11.7895,176.843,1.0250000000000001,-0.794387131602564
11.7895,176.843,1.028125,-0.8317365917172515
11.7895,176.843,1.03125,-0.8762054906566668
11.7895,176.843,1.034375,-0.9347748241449539
11.7895,176.843,1.0375,-1.0000867955623618
11.7895,176.843,1.0406250000000001,-1.067948426840895
11.7895,176.843,1.04375,-1.1330346000163223
11.7895,176.843,1.046875,-1.2035513751657059
11.7895,176.843,1.05,-1.2682016506772065
11.7895,176.843,1.053125,-1.3228228899597405
11.7895,176.843,1.0562500000000001,-1.3709096031053347
11.7895,176.843,1.059375,-1.4058246039502833
11.7895,176.843,1.0625,-1.4306172361370317
11.7895,176.843,1.065625,-1.444763222917529
11.7895,176.843,1.06875,-1.4455829911795135
11.7895,176.843,1.0718750000000001,-1.4360838588064242
11.7895,176.843,1.0750000000000002,-1.416211438223613
11.7895,176.843,1.078125,-1.3853368895687157
11.7895,176.843,1.08125,-1.3459022885013652
11.7895,176.843,1.084375,-1.297000038636122
11.7895,176.843,1.0875000000000001,-1.243063695864732
11.7895,176.843,1.0906250000000002,-1.189707167257224
11.7895,176.843,1.09375,-1.1412304890156246
11.7895,176.843,1.096875,-1.0834149027218374
11.7895,176.843,1.1,-1.0379646611125746
11.7895,176.843,1.1031250000000001,-0.9989024945104119
11.7895,176.843,1.1062500000000002,-0.9532707280294417
11.7895,176.843,1.109375,-0.9229738217857298
11.7895,176.843,1.1125,-0.8993280288514954
11.7895,176.843,1.115625,-0.8920448215143792
11.7895,176.843,1.1187500000000001,-0.8934887294538527
11.7895,176.843,1.1218750000000002,-0.9008634410150645
11.7895,176.843,1.125,-0.9170748061833902
11.7895,176.843,1.128125,-0.9412777342769965
11.7895,176.843,1.13125,-0.9707774073604402
11.7895,176.843,1.1343750000000001,-1.0070640610254882
11.7895,176.843,1.1375000000000002,-1.048208698833928
11.7895,176.843,1.140625,-1.0867127402481287
11.7895,176.843,1.14375,-1.124042881451653
11.7895,176.843,1.146875,-1.1576665490715905
11.7895,176.843,1.1500000000000001,-1.1898496765053106
11.7895,176.843,1.1531250000000002,-1.2143165391008457
11.7895,176.843,1.15625,-1.2329316245392106
11.7895,176.843,1.159375,-1.2393185741691033
11.7895,176.843,1.1625,-1.2377764242335259
11.7895,176.843,1.1656250000000001,-1.2232910322464023
11.7895,176.843,1.1687500000000002,-1.2032682398126726
11.7895,176.843,1.171875,-1.1733263211538898
11.7895,176.843,1.175,-1.1340547946476096
11.7895,176.843,1.178125,-1.0865510697915264
11.7895,176.843,1.1812500000000001,-1.039390737804963
11.7895,176.843,1.1843750000000002,-0.9861698165421856
11.7895,176.843,1.1875,-0.932688309880419
11.7895,176.843,1.190625,-0.8823310275979201
11.7895,176.843,1.19375,-0.8421257444408117
11.7895,176.843,1.1968750000000001,-0.8084951227419737
11.7895,176.843,1.2000000000000002,-0.7833497549960243
11.7895,176.843,1.203125,-0.7768060452645688
11.7895,176.843,1.20625,-0.7797130713502256
11.7895,176.843,1.209375,-0.8019326130863218
11.7895,176.843,1.2125000000000001,-0.835045925753171
11.7895,176.843,1.2156250000000002,-0.8851243142620713
11.7895,176.843,1.21875,-0.9386791163966595
11.7895,176.843,1.221875,-1.007570167316845
11.7895,176.843,1.225,-1.0802662422457885
11.7895,176.843,1.2281250000000001,-1.1564185486440772
11.7895,176.843,1.2312500000000002,-1.231756922110527
11.7895,176.843,1.234375,-1.299839661284628
11.7895,176.843,1.2375,-1.3565054409789268
11.7895,176.843,1.240625,-1.4073987498922937
11.7895,176.843,1.2437500000000001,-1.4564145607983223
11.7895,176.843,1.2468750000000002,-1.4928408052967688
11.7895,176.843,1.25,-1.5118233732074084
11.7895,176.843,1.253125,-1.5171290998737585
11.7895,176.843,1.25625,-1.50171944085579
11.7895,176.843,1.2593750000000001,-1.4763774064622854
11.7895,176.843,1.2625000000000002,-1.4541319616972113
11.7895,176.843,1.265625,-1.4243576160218832
11.7895,176.843,1.26875,-1.3858137803097326
11.7895,176.843,1.271875,-1.3373255143180163
11.7895,176.843,1.2750000000000001,-1.2843043548986268
11.7895,176.843,1.2781250000000002,-1.226737484237406
11.7895,176.843,1.28125,-1.178098576153102
11.7895,176.843,1.284375,-1.1412776049670605
11.7895,176.843,1.2875,-1.1040219718086552
11.7895,176.843,1.2906250000000001,-1.0698929341077454
11.7895,176.843,1.2937500000000002,-1.0457562198067916
11.7895,176.843,1.296875,-1.034379104866108
11.7895,176.843,1.3,-1.0267272736175583
11.7895,176.843,1.303125,-1.0384021160999233
11.7895,176.843,1.3062500000000001,-1.055834168768284
11.7895,176.843,1.3093750000000002,-1.082047734248573
11.7895,176.843,1.3125,-1.1156352027639551
11.7895,176.843,1.315625,-1.1587421935922317
11.7895,176.843,1.31875,-1.203012039007799
11.7895,176.843,1.3218750000000001,-1.2455241997551245
11.7895,176.843,1.3250000000000002,-1.2881380378368128
11.7895,176.843,1.328125,-1.327884100538592
11.7895,176.843,1.33125,-1.3613946224411606
11.7895,176.843,1.334375,-1.3822638947192467
11.7895,176.843,1.3375000000000001,-1.3968944648042156
11.7895,176.843,1.3406250000000002,-1.4008933606336957
11.7895,176.843,1.34375,-1.394663793392966
11.7895,176.843,1.346875,-1.378375724963147
11.7895,176.843,1.35,-1.3484629880267924
11.7895,176.843,1.3531250000000001,-1.3130640719065831
11.7895,176.843,1.3562500000000002,-1.2703845106147162
11.7895,176.843,1.359375,-1.2177412575975963
11.7895,176.843,1.3625,-1.1639346184372648
11.7895,176.843,1.365625,-1.1032652876207965
11.7895,176.843,1.3687500000000001,-1.0439059214552395
11.7895,176.843,1.3718750000000002,-0.9885783369570651
11.7895,176.843,1.375,-0.9424373514881783
11.7895,176.843,1.378125,-0.8989433830785325
11.7895,176.843,1.38125,-0.8647932894772115
11.7895,176.843,1.3843750000000001,-0.8411329715116028
11.7895,176.843,1.3875000000000002,-0.8319346071042989
11.7895,176.843,1.390625,-0.8391004658101247
11.7895,176.843,1.39375,-0.8618455472293918
11.7895,176.843,1.396875,-0.8984695796779013
11.7895,176.843,1.4000000000000001,-0.9523289600295858
11.7895,176.843,1.4031250000000002,-1.0069378970003209
11.7895,176.843,1.40625,-1.0689105950148452
11.7895,176.843,1.409375,-1.1453562120477994
11.7895,176.843,1.4125,-1.2195684112176215
11.7895,176.843,1.4156250000000001,-1.2972719155409953
11.7895,176.843,1.4187500000000002,-1.369400766125807
11.7895,176.843,1.421875,-1.4324338260483458
11.7895,176.843,1.425,-1.4876153902965306
11.7895,176.843,1.428125,-1.5314453799783159
11.7895,176.843,1.4312500000000001,-1.5653562426197574
11.7895,176.843,1.4343750000000002,-1.5847079925709981
11.7895,176.843,1.4375,-1.5940592998648164
11.7895,176.843,1.440625,-1.5906116475721155
11.7895,176.843,1.44375,-1.5746731622828558
11.7895,176.843,1.4468750000000001,-1.5492815541539737
11.7895,176.843,1.4500000000000002,-1.5144679551273006
11.7895,176.843,1.453125,-1.4700332436604293
11.7895,176.843,1.45625,-1.4245252386520773
11.7895,176.843,1.459375,-1.3687224636686743
11.7895,176.843,1.4625000000000001,-1.317206594265294
11.7895,176.843,1.4656250000000002,-1.2642392202280646
11.7895,176.843,1.46875,-1.2149219375480886
11.7895,176.843,1.471875,-1.1742978354493034
11.7895,176.843,1.475,-1.1432640844651338
11.7895,176.843,1.4781250000000001,-1.1218625211286346
11.7895,176.843,1.4812500000000002,-1.1160835684406576
11.7895,176.843,1.484375,-1.120398543558541
11.7895,176.843,1.4875,-1.1432876909669636
11.7895,176.843,1.490625,-1.1762734190458541
11.7895,176.843,1.4937500000000001,-1.2210459522045087
11.7895,176.843,1.4968750000000002,-1.2738080225055075
11.7895,176.843,1.5,-1.3287101849955962
11.7895,176.843,1.503125,-1.385405439681514
11.7895,176.843,1.50625,-1.4407295376657219
11.7895,176.843,1.5093750000000001,-1.4891614229101449
11.7895,176.843,1.5125000000000002,-1.5309020377560956
11.7895,176.843,1.515625,-1.5639974294050911
11.7895,176.843,1.51875,-1.5927306866105955
11.7895,176.843,1.521875,-1.6018720324420446
11.7895,176.843,1.5250000000000001,-1.5984938118937433
11.7895,176.843,1.5281250000000002,-1.5856657396553628
11.7895,176.843,1.53125,-1.5645630800282653
11.7895,176.843,1.534375,-1.5345004477324744
11.7895,176.843,1.5375,-1.4979619115508407
11.7895,176.843,1.5406250000000001,-1.453918905613016
11.7895,176.843,1.5437500000000002,-1.4018742423750898
11.7895,176.843,1.546875,-1.342817348402434
11.7895,176.843,1.55,-1.28329875800846
11.7895,176.843,1.553125,-1.2213225618376047
11.7895,176.843,1.5562500000000001,-1.1592292822842862
11.7895,176.843,1.5593750000000002,-1.1038314750336242
11.7895,176.843,1.5625,-1.0490506065516545
11.7895,176.843,1.565625,-1.0061319626440646
11.7895,176.843,1.56875,-0.9761581715468298
11.7895,176.843,1.5718750000000001,-0.9571188080594984
11.7895,176.843,1.5750000000000002,-0.9564078499745421
11.7895,176.843,1.578125,-0.9677028550741896
11.7895,176.843,1.58125,-0.9982914749896582
11.7895,176.843,1.584375,-1.0457138660472949
11.7895,176.843,1.5875000000000001,-1.1078000119788232
11.7895,176.843,1.5906250000000002,-1.1813934129180552
11.7895,176.843,1.59375,-1.2612679316492617
11.7895,176.843,1.596875,-1.3444051160111001
11.7895,176.843,1.6,-1.425330582644892
11.7895,176.843,1.6031250000000001,-1.4992821279989197
11.7895,176.843,1.6062500000000002,-1.5655488072863752
11.7895,176.843,1.609375,-1.6198204098940363
11.7895,176.843,1.6125,-1.661504750897843
11.7895,176.843,1.615625,-1.6869829765461544
11.7895,176.843,1.6187500000000001,-1.6944878079746803
11.7895,176.843,1.6218750000000002,-1.69017478499229
11.7895,176.843,1.625,-1.673777665182081
11.7895,176.843,1.628125,-1.6429634333999787
11.7895,176.843,1.63125,-1.6066767294652016
11.7895,176.843,1.6343750000000001,-1.5621346755915166
11.7895,176.843,1.6375000000000002,-1.5165307148208433
11.7895,176.843,1.640625,-1.46536092776994
11.7895,176.843,1.64375,-1.415857789177295
11.7895,176.843,1.646875,-1.366437166409713
11.7895,176.843,1.6500000000000001,-1.322980522722751
11.7895,176.843,1.6531250000000002,-1.2861844065949604
11.7895,176.843,1.65625,-1.2585291802711094
11.7895,176.843,1.659375,-1.2392020376720985
11.7895,176.843,1.6625,-1.2344446694212887
11.7895,176.843,1.6656250000000001,-1.243311008783541
11.7895,176.843,1.6687500000000002,-1.2659461312823792
11.7895,176.843,1.671875,-1.2907542126922542
11.7895,176.843,1.675,-1.3274321965371985
11.7895,176.843,1.678125,-1.376111842082972
11.7895,176.843,1.6812500000000001,-1.4312726869393697
11.7895,176.843,1.6843750000000002,-1.4868900252580541
11.7895,176.843,1.6875,-1.550413102392075
11.7895,176.843,1.690625,-1.609731116329391
11.7895,176.843,1.69375,-1.6634788699390004
11.7895,176.843,1.6968750000000001,-1.713974782763266
11.7895,176.843,1.7000000000000002,-1.7563782885492383
11.7895,176.843,1.703125,-1.7902648738895701
11.7895,176.843,1.70625,-1.812404695672066
11.7895,176.843,1.709375,-1.8192833965073394
11.7895,176.843,1.7125000000000001,-1.8166585846853966
11.7895,176.843,1.7156250000000002,-1.7986435872238649
11.7895,176.843,1.71875,-1.771778741114331
11.7895,176.843,1.721875,-1.7268135244107483
11.7895,176.843,1.725,-1.6724566128603287
11.7895,176.843,1.7281250000000001,-1.6092184125329954
11.7895,176.843,1.7312500000000002,-1.5405917483398877
11.7895,176.843,1.734375,-1.4687770450942137
11.7895,176.843,1.7375,-1.3929344698636428
11.7895,176.843,1.740625,-1.3235145255719951
11.7895,176.843,1.7437500000000001,-1.2581795380171859
11.7895,176.843,1.7468750000000002,-1.195995081952141
11.7895,176.843,1.75,-1.1460933025757971
11.7895,176.843,1.753125,-1.1114208169970645
11.7895,176.843,1.75625,-1.0897441400230194
11.7895,176.843,1.7593750000000001,-1.0899939760832111
11.7895,176.843,1.7625000000000002,-1.106955042810759
11.7895,176.843,1.765625,-1.1381154184259834
11.7895,176.843,1.76875,-1.1823555049816847
11.7895,176.843,1.771875,-1.2400408323498193
11.7895,176.843,1.7750000000000001,-1.3053344781860106
11.7895,176.843,1.7781250000000002,-1.377011462472963
11.7895,176.843,1.78125,-1.4500473746769091
11.7895,176.843,1.784375,-1.524077146672794
11.7895,176.843,1.7875,-1.5916261706812953
11.7895,176.843,1.7906250000000001,-1.6520806743349692
11.7895,176.843,1.7937500000000002,-1.6993127570364197
11.7895,176.843,1.7968750000000002,-1.7363985485929345
11.7895,176.843,1.8,-1.76087497542404
11.7895,176.843,1.803125,-1.7731781819027854
11.7895,176.843,1.8062500000000001,-1.770773926600564
11.7895,176.843,1.8093750000000002,-1.7597952039898
11.7895,176.843,1.8125000000000002,-1.7387420939471745
11.7895,176.843,1.815625,-1.7068983690811654
11.7895,176.843,1.81875,-1.6664598251085263
11.7895,176.843,1.8218750000000001,-1.620602823420331
11.7895,176.843,1.8250000000000002,-1.5707377970715446
11.7895,176.843,1.8281250000000002,-1.5184474302448727
11.7895,176.843,1.83125,-1.4676495132120957
11.7895,176.843,1.834375,-1.4201741141632045
11.7895,176.843,1.8375000000000001,-1.3775047834106897
11.7895,176.843,1.8406250000000002,-1.3411808942025378
11.7895,176.843,1.8437500000000002,-1.3190678366307331
11.7895,176.843,1.846875,-1.3060111443457854
11.7895,176.843,1.85,-1.3070779173326963
11.7895,176.843,1.8531250000000001,-1.3216487678834734
11.7895,176.843,1.8562500000000002,-1.3528399690734965
11.7895,176.843,1.8593750000000002,-1.3974328381049204
11.7895,176.843,1.8625,-1.4539551407667326
11.7895,176.843,1.865625,-1.5184121620159812
11.7895,176.843,1.8687500000000001,-1.5899133526340874
11.7895,176.843,1.8718750000000002,-1.6640390023425367
11.7895,176.843,1.8750000000000002,-1.7330468656724292
11.7895,176.843,1.878125,-1.7979056730792426
11.7895,176.843,1.88125,-1.8550831807657455
11.7895,176.843,1.8843750000000001,-1.9025136946618342
11.7895,176.843,1.8875000000000002,-1.9363991162099823
11.7895,176.843,1.8906250000000002,-1.9550455332904257
11.7895,176.843,1.89375,-1.9600939453053647
11.7895,176.843,1.896875,-1.9474060255283603
11.7895,176.843,1.9000000000000001,-1.9249390377165163
11.7895,176.843,1.9031250000000002,-1.8833796527122866
11.7895,176.843,1.9062500000000002,-1.8337736410798564
11.7895,176.843,1.909375,-1.7764633595820525
11.7895,176.843,1.9125,-1.7115785704948814
11.7895,176.843,1.9156250000000001,-1.640711086667421
11.7895,176.843,1.9187500000000002,-1.5659656366825956
11.7895,176.843,1.9218750000000002,-1.4929761498315908
11.7895,176.843,1.925,-1.425274289180479
11.7895,176.843,1.928125,-1.357415996385885
11.7895,176.843,1.9312500000000001,-1.3032466963875742
11.7895,176.843,1.9343750000000002,-1.2597059421412613
11.7895,176.843,1.9375000000000002,-1.2236955221326102
11.7895,176.843,1.940625,-1.205924409558181
11.7895,176.843,1.94375,-1.203105514459562
11.7895,176.843,1.9468750000000001,-1.2130558809282372
11.7895,176.843,1.9500000000000002,-1.240272228005888
11.7895,176.843,1.9531250000000002,-1.2813912556460374
11.7895,176.843,1.95625,-1.3332912760752869
11.7895,176.843,1.959375,-1.399014371706091
11.7895,176.843,1.9625000000000001,-1.4663022072133889
11.7895,176.843,1.9656250000000002,-1.5403001681303348
11.7895,176.843,1.9687500000000002,-1.6119054552243675
11.7895,176.843,1.971875,-1.6767913897579958
11.7895,176.843,1.975,-1.7339758611674572
11.7895,176.843,1.9781250000000001,-1.7821968120287175
11.7895,176.843,1.9812500000000002,-1.8155154767284698
11.7895,176.843,1.9843750000000002,-1.8344656944803692
11.7895,176.843,1.9875,-1.840323150762516
11.7895,176.843,1.990625,-1.8329891183935498
11.7895,176.843,1.9937500000000001,-1.807007627286759
11.7895,176.843,1.9968750000000002,-1.7710379581254319
11.7895,176.843,2,-1.7269460094621836
11.7895,176.843,2.0031250000000003,-1.6737820313149236
11.7895,176.843,2.00625,-1.612115422224409
11.7895,176.843,2.009375,-1.5492377435918423
11.7895,176.843,2.0125,-1.4830926795566424
11.7895,176.843,2.015625,-1.4216117560433796
11.7895,176.843,2.0187500000000003,-1.3633944202252446
11.7895,176.843,2.021875,-1.3156151400537879
11.7895,176.843,2.025,-1.2752744906397733
11.7895,176.843,2.028125,-1.2461614268942618
11.7895,176.843,2.03125,-1.2363073377101532
11.7895,176.843,2.0343750000000003,-1.2433153695250385
11.7895,176.843,2.0375,-1.267110301264707
11.7895,176.843,2.040625,-1.3036973961346556
11.7895,176.843,2.04375,-1.3566636224392667
11.7895,176.843,2.046875,-1.42091644712795
11.7895,176.843,2.0500000000000003,-1.4972978435459514
11.7895,176.843,2.053125,-1.581189065768669
11.7895,176.843,2.05625,-1.6670017995185562
11.7895,176.843,2.059375,-1.7542869634639788
11.7895,176.843,2.0625,-1.830800008908882
11.7895,176.843,2.0656250000000003,-1.896740010494776
11.7895,176.843,2.06875,-1.9468182246940744
11.7895,176.843,2.071875,-1.9817452890073526
11.7895,176.843,2.075,-2.004477135690787
11.7895,176.843,2.078125,-2.0124041584892316
11.7895,176.843,2.0812500000000003,-2.006658199290543
11.7895,176.843,2.084375,-1.9889606734369603
11.7895,176.843,2.0875,-1.9583998529870583
11.7895,176.843,2.090625,-1.911492780525239
11.7895,176.843,2.09375,-1.861316447976499
11.7895,176.843,2.0968750000000003,-1.787464684301063
11.7895,176.843,2.1,-1.7187880205084916
11.7895,176.843,2.103125,-1.6376387210035124
11.7895,176.843,2.10625,-1.5629985979900105
11.7895,176.843,2.109375,-1.4865766541999348
11.7895,176.843,2.1125000000000003,-1.4185999075850995
11.7895,176.843,2.115625,-1.3577698655654444
11.7895,176.843,2.11875,-1.3043347774972858
11.7895,176.843,2.121875,-1.2645569861193975
11.7895,176.843,2.125,-1.24376414092649
11.7895,176.843,2.1281250000000003,-1.231691722242886
11.7895,176.843,2.13125,-1.2401202020876434
11.7895,176.843,2.134375,-1.2661623617570494
11.7895,176.843,2.1375,-1.3067236170743632
11.7895,176.843,2.140625,-1.3617325330091667
11.7895,176.843,2.1437500000000003,-1.42454458289565
11.7895,176.843,2.146875,-1.4964741848483463
11.7895,176.843,2.1500000000000004,-1.5713622639001787
11.7895,176.843,2.153125,-1.645085661658833
11.7895,176.843,2.15625,-1.7162925118339052
11.7895,176.843,2.1593750000000003,-1.7779101080622308
11.7895,176.843,2.1625,-1.8264325789217486
11.7895,176.843,2.1656250000000004,-1.8591019878251687
11.7895,176.843,2.16875,-1.8753344607964364
11.7895,176.843,2.171875,-1.8767531284203354
11.7895,176.843,2.1750000000000003,-1.8602920892585044
11.7895,176.843,2.178125,-1.8298198689527716
11.7895,176.843,2.1812500000000004,-1.7915524501671674
11.7895,176.843,2.184375,-1.7394174419096204
11.7895,176.843,2.1875,-1.676842618409099
11.7895,176.843,2.1906250000000003,-1.6077899836595626
11.7895,176.843,2.19375,-1.5371978409472415
11.7895,176.843,2.1968750000000004,-1.4600928145179575
11.7895,176.843,2.2,-1.3875577306445062
11.7895,176.843,2.203125,-1.3249351903553628
11.7895,176.843,2.2062500000000003,-1.2720074277970859
11.7895,176.843,2.209375,-1.2286211115663965
11.7895,176.843,2.2125000000000004,-1.1993877621103388
11.7895,176.843,2.215625,-1.1834225762599897
11.7895,176.843,2.21875,-1.1820075521179758
11.7895,176.843,2.2218750000000003,-1.20249495408744
11.7895,176.843,2.225,-1.2376661322739142
11.7895,176.843,2.2281250000000004,-1.2859038435279064
11.7895,176.843,2.23125,-1.350095990781093
11.7895,176.843,2.234375,-1.4242689072951367
11.7895,176.843,2.2375000000000003,-1.5040128010441314
11.7895,176.843,2.240625,-1.5855441862478301
11.7895,176.843,2.2437500000000004,-1.6644272008435537
11.7895,176.843,2.246875,-1.7409739869949872
11.7895,176.843,2.25,-1.8098502615016467
11.7895,176.843,2.2531250000000003,-1.8659911772443096
11.7895,176.843,2.25625,-1.9115008088850516
11.7895,176.843,2.2593750000000004,-1.940886419643402
11.7895,176.843,2.2625,-1.9583359727728533
11.7895,176.843,2.265625,-1.9550282749280017
11.7895,176.843,2.2687500000000003,-1.940969585677095
11.7895,176.843,2.271875,-1.9136588223460507
11.7895,176.843,2.2750000000000004,-1.8734806981862313
11.7895,176.843,2.278125,-1.825951045249535
11.7895,176.843,2.28125,-1.7663797893409894
11.7895,176.843,2.2843750000000003,-1.7034104998074648
11.7895,176.843,2.2875,-1.633965805914646
11.7895,176.843,2.2906250000000004,-1.5651781665187658
11.7895,176.843,2.29375,-1.4955797182934314
11.7895,176.843,2.296875,-1.4249985308413557
11.7895,176.843,2.3000000000000003,-1.3637212581314921
11.7895,176.843,2.303125,-1.3127184407665866
11.7895,176.843,2.3062500000000004,-1.2715712797242293
11.7895,176.843,2.309375,-1.2409928819938023
11.7895,176.843,2.3125,-1.2252575428749375
11.7895,176.843,2.3156250000000003,-1.2298141093219015
11.7895,176.843,2.31875,-1.2468703318569834
11.7895,176.843,2.3218750000000004,-1.2801541097257607
11.7895,176.843,2.325,-1.3257416939841344
11.7895,176.843,2.328125,-1.3887457541228532
11.7895,176.843,2.3312500000000003,-1.4563043999625045
11.7895,176.843,2.334375,-1.5298320861127481
11.7895,176.843,2.3375000000000004,-1.6085986308745703
11.7895,176.843,2.340625,-1.6760680235988257
11.7895,176.843,2.34375,-1.7414135262511339
11.7895,176.843,2.3468750000000003,-1.793667172511257
11.7895,176.843,2.35,-1.839641431792581
11.7895,176.843,2.3531250000000004,-1.868691977172975
11.7895,176.843,2.35625,-1.8818125750410664
11.7895,176.843,2.359375,-1.879683828229367
11.7895,176.843,2.3625000000000003,-1.8619216132535932
11.7895,176.843,2.365625,-1.8283963760714497
11.7895,176.843,2.3687500000000004,-1.7811836200087008
11.7895,176.843,2.371875,-1.723528626457469
11.7895,176.843,2.375,-1.6563323471231577
11.7895,176.843,2.3781250000000003,-1.5843200732372318
11.7895,176.843,2.38125,-1.511533669006677
11.7895,176.843,2.3843750000000004,-1.437304652401903
11.7895,176.843,2.3875,-1.365133985780427
11.7895,176.843,2.390625,-1.297228301020574
11.7895,176.843,2.3937500000000003,-1.2432707380253252
11.7895,176.843,2.396875,-1.2000752861178934
11.7895,176.843,2.4000000000000004,-1.170457439663537
11.7895,176.843,2.403125,-1.1590172024064576
11.7895,176.843,2.40625,-1.1684586272650195
11.7895,176.843,2.4093750000000003,-1.2028997413363758
11.7895,176.843,2.4125,-1.2546354800797515
11.7895,176.843,2.4156250000000004,-1.328323319263144
11.7895,176.843,2.41875,-1.429585383556666
11.7895,176.843,2.421875,-1.5644987426861232
11.7895,176.843,2.4250000000000003,-1.7668366817458734
11.7895,176.843,2.428125,-2.1395039383251735
11.7895,176.843,2.4312500000000004,-2.8573591368203557
11.7895,176.843,2.434375,-2.869217455613602
11.7895,176.843,2.4375,-2.3572733185690002
11.7895,176.843,2.4406250000000003,-2.1272620181508675
11.7895,176.843,2.44375,-2.0819265740367063
11.7895,176.843,2.4468750000000004,-2.0656662745174756
11.7895,176.843,2.45,-2.052878318052504
11.7895,176.843,2.453125,-2.036140044097086
11.7895,176.843,2.4562500000000003,-2.0053758770095946
11.7895,176.843,2.459375,-1.964711090765732
11.7895,176.843,2.4625000000000004,-1.9087856939663619
11.7895,176.843,2.465625,-1.8437991040583013
11.7895,176.843,2.46875,-1.7742021079381574
11.7895,176.843,2.4718750000000003,-1.701581012601946
11.7895,176.843,2.475,-1.6249131115012727
11.7895,176.843,2.4781250000000004,-1.5550837308582344
11.7895,176.843,2.48125,-1.4829660932546027
11.7895,176.843,2.484375,-1.4217340538598058
11.7895,176.843,2.4875000000000003,-1.369297902659968
11.7895,176.843,2.490625,-1.3262084986576672
11.7895,176.843,2.4937500000000004,-1.2963966286552995
11.7895,176.843,2.496875,-1.285387876946322
11.7895,176.843,2.5,-1.2919753525777233
11.7895,176.843,2.5031250000000003,-1.3114387313893627
11.7895,176.843,2.50625,-1.349146273786124
11.7895,176.843,2.5093750000000004,-1.398205320870459
11.7895,176.843,2.5125,-1.4619161338422548
11.7895,176.843,2.515625,-1.5350756679080084
11.7895,176.843,2.5187500000000003,-1.6106315201064172
11.7895,176.843,2.521875,-1.690372459431
11.7895,176.843,2.5250000000000004,-1.7659705749550658
11.7895,176.843,2.528125,-1.8352051186932514
11.7895,176.843,2.53125,-1.8944705190459397
11.7895,176.843,2.5343750000000003,-1.938680312232486
11.7895,176.843,2.5375,-1.968117152731129
11.7895,176.843,2.5406250000000004,-1.978140727655853
11.7895,176.843,2.54375,-1.9752627429123815
11.7895,176.843,2.546875,-1.9535088733194854
11.7895,176.843,2.5500000000000003,-1.9201025023474285
11.7895,176.843,2.553125,-1.8723090601114334
11.7895,176.843,2.5562500000000004,-1.8110839788449995
11.7895,176.843,2.559375,-1.7400338829712427
11.7895,176.843,2.5625,-1.666651315150226
11.7895,176.843,2.5656250000000003,-1.5857270962803893
11.7895,176.843,2.56875,-1.506576380414142
11.7895,176.843,2.5718750000000004,-1.4335896385782874
11.7895,176.843,2.575,-1.3678344693628324
11.7895,176.843,2.578125,-1.3112209297653765
11.7895,176.843,2.5812500000000003,-1.26910296255199
11.7895,176.843,2.584375,-1.2386473874812194
11.7895,176.843,2.5875000000000004,-1.2303406452054668
11.7895,176.843,2.590625,-1.2377729436493212
11.7895,176.843,2.59375,-1.2641157948351176
11.7895,176.843,2.5968750000000003,-1.3097620919089104
11.7895,176.843,2.6,-1.3720470718020075
11.7895,176.843,2.6031250000000004,-1.4463649758307882
11.7895,176.843,2.60625,-1.5325182584532706
11.7895,176.843,2.609375,-1.6237575229134913
11.7895,176.843,2.6125000000000003,-1.7140542270236954
11.7895,176.843,2.615625,-1.799616769096584
11.7895,176.843,2.6187500000000004,-1.88004395359022
11.7895,176.843,2.621875,-1.9450733646299905
11.7895,176.843,2.625,-2.0023937930479843
11.7895,176.843,2.6281250000000003,-2.038775760026078
11.7895,176.843,2.63125,-2.0611255577618133
11.7895,176.843,2.6343750000000004,-2.0675916287457747
11.7895,176.843,2.6375,-2.0527475715074215
11.7895,176.843,2.640625,-2.027947926797397
11.7895,176.843,2.6437500000000003,-1.988671356852397
11.7895,176.843,2.646875,-1.9416326013088367
11.7895,176.843,2.6500000000000004,-1.8870004376531921
11.7895,176.843,2.653125,-1.8267167075459847
11.7895,176.843,2.65625,-1.7651153271135507
11.7895,176.843,2.6593750000000003,-1.700516616788028
11.7895,176.843,2.6625,-1.6357977037020768
11.7895,176.843,2.6656250000000004,-1.5816631093345412
11.7895,176.843,2.66875,-1.5357945425084443
11.7895,176.843,2.671875,-1.4970708670773003
11.7895,176.843,2.6750000000000003,-1.4730817050442513
11.7895,176.843,2.678125,-1.4616227438182845
11.7895,176.843,2.6812500000000004,-1.465606201195334
11.7895,176.843,2.684375,-1.4888631072000438
11.7895,176.843,2.6875,-1.51880070792447
11.7895,176.843,2.6906250000000003,-1.569774411291935
11.7895,176.843,2.69375,-1.6285021327645257
11.7895,176.843,2.6968750000000004,-1.7048152419962779
11.7895,176.843,2.7,-1.7815402444636839
11.7895,176.843,2.703125,-1.8640540066227347
11.7895,176.843,2.7062500000000003,-1.9422780146583283
11.7895,176.843,2.709375,-2.0169381154664983
11.7895,176.843,2.7125000000000004,-2.083273335793254
11.7895,176.843,2.715625,-2.138328779010158
11.7895,176.843,2.71875,-2.181403547244147
11.7895,176.843,2.7218750000000003,-2.2115902100754816
11.7895,176.843,2.725,-2.221583510526685
11.7895,176.843,2.7281250000000004,-2.221884283595899
11.7895,176.843,2.73125,-2.207078277510356
11.7895,176.843,2.734375,-2.185154943826758
11.7895,176.843,2.7375000000000003,-2.1526415666201375
11.7895,176.843,2.740625,-2.119741367531398
11.7895,176.843,2.7437500000000004,-2.1064453199605535
11.7895,176.843,2.746875,-2.128539997023889
11.7895,176.843,2.75,-2.2184943179419827
11.7895,176.843,2.7531250000000003,-2.149911120762755
11.7895,176.843,2.75625,-1.961530578167312
11.7895,176.843,2.7593750000000004,-1.8241345515385399
11.7895,176.843,2.7625,-1.7325397909994047
11.7895,176.843,2.765625,-1.6700271228665422
11.7895,176.843,2.7687500000000003,-1.6340300152347105
11.7895,176.843,2.771875,-1.6186646877346127
11.7895,176.843,2.7750000000000004,-1.625266568189316
11.7895,176.843,2.778125,-1.6532021486152624
11.7895,176.843,2.78125,-1.6955626731586724
11.7895,176.843,2.7843750000000003,-1.7533463418511834
11.7895,176.843,2.7875,-1.825514969873052
11.7895,176.843,2.7906250000000004,-1.9026326043352246
11.7895,176.843,2.79375,-1.9842434117276038
11.7895,176.843,2.796875,-2.0726814040715866
11.7895,176.843,2.8000000000000003,-2.1511442358085215
11.7895,176.843,2.803125,-2.225206470225259
11.7895,176.843,2.8062500000000004,-2.2856597848405924
11.7895,176.843,2.809375,-2.3333997929646726
11.7895,176.843,2.8125,-2.364191560377577
11.7895,176.843,2.8156250000000003,-2.380522784021823
11.7895,176.843,2.81875,-2.379301629201285
11.7895,176.843,2.8218750000000004,-2.3686036822929974
11.7895,176.843,2.825,-2.3442953798212214
11.7895,176.843,2.828125,-2.307820920749049
11.7895,176.843,2.8312500000000003,-2.2583779692180754
11.7895,176.843,2.834375,-2.203242849868846
11.7895,176.843,2.8375000000000004,-2.1437101920601673
11.7895,176.843,2.840625,-2.0869068937605
11.7895,176.843,2.84375,-2.025094839703931
11.7895,176.843,2.8468750000000003,-1.9723828278445357
11.7895,176.843,2.85,-1.9174695060833162
11.7895,176.843,2.8531250000000004,-1.87666080948387
11.7895,176.843,2.85625,-1.8520445431575476
11.7895,176.843,2.859375,-1.8419099933364456
11.7895,176.843,2.8625000000000003,-1.858776599063943
11.7895,176.843,2.865625,-1.887222479078631
11.7895,176.843,2.8687500000000004,-1.919318630234754
11.7895,176.843,2.871875,-1.962882326750158
11.7895,176.843,2.875,-2.0223228519773047
11.7895,176.843,2.8781250000000003,-2.091966682109171
11.7895,176.843,2.88125,-2.1660939358333815
11.7895,176.843,2.8843750000000004,-2.2413998997272326
11.7895,176.843,2.8875,-2.322883215599764
11.7895,176.843,2.890625,-2.3999201578722547
11.7895,176.843,2.8937500000000003,-2.4748163623407167
11.7895,176.843,2.896875,-2.53477916001813
11.7895,176.843,2.9000000000000004,-2.5867125942599416
11.7895,176.843,2.903125,-2.625236663057098
11.7895,176.843,2.90625,-2.6475280346138512
11.7895,176.843,2.9093750000000003,-2.6549361692476636
11.7895,176.843,2.9125,-2.647607589323908
11.7895,176.843,2.9156250000000004,-2.628911898125385
11.7895,176.843,2.91875,-2.5987142658613527
11.7895,176.843,2.921875,-2.553335440096231
11.7895,176.843,2.9250000000000003,-2.505739978674619
11.7895,176.843,2.928125,-2.448651833922923
11.7895,176.843,2.9312500000000004,-2.388791063980982
11.7895,176.843,2.934375,-2.3260446155083523
11.7895,176.843,2.9375,-2.2652811796002275
11.7895,176.843,2.9406250000000003,-2.213740003016888
11.7895,176.843,2.94375,-2.170294979854549
11.7895,176.843,2.9468750000000004,-2.1347659385900046
11.7895,176.843,2.95,-2.1129736398425303
11.7895,176.843,2.953125,-2.103090805411157
11.7895,176.843,2.9562500000000003,-2.11010159966248
11.7895,176.843,2.959375,-2.1343938825921107
11.7895,176.843,2.9625000000000004,-2.1744296556385305
11.7895,176.843,2.965625,-2.2304081878258644
11.7895,176.843,2.96875,-2.301508063835804
11.7895,176.843,2.9718750000000003,-2.379476862685636
11.7895,176.843,2.975,-2.4643140569336923
11.7895,176.843,2.9781250000000004,-2.550318857631107
11.7895,176.843,2.98125,-2.630311464397913
11.7895,176.843,2.984375,-2.702523087167361
11.7895,176.843,2.9875000000000003,-2.7645852702164424
11.7895,176.843,2.990625,-2.814009866155353
11.7895,176.843,2.9937500000000004,-2.845302671480425
11.7895,176.843,2.996875,-2.860804524460491
11.7895,176.843,3,-2.8619842788069842
11.7895,176.843,3.0031250000000003,-2.847285315992977
11.7895,176.843,3.00625,-2.8166104021071634
11.7895,176.843,3.0093750000000004,-2.7738090061643765
11.7895,176.843,3.0125,-2.725623244668663
11.7895,176.843,3.015625,-2.671739161879944
11.7895,176.843,3.0187500000000003,-2.6126367278016605
11.7895,176.843,3.021875,-2.5507195506220564
11.7895,176.843,3.0250000000000004,-2.490968200816056
11.7895,176.843,3.028125,-2.4343331383949627
11.7895,176.843,3.03125,-2.386594795620215
11.7895,176.843,3.0343750000000003,-2.346391027805372
11.7895,176.843,3.0375,-2.316826126688417
11.7895,176.843,3.0406250000000004,-2.3030739495188848
11.7895,176.843,3.04375,-2.302186011498708
11.7895,176.843,3.046875,-2.3207693900522703
11.7895,176.843,3.0500000000000003,-2.349749788796884
11.7895,176.843,3.053125,-2.393124583823055
11.7895,176.843,3.0562500000000004,-2.44554978375297
11.7895,176.843,3.059375,-2.5137248551538978
11.7895,176.843,3.0625,-2.582498405970266
11.7895,176.843,3.0656250000000003,-2.660938788948357
11.7895,176.843,3.06875,-2.7370135219340384
11.7895,176.843,3.0718750000000004,-2.8129251791936176
11.7895,176.843,3.075,-2.8733287196932134
11.7895,176.843,3.078125,-2.929505234501912
11.7895,176.843,3.0812500000000003,-2.9689966487634747
11.7895,176.843,3.084375,-2.9975263805093864
11.7895,176.843,3.0875000000000004,-3.008892036706454
11.7895,176.843,3.090625,-3.0120757204935815
11.7895,176.843,3.09375,-2.997069508561878
11.7895,176.843,3.0968750000000003,-2.9679841375521336
11.7895,176.843,3.1,-2.929798456168227
11.7895,176.843,3.1031250000000004,-2.8843732195177703
11.7895,176.843,3.10625,-2.8263000709652926
11.7895,176.843,3.109375,-2.7668010562952694
11.7895,176.843,3.1125000000000003,-2.707037989596111
11.7895,176.843,3.115625,-2.651301181972372
11.7895,176.843,3.1187500000000004,-2.598948902133293
11.7895,176.843,3.121875,-2.5580522638944094
11.7895,176.843,3.125,-2.524066045356107
11.7895,176.843,3.1281250000000003,-2.4989942221286117
11.7895,176.843,3.13125,-2.4825329926905875
11.7895,176.843,3.1343750000000004,-2.478050043829615
11.7895,176.843,3.1375,-2.4843020697510028
11.7895,176.843,3.140625,-2.502829773392001
11.7895,176.843,3.1437500000000003,-2.534895275561699
11.7895,176.843,3.146875,-2.5852934687270155
11.7895,176.843,3.1500000000000004,-2.6383369076667638
11.7895,176.843,3.153125,-2.705813501454275
11.7895,176.843,3.15625,-2.781938079487005
11.7895,176.843,3.1593750000000003,-2.844735073481248
11.7895,176.843,3.1625,-2.909000950398334
11.7895,176.843,3.1656250000000004,-2.994957743945299
11.7895,176.843,3.16875,-3.025689464629287
11.7895,176.843,3.171875,-3.0855932158345234
11.7895,176.843,3.1750000000000003,-3.1327610489264397
11.7895,176.843,3.178125,-3.1043787553129363
11.7895,176.843,3.1812500000000004,-3.117739713584675
11.7895,176.843,3.184375,-3.2284052917087624
11.7895,176.843,3.1875,-3.069864484514489
11.7895,176.843,3.1906250000000003,-3.1033425784989443
11.7895,176.843,3.19375,-2.876468918765594
11.7895,176.843,3.1968750000000004,-3.1706277394593743
11.7895,176.843,3.2,-2.8292084980766283
11.7895,176.843,3.203125,-2.637198570834764
11.7895,176.843,3.2062500000000003,-2.6248517925547503
11.7895,176.843,3.209375,-2.9947331101279917
11.7895,176.843,3.2125000000000004,-3.2713333290780255
11.7895,176.843,3.215625,-2.534337925625678
11.7895,176.843,3.21875,-2.3600036234870685
11.7895,176.843,3.2218750000000003,-2.319283428334103
11.7895,176.843,3.225,-2.323655791066023
11.7895,176.843,3.2281250000000004,-2.4617668318563632
11.7895,176.843,3.23125,-2.7622243932472723
11.7895,176.843,3.234375,-3.60755587900138
11.7895,176.843,3.2375000000000003,-2.9337198763466965
11.7895,176.843,3.240625,-2.4824633489487886
11.7895,176.843,3.2437500000000004,-2.422849562119574
11.7895,176.843,3.246875,-2.498420787379009
11.7895,176.843,3.25,-2.5682952484913346
11.7895,176.843,3.2531250000000003,-2.652332417358606
11.7895,176.843,3.25625,-2.8274208207818625
11.7895,176.843,3.2593750000000004,-2.841211636031728
11.7895,176.843,3.2625,-2.8472018591140684
11.7895,176.843,3.265625,-2.873073909496382
11.7895,176.843,3.2687500000000003,-2.970492901969645
11.7895,176.843,3.271875,-3.069470239698147
11.7895,176.843,3.2750000000000004,-3.268585864123781
11.7895,176.843,3.278125,-4.275215612404638
11.7895,176.843,3.28125,-5.5197784135998695
11.7895,176.843,3.2843750000000003,-3.7285093182410094
11.7895,176.843,3.2875,-4.039259589986648
11.7895,176.843,3.2906250000000004,-3.5699487606551523
11.7895,176.843,3.29375,-3.0527785032954817
11.7895,176.843,3.296875,-2.7483622897436764
11.7895,176.843,3.3000000000000003,-2.566499778607025
11.7895,176.843,3.303125,-2.449454135501937
11.7895,176.843,3.3062500000000004,-2.3800049581455536
11.7895,176.843,3.309375,-2.3176596910309897
11.7895,176.843,3.3125,-2.298566935416116
11.7895,176.843,3.3156250000000003,-2.2858229946196524
11.7895,176.843,3.31875,-2.2771044301752648
11.7895,176.843,3.3218750000000004,-2.2285649531769964
11.7895,176.843,3.325,-2.233488561588129
11.7895,176.843,3.328125,-2.27195078004573
11.7895,176.843,3.3312500000000003,-2.3606255858378686
11.7895,176.843,3.334375,-2.4528372230112967
11.7895,176.843,3.3375000000000004,-2.5029740231491973
11.7895,176.843,3.340625,-2.5501359831934165
11.7895,176.843,3.34375,-2.6128225481545324
11.7895,176.843,3.3468750000000003,-2.671985081447925
11.7895,176.843,3.35,-2.735913621060418
11.7895,176.843,3.3531250000000004,-2.8031379239629493
11.7895,176.843,3.35625,-2.8486055834715156
11.7895,176.843,3.359375,-2.873672253277833
11.7895,176.843,3.3625000000000003,-2.893270883282577
11.7895,176.843,3.365625,-2.8998557781021543
11.7895,176.843,3.3687500000000004,-2.877627659586306
11.7895,176.843,3.371875,-2.957320852602039
11.7895,176.843,3.375,-3.06209116669256
11.7895,176.843,3.3781250000000003,-2.8324142615179113
11.7895,176.843,3.38125,-2.661077925968836
11.7895,176.843,3.3843750000000004,-2.5782701734787654
11.7895,176.843,3.3875,-2.567512043811081
11.7895,176.843,3.390625,-2.735806559406781
11.7895,176.843,3.3937500000000003,-2.5995306445572206
11.7895,176.843,3.396875,-2.6010674358861188
11.7895,176.843,3.4000000000000004,-2.694140594629016
11.7895,176.843,3.403125,-3.0261513203219534
11.7895,176.843,3.40625,-4.066527329788643
11.7895,176.843,3.4093750000000003,-6.890103878052331
11.7895,176.843,3.4125,-9.26054012556733
11.7895,176.843,3.4156250000000004,-6.124211080407336
11.7895,176.843,3.41875,-4.250920774063931
11.7895,176.843,3.421875,-3.3888734242758534
11.7895,176.843,3.4250000000000003,-2.9653945544892113
11.7895,176.843,3.428125,-2.759645193803762
11.7895,176.843,3.4312500000000004,-2.675915752595788
11.7895,176.843,3.434375,-2.6744901101839424
11.7895,176.843,3.4375,-2.689395728418855
11.7895,176.843,3.4406250000000003,-2.72721276724814
11.7895,176.843,3.44375,-2.7564879220859377
11.7895,176.843,3.4468750000000004,-2.787081394510338
11.7895,176.843,3.45,-2.7984132092651706
11.7895,176.843,3.453125,-2.8197195992573394
11.7895,176.843,3.4562500000000003,-2.8673250658687137
11.7895,176.843,3.459375,-2.9369700174925666
11.7895,176.843,3.4625000000000004,-2.9184096566006157
11.7895,176.843,3.465625,-2.831919175781748
11.7895,176.843,3.46875,-2.801902241271741
11.7895,176.843,3.4718750000000003,-2.7717447426412924
11.7895,176.843,3.475,-2.7545263517693215
11.7895,176.843,3.4781250000000004,-2.7545612279303713
11.7895,176.843,3.48125,-2.678890436825249
11.7895,176.843,3.484375,-2.5828170141927513
11.7895,176.843,3.4875000000000003,-2.5164657732323343
11.7895,176.843,3.490625,-2.49184534615198
11.7895,176.843,3.4937500000000004,-2.479101799510771
11.7895,176.843,3.496875,-2.4627981497650846
11.7895,176.843,3.5,-2.419899025512802
11.7895,176.843,3.5031250000000003,-2.374527882686964
11.7895,176.843,3.50625,-2.3648345199731637
11.7895,176.843,3.5093750000000004,-2.3833214224608987
11.7895,176.843,3.5125,-2.427732615644093
11.7895,176.843,3.515625,-2.471034020355542
11.7895,176.843,3.5187500000000003,-2.5022647373929474
11.7895,176.843,3.521875,-2.5285392777774125
11.7895,176.843,3.5250000000000004,-2.547889533492614
11.7895,176.843,3.528125,-2.5563980513496896
11.7895,176.843,3.53125,-2.58091960817594
11.7895,176.843,3.5343750000000003,-2.625665033727137
11.7895,176.843,3.5375,-2.67784557630204
11.7895,176.843,3.5406250000000004,-2.7063486862054402
11.7895,176.843,3.54375,-2.6940907222992747
11.7895,176.843,3.546875,-2.670920858797051
11.7895,176.843,3.5500000000000003,-2.6537782611936453
11.7895,176.843,3.553125,-2.6418721329377086
11.7895,176.843,3.5562500000000004,-2.6415376692364143
11.7895,176.843,3.559375,-2.5991220704105187
11.7895,176.843,3.5625,-2.5282222863018164
11.7895,176.843,3.5656250000000003,-2.473451873718542
11.7895,176.843,3.56875,-2.426443299227684
11.7895,176.843,3.5718750000000004,-2.389251234789743
11.7895,176.843,3.575,-2.3571724477773772
11.7895,176.843,3.5781250000000004,-2.3007961744371825
11.7895,176.843,3.5812500000000003,-2.2276787038293326
11.7895,176.843,3.584375,-2.1735423420803732
11.7895,176.843,3.5875000000000004,-2.13202785933664
11.7895,176.843,3.590625,-2.1017647971077804
11.7895,176.843,3.5937500000000004,-2.079331919691901
11.7895,176.843,3.5968750000000003,-2.0723634586031774
11.7895,176.843,3.6,-2.0779602365510264
11.7895,176.843,3.6031250000000004,-2.103077221849137
11.7895,176.843,3.60625,-2.150040149383104
11.7895,176.843,3.6093750000000004,-2.2088842894362366
11.7895,176.843,3.6125000000000003,-2.269670973689985
11.7895,176.843,3.615625,-2.3357255655465012
11.7895,176.843,3.6187500000000004,-2.410783960685157
11.7895,176.843,3.621875,-2.4907883460460987
11.7895,176.843,3.6250000000000004,-2.5748589996854276
11.7895,176.843,3.6281250000000003,-2.662490032277203
11.7895,176.843,3.63125,-2.73945568335441
11.7895,176.843,3.6343750000000004,-2.7829920299375956
11.7895,176.843,3.6375,-2.796211446379454
11.7895,176.843,3.6406250000000004,-2.7929413076725282
11.7895,176.843,3.6437500000000003,-2.7729631214340724
11.7895,176.843,3.646875,-2.731959063258401
11.7895,176.843,3.6500000000000004,-2.682962602890528
11.7895,176.843,3.653125,-2.64848003946585
11.7895,176.843,3.6562500000000004,-2.6177792004907636
11.7895,176.843,3.6593750000000003,-2.589343152053856
11.7895,176.843,3.6625,-2.5689871721922297
11.7895,176.843,3.6656250000000004,-2.5492074471445636
11.7895,176.843,3.66875,-2.527157519660716
11.7895,176.843,3.6718750000000004,-2.533210806103164
11.7895,176.843,3.6750000000000003,-2.5660292257024144
11.7895,176.843,3.678125,-2.599872628939136
11.7895,176.843,3.6812500000000004,-2.625064978494487
11.7895,176.843,3.684375,-2.6643767879377873
11.7895,176.843,3.6875000000000004,-2.6865259606673635
11.7895,176.843,3.6906250000000003,-2.717397522909091
11.7895,176.843,3.69375,-2.7684126664585254
11.7895,176.843,3.6968750000000004,-2.826332153381228
11.7895,176.843,3.7,-2.8935436608216913
11.7895,176.843,3.7031250000000004,-2.986612079881756
11.7895,176.843,3.7062500000000003,-3.089264449103176
11.7895,176.843,3.709375,-3.21711360473161
11.7895,176.843,3.7125000000000004,-3.378242038773414
11.7895,176.843,3.715625,-3.4624595658302266
11.7895,176.843,3.7187500000000004,-3.5500918128937635
11.7895,176.843,3.7218750000000003,-3.6885244901029046
11.7895,176.843,3.725,-3.863207625053839
11.7895,176.843,3.7281250000000004,-4.0357070417087835
11.7895,176.843,3.73125,-4.1229766216388795
11.7895,176.843,3.7343750000000004,-4.1604412702499225
11.7895,176.843,3.7375000000000003,-4.205697417238202
11.7895,176.843,3.740625,-4.085198298698661
11.7895,176.843,3.7437500000000004,-4.004976912276527
11.7895,176.843,3.746875,-3.8937854250829584
11.7895,176.843,3.7500000000000004,-3.716376614497289
11.7895,176.843,3.7531250000000003,-3.6462546520476904
11.7895,176.843,3.75625,-3.655222993830409
11.7895,176.843,3.7593750000000004,-3.5818562337359245
11.7895,176.843,3.7625,-3.4887853109766365
11.7895,176.843,3.7656250000000004,-3.501598618622083
11.7895,176.843,3.7687500000000003,-3.559040856673745
11.7895,176.843,3.771875,-3.6257601521373934
11.7895,176.843,3.7750000000000004,-3.7113162992525464
11.7895,176.843,3.778125,-3.7701847528368058
11.7895,176.843,3.7812500000000004,-3.808476167114449
11.7895,176.843,3.7843750000000003,-3.928397214020167
11.7895,176.843,3.7875,-4.018836456459974
11.7895,176.843,3.7906250000000004,-4.0650144816208265
11.7895,176.843,3.79375,-4.105671912279908
11.7895,176.843,3.7968750000000004,-4.185444896982924
11.7895,176.843,3.8000000000000003,-4.257848064904958
11.7895,176.843,3.803125,-4.33657900402369
11.7895,176.843,3.8062500000000004,-4.413959102938606
11.7895,176.843,3.809375,-4.524395155168463
11.7895,176.843,3.8125000000000004,-4.623413798261989
11.7895,176.843,3.8156250000000003,-4.729642249955285
11.7895,176.843,3.81875,-4.843692468704421
11.7895,176.843,3.8218750000000004,-4.8927614526536045
11.7895,176.843,3.825,-4.8879473961203495
11.7895,176.843,3.8281250000000004,-4.917687478988803
11.7895,176.843,3.8312500000000003,-5.017778270995663
11.7895,176.843,3.834375,-5.11448057450938
11.7895,176.843,3.8375000000000004,-5.192521898639974
11.7895,176.843,3.840625,-5.185702075464322
11.7895,176.843,3.8437500000000004,-5.097431739405975
11.7895,176.843,3.8468750000000003,-5.064120879801229
11.7895,176.843,3.85,-5.175409672402558
11.7895,176.843,3.8531250000000004,-5.129836528627195
11.7895,176.843,3.85625,-4.95331313053467
11.7895,176.843,3.8593750000000004,-4.91217008268371
11.7895,176.843,3.8625000000000003,-5.075217522393185
11.7895,176.843,3.865625,-5.336531797209835
11.7895,176.843,3.8687500000000004,-5.661435791917912
11.7895,176.843,3.871875,-6.0407561391284315
11.7895,176.843,3.8750000000000004,-6.353136001663836
11.7895,176.843,3.8781250000000003,-6.591420329978822
11.7895,176.843,3.88125,-6.699042625812442
11.7895,176.843,3.8843750000000004,-6.595255693693459
11.7895,176.843,3.8875,-6.462611035982589
11.7895,176.843,3.8906250000000004,-6.292489666189363
11.7895,176.843,3.8937500000000003,-6.038824873335545
11.7895,176.843,3.896875,-5.859234467753845
11.7895,176.843,3.9000000000000004,-5.697970106112985
11.7895,176.843,3.903125,-5.471694754926267
11.7895,176.843,3.9062500000000004,-5.245857653715564
11.7895,176.843,3.9093750000000003,-5.0257707504935345
11.7895,176.843,3.9125,-4.80328786975335
11.7895,176.843,3.9156250000000004,-4.62088180254442
11.7895,176.843,3.91875,-4.520068441706535
11.7895,176.843,3.9218750000000004,-4.491523140280906
11.7895,176.843,3.9250000000000003,-4.50878579609064
11.7895,176.843,3.928125,-4.500811485181271
11.7895,176.843,3.9312500000000004,-4.4647104053849045
11.7895,176.843,3.934375,-4.405390668204408
11.7895,176.843,3.9375000000000004,-4.346609121875637
11.7895,176.843,3.9406250000000003,-4.310942432717751
11.7895,176.843,3.94375,-4.321132044320953
11.7895,176.843,3.9468750000000004,-4.370088898449605
11.7895,176.843,3.95,-4.457488946993213
11.7895,176.843,3.9531250000000004,-4.572893946315056
11.7895,176.843,3.9562500000000003,-4.684235014750933
11.7895,176.843,3.959375,-4.781143481279335
11.7895,176.843,3.9625000000000004,-4.886217241301875
11.7895,176.843,3.965625,-5.021413304461354
11.7895,176.843,3.9687500000000004,-5.205250270803237
11.7895,176.843,3.9718750000000003,-5.41639761096941
11.7895,176.843,3.975,-5.64618676990312
11.7895,176.843,3.9781250000000004,-5.963425473638043
11.7895,176.843,3.98125,-6.340954070811171
11.7895,176.843,3.9843750000000004,-6.607116330360733
11.7895,176.843,3.9875000000000003,-6.549142160032489
11.7895,176.843,3.990625,-6.323632696848881
11.7895,176.843,3.9937500000000004,-6.12540358544991
11.7895,176.843,3.996875,-5.894655642562797
11.7895,176.843,4,-5.626831108399224
11.7895,176.843,4.003125,-5.4487616405960315
11.7895,176.843,4.0062500000000005,-5.3655987401536445
11.7895,176.843,4.009375,-5.310126978093413
11.7895,176.843,4.0125,-5.240016925630822
11.7895,176.843,4.015625,-5.181167227737259
11.7895,176.843,4.01875,-5.1470802741076
11.7895,176.843,4.0218750000000005,-5.156344465035031
11.7895,176.843,4.025,-5.260746031417815
11.7895,176.843,4.028125,-5.456341154962676
11.7895,176.843,4.03125,-5.711120618458617
11.7895,176.843,4.034375,-5.943716522732868
11.7895,176.843,4.0375000000000005,-6.190504865271503
11.7895,176.843,4.040625,-6.4599386999527875
11.7895,176.843,4.04375,-6.727319757275522
11.7895,176.843,4.046875,-6.943817070561099
11.7895,176.843,4.05,-7.123091468459127
11.7895,176.843,4.0531250000000005,-7.270346635615015
11.7895,176.843,4.05625,-7.370993816632424
11.7895,176.843,4.059375,-7.441233856935021
11.7895,176.843,4.0625,-7.557248955625603
11.7895,176.843,4.065625,-7.603717541013133
11.7895,176.843,4.0687500000000005,-7.568162124832969
11.7895,176.843,4.071875,-7.499253030229703
11.7895,176.843,4.075,-7.413722286420277
11.7895,176.843,4.078125,-7.312839553254564
11.7895,176.843,4.08125,-7.2137464390531445
11.7895,176.843,4.0843750000000005,-7.112544481927918
11.7895,176.843,4.0875,-7.021844732889694
11.7895,176.843,4.090625,-6.926865923493676
11.7895,176.843,4.09375,-6.820627022447746
11.7895,176.843,4.096875,-6.782028501998544
11.7895,176.843,4.1000000000000005,-6.728712034833119
11.7895,176.843,4.103125,-6.670144105031572
11.7895,176.843,4.10625,-6.662838376375243
11.7895,176.843,4.109375,-6.684307112142726
11.7895,176.843,4.1125,-6.682455446707969
11.7895,176.843,4.1156250000000005,-6.689711757241801
11.7895,176.843,4.11875,-6.78544139301915
11.7895,176.843,4.121875,-6.938584397002269
11.7895,176.843,4.125,-7.092194525900552
11.7895,176.843,4.128125,-7.267183687894338
11.7895,176.843,4.1312500000000005,-7.478747321703788
11.7895,176.843,4.134375,-7.718263334222653
11.7895,176.843,4.1375,-7.987765757693602
11.7895,176.843,4.140625,-8.275829337309622
11.7895,176.843,4.14375,-8.52826700619813
11.7895,176.843,4.1468750000000005,-8.726555386069972
11.7895,176.843,4.15,-8.86254361096894
11.7895,176.843,4.153125,-8.98541499563269
11.7895,176.843,4.15625,-9.150185747379759
11.7895,176.843,4.159375,-9.32206818557044
11.7895,176.843,4.1625000000000005,-9.487190339306657
11.7895,176.843,4.165625,-9.500248908133596
11.7895,176.843,4.16875,-9.605691404376186
11.7895,176.843,4.171875,-9.750843663146604
11.7895,176.843,4.175,-9.998990991140497
11.7895,176.843,4.1781250000000005,-10.355212643253445
11.7895,176.843,4.18125,-10.56123880988732
11.7895,176.843,4.184375,-10.207828124815055
11.7895,176.843,4.1875,-9.523028612839594
11.7895,176.843,4.190625,-9.042202646808985
11.7895,176.843,4.1937500000000005,-8.788728963810218
11.7895,176.843,4.196875,-8.704349017410697
11.7895,176.843,4.2,-8.930986103384438
11.7895,176.843,4.203125,-9.298680405694617
11.7895,176.843,4.20625,-9.623465962557196
11.7895,176.843,4.2093750000000005,-10.235847933565694
11.7895,176.843,4.2125,-10.958439602614828
11.7895,176.843,4.215625,-11.469896172698837
11.7895,176.843,4.21875,-12.090789576196055
11.7895,176.843,4.221875,-12.71997938388706
11.7895,176.843,4.2250000000000005,-13.197444515525945
11.7895,176.843,4.228125,-13.761943625358935
11.7895,176.843,4.23125,-14.603702391987685
11.7895,176.843,4.234375,-15.815771818457055
11.7895,176.843,4.2375,-17.176729340536
11.7895,176.843,4.2406250000000005,-19.11934237003122
11.7895,176.843,4.24375,-20.975638072929122
11.7895,176.843,4.246875,-20.144481167550794
11.7895,176.843,4.25,-19.23704953384204
11.7895,176.843,4.253125,-18.526894021299952
11.7895,176.843,4.2562500000000005,-18.454622781389183
11.7895,176.843,4.259375,-18.458894855458734
11.7895,176.843,4.2625,-19.021842452834505
11.7895,176.843,4.265625,-19.40912154070015
11.7895,176.843,4.26875,-18.66845816545077
11.7895,176.843,4.2718750000000005,-17.6803510448368
11.7895,176.843,4.275,-17.182051849728495
11.7895,176.843,4.278125,-17.107138161983272
11.7895,176.843,4.28125,-17.323907170535495
11.7895,176.843,4.284375000000001,-17.598852608085377
11.7895,176.843,4.2875000000000005,-18.014224733745486
11.7895,176.843,4.290625,-18.736502170608077
11.7895,176.843,4.29375,-19.702686275812837
11.7895,176.843,4.296875,-21.55536356532111
11.7895,176.843,4.300000000000001,-24.951965226099418
11.7895,176.843,4.3031250000000005,-26.88927422303619
11.7895,176.843,4.30625,-26.096200085005332
11.7895,176.843,4.309375,-24.77763016329307
11.7895,176.843,4.3125,-23.892397199331427
11.7895,176.843,4.315625000000001,-23.257438257184898
11.7895,176.843,4.3187500000000005,-23.51570357908042
11.7895,176.843,4.321875,-22.842541353264465
11.7895,176.843,4.325,-21.59751635932981
11.7895,176.843,4.328125,-20.470309750149994
11.7895,176.843,4.331250000000001,-20.335898526944302
11.7895,176.843,4.3343750000000005,-20.652771706593175
11.7895,176.843,4.3375,-20.415219482902856
11.7895,176.843,4.340625,-19.476366065843802
11.7895,176.843,4.34375,-18.420334825506806
11.7895,176.843,4.346875000000001,-17.718882329468894
11.7895,176.843,4.3500000000000005,-16.734326913778588
11.7895,176.843,4.353125,-15.630112584618583
11.7895,176.843,4.35625,-14.516809293159476
11.7895,176.843,4.359375,-13.556942296799015
11.7895,176.843,4.362500000000001,-12.595330609704522
11.7895,176.843,4.3656250000000005,-11.692326598331961
11.7895,176.843,4.36875,-10.973438321780908
11.7895,176.843,4.371875,-10.43966297505943
11.7895,176.843,4.375,-10.024593658189875
11.7895,176.843,4.378125000000001,-9.728244366947084
11.7895,176.843,4.3812500000000005,-9.400494307983701
11.7895,176.843,4.384375,-9.156139333993591
11.7895,176.843,4.3875,-8.951204920507639
11.7895,176.843,4.390625,-8.708696359546868
11.7895,176.843,4.393750000000001,-8.526868037449782
11.7895,176.843,4.3968750000000005,-8.376038146731847
11.7895,176.843,4.4,-8.288296989460518
11.7895,176.843,4.403125,-8.247550394258322
11.7895,176.843,4.40625,-8.19273103805741
11.7895,176.843,4.409375000000001,-8.148682853319949
11.7895,176.843,4.4125000000000005,-8.136330984937958
11.7895,176.843,4.415625,-8.183161676739145
11.7895,176.843,4.41875,-8.286946141377681
11.7895,176.843,4.421875,-8.43944537554921
11.7895,176.843,4.425000000000001,-8.603764927618176
11.7895,176.843,4.4281250000000005,-8.754875569812397
11.7895,176.843,4.43125,-8.91129790020566
11.7895,176.843,4.434375,-9.050802236195782
11.7895,176.843,4.4375,-9.077676313093136
11.7895,176.843,4.440625000000001,-8.900751449103083
11.7895,176.843,4.4437500000000005,-8.664387827119429
11.7895,176.843,4.446875,-8.365365533785548
11.7895,176.843,4.45,-8.128031126322487
11.7895,176.843,4.453125,-7.864934477344269
11.7895,176.843,4.456250000000001,-7.578609559759739
11.7895,176.843,4.4593750000000005,-7.296751092431048
11.7895,176.843,4.4625,-7.160775353448246
11.7895,176.843,4.465625,-7.235099688432171
11.7895,176.843,4.46875,-7.436783320863238
11.7895,176.843,4.471875000000001,-7.650632773177386
11.7895,176.843,4.4750000000000005,-7.777424431516259
11.7895,176.843,4.478125,-7.941997198749791
11.7895,176.843,4.48125,-8.048641739214027
11.7895,176.843,4.484375,-8.071764134500997
11.7895,176.843,4.487500000000001,-8.142905141910298
11.7895,176.843,4.4906250000000005,-8.130644393049229
11.7895,176.843,4.49375,-8.200578272039792
11.7895,176.843,4.496875,-8.086853560482105
11.7895,176.843,4.5,-7.858569784351046
11.7895,176.843,4.503125000000001,-7.74938879262375
11.7895,176.843,4.5062500000000005,-7.742131471614119
11.7895,176.843,4.509375,-7.8140100295211194
11.7895,176.843,4.5125,-7.9580602353926
11.7895,176.843,4.515625,-8.177450335305736
11.7895,176.843,4.518750000000001,-8.255185227912369
11.7895,176.843,4.5218750000000005,-8.145431838932677
11.7895,176.843,4.525,-7.887013695124904
11.7895,176.843,4.528125,-7.5949960928425995
11.7895,176.843,4.53125,-7.360309323041557
11.7895,176.843,4.534375000000001,-7.212356429801826
11.7895,176.843,4.5375000000000005,-7.084579866845874
11.7895,176.843,4.540625,-7.021044472654976
11.7895,176.843,4.54375,-7.014617389026658
11.7895,176.843,4.546875,-7.095198424306709
11.7895,176.843,4.550000000000001,-7.166570629331749
11.7895,176.843,4.5531250000000005,-7.42343527328387
11.7895,176.843,4.55625,-8.23504702258093
11.7895,176.843,4.559375,-9.606688020494328
11.7895,176.843,4.5625,-10.182067309680304
11.7895,176.843,4.565625000000001,-10.536867572865944
11.7895,176.843,4.5687500000000005,-10.71218964311056
11.7895,176.843,4.571875,-10.756091204411211
11.7895,176.843,4.575,-10.542980901765226
11.7895,176.843,4.578125,-10.012145398992562
11.7895,176.843,4.581250000000001,-9.267113010735235
11.7895,176.843,4.5843750000000005,-8.414247760034982
11.7895,176.843,4.5875,-7.709984602800054
11.7895,176.843,4.590625,-7.233261796701016
11.7895,176.843,4.59375,-6.9154704084638885
11.7895,176.843,4.596875000000001,-6.6935040993886314
11.7895,176.843,4.6000000000000005,-6.411691558025277
11.7895,176.843,4.603125,-6.252104974301448
11.7895,176.843,4.60625,-6.394829826327979
11.7895,176.843,4.609375,-6.543014242840171
11.7895,176.843,4.612500000000001,-6.491106705301203
11.7895,176.843,4.6156250000000005,-6.626347198110537
11.7895,176.843,4.61875,-6.896258843878429
11.7895,176.843,4.621875,-6.448954219339726
11.7895,176.843,4.625,-6.1537618769745634
11.7895,176.843,4.628125000000001,-5.982143348802266
11.7895,176.843,4.6312500000000005,-5.86928745584555
11.7895,176.843,4.634375,-5.7153017940187425
11.7895,176.843,4.6375,-5.608314216792143
11.7895,176.843,4.640625,-5.5079589399408
11.7895,176.843,4.643750000000001,-5.564734856354898
11.7895,176.843,4.6468750000000005,-5.858042009513839
11.7895,176.843,4.65,-5.931304204629625
11.7895,176.843,4.653125,-5.753426734319847
11.7895,176.843,4.65625,-5.317898187242854
11.7895,176.843,4.659375000000001,-5.000622720589596
11.7895,176.843,4.6625000000000005,-4.949522466445682
11.7895,176.843,4.665625,-5.138964968892036
11.7895,176.843,4.66875,-5.588379533228363
11.7895,176.843,4.671875,-5.4206420404575715
11.7895,176.843,4.675000000000001,-6.040597437964502
11.7895,176.843,4.6781250000000005,-6.534253237348818
11.7895,176.843,4.68125,-6.069183209514134
11.7895,176.843,4.684375,-5.456366392536215
11.7895,176.843,4.6875,-5.179974696482771
11.7895,176.843,4.690625000000001,-5.015785873729751
11.7895,176.843,4.6937500000000005,-5.446376422854157
11.7895,176.843,4.696875,-5.777556340600452
11.7895,176.843,4.7,-5.694702884350329
11.7895,176.843,4.703125,-6.047028243655248
11.7895,176.843,4.706250000000001,-6.579137023005071
11.7895,176.843,4.7093750000000005,-6.196588759008862
11.7895,176.843,4.7125,-6.065944943754872
11.7895,176.843,4.715625,-5.401463508431821
11.7895,176.843,4.71875,-5.345651856199253
11.7895,176.843,4.721875000000001,-5.345925126388387
11.7895,176.843,4.7250000000000005,-4.846880953198279
11.7895,176.843,4.728125,-4.6204411725404935
11.7895,176.843,4.73125,-5.423533412458163
11.7895,176.843,4.734375,-4.945232901977906
11.7895,176.843,4.737500000000001,-4.457107767022212
11.7895,176.843,4.7406250000000005,-4.421493068790511
11.7895,176.843,4.74375,-4.331253955513471
11.7895,176.843,4.746875,-4.045607217161963
11.7895,176.843,4.75,-3.9478777036599704
11.7895,176.843,4.753125000000001,-4.2074249649253845
11.7895,176.843,4.7562500000000005,-3.9108192468198832
11.7895,176.843,4.759375,-3.8583006725552442
11.7895,176.843,4.7625,-3.8748595230686993
11.7895,176.843,4.765625,-3.863977973905222
11.7895,176.843,4.768750000000001,-3.8272666334461425
11.7895,176.843,4.7718750000000005,-3.860647865595588
11.7895,176.843,4.775,-3.890037626224868
11.7895,176.843,4.778125,-3.9243840416688136
11.7895,176.843,4.78125,-3.974156819412538
11.7895,176.843,4.784375000000001,-4.038759959068766
11.7895,176.843,4.7875000000000005,-4.103767252640188
11.7895,176.843,4.790625,-4.1683784357789575
11.7895,176.843,4.79375,-4.226979257531124
11.7895,176.843,4.796875,-4.273945573405678
11.7895,176.843,4.800000000000001,-4.3058020619177775
11.7895,176.843,4.8031250000000005,-4.3219699082530045
11.7895,176.843,4.80625,-4.31780044549436
11.7895,176.843,4.809375,-4.295034229378622
11.7895,176.843,4.8125,-4.245425867807555
11.7895,176.843,4.815625000000001,-4.186092147682729
11.7895,176.843,4.8187500000000005,-4.1036878290259295
11.7895,176.843,4.821875,-4.015915420632817
11.7895,176.843,4.825,-3.9238675805435603
11.7895,176.843,4.828125,-3.8367888343001697
11.7895,176.843,4.831250000000001,-3.7540896580201673
11.7895,176.843,4.8343750000000005,-3.6755999964949178
11.7895,176.843,4.8375,-3.6155856189073137
11.7895,176.843,4.840625,-3.5667619685748937
11.7895,176.843,4.84375,-3.5368622927961053
11.7895,176.843,4.846875000000001,-3.5213255818055043
11.7895,176.843,4.8500000000000005,-3.519400215154546
11.7895,176.843,4.853125,-3.538748372643372
11.7895,176.843,4.85625,-3.5700099232392004
11.7895,176.843,4.859375,-3.6173847652934246
11.7895,176.843,4.862500000000001,-3.6750192877749916
11.7895,176.843,4.8656250000000005,-3.752768686757264
11.7895,176.843,4.86875,-3.8333871459857525
11.7895,176.843,4.871875,-3.9247862205969666
11.7895,176.843,4.875,-4.017967432457972
11.7895,176.843,4.878125000000001,-4.107099859549931
11.7895,176.843,4.8812500000000005,-4.19494720347834
11.7895,176.843,4.884375,-4.2757933638096555
11.7895,176.843,4.8875,-4.343378259501737
11.7895,176.843,4.890625,-4.3874473311044975
11.7895,176.843,4.893750000000001,-4.412681643560948
11.7895,176.843,4.8968750000000005,-4.411563031464983
11.7895,176.843,4.9,-4.381631269708396
11.7895,176.843,4.903125,-4.33115137235955
11.7895,176.843,4.90625,-4.259552772205948
11.7895,176.843,4.909375000000001,-4.171221994531128
11.7895,176.843,4.9125000000000005,-4.071550921292422
11.7895,176.843,4.915625,-3.968772339632964
11.7895,176.843,4.91875,-3.8597737691004146
11.7895,176.843,4.921875,-3.760160548361106
11.7895,176.843,4.925000000000001,-3.6643697809954374
11.7895,176.843,4.9281250000000005,-3.580783861595285
11.7895,176.843,4.93125,-3.5132584120476738
11.7895,176.843,4.934375,-3.463233353343604
11.7895,176.843,4.9375,-3.4272152325872565
11.7895,176.843,4.940625000000001,-3.412236719596498
11.7895,176.843,4.9437500000000005,-3.4188988488386034
11.7895,176.843,4.946875,-3.4377472919830288
11.7895,176.843,4.95,-3.480647666243101
11.7895,176.843,4.953125,-3.532779323219711
11.7895,176.843,4.956250000000001,-3.604008730422658
11.7895,176.843,4.9593750000000005,-3.6869042463689095
11.7895,176.843,4.9625,-3.7869261816598607
11.7895,176.843,4.965625,-3.8919347638535005
11.7895,176.843,4.96875,-3.9999617653534925
11.7895,176.843,4.971875000000001,-4.109563432474806
11.7895,176.843,4.9750000000000005,-4.213288210870346
11.7895,176.843,4.978125,-4.306804784337721
11.7895,176.843,4.98125,-4.385510678064911
11.7895,176.843,4.984375,-4.449941343138761
11.7895,176.843,4.987500000000001,-4.490300640871
11.7895,176.843,4.9906250000000005,-4.500838335572856
11.7895,176.843,4.99375,-4.48377557675054
11.7895,176.843,4.996875,-4.446070993793601
11.7895,176.843,5,-4.3968805363664245
11.7895,176.843,5.003125000000001,-4.32603097649837
11.7895,176.843,5.0062500000000005,-4.267221557353244
11.7895,176.843,5.009375,-4.203876891281595
11.7895,176.843,5.0125,-4.1394181173683195
11.7895,176.843,5.015625,-4.078810660766071
11.7895,176.843,5.018750000000001,-4.0316854949310565
11.7895,176.843,5.0218750000000005,-3.9935099207285703
11.7895,176.843,5.025,-3.96900368875299
11.7895,176.843,5.028125,-3.9602664847611875
11.7895,176.843,5.03125,-3.9709383442795354
11.7895,176.843,5.034375000000001,-3.9984409319681697
11.7895,176.843,5.0375000000000005,-4.044958580202777
11.7895,176.843,5.040625,-4.110421775656982
11.7895,176.843,5.04375,-4.191433691235698
11.7895,176.843,5.046875,-4.2922749254765975
11.7895,176.843,5.050000000000001,-4.413860801389563
11.7895,176.843,5.0531250000000005,-4.549251787747199
11.7895,176.843,5.05625,-4.694093913948889
11.7895,176.843,5.059375,-4.845409828604156
11.7895,176.843,5.0625,-5.004308201046099
11.7895,176.843,5.065625000000001,-5.152492935129408
11.7895,176.843,5.0687500000000005,-5.298211436903628
11.7895,176.843,5.071875,-5.425658186893731
11.7895,176.843,5.075,-5.525874594381785
11.7895,176.843,5.078125,-5.591767281350043
11.7895,176.843,5.081250000000001,-5.611397319185249
11.7895,176.843,5.0843750000000005,-5.594293351975814
11.7895,176.843,5.0875,-5.539990548840774
11.7895,176.843,5.090625,-5.450979919856546
11.7895,176.843,5.09375,-5.337078434722526
11.7895,176.843,5.096875000000001,-5.212652882478911
11.7895,176.843,5.1000000000000005,-5.092096559794018
11.7895,176.843,5.103125,-4.966120405115407
11.7895,176.843,5.10625,-4.853017723322361
11.7895,176.843,5.109375,-4.744676566020894
11.7895,176.843,5.112500000000001,-4.627010776916391
11.7895,176.843,5.1156250000000005,-4.514283998200373
11.7895,176.843,5.11875,-4.43341726544904
11.7895,176.843,5.121875,-4.369771027344806
11.7895,176.843,5.125,-4.335517719423667
11.7895,176.843,5.128125000000001,-4.33167923552044
11.7895,176.843,5.1312500000000005,-4.348225549193063
11.7895,176.843,5.134375,-4.383619842295719
11.7895,176.843,5.1375,-4.4358969031611215
11.7895,176.843,5.140625,-4.507774849860283
11.7895,176.843,5.143750000000001,-4.5926989412500605
11.7895,176.843,5.1468750000000005,-4.6887662780756
11.7895,176.843,5.15,-4.788483988830957
11.7895,176.843,5.153125,-4.898346824124914
11.7895,176.843,5.15625,-5.0076654423045355
11.7895,176.843,5.159375000000001,-5.1200038424569865
11.7895,176.843,5.1625000000000005,-5.216651517445733
11.7895,176.843,5.165625,-5.311279420631027
11.7895,176.843,5.16875,-5.384701997765826
11.7895,176.843,5.171875,-5.433643068078304
11.7895,176.843,5.175000000000001,-5.456140551575626
11.7895,176.843,5.1781250000000005,-5.450009020836212
11.7895,176.843,5.18125,-5.41787583983699
11.7895,176.843,5.184375,-5.357782445591658
11.7895,176.843,5.1875,-5.277208790497202
11.7895,176.843,5.190625000000001,-5.189570159132244
11.7895,176.843,5.1937500000000005,-5.092525699723337
11.7895,176.843,5.196875,-5.002037095144649
11.7895,176.843,5.2,-4.921956232133924
11.7895,176.843,5.203125,-4.845290642965334
11.7895,176.843,5.206250000000001,-4.788402060345787
11.7895,176.843,5.2093750000000005,-4.743032619904512
11.7895,176.843,5.2125,-4.710097068992102
11.7895,176.843,5.215625,-4.6889650491826
11.7895,176.843,5.21875,-4.698505344929895
11.7895,176.843,5.221875000000001,-4.740404898075398
11.7895,176.843,5.2250000000000005,-4.807271931718768
11.7895,176.843,5.228125,-4.91288648434187
11.7895,176.843,5.23125,-5.042185149036985
11.7895,176.843,5.234375,-5.196840982549994
11.7895,176.843,5.237500000000001,-5.382375135490865
11.7895,176.843,5.2406250000000005,-5.594165641387536
11.7895,176.843,5.24375,-5.835219005795624
11.7895,176.843,5.246875,-6.109519927566592
11.7895,176.843,5.25,-6.406159282513454
11.7895,176.843,5.253125000000001,-6.774109460209101
11.7895,176.843,5.2562500000000005,-7.230102743082281
11.7895,176.843,5.259375,-7.851253714666944
11.7895,176.843,5.2625,-8.820943292708472
11.7895,176.843,5.265625,-10.326393962698067
11.7895,176.843,5.268750000000001,-11.355172587788205
11.7895,176.843,5.2718750000000005,-9.995438484030792
11.7895,176.843,5.275,-8.393493416169798
11.7895,176.843,5.278125,-7.464625298364674
11.7895,176.843,5.28125,-6.910939969667157
11.7895,176.843,5.284375000000001,-6.522154928597289
11.7895,176.843,5.2875000000000005,-6.224718445825504
11.7895,176.843,5.290625,-5.964386896042599
11.7895,176.843,5.29375,-5.737395329163828
11.7895,176.843,5.296875,-5.547248370875137
11.7895,176.843,5.300000000000001,-5.396017960236133
11.7895,176.843,5.3031250000000005,-5.276413728732548
11.7895,176.843,5.30625,-5.177733964427308
11.7895,176.843,5.309375,-5.118270517980825
11.7895,176.843,5.3125,-5.082130758417128
11.7895,176.843,5.315625000000001,-5.070438566091148
11.7895,176.843,5.3187500000000005,-5.092482161947456
11.7895,176.843,5.321875,-5.137966777364589
11.7895,176.843,5.325,-5.196974978961748
11.7895,176.843,5.328125,-5.268453216262376
11.7895,176.843,5.331250000000001,-5.352094303334618
11.7895,176.843,5.3343750000000005,-5.442226572935956
11.7895,176.843,5.3375,-5.531652939305397
11.7895,176.843,5.340625,-5.62697972480467
11.7895,176.843,5.34375,-5.721497405802763
11.7895,176.843,5.346875000000001,-5.807817359512956
11.7895,176.843,5.3500000000000005,-5.874733558472254
11.7895,176.843,5.353125,-5.919554110001436
11.7895,176.843,5.35625,-5.9367435884698665
11.7895,176.843,5.359375,-5.9194965485871185
11.7895,176.843,5.362500000000001,-5.872444801482005
11.7895,176.843,5.3656250000000005,-5.799835190500584
11.7895,176.843,5.36875,-5.690550819611908
11.7895,176.843,5.371875,-5.552764480667363
11.7895,176.843,5.375,-5.420234341160574
11.7895,176.843,5.378125000000001,-5.277039091770157
11.7895,176.843,5.3812500000000005,-5.136217878237819
11.7895,176.843,5.384375,-5.009232742995907
11.7895,176.843,5.3875,-4.896944875295884
11.7895,176.843,5.390625,-4.805719428501934
11.7895,176.843,5.393750000000001,-4.734360026895269
11.7895,176.843,5.3968750000000005,-4.693260276116902
11.7895,176.843,5.4,-4.671715804700637
11.7895,176.843,5.403125,-4.670239098352334
11.7895,176.843,5.40625,-4.693496226525387
11.7895,176.843,5.409375000000001,-4.743287946623454
11.7895,176.843,5.4125000000000005,-4.811727457925103
11.7895,176.843,5.415625,-4.895508064035152
11.7895,176.843,5.41875,-4.998719002148244
11.7895,176.843,5.421875,-5.119508215503745
11.7895,176.843,5.425000000000001,-5.255695298108258
11.7895,176.843,5.4281250000000005,-5.406001916187959
11.7895,176.843,5.43125,-5.56258936061983
11.7895,176.843,5.434375,-5.730421806721843
11.7895,176.843,5.4375,-5.884086568988605
11.7895,176.843,5.440625000000001,-6.024563801544966
11.7895,176.843,5.4437500000000005,-6.146325215274137
11.7895,176.843,5.446875,-6.2318184653342
11.7895,176.843,5.45,-6.292724239637785
11.7895,176.843,5.453125,-6.306029025774533
11.7895,176.843,5.456250000000001,-6.2823099235486595
11.7895,176.843,5.4593750000000005,-6.211796381988278
11.7895,176.843,5.4625,-6.1077354226762814
11.7895,176.843,5.465625,-5.9720774924154805
11.7895,176.843,5.46875,-5.819197249442611
11.7895,176.843,5.471875000000001,-5.652625677397545
11.7895,176.843,5.4750000000000005,-5.483081145017175
11.7895,176.843,5.478125,-5.327486110410847
11.7895,176.843,5.48125,-5.186575769241866
11.7895,176.843,5.484375,-5.058583836128788
11.7895,176.843,5.487500000000001,-4.9646229549073
11.7895,176.843,5.4906250000000005,-4.891289340464888
11.7895,176.843,5.49375,-4.843867513415151
11.7895,176.843,5.496875,-4.830718793880908
11.7895,176.843,5.5,-4.842774200352206
11.7895,176.843,5.503125000000001,-4.865822746975995
11.7895,176.843,5.5062500000000005,-4.916993805931736
11.7895,176.843,5.509375,-4.986772258105708
11.7895,176.843,5.5125,-5.061977765047567
11.7895,176.843,5.515625,-5.148642908047903
11.7895,176.843,5.518750000000001,-5.239168212879188
11.7895,176.843,5.5218750000000005,-5.321760482856175
11.7895,176.843,5.525,-5.406697828629801
11.7895,176.843,5.528125,-5.461465450330919
11.7895,176.843,5.53125,-5.511182378488131
11.7895,176.843,5.534375000000001,-5.528059693571464
11.7895,176.843,5.5375000000000005,-5.518369545512115
11.7895,176.843,5.540625,-5.479393420022305
11.7895,176.843,5.54375,-5.417473375146659
11.7895,176.843,5.546875,-5.324161904831853
11.7895,176.843,5.550000000000001,-5.2042967713903465
11.7895,176.843,5.5531250000000005,-5.063953662504723
11.7895,176.843,5.55625,-4.928432236500052
11.7895,176.843,5.559375,-4.773211710185006
11.7895,176.843,5.5625,-4.62350978436491
11.7895,176.843,5.565625000000001,-4.48442407642123
11.7895,176.843,5.5687500000000005,-4.360143151441187
11.7895,176.843,5.571875,-4.24792737018098
11.7895,176.843,5.575,-4.158580426208677
11.7895,176.843,5.578125,-4.094968839428586
11.7895,176.843,5.581250000000001,-4.049146995501942
11.7895,176.843,5.5843750000000005,-4.0221514761879575
11.7895,176.843,5.5875,-4.026696190706886
11.7895,176.843,5.590625,-4.053720132382992
11.7895,176.843,5.59375,-4.093858660207546
11.7895,176.843,5.596875000000001,-4.164852370678489
11.7895,176.843,5.6000000000000005,-4.252656695094213
11.7895,176.843,5.603125,-4.351856425813002
11.7895,176.843,5.60625,-4.4710154860494
11.7895,176.843,5.609375,-4.595897338592106
11.7895,176.843,5.612500000000001,-4.728310863054224
11.7895,176.843,5.6156250000000005,-4.856263178061356
11.7895,176.843,5.61875,-4.9722700275865614
11.7895,176.843,5.621875,-5.086580692276471
11.7895,176.843,5.625,-5.170593654687244
11.7895,176.843,5.628125000000001,-5.226390788712157
11.7895,176.843,5.6312500000000005,-5.247009098235517
11.7895,176.843,5.634375,-5.232844851725424
11.7895,176.843,5.6375,-5.177981148162022
11.7895,176.843,5.640625,-5.092506007347646
11.7895,176.843,5.643750000000001,-4.974785537294869
11.7895,176.843,5.6468750000000005,-4.840086563553429
11.7895,176.843,5.65,-4.691059981249787
11.7895,176.843,5.653125,-4.536610415909447
11.7895,176.843,5.65625,-4.387496246825818
11.7895,176.843,5.659375000000001,-4.258475795994944
11.7895,176.843,5.6625000000000005,-4.13192684041375
11.7895,176.843,5.665625,-4.039517799133268
11.7895,176.843,5.66875,-3.966675321291154
11.7895,176.843,5.671875,-3.9116192922035147
11.7895,176.843,5.675000000000001,-3.8784521440835373
11.7895,176.843,5.6781250000000005,-3.8690193378680178
11.7895,176.843,5.68125,-3.885800800176714
11.7895,176.843,5.684375,-3.9165941235829544
11.7895,176.843,5.6875,-3.961036163019407
11.7895,176.843,5.690625000000001,-4.022852854836675
11.7895,176.843,5.6937500000000005,-4.09158958798294
11.7895,176.843,5.696875,-4.162758449179018
11.7895,176.843,5.7,-4.233660984241569
11.7895,176.843,5.703125,-4.307260704539558
11.7895,176.843,5.706250000000001,-4.37123033012429
11.7895,176.843,5.7093750000000005,-4.4216982491765435
11.7895,176.843,5.7125,-4.452669497759562
11.7895,176.843,5.715625,-4.464601050793483
11.7895,176.843,5.71875,-4.438203947369676
11.7895,176.843,5.721875000000001,-4.393323981486402
11.7895,176.843,5.7250000000000005,-4.314247870816848
11.7895,176.843,5.728125,-4.214447322347568
11.7895,176.843,5.73125,-4.091504831500703
11.7895,176.843,5.734375,-3.9437606173261104
11.7895,176.843,5.737500000000001,-3.7864270920614267
11.7895,176.843,5.7406250000000005,-3.624122427136118
11.7895,176.843,5.74375,-3.469550414835264
11.7895,176.843,5.746875,-3.3263081859435766
11.7895,176.843,5.75,-3.195498097484211
11.7895,176.843,5.753125000000001,-3.0878618796502053
11.7895,176.843,5.7562500000000005,-3.0024483298096296
11.7895,176.843,5.759375,-2.9340983043197633
11.7895,176.843,5.7625,-2.901341558579786
11.7895,176.843,5.765625,-2.8846077397386423
11.7895,176.843,5.768750000000001,-2.9003888802721955
11.7895,176.843,5.7718750000000005,-2.94038804386026
11.7895,176.843,5.775,-2.9847752810155352
11.7895,176.843,5.778125,-3.0527827618879178
11.7895,176.843,5.78125,-3.1343771603884814
11.7895,176.843,5.784375000000001,-3.229922609455076
11.7895,176.843,5.7875000000000005,-3.324123058772703
11.7895,176.843,5.790625,-3.421980466858252
11.7895,176.843,5.79375,-3.523500536651159
11.7895,176.843,5.796875,-3.6109118690054904
11.7895,176.843,5.800000000000001,-3.6837802695699984
11.7895,176.843,5.8031250000000005,-3.7412447446527057
11.7895,176.843,5.80625,-3.776230554844422
11.7895,176.843,5.809375,-3.7858463480147204
11.7895,176.843,5.8125,-3.7704725570668374
11.7895,176.843,5.815625000000001,-3.7292665459965413
11.7895,176.843,5.8187500000000005,-3.660326405285435
11.7895,176.843,5.821875,-3.575323125642594
11.7895,176.843,5.825,-3.4636777785557733
11.7895,176.843,5.828125,-3.3543061378983956
11.7895,176.843,5.831250000000001,-3.2249563004754704
11.7895,176.843,5.8343750000000005,-3.103951991680839
11.7895,176.843,5.8375,-2.984749242414231
11.7895,176.843,5.840625,-2.8776503754706146
11.7895,176.843,5.84375,-2.7963455380108133
11.7895,176.843,5.846875000000001,-2.730682296582483
11.7895,176.843,5.8500000000000005,-2.6852366349675707
11.7895,176.843,5.853125,-2.6620954396089047
11.7895,176.843,5.85625,-2.6593336027599435
11.7895,176.843,5.859375,-2.6860488082990432
11.7895,176.843,5.862500000000001,-2.733322902363709
11.7895,176.843,5.8656250000000005,-2.7922659266092786
11.7895,176.843,5.86875,-2.8726139230304204
11.7895,176.843,5.871875,-2.965227466086451
11.7895,176.843,5.875,-3.0554285283692866
11.7895,176.843,5.878125000000001,-3.1527075530752127
11.7895,176.843,5.8812500000000005,-3.248144386907954
11.7895,176.843,5.884375,-3.330777382721508
11.7895,176.843,5.8875,-3.402325953977651
11.7895,176.843,5.890625,-3.4604302887921436
11.7895,176.843,5.893750000000001,-3.494185131538035
11.7895,176.843,5.8968750000000005,-3.5095092821384326
11.7895,176.843,5.9,-3.478370105262419
11.7895,176.843,5.903125,-3.4198376537131594
11.7895,176.843,5.90625,-3.330957837125693
11.7895,176.843,5.909375000000001,-3.2109409780966307
11.7895,176.843,5.9125000000000005,-3.072868576437945
11.7895,176.843,5.915625,-2.9219773995592484
11.7895,176.843,5.91875,-2.7532392137773805
11.7895,176.843,5.921875,-2.5922759029071614
11.7895,176.843,5.925000000000001,-2.438975901935023
11.7895,176.843,5.9281250000000005,-2.2990566903345835
11.7895,176.843,5.93125,-2.17716723508562
11.7895,176.843,5.934375,-2.0781749927548425
11.7895,176.843,5.9375,-2.010001328880068
11.7895,176.843,5.940625000000001,-1.9654174413087266
11.7895,176.843,5.9437500000000005,-1.9445435841611214
11.7895,176.843,5.946875,-1.9535977227008436
11.7895,176.843,5.95,-1.9829628843537006
11.7895,176.843,5.953125,-2.032538023679268
11.7895,176.843,5.956250000000001,-2.0974720156662245
11.7895,176.843,5.9593750000000005,-2.18753363941853
11.7895,176.843,5.9625,-2.279388431526504
11.7895,176.843,5.965625,-2.3843067195336882
11.7895,176.843,5.96875,-2.491584502436115
11.7895,176.843,5.971875000000001,-2.604184274813803
11.7895,176.843,5.9750000000000005,-2.7181732652037582
11.7895,176.843,5.978125,-2.8369888302659736
11.7895,176.843,5.98125,-2.9353763657168086
11.7895,176.843,5.984375,-3.016791210071259
11.7895,176.843,5.987500000000001,-3.0820313017875423
11.7895,176.843,5.9906250000000005,-3.1207473878152783
11.7895,176.843,5.99375,-3.126778560129737
11.7895,176.843,5.996875,-3.094458666357494
11.7895,176.843,6,-3.0463124690597216
