"Current","Field","Frequency","Spectra"
11.7895,176.843,1,-0.9179865703717862
11.7895,176.843,1.003125,-0.8764070813418035
11.7895,176.843,1.00625,-0.8380838435643159
11.7895,176.843,1.0093750000000001,-0.8068111601530266
11.7895,176.843,1.0125,-0.7834479157852282
11.7895,176.843,1.015625,-0.7669716286275441
11.7895,176.843,1.01875,-0.766611335501
11.7895,176.843,1.021875,-0.7725432650167061
11.7895,176.843,1.0250000000000001,-0.7945414064014082
11.7895,176.843,1.028125,-0.8318288005879175
11.7895,176.843,1.03125,-0.8781548817836176
11.7895,176.843,1.034375,-0.9344877561535461
11.7895,176.843,1.0375,-0.9999402943848914
11.7895,176.843,1.0406250000000001,-1.067907854794207
11.7895,176.843,1.04375,-1.1330866688325067
11.7895,176.843,1.046875,-1.2055523367549932
11.7895,176.843,1.05,-1.2675899376868263
11.7895,176.843,1.053125,-1.3224141200053525
11.7895,176.843,1.0562500000000001,-1.3679978154594876
11.7895,176.843,1.059375,-1.4073774479987666
11.7895,176.843,1.0625,-1.4306521775400116
11.7895,176.843,1.065625,-1.4423087434189017
11.7895,176.843,1.06875,-1.4454803389740756
11.7895,176.843,1.0718750000000001,-1.4339481658739595
11.7895,176.843,1.0750000000000002,-1.4149188431010498
11.7895,176.843,1.078125,-1.3835214882292184
11.7895,176.843,1.08125,-1.3461385259872636
11.7895,176.843,1.084375,-1.2983138345360632
11.7895,176.843,1.0875000000000001,-1.2443944258065216
11.7895,176.843,1.0906250000000002,-1.1898590143683392
11.7895,176.843,1.09375,-1.1412732793279052
11.7895,176.843,1.096875,-1.0841204665899453
11.7895,176.843,1.1,-1.0384000903054045
11.7895,176.843,1.1031250000000001,-0.9977039711590852
11.7895,176.843,1.1062500000000002,-0.9531776866509011
11.7895,176.843,1.109375,-0.9230415278639991
11.7895,176.843,1.1125,-0.9013441945567245
11.7895,176.843,1.115625,-0.8905606587180988
11.7895,176.843,1.1187500000000001,-0.892316900661107
11.7895,176.843,1.1218750000000002,-0.8997914733309444
11.7895,176.843,1.125,-0.9136002163898091
11.7895,176.843,1.128125,-0.9401753950834355
11.7895,176.843,1.13125,-0.9714534992335643
11.7895,176.843,1.1343750000000001,-1.0060459476495063
11.7895,176.843,1.1375000000000002,-1.0474626890122343
11.7895,176.843,1.140625,-1.0875720016079184
11.7895,176.843,1.14375,-1.1237662646109439
11.7895,176.843,1.146875,-1.1614520079151938
11.7895,176.843,1.1500000000000001,-1.1908307886031348
11.7895,176.843,1.1531250000000002,-1.2163940882506323
11.7895,176.843,1.15625,-1.233317313847243
11.7895,176.843,1.159375,-1.2387914796838755
11.7895,176.843,1.1625,-1.23828909245114
11.7895,176.843,1.1656250000000001,-1.2245729146181694
11.7895,176.843,1.1687500000000002,-1.2030341865698813
11.7895,176.843,1.171875,-1.1722377708533296
11.7895,176.843,1.175,-1.1322928459836132
11.7895,176.843,1.178125,-1.0869504392367548
11.7895,176.843,1.1812500000000001,-1.0361766102625216
11.7895,176.843,1.1843750000000002,-0.9851018989458371
11.7895,176.843,1.1875,-0.9304246424411537
11.7895,176.843,1.190625,-0.8816228662963544
11.7895,176.843,1.19375,-0.8442258592480263
11.7895,176.843,1.1968750000000001,-0.8076412415492353
11.7895,176.843,1.2000000000000002,-0.7833664894442836
11.7895,176.843,1.203125,-0.7748875424048606
11.7895,176.843,1.20625,-0.7806519208331985
11.7895,176.843,1.209375,-0.8001902475418508
11.7895,176.843,1.2125000000000001,-0.8364949949581799
11.7895,176.843,1.2156250000000002,-0.8850032256579592
11.7895,176.843,1.21875,-0.9395576588896848
11.7895,176.843,1.221875,-1.0060893518895777
11.7895,176.843,1.225,-1.0814576570078769
11.7895,176.843,1.2281250000000001,-1.1562035540500573
11.7895,176.843,1.2312500000000002,-1.2307482623634374
11.7895,176.843,1.234375,-1.2994140739541151
11.7895,176.843,1.2375,-1.3572299964728771
11.7895,176.843,1.240625,-1.4060570778144061
11.7895,176.843,1.2437500000000001,-1.4567640188691495
11.7895,176.843,1.2468750000000002,-1.4921988048967156
11.7895,176.843,1.25,-1.5108786517744457
11.7895,176.843,1.253125,-1.5143525950079149
11.7895,176.843,1.25625,-1.5011688444599565
11.7895,176.843,1.2593750000000001,-1.4769152655422748
11.7895,176.843,1.2625000000000002,-1.4539761417153538
11.7895,176.843,1.265625,-1.4239044975182271
11.7895,176.843,1.26875,-1.383397832522395
11.7895,176.843,1.271875,-1.3363438667845173
11.7895,176.843,1.2750000000000001,-1.2842860046093922
11.7895,176.843,1.2781250000000002,-1.2267650981227671
11.7895,176.843,1.28125,-1.1769721617971232
11.7895,176.843,1.284375,-1.1406041739421866
11.7895,176.843,1.2875,-1.1038520010564137
11.7895,176.843,1.2906250000000001,-1.0692998436200258
11.7895,176.843,1.2937500000000002,-1.0462777240792078
11.7895,176.843,1.296875,-1.033515236879519
11.7895,176.843,1.3,-1.0269753248982023
11.7895,176.843,1.303125,-1.0385483386844594
11.7895,176.843,1.3062500000000001,-1.057961205090485
11.7895,176.843,1.3093750000000002,-1.0810855407031024
11.7895,176.843,1.3125,-1.1194656158334182
11.7895,176.843,1.315625,-1.1585456120690771
11.7895,176.843,1.31875,-1.2034615547596013
11.7895,176.843,1.3218750000000001,-1.2486874411888977
11.7895,176.843,1.3250000000000002,-1.2884239648347764
11.7895,176.843,1.328125,-1.3292293766657723
11.7895,176.843,1.33125,-1.3588023913969118
11.7895,176.843,1.334375,-1.3815403430828836
11.7895,176.843,1.3375000000000001,-1.396619379412435
11.7895,176.843,1.3406250000000002,-1.4012020864604575
11.7895,176.843,1.34375,-1.3938782610846145
11.7895,176.843,1.346875,-1.378292146335246
11.7895,176.843,1.35,-1.3487695954970869
11.7895,176.843,1.3531250000000001,-1.3118144761240051
11.7895,176.843,1.3562500000000002,-1.267386396182857
11.7895,176.843,1.359375,-1.2224873067755813
11.7895,176.843,1.3625,-1.1625807845696958
11.7895,176.843,1.365625,-1.1038520799236697
11.7895,176.843,1.3687500000000001,-1.0444592988318042
11.7895,176.843,1.3718750000000002,-0.9887598733675372
11.7895,176.843,1.375,-0.9412844634784225
11.7895,176.843,1.378125,-0.8989091866193641
11.7895,176.843,1.38125,-0.8663831731312128
11.7895,176.843,1.3843750000000001,-0.8413459552049791
11.7895,176.843,1.3875000000000002,-0.832333285565658
11.7895,176.843,1.390625,-0.8395573520223026
11.7895,176.843,1.39375,-0.8591172583551601
11.7895,176.843,1.396875,-0.8982102424635409
11.7895,176.843,1.4000000000000001,-0.9517002087475328
11.7895,176.843,1.4031250000000002,-1.0057569832809208
11.7895,176.843,1.40625,-1.0728420718826888
11.7895,176.843,1.409375,-1.1449102259434585
11.7895,176.843,1.4125,-1.2196749744469102
11.7895,176.843,1.4156250000000001,-1.2955453755037485
11.7895,176.843,1.4187500000000002,-1.369333679195968
11.7895,176.843,1.421875,-1.4320128522548592
11.7895,176.843,1.425,-1.4867787568415904
11.7895,176.843,1.428125,-1.5306170852102994
11.7895,176.843,1.4312500000000001,-1.5662622506883932
11.7895,176.843,1.4343750000000002,-1.5860544090663018
11.7895,176.843,1.4375,-1.5957020881540174
11.7895,176.843,1.440625,-1.58963484495128
11.7895,176.843,1.44375,-1.5765883385060362
11.7895,176.843,1.4468750000000001,-1.5500222591412547
11.7895,176.843,1.4500000000000002,-1.515422995180605
11.7895,176.843,1.453125,-1.471636293670053
11.7895,176.843,1.45625,-1.4217407983881274
11.7895,176.843,1.459375,-1.368958210920534
11.7895,176.843,1.4625000000000001,-1.3153887227867223
11.7895,176.843,1.4656250000000002,-1.2632997448766834
11.7895,176.843,1.46875,-1.216499013135656
11.7895,176.843,1.471875,-1.174085090455159
11.7895,176.843,1.475,-1.143811912696663
11.7895,176.843,1.4781250000000001,-1.1235819238453104
11.7895,176.843,1.4812500000000002,-1.115004657312645
11.7895,176.843,1.484375,-1.1205972358168605
11.7895,176.843,1.4875,-1.142536019523639
11.7895,176.843,1.490625,-1.1758754720451678
11.7895,176.843,1.4937500000000001,-1.2196611829583763
11.7895,176.843,1.4968750000000002,-1.2743265303496258
11.7895,176.843,1.5,-1.3281154679715768
11.7895,176.843,1.503125,-1.3860777064584282
11.7895,176.843,1.50625,-1.4400519964148768
11.7895,176.843,1.5093750000000001,-1.489955820385386
11.7895,176.843,1.5125000000000002,-1.5313779574678175
11.7895,176.843,1.515625,-1.565708650450158
11.7895,176.843,1.51875,-1.5931475313965535
11.7895,176.843,1.521875,-1.6030499221974512
11.7895,176.843,1.5250000000000001,-1.6005334843814483
11.7895,176.843,1.5281250000000002,-1.5877233368217936
11.7895,176.843,1.53125,-1.5665323858475237
11.7895,176.843,1.534375,-1.5359419738505684
11.7895,176.843,1.5375,-1.4986243377662565
11.7895,176.843,1.5406250000000001,-1.4535062323461991
11.7895,176.843,1.5437500000000002,-1.400681572426551
11.7895,176.843,1.546875,-1.3423250966328657
11.7895,176.843,1.55,-1.2823529897108923
11.7895,176.843,1.553125,-1.2201849708745158
11.7895,176.843,1.5562500000000001,-1.1593520747821173
11.7895,176.843,1.5593750000000002,-1.1036623299777188
11.7895,176.843,1.5625,-1.0501051022254284
11.7895,176.843,1.565625,-1.0088720973370164
11.7895,176.843,1.56875,-0.9744146626723204
11.7895,176.843,1.5718750000000001,-0.9563003198604956
11.7895,176.843,1.5750000000000002,-0.9547794128082555
11.7895,176.843,1.578125,-0.9670976795913638
11.7895,176.843,1.58125,-0.9970897835708461
11.7895,176.843,1.584375,-1.0452777836763085
11.7895,176.843,1.5875000000000001,-1.10941837712784
11.7895,176.843,1.5906250000000002,-1.1825584460589125
11.7895,176.843,1.59375,-1.261693893411949
11.7895,176.843,1.596875,-1.3432806971614386
11.7895,176.843,1.6,-1.4260918932614761
11.7895,176.843,1.6031250000000001,-1.499416195596911
11.7895,176.843,1.6062500000000002,-1.565224052742054
11.7895,176.843,1.609375,-1.620946908127959
11.7895,176.843,1.6125,-1.6625340539421665
11.7895,176.843,1.615625,-1.6865527453898668
11.7895,176.843,1.6187500000000001,-1.69613224688553
11.7895,176.843,1.6218750000000002,-1.691373879073689
11.7895,176.843,1.625,-1.6724790544199408
11.7895,176.843,1.628125,-1.6441372850235372
11.7895,176.843,1.63125,-1.60778759900978
11.7895,176.843,1.6343750000000001,-1.5632136431490378
11.7895,176.843,1.6375000000000002,-1.5166976665072651
11.7895,176.843,1.640625,-1.4682927116770847
11.7895,176.843,1.64375,-1.4163977345789036
11.7895,176.843,1.646875,-1.368705938196999
11.7895,176.843,1.6500000000000001,-1.3256188968690488
11.7895,176.843,1.6531250000000002,-1.2883978365327033
11.7895,176.843,1.65625,-1.2651325164395464
11.7895,176.843,1.659375,-1.2543518581646746
11.7895,176.843,1.6625,-1.26512874892308
11.7895,176.843,1.6656250000000001,-1.2680482151635166
11.7895,176.843,1.6687500000000002,-1.265787159178524
11.7895,176.843,1.671875,-1.284153968226083
11.7895,176.843,1.675,-1.3199741797098525
11.7895,176.843,1.678125,-1.3662872060620381
11.7895,176.843,1.6812500000000001,-1.4197298663509514
11.7895,176.843,1.6843750000000002,-1.4771585983289448
11.7895,176.843,1.6875,-1.542228291970086
11.7895,176.843,1.690625,-1.6022689481273813
11.7895,176.843,1.69375,-1.663980257628717
11.7895,176.843,1.6968750000000001,-1.7125514295583657
11.7895,176.843,1.7000000000000002,-1.7564636227990993
11.7895,176.843,1.703125,-1.787997685946043
11.7895,176.843,1.70625,-1.8097580903139758
11.7895,176.843,1.709375,-1.82008362843849
11.7895,176.843,1.7125000000000001,-1.8179730324494339
11.7895,176.843,1.7156250000000002,-1.798154508148107
11.7895,176.843,1.71875,-1.7695289359320188
11.7895,176.843,1.721875,-1.726546288038799
11.7895,176.843,1.725,-1.6734030691180648
11.7895,176.843,1.7281250000000001,-1.6098524994632304
11.7895,176.843,1.7312500000000002,-1.5402969873151038
11.7895,176.843,1.734375,-1.4659898554851647
11.7895,176.843,1.7375,-1.3960608739741274
11.7895,176.843,1.740625,-1.3236525860846013
11.7895,176.843,1.7437500000000001,-1.2578400696425287
11.7895,176.843,1.7468750000000002,-1.1973267419728968
11.7895,176.843,1.75,-1.1474208888860655
11.7895,176.843,1.753125,-1.1115338514994846
11.7895,176.843,1.75625,-1.092650421578039
11.7895,176.843,1.7593750000000001,-1.0896036092100438
11.7895,176.843,1.7625000000000002,-1.1066604070850572
11.7895,176.843,1.765625,-1.1365080506107748
11.7895,176.843,1.76875,-1.1832068079861136
11.7895,176.843,1.771875,-1.2385884350060923
11.7895,176.843,1.7750000000000001,-1.304989384820257
11.7895,176.843,1.7781250000000002,-1.3754410285977612
11.7895,176.843,1.78125,-1.448451596806647
11.7895,176.843,1.784375,-1.522004154199923
11.7895,176.843,1.7875,-1.5924738645518781
11.7895,176.843,1.7906250000000001,-1.6512592353914672
11.7895,176.843,1.7937500000000002,-1.6988251073404983
11.7895,176.843,1.7968750000000002,-1.7355871804903757
11.7895,176.843,1.8,-1.7614413252769219
11.7895,176.843,1.803125,-1.7713669087611352
11.7895,176.843,1.8062500000000001,-1.773162453491225
11.7895,176.843,1.8093750000000002,-1.7604400253755879
11.7895,176.843,1.8125000000000002,-1.7376452158197255
11.7895,176.843,1.815625,-1.706335158063135
11.7895,176.843,1.81875,-1.6670422072537003
11.7895,176.843,1.8218750000000001,-1.622482156788219
11.7895,176.843,1.8250000000000002,-1.57299935504126
11.7895,176.843,1.8281250000000002,-1.5190205102244259
11.7895,176.843,1.83125,-1.4685432900414797
11.7895,176.843,1.834375,-1.4218916267549806
11.7895,176.843,1.8375000000000001,-1.3785433990150453
11.7895,176.843,1.8406250000000002,-1.3441181168097758
11.7895,176.843,1.8437500000000002,-1.320348833295906
11.7895,176.843,1.846875,-1.3092114962255446
11.7895,176.843,1.85,-1.3068600485458892
11.7895,176.843,1.8531250000000001,-1.325990596393474
11.7895,176.843,1.8562500000000002,-1.3560095570319195
11.7895,176.843,1.8593750000000002,-1.3978937470529516
11.7895,176.843,1.8625,-1.454910981625279
11.7895,176.843,1.865625,-1.5179214060368782
11.7895,176.843,1.8687500000000001,-1.5897575050254773
11.7895,176.843,1.8718750000000002,-1.663116842355297
11.7895,176.843,1.8750000000000002,-1.7317498531809998
11.7895,176.843,1.878125,-1.7992103237003185
11.7895,176.843,1.88125,-1.8552297988273283
11.7895,176.843,1.8843750000000001,-1.9014638722930979
11.7895,176.843,1.8875000000000002,-1.9385277043960383
11.7895,176.843,1.8906250000000002,-1.9564603236896174
11.7895,176.843,1.89375,-1.9624999893574724
11.7895,176.843,1.896875,-1.9461487547324772
11.7895,176.843,1.9000000000000001,-1.9238652970527972
11.7895,176.843,1.9031250000000002,-1.8843137678362754
11.7895,176.843,1.9062500000000002,-1.834302611485472
11.7895,176.843,1.909375,-1.7783371537378165
11.7895,176.843,1.9125,-1.7094524572110716
11.7895,176.843,1.9156250000000001,-1.640768908002349
11.7895,176.843,1.9187500000000002,-1.5659658524222277
11.7895,176.843,1.9218750000000002,-1.4937123923954465
11.7895,176.843,1.925,-1.424949222648071
11.7895,176.843,1.928125,-1.3596930538877825
11.7895,176.843,1.9312500000000001,-1.303411279663046
11.7895,176.843,1.9343750000000002,-1.2593183327781765
11.7895,176.843,1.9375000000000002,-1.2256159157378927
11.7895,176.843,1.940625,-1.205425199797572
11.7895,176.843,1.94375,-1.2036652573221682
11.7895,176.843,1.9468750000000001,-1.2137380504462456
11.7895,176.843,1.9500000000000002,-1.2364511626300805
11.7895,176.843,1.9531250000000002,-1.2795929183251848
11.7895,176.843,1.95625,-1.3357364289324942
11.7895,176.843,1.959375,-1.3982685912223525
11.7895,176.843,1.9625000000000001,-1.4668022921085915
11.7895,176.843,1.9656250000000002,-1.5403921746079363
11.7895,176.843,1.9687500000000002,-1.6122876324485729
11.7895,176.843,1.971875,-1.6783843581912896
11.7895,176.843,1.975,-1.735260700972702
11.7895,176.843,1.9781250000000001,-1.7825049353849143
11.7895,176.843,1.9812500000000002,-1.8156283937298292
11.7895,176.843,1.9843750000000002,-1.8338110034843513
11.7895,176.843,1.9875,-1.8404210963116143
11.7895,176.843,1.990625,-1.8353962385884435
11.7895,176.843,1.9937500000000001,-1.8082246807336202
11.7895,176.843,1.9968750000000002,-1.7737435781687783
11.7895,176.843,2,-1.7286546030037089
11.7895,176.843,2.0031250000000003,-1.6728170625049565
11.7895,176.843,2.00625,-1.612010107425403
11.7895,176.843,2.009375,-1.5498467275967356
11.7895,176.843,2.0125,-1.48613228576733
11.7895,176.843,2.015625,-1.4231235344965323
11.7895,176.843,2.0187500000000003,-1.364629298305414
11.7895,176.843,2.021875,-1.3156973834274777
11.7895,176.843,2.025,-1.2748329819556603
11.7895,176.843,2.028125,-1.2492230192242966
11.7895,176.843,2.03125,-1.2370386064759167
11.7895,176.843,2.0343750000000003,-1.2457908112633396
11.7895,176.843,2.0375,-1.2684689895815997
11.7895,176.843,2.040625,-1.30585617025092
11.7895,176.843,2.04375,-1.3579538588144122
11.7895,176.843,2.046875,-1.425211545764256
11.7895,176.843,2.0500000000000003,-1.5010109783983623
11.7895,176.843,2.053125,-1.5827397726369343
11.7895,176.843,2.05625,-1.6671008758673955
11.7895,176.843,2.059375,-1.7515109522539782
11.7895,176.843,2.0625,-1.824261961461433
11.7895,176.843,2.0656250000000003,-1.8879761983551822
11.7895,176.843,2.06875,-1.939431638078958
11.7895,176.843,2.071875,-1.9805846434872039
11.7895,176.843,2.075,-2.000660584596629
11.7895,176.843,2.078125,-2.0098257167947033
11.7895,176.843,2.0812500000000003,-2.005545356860086
11.7895,176.843,2.084375,-1.9884453355546587
11.7895,176.843,2.0875,-1.954037431179256
11.7895,176.843,2.090625,-1.9044398777231448
11.7895,176.843,2.09375,-1.8453646614339645
11.7895,176.843,2.0968750000000003,-1.7783515412595357
11.7895,176.843,2.1,-1.7071595660259355
11.7895,176.843,2.103125,-1.6332401610363836
11.7895,176.843,2.10625,-1.55731133389717
11.7895,176.843,2.109375,-1.4865360423362908
11.7895,176.843,2.1125000000000003,-1.4189040912649808
11.7895,176.843,2.115625,-1.3566057974691579
11.7895,176.843,2.11875,-1.3043219579724359
11.7895,176.843,2.121875,-1.2657718135511276
11.7895,176.843,2.125,-1.24102803048508
11.7895,176.843,2.1281250000000003,-1.2303799373402466
11.7895,176.843,2.13125,-1.2402771199420601
11.7895,176.843,2.134375,-1.2665684841473994
11.7895,176.843,2.1375,-1.3067867657235246
11.7895,176.843,2.140625,-1.3612701122613302
11.7895,176.843,2.1437500000000003,-1.4255940193458863
11.7895,176.843,2.146875,-1.4943120298481238
11.7895,176.843,2.1500000000000004,-1.5697556190221595
11.7895,176.843,2.153125,-1.6454664972711681
11.7895,176.843,2.15625,-1.7161306139332533
11.7895,176.843,2.1593750000000003,-1.7777892207427761
11.7895,176.843,2.1625,-1.8246736536549162
11.7895,176.843,2.1656250000000004,-1.8589488819090894
11.7895,176.843,2.16875,-1.8724252217297428
11.7895,176.843,2.171875,-1.8726045314913429
11.7895,176.843,2.1750000000000003,-1.8569062835175318
11.7895,176.843,2.178125,-1.8267566803741817
11.7895,176.843,2.1812500000000004,-1.7875900329809844
11.7895,176.843,2.184375,-1.7335304134573473
11.7895,176.843,2.1875,-1.671345564938472
11.7895,176.843,2.1906250000000003,-1.6025296136776055
11.7895,176.843,2.19375,-1.5295506046861285
11.7895,176.843,2.1968750000000004,-1.4601330501425538
11.7895,176.843,2.2,-1.3894550039051938
11.7895,176.843,2.203125,-1.329057309564336
11.7895,176.843,2.2062500000000003,-1.273745206091135
11.7895,176.843,2.209375,-1.2292812880353063
11.7895,176.843,2.2125000000000004,-1.19836729111124
11.7895,176.843,2.215625,-1.183151761506624
11.7895,176.843,2.21875,-1.1821592926754385
11.7895,176.843,2.2218750000000003,-1.200862976663604
11.7895,176.843,2.225,-1.2342174163747937
11.7895,176.843,2.2281250000000004,-1.2878736347080324
11.7895,176.843,2.23125,-1.3497523618731264
11.7895,176.843,2.234375,-1.4243411863528084
11.7895,176.843,2.2375000000000003,-1.5046961701381307
11.7895,176.843,2.240625,-1.5836527743983537
11.7895,176.843,2.2437500000000004,-1.6672148124382429
11.7895,176.843,2.246875,-1.7403927578410348
11.7895,176.843,2.25,-1.8088707262412451
11.7895,176.843,2.2531250000000003,-1.864949271289234
11.7895,176.843,2.25625,-1.9094418104141608
11.7895,176.843,2.2593750000000004,-1.9419214042782782
11.7895,176.843,2.2625,-1.9579812224596522
11.7895,176.843,2.265625,-1.9570719370610732
11.7895,176.843,2.2687500000000003,-1.940347202752829
11.7895,176.843,2.271875,-1.9129245320799262
11.7895,176.843,2.2750000000000004,-1.874669860099802
11.7895,176.843,2.278125,-1.8241332848311402
11.7895,176.843,2.28125,-1.766942742091939
11.7895,176.843,2.2843750000000003,-1.7057041672892646
11.7895,176.843,2.2875,-1.6343054524793246
11.7895,176.843,2.2906250000000004,-1.5629568742680735
11.7895,176.843,2.29375,-1.493362859983366
11.7895,176.843,2.296875,-1.426765699169115
11.7895,176.843,2.3000000000000003,-1.3644273725998666
11.7895,176.843,2.303125,-1.31040945408475
11.7895,176.843,2.3062500000000004,-1.271508680693994
11.7895,176.843,2.309375,-1.2421539530328631
11.7895,176.843,2.3125,-1.2270047332177845
11.7895,176.843,2.3156250000000003,-1.2297873878454961
11.7895,176.843,2.31875,-1.2465543431113741
11.7895,176.843,2.3218750000000004,-1.277768507172383
11.7895,176.843,2.325,-1.3284953560277093
11.7895,176.843,2.328125,-1.3877230415585888
11.7895,176.843,2.3312500000000003,-1.4574206972988122
11.7895,176.843,2.334375,-1.5295466253917538
11.7895,176.843,2.3375000000000004,-1.6051412143510335
11.7895,176.843,2.340625,-1.677693578446728
11.7895,176.843,2.34375,-1.7421862798418217
11.7895,176.843,2.3468750000000003,-1.795548337389476
11.7895,176.843,2.35,-1.8382622218301312
11.7895,176.843,2.3531250000000004,-1.8663510884332355
11.7895,176.843,2.35625,-1.8809574687248085
11.7895,176.843,2.359375,-1.8793726285935606
11.7895,176.843,2.3625000000000003,-1.862263218272619
11.7895,176.843,2.365625,-1.8273091262971974
11.7895,176.843,2.3687500000000004,-1.7804691028822728
11.7895,176.843,2.371875,-1.725416759397762
11.7895,176.843,2.375,-1.6593308973580685
11.7895,176.843,2.3781250000000003,-1.585984976183589
11.7895,176.843,2.38125,-1.5132845256736083
11.7895,176.843,2.3843750000000004,-1.4393061012305197
11.7895,176.843,2.3875,-1.3677017155429658
11.7895,176.843,2.390625,-1.2996699333368233
11.7895,176.843,2.3937500000000003,-1.243447538272953
11.7895,176.843,2.396875,-1.1976995162019042
11.7895,176.843,2.4000000000000004,-1.169548022298717
11.7895,176.843,2.403125,-1.1601774167100996
11.7895,176.843,2.40625,-1.1685114250972604
11.7895,176.843,2.4093750000000003,-1.2009174825263047
11.7895,176.843,2.4125,-1.2523376276042888
11.7895,176.843,2.4156250000000004,-1.326937698737514
11.7895,176.843,2.41875,-1.4242449169619826
11.7895,176.843,2.421875,-1.5518842694162536
11.7895,176.843,2.4250000000000003,-1.7328947486172672
11.7895,176.843,2.428125,-2.0432778839432526
11.7895,176.843,2.4312500000000004,-2.726337182614149
11.7895,176.843,2.434375,-3.090879452825124
11.7895,176.843,2.4375,-2.4908203557637596
11.7895,176.843,2.4406250000000003,-2.181389995642409
11.7895,176.843,2.44375,-2.088585364687842
11.7895,176.843,2.4468750000000004,-2.0559211703431353
11.7895,176.843,2.45,-2.043143568417279
11.7895,176.843,2.453125,-2.0229675132932656
11.7895,176.843,2.4562500000000003,-1.989775980880768
11.7895,176.843,2.459375,-1.948580310910342
11.7895,176.843,2.4625000000000004,-1.897158573981868
11.7895,176.843,2.465625,-1.8321920883137957
11.7895,176.843,2.46875,-1.7642545309387003
11.7895,176.843,2.4718750000000003,-1.6942163567419652
11.7895,176.843,2.475,-1.6206542834581275
11.7895,176.843,2.4781250000000004,-1.5480071378436184
11.7895,176.843,2.48125,-1.4800486333330987
11.7895,176.843,2.484375,-1.4196020636283229
11.7895,176.843,2.4875000000000003,-1.3637137137264346
11.7895,176.843,2.490625,-1.3229040683823299
11.7895,176.843,2.4937500000000004,-1.2969095347827668
11.7895,176.843,2.496875,-1.2854776006889803
11.7895,176.843,2.5,-1.2916011445339355
11.7895,176.843,2.5031250000000003,-1.3092708669511732
11.7895,176.843,2.50625,-1.3469637963926593
11.7895,176.843,2.5093750000000004,-1.3979074641454536
11.7895,176.843,2.5125,-1.4583058800797277
11.7895,176.843,2.515625,-1.532131278351134
11.7895,176.843,2.5187500000000003,-1.6092849215139422
11.7895,176.843,2.521875,-1.68932832114173
11.7895,176.843,2.5250000000000004,-1.7643348091738238
11.7895,176.843,2.528125,-1.8330084089973153
11.7895,176.843,2.53125,-1.8923051949865388
11.7895,176.843,2.5343750000000003,-1.9386136641146599
11.7895,176.843,2.5375,-1.967618726254252
11.7895,176.843,2.5406250000000004,-1.9788349220569086
11.7895,176.843,2.54375,-1.975313070922413
11.7895,176.843,2.546875,-1.9568626193338172
11.7895,176.843,2.5500000000000003,-1.92030775345363
11.7895,176.843,2.553125,-1.8738435172691583
11.7895,176.843,2.5562500000000004,-1.8125847504916301
11.7895,176.843,2.559375,-1.7400892407157895
11.7895,176.843,2.5625,-1.6658620931140597
11.7895,176.843,2.5656250000000003,-1.5855755567432104
11.7895,176.843,2.56875,-1.5067640490949366
11.7895,176.843,2.5718750000000004,-1.433001633640969
11.7895,176.843,2.575,-1.36739744799502
11.7895,176.843,2.578125,-1.3130491156794832
11.7895,176.843,2.5812500000000003,-1.267986679311635
11.7895,176.843,2.584375,-1.2401594089887047
11.7895,176.843,2.5875000000000004,-1.2296364804214093
11.7895,176.843,2.590625,-1.2360305468667139
11.7895,176.843,2.59375,-1.265070115645062
11.7895,176.843,2.5968750000000003,-1.3110258822397605
11.7895,176.843,2.6,-1.3714092168673555
11.7895,176.843,2.6031250000000004,-1.4503285168054016
11.7895,176.843,2.60625,-1.5358959494432136
11.7895,176.843,2.609375,-1.6265755477747366
11.7895,176.843,2.6125000000000003,-1.7179291149981293
11.7895,176.843,2.615625,-1.8020223403561417
11.7895,176.843,2.6187500000000004,-1.8794033867218327
11.7895,176.843,2.621875,-1.9471119864333053
11.7895,176.843,2.625,-2.003724112535671
11.7895,176.843,2.6281250000000003,-2.0427680469242326
11.7895,176.843,2.63125,-2.062628763788728
11.7895,176.843,2.6343750000000004,-2.065330540740364
11.7895,176.843,2.6375,-2.0537609339972533
11.7895,176.843,2.640625,-2.0274045494312336
11.7895,176.843,2.6437500000000003,-1.9902840085889135
11.7895,176.843,2.646875,-1.9427692026389525
11.7895,176.843,2.6500000000000004,-1.8884775922422223
11.7895,176.843,2.653125,-1.8287996050444513
11.7895,176.843,2.65625,-1.7647134059673084
11.7895,176.843,2.6593750000000003,-1.701083524897543
11.7895,176.843,2.6625,-1.638277931438982
11.7895,176.843,2.6656250000000004,-1.5846318225249711
11.7895,176.843,2.66875,-1.5376328696986414
11.7895,176.843,2.671875,-1.4963936716681498
11.7895,176.843,2.6750000000000003,-1.4726682496103896
11.7895,176.843,2.678125,-1.4623603076494964
11.7895,176.843,2.6812500000000004,-1.4700276520147593
11.7895,176.843,2.684375,-1.488504147762164
11.7895,176.843,2.6875,-1.5233604877117601
11.7895,176.843,2.6906250000000003,-1.5718597237209049
11.7895,176.843,2.69375,-1.635369195516392
11.7895,176.843,2.6968750000000004,-1.7067576698732587
11.7895,176.843,2.7,-1.7866662222804357
11.7895,176.843,2.703125,-1.8679113027973424
11.7895,176.843,2.7062500000000003,-1.9485082608149846
11.7895,176.843,2.709375,-2.021950808008482
11.7895,176.843,2.7125000000000004,-2.0900510275102087
11.7895,176.843,2.715625,-2.1455459276990663
11.7895,176.843,2.71875,-2.1899597769383004
11.7895,176.843,2.7218750000000003,-2.2180312633688866
11.7895,176.843,2.725,-2.23673219247897
11.7895,176.843,2.7281250000000004,-2.239127798731413
11.7895,176.843,2.73125,-2.2283786402282106
11.7895,176.843,2.734375,-2.2095410737680043
11.7895,176.843,2.7375000000000003,-2.183139049464689
11.7895,176.843,2.740625,-2.159232763741926
11.7895,176.843,2.7437500000000004,-2.1514768590699798
11.7895,176.843,2.746875,-2.142350641958495
11.7895,176.843,2.75,-2.103738954561894
11.7895,176.843,2.7531250000000003,-2.012044963578454
11.7895,176.843,2.75625,-1.8990489136488349
11.7895,176.843,2.7593750000000004,-1.8066972478506318
11.7895,176.843,2.7625,-1.7317848524540438
11.7895,176.843,2.765625,-1.6795089671808188
11.7895,176.843,2.7687500000000003,-1.6469325237576002
11.7895,176.843,2.771875,-1.6320717768245965
11.7895,176.843,2.7750000000000004,-1.6373141406627225
11.7895,176.843,2.778125,-1.6641495190568265
11.7895,176.843,2.78125,-1.7020247149077403
11.7895,176.843,2.7843750000000003,-1.7594810963854464
11.7895,176.843,2.7875,-1.8282714601368117
11.7895,176.843,2.7906250000000004,-1.9065826192236026
11.7895,176.843,2.79375,-1.9871586610306973
11.7895,176.843,2.796875,-2.073959888589791
11.7895,176.843,2.8000000000000003,-2.1557842204640405
11.7895,176.843,2.803125,-2.2273107450237086
11.7895,176.843,2.8062500000000004,-2.287036520588586
11.7895,176.843,2.809375,-2.334727065189225
11.7895,176.843,2.8125,-2.3628747027525114
11.7895,176.843,2.8156250000000003,-2.37884567930244
11.7895,176.843,2.81875,-2.3818494135506234
11.7895,176.843,2.8218750000000004,-2.368173575882749
11.7895,176.843,2.825,-2.3441416141594433
11.7895,176.843,2.828125,-2.3064427708806794
11.7895,176.843,2.8312500000000003,-2.259197790884296
11.7895,176.843,2.834375,-2.206806460763719
11.7895,176.843,2.8375000000000004,-2.1453863328237515
11.7895,176.843,2.840625,-2.0892321974417873
11.7895,176.843,2.84375,-2.0326415914393445
11.7895,176.843,2.8468750000000003,-1.9775588851316697
11.7895,176.843,2.85,-1.930712457007574
11.7895,176.843,2.8531250000000004,-1.8928234638819137
11.7895,176.843,2.85625,-1.8673026631062921
11.7895,176.843,2.859375,-1.8481646638262903
11.7895,176.843,2.8625000000000003,-1.8498613406724922
11.7895,176.843,2.865625,-1.8647638604011934
11.7895,176.843,2.8687500000000004,-1.896063758392124
11.7895,176.843,2.871875,-1.9409803110021584
11.7895,176.843,2.875,-2.001348980944713
11.7895,176.843,2.8781250000000003,-2.0750035339484723
11.7895,176.843,2.88125,-2.150386458317993
11.7895,176.843,2.8843750000000004,-2.229253565557023
11.7895,176.843,2.8875,-2.310785911490942
11.7895,176.843,2.890625,-2.394614995799918
11.7895,176.843,2.8937500000000003,-2.4672289139277224
11.7895,176.843,2.896875,-2.5302828817448852
11.7895,176.843,2.9000000000000004,-2.580567190207404
11.7895,176.843,2.903125,-2.620934148488855
11.7895,176.843,2.90625,-2.6427515305814158
11.7895,176.843,2.9093750000000003,-2.649327443286208
11.7895,176.843,2.9125,-2.644500015462822
11.7895,176.843,2.9156250000000004,-2.6256454682184054
11.7895,176.843,2.91875,-2.595228425250158
11.7895,176.843,2.921875,-2.5548855622883595
11.7895,176.843,2.9250000000000003,-2.5006616713890235
11.7895,176.843,2.928125,-2.4478961185357337
11.7895,176.843,2.9312500000000004,-2.386752314343819
11.7895,176.843,2.934375,-2.325059940554657
11.7895,176.843,2.9375,-2.2686967247242227
11.7895,176.843,2.9406250000000003,-2.213070776343912
11.7895,176.843,2.94375,-2.168696011026852
11.7895,176.843,2.9468750000000004,-2.1354859366745673
11.7895,176.843,2.95,-2.112774516751149
11.7895,176.843,2.953125,-2.103789432253981
11.7895,176.843,2.9562500000000003,-2.109984869787827
11.7895,176.843,2.959375,-2.1326560572046733
11.7895,176.843,2.9625000000000004,-2.1744673015005183
11.7895,176.843,2.965625,-2.230818284562996
11.7895,176.843,2.96875,-2.3013549821724073
11.7895,176.843,2.9718750000000003,-2.3813312982359043
11.7895,176.843,2.975,-2.4651966708599007
11.7895,176.843,2.9781250000000004,-2.5525433855200195
11.7895,176.843,2.98125,-2.633608188635972
11.7895,176.843,2.984375,-2.7048131118254206
11.7895,176.843,2.9875000000000003,-2.768931482515893
11.7895,176.843,2.990625,-2.8166052884307637
11.7895,176.843,2.9937500000000004,-2.847091136824969
11.7895,176.843,2.996875,-2.8634328779620395
11.7895,176.843,3,-2.8650040955438874
11.7895,176.843,3.0031250000000003,-2.848825362782475
11.7895,176.843,3.00625,-2.8182245508653576
11.7895,176.843,3.0093750000000004,-2.778113284957164
11.7895,176.843,3.0125,-2.728470740198918
11.7895,176.843,3.015625,-2.67153050512088
11.7895,176.843,3.0187500000000003,-2.614433294408381
11.7895,176.843,3.021875,-2.55304028856264
11.7895,176.843,3.0250000000000004,-2.4947671745650517
11.7895,176.843,3.028125,-2.436618840721383
11.7895,176.843,3.03125,-2.3890489765562934
11.7895,176.843,3.0343750000000003,-2.348630958887622
11.7895,176.843,3.0375,-2.32068483644177
11.7895,176.843,3.0406250000000004,-2.305145191025696
11.7895,176.843,3.04375,-2.303700799205597
11.7895,176.843,3.046875,-2.3249940509216813
11.7895,176.843,3.0500000000000003,-2.355326066906445
11.7895,176.843,3.053125,-2.395522810846223
11.7895,176.843,3.0562500000000004,-2.4523124843265744
11.7895,176.843,3.059375,-2.5181634798295565
11.7895,176.843,3.0625,-2.5902125588607743
11.7895,176.843,3.0656250000000003,-2.6658182502868133
11.7895,176.843,3.06875,-2.7439297339913855
11.7895,176.843,3.0718750000000004,-2.817198239872626
11.7895,176.843,3.075,-2.8788797662149794
11.7895,176.843,3.078125,-2.933406783475292
11.7895,176.843,3.0812500000000003,-2.9743634463816235
11.7895,176.843,3.084375,-2.999469560229876
11.7895,176.843,3.0875000000000004,-3.0132054788700016
11.7895,176.843,3.090625,-3.0121763245465143
11.7895,176.843,3.09375,-2.9990010016417386
11.7895,176.843,3.0968750000000003,-2.9708767921441046
11.7895,176.843,3.1,-2.9305147758570604
11.7895,176.843,3.1031250000000004,-2.884848882441509
11.7895,176.843,3.10625,-2.8291786157776566
11.7895,176.843,3.109375,-2.769178025780434
11.7895,176.843,3.1125000000000003,-2.7069122974681625
11.7895,176.843,3.115625,-2.6515154358063864
11.7895,176.843,3.1187500000000004,-2.5981023879980762
11.7895,176.843,3.121875,-2.5513363305796632
11.7895,176.843,3.125,-2.5140929729170383
11.7895,176.843,3.1281250000000003,-2.4861743675784944
11.7895,176.843,3.13125,-2.4677099622524072
11.7895,176.843,3.1343750000000004,-2.4679225524821895
11.7895,176.843,3.1375,-2.4758840529025443
11.7895,176.843,3.140625,-2.5011028031676865
11.7895,176.843,3.1437500000000003,-2.5385145616992375
11.7895,176.843,3.146875,-2.5797695534202187
11.7895,176.843,3.1500000000000004,-2.634245182489012
11.7895,176.843,3.153125,-2.6985705136546945
11.7895,176.843,3.15625,-2.7744520820584273
11.7895,176.843,3.1593750000000003,-2.858354933612061
11.7895,176.843,3.1625,-2.9046160540817882
11.7895,176.843,3.1656250000000004,-2.9984078995917502
11.7895,176.843,3.16875,-3.0159616328139407
11.7895,176.843,3.171875,-3.1047194664373823
11.7895,176.843,3.1750000000000003,-3.1186411218995995
11.7895,176.843,3.178125,-3.105879632217433
11.7895,176.843,3.1812500000000004,-3.1164595004817848
11.7895,176.843,3.184375,-3.0953546528791955
11.7895,176.843,3.1875,-3.252020580593248
11.7895,176.843,3.1906250000000003,-2.9574788430093744
11.7895,176.843,3.19375,-2.9293191255987376
11.7895,176.843,3.1968750000000004,-3.209239561651132
11.7895,176.843,3.2,-2.734110715076766
11.7895,176.843,3.203125,-2.6427410977235444
11.7895,176.843,3.2062500000000003,-2.6951506443587476
11.7895,176.843,3.209375,-3.436653760413309
11.7895,176.843,3.2125000000000004,-2.9753571010276874
11.7895,176.843,3.215625,-2.431356401221885
11.7895,176.843,3.21875,-2.3660800031751035
11.7895,176.843,3.2218750000000003,-2.33791481708979
11.7895,176.843,3.225,-2.3557646753931145
11.7895,176.843,3.2281250000000004,-2.579134570586732
11.7895,176.843,3.23125,-3.089916085629063
11.7895,176.843,3.234375,-3.1282977790526907
11.7895,176.843,3.2375000000000003,-2.7018735392417685
11.7895,176.843,3.240625,-2.4188828151745905
11.7895,176.843,3.2437500000000004,-2.430140492315093
11.7895,176.843,3.246875,-2.519144573562282
11.7895,176.843,3.25,-2.578339213461776
11.7895,176.843,3.2531250000000003,-2.7015307024944484
11.7895,176.843,3.25625,-2.8696517315041885
11.7895,176.843,3.2593750000000004,-2.799376107954484
11.7895,176.843,3.2625,-2.8458391642435537
11.7895,176.843,3.265625,-2.892451446108593
11.7895,176.843,3.2687500000000003,-3.0180168633141196
11.7895,176.843,3.271875,-3.115832676793885
11.7895,176.843,3.2750000000000004,-3.5663546566989717
11.7895,176.843,3.278125,-5.234219624259458
11.7895,176.843,3.28125,-4.434926253715773
11.7895,176.843,3.2843750000000003,-3.7156787768881165
11.7895,176.843,3.2875,-3.8787477987091696
11.7895,176.843,3.2906250000000004,-3.32061978870976
11.7895,176.843,3.29375,-2.9092581815232648
11.7895,176.843,3.296875,-2.6833324870877737
11.7895,176.843,3.3000000000000003,-2.525769613867524
11.7895,176.843,3.303125,-2.4367489083338203
11.7895,176.843,3.3062500000000004,-2.3679336785312954
11.7895,176.843,3.309375,-2.3235607623284134
11.7895,176.843,3.3125,-2.3118820499131627
11.7895,176.843,3.3156250000000003,-2.3029673158903066
11.7895,176.843,3.31875,-2.256778238407128
11.7895,176.843,3.3218750000000004,-2.223428870457752
11.7895,176.843,3.325,-2.2423468203899874
11.7895,176.843,3.328125,-2.2951386156849245
11.7895,176.843,3.3312500000000003,-2.387094930649463
11.7895,176.843,3.334375,-2.4583545991764515
11.7895,176.843,3.3375000000000004,-2.501198706490081
11.7895,176.843,3.340625,-2.5545145995223377
11.7895,176.843,3.34375,-2.617679803395581
11.7895,176.843,3.3468750000000003,-2.677867127615187
11.7895,176.843,3.35,-2.7473518904335883
11.7895,176.843,3.3531250000000004,-2.8145908957367016
11.7895,176.843,3.35625,-2.8528262569764085
11.7895,176.843,3.359375,-2.8849856254049877
11.7895,176.843,3.3625000000000003,-2.894971687486681
11.7895,176.843,3.365625,-2.91789247584318
11.7895,176.843,3.3687500000000004,-2.8877596078161365
11.7895,176.843,3.371875,-3.0281504574067086
11.7895,176.843,3.375,-3.0564886606070365
11.7895,176.843,3.3781250000000003,-2.765062361696784
11.7895,176.843,3.38125,-2.6561735509673756
11.7895,176.843,3.3843750000000004,-2.5750435341860256
11.7895,176.843,3.3875,-2.627385518818694
11.7895,176.843,3.390625,-2.709485399813799
11.7895,176.843,3.3937500000000003,-2.59490673987874
11.7895,176.843,3.396875,-2.63044444276322
11.7895,176.843,3.4000000000000004,-2.759124320400617
11.7895,176.843,3.403125,-3.2586019947849767
11.7895,176.843,3.40625,-4.722965488477244
11.7895,176.843,3.4093750000000003,-8.093550107939471
11.7895,176.843,3.4125,-8.53137870548453
11.7895,176.843,3.4156250000000004,-5.2747733846041935
11.7895,176.843,3.41875,-3.8782153780804665
11.7895,176.843,3.421875,-3.196910202173267
11.7895,176.843,3.4250000000000003,-2.8611625269673286
11.7895,176.843,3.428125,-2.698932170526242
11.7895,176.843,3.4312500000000004,-2.6525323076700347
11.7895,176.843,3.434375,-2.656373590479414
11.7895,176.843,3.4375,-2.679392120873806
11.7895,176.843,3.4406250000000003,-2.718827318810559
11.7895,176.843,3.44375,-2.750739170995184
11.7895,176.843,3.4468750000000004,-2.78000740380258
11.7895,176.843,3.45,-2.795758587108697
11.7895,176.843,3.453125,-2.8338921418687484
11.7895,176.843,3.4562500000000003,-2.8915518223806886
11.7895,176.843,3.459375,-2.957674744492791
11.7895,176.843,3.4625000000000004,-2.8889314528856858
11.7895,176.843,3.465625,-2.835459275497083
11.7895,176.843,3.46875,-2.8064805383072615
11.7895,176.843,3.4718750000000003,-2.7840400267334346
11.7895,176.843,3.475,-2.7788527005670796
11.7895,176.843,3.4781250000000004,-2.7556438355607247
11.7895,176.843,3.48125,-2.657670036613276
11.7895,176.843,3.484375,-2.567962302804327
11.7895,176.843,3.4875000000000003,-2.519933647397087
11.7895,176.843,3.490625,-2.4980273518700553
11.7895,176.843,3.4937500000000004,-2.484985901950685
11.7895,176.843,3.496875,-2.450844552759019
11.7895,176.843,3.5,-2.3953540679670846
11.7895,176.843,3.5031250000000003,-2.359532599732916
11.7895,176.843,3.50625,-2.3652060736107132
11.7895,176.843,3.5093750000000004,-2.401785812500353
11.7895,176.843,3.5125,-2.4522687686201543
11.7895,176.843,3.515625,-2.4906915129804545
11.7895,176.843,3.5187500000000003,-2.513593708036375
11.7895,176.843,3.521875,-2.5326828640273154
11.7895,176.843,3.5250000000000004,-2.5423555658072345
11.7895,176.843,3.528125,-2.551925255532918
11.7895,176.843,3.53125,-2.5890805705881332
11.7895,176.843,3.5343750000000003,-2.6422652682883747
11.7895,176.843,3.5375,-2.6887242546408316
11.7895,176.843,3.5406250000000004,-2.700507670938066
11.7895,176.843,3.54375,-2.6832730806748417
11.7895,176.843,3.546875,-2.6678510587022792
11.7895,176.843,3.5500000000000003,-2.659006715406208
11.7895,176.843,3.553125,-2.6603738583186547
11.7895,176.843,3.5562500000000004,-2.6476859192587354
11.7895,176.843,3.559375,-2.5896176010558216
11.7895,176.843,3.5625,-2.5254209684878646
11.7895,176.843,3.5656250000000003,-2.478366671073917
11.7895,176.843,3.56875,-2.435285598398416
11.7895,176.843,3.5718750000000004,-2.4036717615029066
11.7895,176.843,3.575,-2.361461178302121
11.7895,176.843,3.5781250000000004,-2.2873163567280557
11.7895,176.843,3.5812500000000003,-2.2175382816762075
11.7895,176.843,3.584375,-2.1667034304310477
11.7895,176.843,3.5875000000000004,-2.1282407584525256
11.7895,176.843,3.590625,-2.095526984406541
11.7895,176.843,3.5937500000000004,-2.0752685918893303
11.7895,176.843,3.5968750000000003,-2.070177441559485
11.7895,176.843,3.6,-2.0732378937261364
11.7895,176.843,3.6031250000000004,-2.10605787863343
11.7895,176.843,3.60625,-2.1548002313692987
11.7895,176.843,3.6093750000000004,-2.205959666203856
11.7895,176.843,3.6125000000000003,-2.2702926441541336
11.7895,176.843,3.615625,-2.3394661686543157
11.7895,176.843,3.6187500000000004,-2.413987209382528
11.7895,176.843,3.621875,-2.494534620520558
11.7895,176.843,3.6250000000000004,-2.5853223906580816
11.7895,176.843,3.6281250000000003,-2.6672914500942753
11.7895,176.843,3.63125,-2.7349466541906047
11.7895,176.843,3.6343750000000004,-2.7750473189733986
11.7895,176.843,3.6375,-2.7991749468140426
11.7895,176.843,3.6406250000000004,-2.7999854328913205
11.7895,176.843,3.6437500000000003,-2.7775645533808717
11.7895,176.843,3.646875,-2.738661655359476
11.7895,176.843,3.6500000000000004,-2.692820592213695
11.7895,176.843,3.653125,-2.655879448786357
11.7895,176.843,3.6562500000000004,-2.624947354255522
11.7895,176.843,3.6593750000000003,-2.592465950246478
11.7895,176.843,3.6625,-2.5751053971515825
11.7895,176.843,3.6656250000000004,-2.5497374820488883
11.7895,176.843,3.66875,-2.5297798751129594
11.7895,176.843,3.6718750000000004,-2.547007368494167
11.7895,176.843,3.6750000000000003,-2.5761853546596587
11.7895,176.843,3.678125,-2.6024121040575765
11.7895,176.843,3.6812500000000004,-2.6343887294199035
11.7895,176.843,3.684375,-2.669329106886264
11.7895,176.843,3.6875000000000004,-2.691806786355703
11.7895,176.843,3.6906250000000003,-2.723389044688973
11.7895,176.843,3.69375,-2.7746024396931173
11.7895,176.843,3.6968750000000004,-2.82897534913845
11.7895,176.843,3.7,-2.907304636034611
11.7895,176.843,3.7031250000000004,-3.0026077507758164
11.7895,176.843,3.7062500000000003,-3.110411966976152
11.7895,176.843,3.709375,-3.2576416869994866
11.7895,176.843,3.7125000000000004,-3.4065342350097714
11.7895,176.843,3.715625,-3.479986783876465
11.7895,176.843,3.7187500000000004,-3.5910965436223483
11.7895,176.843,3.7218750000000003,-3.745816917851486
11.7895,176.843,3.725,-3.9327708577749707
11.7895,176.843,3.7281250000000004,-4.089074175405357
11.7895,176.843,3.73125,-4.1300665066415885
11.7895,176.843,3.7343750000000004,-4.19066093065601
11.7895,176.843,3.7375000000000003,-4.175717375671656
11.7895,176.843,3.740625,-4.067147574761697
11.7895,176.843,3.7437500000000004,-3.995105601938521
11.7895,176.843,3.746875,-3.8473187608087924
11.7895,176.843,3.7500000000000004,-3.684074200787528
11.7895,176.843,3.7531250000000003,-3.663492499152582
11.7895,176.843,3.75625,-3.6510960320384127
11.7895,176.843,3.7593750000000004,-3.548072795974026
11.7895,176.843,3.7625,-3.4831298465773495
11.7895,176.843,3.7656250000000004,-3.523432773861699
11.7895,176.843,3.7687500000000003,-3.565053829397477
11.7895,176.843,3.771875,-3.639879279120069
11.7895,176.843,3.7750000000000004,-3.7229162195633085
11.7895,176.843,3.778125,-3.751243988486628
11.7895,176.843,3.7812500000000004,-3.81847567469511
11.7895,176.843,3.7843750000000003,-3.942918829375546
11.7895,176.843,3.7875,-4.01000134915153
11.7895,176.843,3.7906250000000004,-4.054229443269774
11.7895,176.843,3.79375,-4.1092018277038935
11.7895,176.843,3.7968750000000004,-4.192511286831339
11.7895,176.843,3.8000000000000003,-4.274598280121623
11.7895,176.843,3.803125,-4.350779943654871
11.7895,176.843,3.8062500000000004,-4.449000004972529
11.7895,176.843,3.809375,-4.562987224269881
11.7895,176.843,3.8125000000000004,-4.672782370851822
11.7895,176.843,3.8156250000000003,-4.784702338502992
11.7895,176.843,3.81875,-4.884973293142837
11.7895,176.843,3.8218750000000004,-4.912507558658569
11.7895,176.843,3.825,-4.897824296654979
11.7895,176.843,3.8281250000000004,-4.973266812824083
11.7895,176.843,3.8312500000000003,-5.075290184694713
11.7895,176.843,3.834375,-5.162403833156488
11.7895,176.843,3.8375000000000004,-5.213116274137295
11.7895,176.843,3.840625,-5.160972075295751
11.7895,176.843,3.8437500000000004,-5.063837044796009
11.7895,176.843,3.8468750000000003,-5.096394421105719
11.7895,176.843,3.85,-5.16713687655121
11.7895,176.843,3.8531250000000004,-5.042191404234178
11.7895,176.843,3.85625,-4.885427880851773
11.7895,176.843,3.8593750000000004,-4.938461916756589
11.7895,176.843,3.8625000000000003,-5.13649992486497
11.7895,176.843,3.865625,-5.42282994387797
11.7895,176.843,3.8687500000000004,-5.774367131391751
11.7895,176.843,3.871875,-6.139496907158622
11.7895,176.843,3.8750000000000004,-6.397751435247432
11.7895,176.843,3.8781250000000003,-6.619777431730763
11.7895,176.843,3.88125,-6.618192509308727
11.7895,176.843,3.8843750000000004,-6.486695772972101
11.7895,176.843,3.8875,-6.368045636613444
11.7895,176.843,3.8906250000000004,-6.15244585523111
11.7895,176.843,3.8937500000000003,-5.926284964604513
11.7895,176.843,3.896875,-5.77817501243921
11.7895,176.843,3.9000000000000004,-5.595437360394701
11.7895,176.843,3.903125,-5.369693684952358
11.7895,176.843,3.9062500000000004,-5.148879540013622
11.7895,176.843,3.9093750000000003,-4.9320158553260915
11.7895,176.843,3.9125,-4.7225379750392396
11.7895,176.843,3.9156250000000004,-4.582361237125257
11.7895,176.843,3.91875,-4.510634610241549
11.7895,176.843,3.9218750000000004,-4.510231628813282
11.7895,176.843,3.9250000000000003,-4.51769486571813
11.7895,176.843,3.928125,-4.494988013414368
11.7895,176.843,3.9312500000000004,-4.440970742518219
11.7895,176.843,3.934375,-4.370348009530022
11.7895,176.843,3.9375000000000004,-4.313631932948195
11.7895,176.843,3.9406250000000003,-4.296425137842676
11.7895,176.843,3.94375,-4.316602341112519
11.7895,176.843,3.9468750000000004,-4.3758052822604645
11.7895,176.843,3.95,-4.471720662753885
11.7895,176.843,3.9531250000000004,-4.58570263892248
11.7895,176.843,3.9562500000000003,-4.682895454139314
11.7895,176.843,3.959375,-4.776841343946886
11.7895,176.843,3.9625000000000004,-4.8926194744324665
11.7895,176.843,3.965625,-5.052078137298713
11.7895,176.843,3.9687500000000004,-5.257479844238448
11.7895,176.843,3.9718750000000003,-5.47129281658131
11.7895,176.843,3.975,-5.748727873195633
11.7895,176.843,3.9781250000000004,-6.113693094842726
11.7895,176.843,3.98125,-6.485284178397984
11.7895,176.843,3.9843750000000004,-6.625365259646542
11.7895,176.843,3.9875000000000003,-6.461203925594977
11.7895,176.843,3.990625,-6.246419635816282
11.7895,176.843,3.9937500000000004,-6.044158950049311
11.7895,176.843,3.996875,-5.78934991263486
11.7895,176.843,4,-5.550881387045696
11.7895,176.843,4.003125,-5.4200107988747
11.7895,176.843,4.0062500000000005,-5.3515483770872105
11.7895,176.843,4.009375,-5.288939530114908
11.7895,176.843,4.0125,-5.217627081387958
11.7895,176.843,4.015625,-5.159448175780895
11.7895,176.843,4.01875,-5.131362062090268
11.7895,176.843,4.0218750000000005,-5.170617013553349
11.7895,176.843,4.025,-5.302731024462124
11.7895,176.843,4.028125,-5.5306679717299065
11.7895,176.843,4.03125,-5.764650449127352
11.7895,176.843,4.034375,-5.990307552246463
11.7895,176.843,4.0375000000000005,-6.235827682422198
11.7895,176.843,4.040625,-6.5177477635356595
11.7895,176.843,4.04375,-6.749868623352353
11.7895,176.843,4.046875,-6.960152927553578
11.7895,176.843,4.05,-7.1312489126294745
11.7895,176.843,4.0531250000000005,-7.259743052614186
11.7895,176.843,4.05625,-7.353984381854666
11.7895,176.843,4.059375,-7.465852094150007
11.7895,176.843,4.0625,-7.583560270108335
11.7895,176.843,4.065625,-7.608570459444893
11.7895,176.843,4.0687500000000005,-7.579534786682172
11.7895,176.843,4.071875,-7.511397800430152
11.7895,176.843,4.075,-7.4218838390503485
11.7895,176.843,4.078125,-7.317659242568453
11.7895,176.843,4.08125,-7.224429320300475
11.7895,176.843,4.0843750000000005,-7.121226683545586
11.7895,176.843,4.0875,-7.032604864653592
11.7895,176.843,4.090625,-6.918004015876008
11.7895,176.843,4.09375,-6.839923892411638
11.7895,176.843,4.096875,-6.794251621245875
11.7895,176.843,4.1000000000000005,-6.719812403414981
11.7895,176.843,4.103125,-6.671292467607859
11.7895,176.843,4.10625,-6.672068085083146
11.7895,176.843,4.109375,-6.673857925294304
11.7895,176.843,4.1125,-6.655079927867656
11.7895,176.843,4.1156250000000005,-6.682729150204768
11.7895,176.843,4.11875,-6.8049900279266575
11.7895,176.843,4.121875,-6.952644107747399
11.7895,176.843,4.125,-7.10479546353336
11.7895,176.843,4.128125,-7.296550433429365
11.7895,176.843,4.1312500000000005,-7.526798658655135
11.7895,176.843,4.134375,-7.768913765676918
11.7895,176.843,4.1375,-8.07160789243991
11.7895,176.843,4.140625,-8.360551258565486
11.7895,176.843,4.14375,-8.616887032156285
11.7895,176.843,4.1468750000000005,-8.797034105143208
11.7895,176.843,4.15,-8.943817800683425
11.7895,176.843,4.153125,-9.105958684469451
11.7895,176.843,4.15625,-9.275137378532696
11.7895,176.843,4.159375,-9.493684263191176
11.7895,176.843,4.1625000000000005,-9.591190613686948
11.7895,176.843,4.165625,-9.604156179600396
11.7895,176.843,4.16875,-9.750176960353071
11.7895,176.843,4.171875,-9.913564521805645
11.7895,176.843,4.175,-10.221467094462914
11.7895,176.843,4.1781250000000005,-10.547263874970268
11.7895,176.843,4.18125,-10.559017095833473
11.7895,176.843,4.184375,-9.95578930304703
11.7895,176.843,4.1875,-9.314963448785416
11.7895,176.843,4.190625,-8.921602205877281
11.7895,176.843,4.1937500000000005,-8.716755604505996
11.7895,176.843,4.196875,-8.7401994815779
11.7895,176.843,4.2,-9.032959081658511
11.7895,176.843,4.203125,-9.377389109989544
11.7895,176.843,4.20625,-9.753950815679207
11.7895,176.843,4.2093750000000005,-10.458427897062545
11.7895,176.843,4.2125,-11.089993172575202
11.7895,176.843,4.215625,-11.60011204499144
11.7895,176.843,4.21875,-12.262708840176435
11.7895,176.843,4.221875,-12.850071387618252
11.7895,176.843,4.2250000000000005,-13.339454454419723
11.7895,176.843,4.228125,-14.050878427734709
11.7895,176.843,4.23125,-15.12012031141727
11.7895,176.843,4.234375,-16.495742004880952
11.7895,176.843,4.2375,-17.920201699582606
11.7895,176.843,4.2406250000000005,-20.628763397582382
11.7895,176.843,4.24375,-21.02638417807935
11.7895,176.843,4.246875,-20.047294889597083
11.7895,176.843,4.25,-19.200343675259063
11.7895,176.843,4.253125,-18.73851767222866
11.7895,176.843,4.2562500000000005,-18.685165930675744
11.7895,176.843,4.259375,-18.83293365146217
11.7895,176.843,4.2625,-19.482044734592733
11.7895,176.843,4.265625,-19.506429643301917
11.7895,176.843,4.26875,-18.449678964437485
11.7895,176.843,4.2718750000000005,-17.57380813548742
11.7895,176.843,4.275,-17.196740515839924
11.7895,176.843,4.278125,-17.245710855609826
11.7895,176.843,4.28125,-17.442820185994925
11.7895,176.843,4.284375000000001,-17.7443851724277
11.7895,176.843,4.2875000000000005,-18.20040827522163
11.7895,176.843,4.290625,-18.9916707475872
11.7895,176.843,4.29375,-20.065030645651298
11.7895,176.843,4.296875,-22.466678822091872
11.7895,176.843,4.300000000000001,-25.82747726705293
11.7895,176.843,4.3031250000000005,-26.5616185064917
11.7895,176.843,4.30625,-25.528842284343916
11.7895,176.843,4.309375,-24.340027651323915
11.7895,176.843,4.3125,-23.377421198467786
11.7895,176.843,4.315625000000001,-23.102910499209855
11.7895,176.843,4.3187500000000005,-23.295658959102244
11.7895,176.843,4.321875,-22.11592403916597
11.7895,176.843,4.325,-20.90342746888972
11.7895,176.843,4.328125,-20.03328331871038
11.7895,176.843,4.331250000000001,-20.23369403096693
11.7895,176.843,4.3343750000000005,-20.365322259124984
11.7895,176.843,4.3375,-19.880348782271014
11.7895,176.843,4.340625,-18.860121102656446
11.7895,176.843,4.34375,-18.016809673781083
11.7895,176.843,4.346875000000001,-17.336849292267576
11.7895,176.843,4.3500000000000005,-16.34218758328115
11.7895,176.843,4.353125,-15.279697845285373
11.7895,176.843,4.35625,-14.259665087628587
11.7895,176.843,4.359375,-13.330635318901187
11.7895,176.843,4.362500000000001,-12.399939089498089
11.7895,176.843,4.3656250000000005,-11.517021547674739
11.7895,176.843,4.36875,-10.878290452095188
11.7895,176.843,4.371875,-10.358722143344956
11.7895,176.843,4.375,-9.993416288055283
11.7895,176.843,4.378125000000001,-9.66913169625165
11.7895,176.843,4.3812500000000005,-9.346920311917067
11.7895,176.843,4.384375,-9.1192627873641
11.7895,176.843,4.3875,-8.885137053738811
11.7895,176.843,4.390625,-8.631718710379463
11.7895,176.843,4.393750000000001,-8.455434713420349
11.7895,176.843,4.3968750000000005,-8.313807471964925
11.7895,176.843,4.4,-8.229579529090275
11.7895,176.843,4.403125,-8.175046512760733
11.7895,176.843,4.40625,-8.105810999181411
11.7895,176.843,4.409375000000001,-8.062765110512757
11.7895,176.843,4.4125000000000005,-8.0671509571489
11.7895,176.843,4.415625,-8.138535335312634
11.7895,176.843,4.41875,-8.265105735300393
11.7895,176.843,4.421875,-8.43840320047338
11.7895,176.843,4.425000000000001,-8.600794743114413
11.7895,176.843,4.4281250000000005,-8.76550596730439
11.7895,176.843,4.43125,-8.934958901425334
11.7895,176.843,4.434375,-9.081943124153215
11.7895,176.843,4.4375,-9.058214315978859
11.7895,176.843,4.440625000000001,-8.859051109139367
11.7895,176.843,4.4437500000000005,-8.604603237360593
11.7895,176.843,4.446875,-8.331490212180109
11.7895,176.843,4.45,-8.116912712494619
11.7895,176.843,4.453125,-7.813001417691485
11.7895,176.843,4.456250000000001,-7.543338965774252
11.7895,176.843,4.4593750000000005,-7.270880644606635
11.7895,176.843,4.4625,-7.2431045338600395
11.7895,176.843,4.465625,-7.366587276700377
11.7895,176.843,4.46875,-7.597241167205652
11.7895,176.843,4.471875000000001,-7.752587875232031
11.7895,176.843,4.4750000000000005,-7.881839104097763
11.7895,176.843,4.478125,-8.021365870640189
11.7895,176.843,4.48125,-8.056266003103053
11.7895,176.843,4.484375,-8.090060780395874
11.7895,176.843,4.487500000000001,-8.124244320704161
11.7895,176.843,4.4906250000000005,-8.12877349955208
11.7895,176.843,4.49375,-8.139732845225087
11.7895,176.843,4.496875,-7.919152734308711
11.7895,176.843,4.5,-7.748556250448849
11.7895,176.843,4.503125000000001,-7.678380982857975
11.7895,176.843,4.5062500000000005,-7.723772234328731
11.7895,176.843,4.509375,-7.824811969104028
11.7895,176.843,4.5125,-8.033802907823347
11.7895,176.843,4.515625,-8.226410133229399
11.7895,176.843,4.518750000000001,-8.22918556053943
11.7895,176.843,4.5218750000000005,-8.055376917770799
11.7895,176.843,4.525,-7.79040061909155
11.7895,176.843,4.528125,-7.526582947846244
11.7895,176.843,4.53125,-7.348078922373281
11.7895,176.843,4.534375000000001,-7.2057123317544125
11.7895,176.843,4.5375000000000005,-7.094730921263741
11.7895,176.843,4.540625,-7.0563373122780435
11.7895,176.843,4.54375,-7.117230023389905
11.7895,176.843,4.546875,-7.235962823724472
11.7895,176.843,4.550000000000001,-7.305064594515573
11.7895,176.843,4.5531250000000005,-7.781102387536799
11.7895,176.843,4.55625,-8.94160636598358
11.7895,176.843,4.559375,-10.025088798594986
11.7895,176.843,4.5625,-10.398228934354929
11.7895,176.843,4.565625000000001,-10.681865936200403
11.7895,176.843,4.5687500000000005,-10.792057767623762
11.7895,176.843,4.571875,-10.754897623483906
11.7895,176.843,4.575,-10.360230016201374
11.7895,176.843,4.578125,-9.745850663900304
11.7895,176.843,4.581250000000001,-8.891048105199557
11.7895,176.843,4.5843750000000005,-8.048286157914625
11.7895,176.843,4.5875,-7.4516792351301735
11.7895,176.843,4.590625,-7.050142778393884
11.7895,176.843,4.59375,-6.765806311154389
11.7895,176.843,4.596875000000001,-6.537324715094365
11.7895,176.843,4.6000000000000005,-6.263439624654423
11.7895,176.843,4.603125,-6.241429156557884
11.7895,176.843,4.60625,-6.4664426669479615
11.7895,176.843,4.609375,-6.483559566632058
11.7895,176.843,4.612500000000001,-6.4860081955410545
11.7895,176.843,4.6156250000000005,-6.773037828632723
11.7895,176.843,4.61875,-6.765353382840359
11.7895,176.843,4.621875,-6.288390038018903
11.7895,176.843,4.625,-6.097951972341505
11.7895,176.843,4.628125000000001,-5.97335007810909
11.7895,176.843,4.6312500000000005,-5.848321588271409
11.7895,176.843,4.634375,-5.712725484849463
11.7895,176.843,4.6375,-5.623661927190017
11.7895,176.843,4.640625,-5.530524123768794
11.7895,176.843,4.643750000000001,-5.766727418199302
11.7895,176.843,4.6468750000000005,-5.971743139512984
11.7895,176.843,4.65,-5.943527785525497
11.7895,176.843,4.653125,-5.641740774210532
11.7895,176.843,4.65625,-5.196546146472922
11.7895,176.843,4.659375000000001,-4.988935249390663
11.7895,176.843,4.6625000000000005,-4.97960402915656
11.7895,176.843,4.665625,-5.378260726415405
11.7895,176.843,4.66875,-5.5473044824971875
11.7895,176.843,4.671875,-5.524548524299245
11.7895,176.843,4.675000000000001,-6.36610899785821
11.7895,176.843,4.6781250000000005,-6.449322124327582
11.7895,176.843,4.68125,-5.723331632441742
11.7895,176.843,4.684375,-5.268043181421584
11.7895,176.843,4.6875,-5.037690626027662
11.7895,176.843,4.690625000000001,-5.1034919956991605
11.7895,176.843,4.6937500000000005,-5.600200755675914
11.7895,176.843,4.696875,-5.729713114132685
11.7895,176.843,4.7,-5.71987505078428
11.7895,176.843,4.703125,-6.369963184063665
11.7895,176.843,4.706250000000001,-6.414912359833584
11.7895,176.843,4.7093750000000005,-6.240842112626761
11.7895,176.843,4.7125,-5.732726159581668
11.7895,176.843,4.715625,-5.432284446758877
11.7895,176.843,4.71875,-5.349018745477261
11.7895,176.843,4.721875000000001,-5.283684315562623
11.7895,176.843,4.7250000000000005,-4.713094694098698
11.7895,176.843,4.728125,-4.901874955766711
11.7895,176.843,4.73125,-5.654818117097276
11.7895,176.843,4.734375,-4.653714517169852
11.7895,176.843,4.737500000000001,-4.481611644841729
11.7895,176.843,4.7406250000000005,-4.460550015729565
11.7895,176.843,4.74375,-4.375486532756005
11.7895,176.843,4.746875,-3.974242988747332
11.7895,176.843,4.75,-4.0031107274446125
11.7895,176.843,4.753125000000001,-4.1137737406260655
11.7895,176.843,4.7562500000000005,-3.868627303285553
11.7895,176.843,4.759375,-3.865299958704831
11.7895,176.843,4.7625,-3.8343828156357067
11.7895,176.843,4.765625,-3.8321900997592278
11.7895,176.843,4.768750000000001,-3.8287432422606833
11.7895,176.843,4.7718750000000005,-3.854074526167721
11.7895,176.843,4.775,-3.884534694473907
11.7895,176.843,4.778125,-3.9219740815633224
11.7895,176.843,4.78125,-3.9701453678031178
11.7895,176.843,4.784375000000001,-4.032896681396636
11.7895,176.843,4.7875000000000005,-4.092050839616906
11.7895,176.843,4.790625,-4.164461305486235
11.7895,176.843,4.79375,-4.219794574023145
11.7895,176.843,4.796875,-4.266013710042264
11.7895,176.843,4.800000000000001,-4.300474690333325
11.7895,176.843,4.8031250000000005,-4.313539185477643
11.7895,176.843,4.80625,-4.317598440185741
11.7895,176.843,4.809375,-4.289061237212185
11.7895,176.843,4.8125,-4.240281582044662
11.7895,176.843,4.815625000000001,-4.177730235770955
11.7895,176.843,4.8187500000000005,-4.103414461087839
11.7895,176.843,4.821875,-4.009474999578853
11.7895,176.843,4.825,-3.9215711494751244
11.7895,176.843,4.828125,-3.8330972059942745
11.7895,176.843,4.831250000000001,-3.749266550866539
11.7895,176.843,4.8343750000000005,-3.673083054926836
11.7895,176.843,4.8375,-3.6126848611665525
11.7895,176.843,4.840625,-3.56583118717515
11.7895,176.843,4.84375,-3.5328125089113094
11.7895,176.843,4.846875000000001,-3.514269967949364
11.7895,176.843,4.8500000000000005,-3.518963098761372
11.7895,176.843,4.853125,-3.5315215749799638
11.7895,176.843,4.85625,-3.566738889727806
11.7895,176.843,4.859375,-3.6139960888717972
11.7895,176.843,4.862500000000001,-3.6730134619149872
11.7895,176.843,4.8656250000000005,-3.747085646011266
11.7895,176.843,4.86875,-3.8316597153949905
11.7895,176.843,4.871875,-3.918594943021523
11.7895,176.843,4.875,-4.013326130750142
11.7895,176.843,4.878125000000001,-4.104297007496274
11.7895,176.843,4.8812500000000005,-4.192493855178242
11.7895,176.843,4.884375,-4.272639125935649
11.7895,176.843,4.8875,-4.338941072791345
11.7895,176.843,4.890625,-4.3842259073202445
11.7895,176.843,4.893750000000001,-4.409337468450874
11.7895,176.843,4.8968750000000005,-4.4089355886573465
11.7895,176.843,4.9,-4.37857863319965
11.7895,176.843,4.903125,-4.330131547578533
11.7895,176.843,4.90625,-4.2574504031818226
11.7895,176.843,4.909375000000001,-4.167493069231428
11.7895,176.843,4.9125000000000005,-4.069099161401425
11.7895,176.843,4.915625,-3.9616181220892637
11.7895,176.843,4.91875,-3.8562311264694404
11.7895,176.843,4.921875,-3.7583762954374125
11.7895,176.843,4.925000000000001,-3.6629378466331906
11.7895,176.843,4.9281250000000005,-3.5805820113223037
11.7895,176.843,4.93125,-3.512406889321626
11.7895,176.843,4.934375,-3.4592720256216625
11.7895,176.843,4.9375,-3.427247225809951
11.7895,176.843,4.940625000000001,-3.4120665483873616
11.7895,176.843,4.9437500000000005,-3.4164016037837297
11.7895,176.843,4.946875,-3.4367512695720643
11.7895,176.843,4.95,-3.4768729062912045
11.7895,176.843,4.953125,-3.532294152001274
11.7895,176.843,4.956250000000001,-3.6039559615988033
11.7895,176.843,4.9593750000000005,-3.688429249149955
11.7895,176.843,4.9625,-3.7839359004401274
11.7895,176.843,4.965625,-3.8919348563864036
11.7895,176.843,4.96875,-4.000407617757781
11.7895,176.843,4.971875000000001,-4.1051811638148346
11.7895,176.843,4.9750000000000005,-4.2104995045395475
11.7895,176.843,4.978125,-4.305034045801576
11.7895,176.843,4.98125,-4.386033385782117
11.7895,176.843,4.984375,-4.449423194226841
11.7895,176.843,4.987500000000001,-4.487405380425457
11.7895,176.843,4.9906250000000005,-4.500373154050364
11.7895,176.843,4.99375,-4.483810523879145
11.7895,176.843,4.996875,-4.448672009461992
11.7895,176.843,5,-4.399522011747152
11.7895,176.843,5.003125000000001,-4.3279224425471865
11.7895,176.843,5.0062500000000005,-4.266957535408845
11.7895,176.843,5.009375,-4.202993382197267
11.7895,176.843,5.0125,-4.1402604559046186
11.7895,176.843,5.015625,-4.082023658844493
11.7895,176.843,5.018750000000001,-4.032233471122773
11.7895,176.843,5.0218750000000005,-3.994455356559511
11.7895,176.843,5.025,-3.9671736672215596
11.7895,176.843,5.028125,-3.9636481561631176
11.7895,176.843,5.03125,-3.970889834772129
11.7895,176.843,5.034375000000001,-4.001014608543518
11.7895,176.843,5.0375000000000005,-4.049422030086641
11.7895,176.843,5.040625,-4.114890554268997
11.7895,176.843,5.04375,-4.197963224654647
11.7895,176.843,5.046875,-4.299059402574636
11.7895,176.843,5.050000000000001,-4.420123598986557
11.7895,176.843,5.0531250000000005,-4.549033079078565
11.7895,176.843,5.05625,-4.692525068641682
11.7895,176.843,5.059375,-4.841216994815765
11.7895,176.843,5.0625,-5.00152109701021
11.7895,176.843,5.065625000000001,-5.155425619411113
11.7895,176.843,5.0687500000000005,-5.298882758107821
11.7895,176.843,5.071875,-5.425628907113369
11.7895,176.843,5.075,-5.526797850155601
11.7895,176.843,5.078125,-5.595629683305953
11.7895,176.843,5.081250000000001,-5.618966428074259
11.7895,176.843,5.0843750000000005,-5.602060221985735
11.7895,176.843,5.0875,-5.547011752052212
11.7895,176.843,5.090625,-5.461769352042337
11.7895,176.843,5.09375,-5.349235497962495
11.7895,176.843,5.096875000000001,-5.225189942436983
11.7895,176.843,5.1000000000000005,-5.097564419878581
11.7895,176.843,5.103125,-4.972666520195315
11.7895,176.843,5.10625,-4.855034592822674
11.7895,176.843,5.109375,-4.730496259884988
11.7895,176.843,5.112500000000001,-4.609615010344241
11.7895,176.843,5.1156250000000005,-4.498094932955473
11.7895,176.843,5.11875,-4.419716355464668
11.7895,176.843,5.121875,-4.363456185178361
11.7895,176.843,5.125,-4.33296579455191
11.7895,176.843,5.128125000000001,-4.326926108039296
11.7895,176.843,5.1312500000000005,-4.345488489258212
11.7895,176.843,5.134375,-4.380103725328402
11.7895,176.843,5.1375,-4.437349215765919
11.7895,176.843,5.140625,-4.509888297052694
11.7895,176.843,5.143750000000001,-4.591038874946457
11.7895,176.843,5.1468750000000005,-4.6867104926488645
11.7895,176.843,5.15,-4.78890180728169
11.7895,176.843,5.153125,-4.897292957383222
11.7895,176.843,5.15625,-5.01498064261444
11.7895,176.843,5.159375000000001,-5.120438344998384
11.7895,176.843,5.1625000000000005,-5.223412719689579
11.7895,176.843,5.165625,-5.311742708254464
11.7895,176.843,5.16875,-5.384905441502691
11.7895,176.843,5.171875,-5.436042837741185
11.7895,176.843,5.175000000000001,-5.454472425290589
11.7895,176.843,5.1781250000000005,-5.447529197716442
11.7895,176.843,5.18125,-5.415854032626269
11.7895,176.843,5.184375,-5.355178550896012
11.7895,176.843,5.1875,-5.275089095774465
11.7895,176.843,5.190625000000001,-5.189356061255781
11.7895,176.843,5.1937500000000005,-5.094038120598794
11.7895,176.843,5.196875,-5.0029686601078165
11.7895,176.843,5.2,-4.9193540973734775
11.7895,176.843,5.203125,-4.842455522763415
11.7895,176.843,5.206250000000001,-4.7850344523041795
11.7895,176.843,5.2093750000000005,-4.736250939718667
11.7895,176.843,5.2125,-4.696427113579119
11.7895,176.843,5.215625,-4.679083765072034
11.7895,176.843,5.21875,-4.690689631874484
11.7895,176.843,5.221875000000001,-4.737520595519905
11.7895,176.843,5.2250000000000005,-4.807795382993538
11.7895,176.843,5.228125,-4.908907310642806
11.7895,176.843,5.23125,-5.039956191207166
11.7895,176.843,5.234375,-5.1984912570390875
11.7895,176.843,5.237500000000001,-5.3794854543347
11.7895,176.843,5.2406250000000005,-5.592177243227275
11.7895,176.843,5.24375,-5.837433968735212
11.7895,176.843,5.246875,-6.102860079648797
11.7895,176.843,5.25,-6.407777679586008
11.7895,176.843,5.253125000000001,-6.774522104056349
11.7895,176.843,5.2562500000000005,-7.230209785709918
11.7895,176.843,5.259375,-7.858767528549302
11.7895,176.843,5.2625,-8.83668238496029
11.7895,176.843,5.265625,-10.347773586910282
11.7895,176.843,5.268750000000001,-11.332742005400602
11.7895,176.843,5.2718750000000005,-9.95497049190728
11.7895,176.843,5.275,-8.355425134564417
11.7895,176.843,5.278125,-7.432277753032912
11.7895,176.843,5.28125,-6.886838667188837
11.7895,176.843,5.284375000000001,-6.511776651185155
11.7895,176.843,5.2875000000000005,-6.210211634344387
11.7895,176.843,5.290625,-5.952064340183426
11.7895,176.843,5.29375,-5.73357291727663
11.7895,176.843,5.296875,-5.546687758884358
11.7895,176.843,5.300000000000001,-5.393753614036453
11.7895,176.843,5.3031250000000005,-5.273295101125212
11.7895,176.843,5.30625,-5.177248978529719
11.7895,176.843,5.309375,-5.126652691981029
11.7895,176.843,5.3125,-5.09219173690477
11.7895,176.843,5.315625000000001,-5.076874936861615
11.7895,176.843,5.3187500000000005,-5.096970423477316
11.7895,176.843,5.321875,-5.143472134948786
11.7895,176.843,5.325,-5.200916848826642
11.7895,176.843,5.328125,-5.268379257255055
11.7895,176.843,5.331250000000001,-5.355961372979553
11.7895,176.843,5.3343750000000005,-5.449865107440366
11.7895,176.843,5.3375,-5.537613796248369
11.7895,176.843,5.340625,-5.633566251455337
11.7895,176.843,5.34375,-5.7279275946744255
11.7895,176.843,5.346875000000001,-5.810508541151782
11.7895,176.843,5.3500000000000005,-5.879116561528624
11.7895,176.843,5.353125,-5.921332604744659
11.7895,176.843,5.35625,-5.943710557790199
11.7895,176.843,5.359375,-5.9269696743056235
11.7895,176.843,5.362500000000001,-5.8784443460428415
11.7895,176.843,5.3656250000000005,-5.795493136894256
11.7895,176.843,5.36875,-5.688152734054496
11.7895,176.843,5.371875,-5.563009836142678
11.7895,176.843,5.375,-5.423525806574743
11.7895,176.843,5.378125000000001,-5.2784274856500595
11.7895,176.843,5.3812500000000005,-5.139216901480519
11.7895,176.843,5.384375,-5.011021423861635
11.7895,176.843,5.3875,-4.897016213678842
11.7895,176.843,5.390625,-4.811099114164486
11.7895,176.843,5.393750000000001,-4.734907386129646
11.7895,176.843,5.3968750000000005,-4.692442849699814
11.7895,176.843,5.4,-4.668671603035791
11.7895,176.843,5.403125,-4.673911925708645
11.7895,176.843,5.40625,-4.697872951921081
11.7895,176.843,5.409375000000001,-4.746850914729146
11.7895,176.843,5.4125000000000005,-4.81141077913364
11.7895,176.843,5.415625,-4.8989142211507195
11.7895,176.843,5.41875,-5.002796001493194
11.7895,176.843,5.421875,-5.121301604160697
11.7895,176.843,5.425000000000001,-5.258760459920797
11.7895,176.843,5.4281250000000005,-5.410213698978077
11.7895,176.843,5.43125,-5.566963015134505
11.7895,176.843,5.434375,-5.726955301487148
11.7895,176.843,5.4375,-5.879775629908384
11.7895,176.843,5.440625000000001,-6.022248947319566
11.7895,176.843,5.4437500000000005,-6.143575943719707
11.7895,176.843,5.446875,-6.234529515637512
11.7895,176.843,5.45,-6.292748957488397
11.7895,176.843,5.453125,-6.310280906171099
11.7895,176.843,5.456250000000001,-6.276951471923416
11.7895,176.843,5.4593750000000005,-6.21602473357895
11.7895,176.843,5.4625,-6.114743856780792
11.7895,176.843,5.465625,-5.973613009784641
11.7895,176.843,5.46875,-5.816189637438889
11.7895,176.843,5.471875000000001,-5.651873619851894
11.7895,176.843,5.4750000000000005,-5.48646078855909
11.7895,176.843,5.478125,-5.333046709516417
11.7895,176.843,5.48125,-5.181372999394362
11.7895,176.843,5.484375,-5.059095853634198
11.7895,176.843,5.487500000000001,-4.961439852995596
11.7895,176.843,5.4906250000000005,-4.892832731607268
11.7895,176.843,5.49375,-4.851903107440395
11.7895,176.843,5.496875,-4.834734315186077
11.7895,176.843,5.5,-4.8438728066034775
11.7895,176.843,5.503125000000001,-4.8694730635177255
11.7895,176.843,5.5062500000000005,-4.919937255474828
11.7895,176.843,5.509375,-4.985737177241556
11.7895,176.843,5.5125,-5.0665940364918205
11.7895,176.843,5.515625,-5.150409370512248
11.7895,176.843,5.518750000000001,-5.2434525628311555
11.7895,176.843,5.5218750000000005,-5.329436332092517
11.7895,176.843,5.525,-5.4069146048432675
11.7895,176.843,5.528125,-5.468658407584016
11.7895,176.843,5.53125,-5.510811161216028
11.7895,176.843,5.534375000000001,-5.5352321098704245
11.7895,176.843,5.5375000000000005,-5.527570736058232
11.7895,176.843,5.540625,-5.490990722777057
11.7895,176.843,5.54375,-5.421681133691557
11.7895,176.843,5.546875,-5.3256996067169124
11.7895,176.843,5.550000000000001,-5.208559228197839
11.7895,176.843,5.5531250000000005,-5.069094379170778
11.7895,176.843,5.55625,-4.920664778707281
11.7895,176.843,5.559375,-4.776162907979639
11.7895,176.843,5.5625,-4.622652211719309
11.7895,176.843,5.565625000000001,-4.485023479165156
11.7895,176.843,5.5687500000000005,-4.358982591082142
11.7895,176.843,5.571875,-4.247638307677542
11.7895,176.843,5.575,-4.1583295453669225
11.7895,176.843,5.578125,-4.097124165958036
11.7895,176.843,5.581250000000001,-4.054298637969586
11.7895,176.843,5.5843750000000005,-4.021373338260787
11.7895,176.843,5.5875,-4.026322618273768
11.7895,176.843,5.590625,-4.047220282878223
11.7895,176.843,5.59375,-4.096090669771634
11.7895,176.843,5.596875000000001,-4.16473263304317
11.7895,176.843,5.6000000000000005,-4.254513878529147
11.7895,176.843,5.603125,-4.355001048448992
11.7895,176.843,5.60625,-4.470781008063961
11.7895,176.843,5.609375,-4.5969110980282695
11.7895,176.843,5.612500000000001,-4.722951288452853
11.7895,176.843,5.6156250000000005,-4.855005061319504
11.7895,176.843,5.61875,-4.982006144960869
11.7895,176.843,5.621875,-5.085456292418167
11.7895,176.843,5.625,-5.16742719730889
11.7895,176.843,5.628125000000001,-5.223388278258602
11.7895,176.843,5.6312500000000005,-5.240195020521331
11.7895,176.843,5.634375,-5.23078764509024
11.7895,176.843,5.6375,-5.1819077574159955
11.7895,176.843,5.640625,-5.092609706226976
11.7895,176.843,5.643750000000001,-4.982394461901519
11.7895,176.843,5.6468750000000005,-4.840713146847143
11.7895,176.843,5.65,-4.695332805857265
11.7895,176.843,5.653125,-4.5372118935612225
11.7895,176.843,5.65625,-4.3874550661586555
11.7895,176.843,5.659375000000001,-4.258183355586736
11.7895,176.843,5.6625000000000005,-4.13482433742345
11.7895,176.843,5.665625,-4.040891776215753
11.7895,176.843,5.66875,-3.968441280040969
11.7895,176.843,5.671875,-3.9104009214447766
11.7895,176.843,5.675000000000001,-3.8771849672576093
11.7895,176.843,5.6781250000000005,-3.874986349584322
11.7895,176.843,5.68125,-3.8851826622803793
11.7895,176.843,5.684375,-3.914786859707095
11.7895,176.843,5.6875,-3.958105177913959
11.7895,176.843,5.690625000000001,-4.020605368118578
11.7895,176.843,5.6937500000000005,-4.091446971779037
11.7895,176.843,5.696875,-4.166333809894931
11.7895,176.843,5.7,-4.243588250136762
11.7895,176.843,5.703125,-4.308629511160232
11.7895,176.843,5.706250000000001,-4.373849667084753
11.7895,176.843,5.7093750000000005,-4.423586193197834
11.7895,176.843,5.7125,-4.457653488771259
11.7895,176.843,5.715625,-4.461704871385635
11.7895,176.843,5.71875,-4.441615710084264
11.7895,176.843,5.721875000000001,-4.391869207862638
11.7895,176.843,5.7250000000000005,-4.321541583280954
11.7895,176.843,5.728125,-4.216656263951274
11.7895,176.843,5.73125,-4.085138079113734
11.7895,176.843,5.734375,-3.945866416576667
11.7895,176.843,5.737500000000001,-3.7877065438890307
11.7895,176.843,5.7406250000000005,-3.6279997055802675
11.7895,176.843,5.74375,-3.471102723389068
11.7895,176.843,5.746875,-3.328806070581989
11.7895,176.843,5.75,-3.2032572208594665
11.7895,176.843,5.753125000000001,-3.0894216516050363
11.7895,176.843,5.7562500000000005,-3.0032424757234666
11.7895,176.843,5.759375,-2.9403843721227148
11.7895,176.843,5.7625,-2.899838926298859
11.7895,176.843,5.765625,-2.889993886009705
11.7895,176.843,5.768750000000001,-2.8986927405987566
11.7895,176.843,5.7718750000000005,-2.9394854555059515
11.7895,176.843,5.775,-2.986363676445574
11.7895,176.843,5.778125,-3.056709463572962
11.7895,176.843,5.78125,-3.1416486612809975
11.7895,176.843,5.784375000000001,-3.2273646976362844
11.7895,176.843,5.7875000000000005,-3.328174578656147
11.7895,176.843,5.790625,-3.423233577506405
11.7895,176.843,5.79375,-3.5251502791370433
11.7895,176.843,5.796875,-3.6124612168949
11.7895,176.843,5.800000000000001,-3.6872436140629268
11.7895,176.843,5.8031250000000005,-3.7468626662166487
11.7895,176.843,5.80625,-3.7776249403380446
11.7895,176.843,5.809375,-3.783733832084295
11.7895,176.843,5.8125,-3.7701170240106663
11.7895,176.843,5.815625000000001,-3.729138669434699
11.7895,176.843,5.8187500000000005,-3.6632533905021276
11.7895,176.843,5.821875,-3.576754365513415
11.7895,176.843,5.825,-3.467722279973735
11.7895,176.843,5.828125,-3.3527067042324052
11.7895,176.843,5.831250000000001,-3.224015227670019
11.7895,176.843,5.8343750000000005,-3.10152071714048
11.7895,176.843,5.8375,-2.9890449881126235
11.7895,176.843,5.840625,-2.88371701765611
11.7895,176.843,5.84375,-2.796491803616375
11.7895,176.843,5.846875000000001,-2.7302719912672604
11.7895,176.843,5.8500000000000005,-2.68658448174142
11.7895,176.843,5.853125,-2.664325955699196
11.7895,176.843,5.85625,-2.663841714305066
11.7895,176.843,5.859375,-2.6887527310738504
11.7895,176.843,5.862500000000001,-2.7349982292659965
11.7895,176.843,5.8656250000000005,-2.798878965789507
11.7895,176.843,5.86875,-2.872214226502517
11.7895,176.843,5.871875,-2.960197953324441
11.7895,176.843,5.875,-3.057815906642622
11.7895,176.843,5.878125000000001,-3.1573932374169793
11.7895,176.843,5.8812500000000005,-3.244774845319149
11.7895,176.843,5.884375,-3.332876036774344
11.7895,176.843,5.8875,-3.4063507288608803
11.7895,176.843,5.890625,-3.4588959249458933
11.7895,176.843,5.893750000000001,-3.491393872178982
11.7895,176.843,5.8968750000000005,-3.5033906730779085
11.7895,176.843,5.9,-3.4769666014865033
11.7895,176.843,5.903125,-3.4228556974397257
11.7895,176.843,5.90625,-3.33352881669032
11.7895,176.843,5.909375000000001,-3.210799282538584
11.7895,176.843,5.9125000000000005,-3.0750452676960287
11.7895,176.843,5.915625,-2.9269821328802577
11.7895,176.843,5.91875,-2.758318150503602
11.7895,176.843,5.921875,-2.5943151109473215
11.7895,176.843,5.925000000000001,-2.437264485419927
11.7895,176.843,5.9281250000000005,-2.300978892274271
11.7895,176.843,5.93125,-2.1784876895816767
11.7895,176.843,5.934375,-2.077472879550326
11.7895,176.843,5.9375,-2.0095005871508373
11.7895,176.843,5.940625000000001,-1.9653227517277736
11.7895,176.843,5.9437500000000005,-1.9481255436915734
11.7895,176.843,5.946875,-1.954199401995762
11.7895,176.843,5.95,-1.9841028674832568
11.7895,176.843,5.953125,-2.0315117480140215
11.7895,176.843,5.956250000000001,-2.1012440445601412
11.7895,176.843,5.9593750000000005,-2.1846986800773682
11.7895,176.843,5.9625,-2.2781392769634086
11.7895,176.843,5.965625,-2.383866470538128
11.7895,176.843,5.96875,-2.4877430610332034
11.7895,176.843,5.971875000000001,-2.6041766106087367
11.7895,176.843,5.9750000000000005,-2.717429406134502
11.7895,176.843,5.978125,-2.8317217377288904
11.7895,176.843,5.98125,-2.9327866513408374
11.7895,176.843,5.984375,-3.0220739920008297
11.7895,176.843,5.987500000000001,-3.0852175967498767
11.7895,176.843,5.9906250000000005,-3.1217302481899942
11.7895,176.843,5.99375,-3.1262017411893894
11.7895,176.843,5.996875,-3.098031099653465
11.7895,176.843,6,-3.0467347509630267
