t	Voltage
175	-1.869476
175	-1.864854
175	-1.860573
175	-1.856158
175	-1.852295
175	-1.848251
175	-1.844572
175	-1.840421
175	-1.837492
175	-1.834176
175	-1.831608
175	-1.8292
175	-1.826789
175	-1.825267
175	-1.822808
175	-1.820174
175	-1.818155
175	-1.817264
175	-1.819314
175	-1.823923
175	-1.830224
175	-1.836986
175	-1.843208
175	-1.848617
175	-1.852962
175	-1.856365
175	-1.858954
175	-1.860872
175	-1.862313
175	-1.863269
175	-1.863921
175	-1.86427
175	-1.864347
175	-1.864151
175	-1.863825
175	-1.863531
175	-1.8636
175	-1.864266
175	-1.865616
175	-1.867458
175	-1.869418
175	-1.871071
175	-1.872115
175	-1.872405
175	-1.872091
175	-1.871241
175	-1.870059
175	-1.868702
175	-1.867226
175	-1.865783
175	-1.864466
175	-1.863357
175	-1.862472
175	-1.861735
175	-1.860915
175	-1.859755
175	-1.858047
175	-1.855658
175	-1.852735
175	-1.849508
175	-1.846211
175	-1.843094
175	-1.840416
175	-1.838261
175	-1.836891
175	-1.836307
175	-1.836497
175	-1.837446
175	-1.838929
175	-1.840775
175	-1.842812
175	-1.844978
175	-1.847287
175	-1.849912
175	-1.852874
175	-1.856166
175	-1.859449
175	-1.862485
175	-1.865075
175	-1.867134
175	-1.868775
175	-1.870041
175	-1.871055
175	-1.871954
175	-1.872788
175	-1.873656
175	-1.87454
175	-1.875479
175	-1.876413
175	-1.877304
175	-1.878117
175	-1.878729
175	-1.878921
175	-1.878512
175	-1.877335
175	-1.875371
175	-1.872775
175	-1.869692
175	-1.866264
175	-1.86264
175	-1.858883
175	-1.855054
175	-1.851143
175	-1.847181
175	-1.843184
175	-1.839066
175	-1.834959
175	-1.830775
175	-1.826612
175	-1.822499
175	-1.818606
175	-1.815001
175	-1.812174
175	-1.810371
175	-1.810289
175	-1.812334
175	-1.81661
175	-1.822714
175	-1.829701
175	-1.836702
175	-1.843043
175	-1.848375
175	-1.852654
175	-1.855906
175	-1.85824
175	-1.859775
175	-1.860653
175	-1.860981
175	-1.860871
175	-1.86042
175	-1.85981
175	-1.859108
175	-1.858569
175	-1.858375
175	-1.858781
175	-1.859878
175	-1.86169
175	-1.864007
175	-1.866377
175	-1.868406
175	-1.869748
175	-1.870389
175	-1.870461
175	-1.870125
175	-1.869642
175	-1.869156
175	-1.868767
175	-1.868611
175	-1.868706
175	-1.86896
175	-1.869297
175	-1.869594
175	-1.869625
175	-1.869224
175	-1.868136
175	-1.866252
175	-1.863687
175	-1.860631
175	-1.85742
175	-1.854236
175	-1.851293
175	-1.848685
175	-1.846488
175	-1.844589
175	-1.842986
175	-1.841508
175	-1.840077
175	-1.838619
175	-1.837126
175	-1.835656
175	-1.834353
175	-1.833507
175	-1.833487
175	-1.834679
175	-1.837283
175	-1.841054
175	-1.845522
175	-1.850072
175	-1.854298
175	-1.858028
175	-1.861214
175	-1.86393
175	-1.866187
175	-1.868064
175	-1.869555
175	-1.870791
175	-1.871715
175	-1.87239
175	-1.872931
175	-1.873334
175	-1.873772
175	-1.874314
175	-1.875049
175	-1.875998
175	-1.876956
175	-1.877585
175	-1.877597
175	-1.876824
175	-1.87524
175	-1.872973
175	-1.870103
175	-1.866829
175	-1.86327
175	-1.859518
175	-1.855736
175	-1.851927
175	-1.848161
175	-1.844463
175	-1.840854
175	-1.837188
175	-1.833495
175	-1.829695
175	-1.82585
175	-1.822075
175	-1.818551
175	-1.815577
175	-1.813566
175	-1.812903
175	-1.814248
175	-1.817781
175	-1.823208
175	-1.829751
175	-1.836564
175	-1.842806
175	-1.848209
175	-1.85265
175	-1.856105
175	-1.858701
175	-1.860542
175	-1.8617
175	-1.862342
175	-1.862439
175	-1.862205
175	-1.861733
175	-1.86116
175	-1.860677
175	-1.860459
175	-1.860736
175	-1.861645
175	-1.863254
175	-1.865342
175	-1.867549
175	-1.869423
175	-1.870624
175	-1.871037
175	-1.870841
175	-1.870149
175	-1.869209
175	-1.868232
175	-1.867315
175	-1.86664
175	-1.866167
175	-1.865975
175	-1.865898
175	-1.865846
175	-1.865597
175	-1.864923
175	-1.863597
175	-1.861495
175	-1.858783
175	-1.855663
175	-1.852428
175	-1.849308
175	-1.846579
175	-1.844336
175	-1.842648
175	-1.841552
175	-1.840932
175	-1.840666
175	-1.840588
175	-1.840593
175	-1.840597
175	-1.840701
175	-1.84098
175	-1.841743
175	-1.843235
175	-1.845707
175	-1.849032
175	-1.852806
175	-1.85655
175	-1.85995
175	-1.862868
175	-1.865328
175	-1.867398
175	-1.869146
175	-1.870646
175	-1.87194
175	-1.873093
175	-1.874104
175	-1.875026
175	-1.875844
175	-1.876582
175	-1.877304
175	-1.878046
175	-1.87877
175	-1.879314
175	-1.879391
175	-1.87878
175	-1.877385
175	-1.875262
175	-1.872513
175	-1.869286
175	-1.865691
175	-1.861814
175	-1.857725
175	-1.853567
175	-1.84929
175	-1.844996
175	-1.840722
175	-1.83646
175	-1.832163
175	-1.827912
175	-1.823688
175	-1.81953
175	-1.815564
175	-1.812055
175	-1.80924
175	-1.807692
175	-1.807902
175	-1.810489
175	-1.815411
175	-1.822197
175	-1.829729
175	-1.83699
175	-1.843289
175	-1.848466
175	-1.85245
175	-1.855409
175	-1.857461
175	-1.858723
175	-1.859401
175	-1.859523
175	-1.859227
175	-1.858668
175	-1.857919
175	-1.857132
175	-1.856552
175	-1.856416
175	-1.856928
175	-1.8582
175	-1.860255
175	-1.862759
175	-1.865297
175	-1.867445
175	-1.868935
175	-1.869745
175	-1.870073
175	-1.870066
175	-1.869934
175	-1.869857
175	-1.869899
175	-1.870127
175	-1.870543
175	-1.871082
175	-1.871673
175	-1.872153
175	-1.872392
175	-1.872132
175	-1.871223
175	-1.869516
175	-1.867043
175	-1.864085
175	-1.860876
175	-1.857628
175	-1.854519
175	-1.851608
175	-1.848937
175	-1.846448
175	-1.844065
175	-1.841752
175	-1.839363
175	-1.836921
175	-1.834445
175	-1.831961
175	-1.829581
175	-1.827634
175	-1.826452
175	-1.826409
175	-1.827953
175	-1.831144
175	-1.835621
175	-1.840745
175	-1.845897
175	-1.850684
175	-1.854892
175	-1.858474
175	-1.861513
175	-1.86393
175	-1.865856
175	-1.867294
175	-1.868278
175	-1.868962
175	-1.869298
175	-1.869433
175	-1.869495
175	-1.8696
175	-1.869939
175	-1.870641
175	-1.871726
175	-1.873041
175	-1.874304
175	-1.875139
175	-1.87524
175	-1.874522
175	-1.872988
175	-1.870829
175	-1.868223
175	-1.865321
175	-1.862285
175	-1.859236
175	-1.856271
175	-1.853487
175	-1.850804
175	-1.848225
175	-1.845636
175	-1.842869
175	-1.839867
175	-1.836529
175	-1.833037
175	-1.829577
175	-1.826382
175	-1.823767
175	-1.822109
175	-1.821756
175	-1.823118
175	-1.826126
175	-1.830538
175	-1.835791
175	-1.841285
175	-1.846518
175	-1.85126
175	-1.855399
175	-1.858914
175	-1.86174
175	-1.863931
175	-1.865494
175	-1.8665
175	-1.867056
175	-1.867218
175	-1.867151
175	-1.866961
175	-1.866816
175	-1.866934
175	-1.867432
175	-1.868374
175	-1.869738
175	-1.871334
175	-1.87278
175	-1.873711
175	-1.87385
175	-1.873109
175	-1.871677
175	-1.869642
175	-1.867267
175	-1.864762
175	-1.862263
175	-1.859912
175	-1.857759
175	-1.855842
175	-1.854103
175	-1.852347
175	-1.850426
175	-1.84818
175	-1.84549
175	-1.8424
175	-1.839058
175	-1.835708
175	-1.832624
175	-1.830162
175	-1.828557
175	-1.828238
175	-1.829329
175	-1.831724
175	-1.835194
175	-1.839281
175	-1.84363
175	-1.847922
175	-1.851994
175	-1.855793
175	-1.85922
175	-1.862259
175	-1.864839
175	-1.866861
175	-1.868365
175	-1.86935
175	-1.869955
175	-1.870276
175	-1.870456
175	-1.870667
175	-1.871006
175	-1.871609
175	-1.87251
175	-1.873634
175	-1.874815
175	-1.875849
175	-1.87638
175	-1.876186
175	-1.875168
175	-1.873331
175	-1.870841
175	-1.867845
175	-1.864618
175	-1.861279
175	-1.857947
175	-1.854708
175	-1.851584
175	-1.848555
175	-1.845574
175	-1.842528
175	-1.839265
175	-1.835791
175	-1.832171
175	-1.828512
175	-1.824928
175	-1.821712
175	-1.819179
175	-1.817798
175	-1.817991
175	-1.820135
175	-1.82412
175	-1.829496
175	-1.835506
175	-1.841467
175	-1.846945
175	-1.851735
175	-1.855735
175	-1.858951
175	-1.861423
175	-1.863224
175	-1.864381
175	-1.865001
175	-1.865208
175	-1.865077
175	-1.864724
175	-1.864358
175	-1.864123
175	-1.864208
175	-1.864815
175	-1.865964
175	-1.867616
175	-1.869486
175	-1.871159
175	-1.872231
175	-1.872493
175	-1.871958
175	-1.870754
175	-1.86911
175	-1.867275
175	-1.865384
175	-1.863613
175	-1.862066
175	-1.86081
175	-1.859759
175	-1.858842
175	-1.857853
175	-1.856613
175	-1.854866
175	-1.852515
175	-1.849659
175	-1.846416
175	-1.843137
175	-1.840083
175	-1.837576
175	-1.835804
175	-1.835022
175	-1.835259
175	-1.836473
175	-1.838449
175	-1.840893
175	-1.843644
175	-1.846441
175	-1.849262
175	-1.852098
175	-1.855037
175	-1.858048
175	-1.861013
175	-1.863803
175	-1.866198
175	-1.868133
175	-1.869578
175	-1.870682
175	-1.871522
175	-1.872243
175	-1.872947
175	-1.873718
175	-1.874591
175	-1.875485
175	-1.876485
175	-1.877359
175	-1.87804
175	-1.878364
175	-1.878204
175	-1.877359
175	-1.875752
175	-1.873383
175	-1.870439
175	-1.867068
175	-1.863457
175	-1.859701
175	-1.855869
175	-1.852037
175	-1.848134
175	-1.844259
175	-1.840291
175	-1.836249
175	-1.83214
175	-1.828025
175	-1.823962
175	-1.820017
175	-1.816382
175	-1.813277
175	-1.811077
175	-1.810384
175	-1.811677
175	-1.815271
175	-1.820887
175	-1.827712
175	-1.834754
175	-1.841285
175	-1.846894
175	-1.851463
175	-1.855014
175	-1.857642
175	-1.85942
175	-1.860495
175	-1.861005
175	-1.861054
175	-1.860719
175	-1.860149
175	-1.859484
175	-1.858881
175	-1.858592
175	-1.85879
175	-1.85968
175	-1.861293
175	-1.863439
175	-1.865851
175	-1.867961
175	-1.869476
175	-1.870242
175	-1.870362
175	-1.870042
175	-1.869492
175	-1.868891
175	-1.868371
175	-1.868057
175	-1.867972
175	-1.868104
175	-1.868377
175	-1.868638
175	-1.868735
175	-1.868403
175	-1.867467
175	-1.865771
175	-1.863304
175	-1.860324
175	-1.857112
175	-1.853919
175	-1.850923
175	-1.8483
175	-1.846126
175	-1.844295
175	-1.842783
175	-1.841541
175	-1.840342
175	-1.839171
175	-1.837968
175	-1.836748
175	-1.835702
175	-1.835001
175	-1.835011
175	-1.836161
175	-1.838628
175	-1.842263
175	-1.846537
175	-1.850931
175	-1.855045
175	-1.858638
175	-1.861723
175	-1.864329
175	-1.866533
175	-1.868346
175	-1.869871
175	-1.871116
175	-1.872097
175	-1.872868
175	-1.873476
175	-1.873981
175	-1.874464
175	-1.875057
175	-1.875824
175	-1.876714
175	-1.87753
175	-1.878007
175	-1.877798
175	-1.876794
175	-1.875008
175	-1.872546
175	-1.869546
175	-1.866127
175	-1.862448
175	-1.858584
175	-1.85464
175	-1.850664
175	-1.846723
175	-1.842871
175	-1.839058
175	-1.835226
175	-1.831332
175	-1.827449
175	-1.823496
175	-1.819671
175	-1.816176
175	-1.813324
175	-1.811476
175	-1.811203
175	-1.813027
175	-1.81713
175	-1.82314
175	-1.830067
175	-1.837004
175	-1.843261
175	-1.848541
175	-1.852786
175	-1.856014
175	-1.858392
175	-1.860004
175	-1.860963
175	-1.861379
175	-1.861354
175	-1.861001
175	-1.860439
175	-1.859786
175	-1.859263
175	-1.859077
175	-1.859455
175	-1.860568
175	-1.862327
175	-1.864575
175	-1.866878
175	-1.868801
175	-1.870022
175	-1.870514
175	-1.870443
175	-1.869951
175	-1.869266
175	-1.868562
175	-1.867986
175	-1.86762
175	-1.867503
175	-1.867579
175	-1.867778
175	-1.867917
175	-1.867832
175	-1.86727
175	-1.866059
175	-1.864003
175	-1.861308
175	-1.858221
175	-1.854986
175	-1.851849
175	-1.849003
175	-1.846591
175	-1.844611
175	-1.843066
175	-1.841872
175	-1.840893
175	-1.839979
175	-1.839124
175	-1.838231
175	-1.837374
175	-1.836771
175	-1.836601
175	-1.837314
175	-1.839204
175	-1.842284
175	-1.846242
175	-1.85049
175	-1.854573
175	-1.858253
175	-1.861391
175	-1.864068
175	-1.866316
175	-1.868186
175	-1.869774
175	-1.871094
175	-1.872211
175	-1.873104
175	-1.873827
175	-1.874438
175	-1.875016
175	-1.875616
175	-1.876339
175	-1.877162
175	-1.877962
175	-1.878407
175	-1.878271
175	-1.877315
175	-1.875589
175	-1.873175
175	-1.870218
175	-1.866811
175	-1.863101
175	-1.85921
175	-1.855175
175	-1.851082
175	-1.847036
175	-1.84298
175	-1.839003
175	-1.835025
175	-1.831026
175	-1.826989
175	-1.82299
175	-1.819059
175	-1.815428
175	-1.812385
175	-1.81035
175	-1.809762
175	-1.811316
175	-1.815136
175	-1.821045
175	-1.828091
175	-1.835284
175	-1.841792
175	-1.847303
175	-1.851717
175	-1.855099
175	-1.857555
175	-1.859205
175	-1.86018
175	-1.860619
175	-1.860603
175	-1.860228
175	-1.859632
175	-1.858936
175	-1.85835
175	-1.858057
175	-1.858313
175	-1.859288
175	-1.86099
175	-1.863244
175	-1.865683
175	-1.867813
175	-1.869312
175	-1.870082
175	-1.870249
175	-1.870035
175	-1.869577
175	-1.869077
175	-1.868702
175	-1.868523
175	-1.868556
175	-1.868798
175	-1.869141
175	-1.869469
175	-1.869598
175	-1.8693
175	-1.868345
175	-1.866658
175	-1.864165
175	-1.861213
175	-1.857995
175	-1.854767
175	-1.851767
175	-1.84908
175	-1.846738
175	-1.844757
175	-1.843019
175	-1.841485
175	-1.840024
175	-1.838493
175	-1.836942
175	-1.835413
175	-1.834036
175	-1.832995
175	-1.832759
175	-1.833615
175	-1.835899
175	-1.8395
175	-1.843896
175	-1.848526
175	-1.852883
175	-1.856786
175	-1.860137
175	-1.862957
175	-1.865314
175	-1.867274
175	-1.868888
175	-1.870148
175	-1.87113
175	-1.871878
175	-1.872412
175	-1.872825
175	-1.873211
175	-1.873713
175	-1.874383
175	-1.875304
175	-1.876293
175	-1.877068
175	-1.877324
175	-1.876803
175	-1.875463
175	-1.873393
175	-1.87071
175	-1.867548
175	-1.8641
175	-1.860425
175	-1.856671
175	-1.852894
175	-1.849149
175	-1.845517
175	-1.841917
175	-1.838356
175	-1.83474
175	-1.830984
175	-1.827148
175	-1.82335
175	-1.819741
175	-1.816586
175	-1.814236
175	-1.813183
175	-1.813912
175	-1.81675
175	-1.821643
175	-1.827888
175	-1.834626
175	-1.841067
175	-1.846729
175	-1.851437
175	-1.855152
175	-1.858023
175	-1.860081
175	-1.861457
175	-1.862239
175	-1.862513
175	-1.862424
175	-1.86202
175	-1.861488
175	-1.86096
175	-1.860647
175	-1.860773
175	-1.861509
175	-1.862906
175	-1.864863
175	-1.867029
175	-1.869023
175	-1.870378
175	-1.870976
175	-1.870863
175	-1.870203
175	-1.869272
175	-1.868178
175	-1.867162
175	-1.866303
175	-1.865687
175	-1.865334
175	-1.865154
175	-1.865042
175	-1.864796
175	-1.864195
175	-1.863009
175	-1.861083
175	-1.85848
175	-1.855418
175	-1.852159
175	-1.849001
175	-1.846168
175	-1.843846
175	-1.842125
175	-1.840983
175	-1.840461
175	-1.840312
175	-1.840436
175	-1.840703
175	-1.840969
175	-1.841299
175	-1.841822
175	-1.842719
175	-1.84425
175	-1.846651
175	-1.849855
175	-1.853488
175	-1.857149
175	-1.860413
175	-1.863268
175	-1.865629
175	-1.867614
175	-1.869295
175	-1.870716
175	-1.871971
175	-1.873132
175	-1.874159
175	-1.875076
175	-1.87593
175	-1.87672
175	-1.877482
175	-1.878224
175	-1.878862
175	-1.879313
175	-1.879274
