t	Voltage
456	1.904781
456	1.911022
456	1.916934
456	1.922486
456	1.9276
456	1.932269
456	1.936443
456	1.94008
456	1.943144
456	1.945637
456	1.947508
456	1.948753
456	1.94935
456	1.94931
456	1.94863
456	1.947299
456	1.945348
456	1.942779
456	1.939637
456	1.935939
456	1.931701
456	1.926977
456	1.921814
456	1.916237
456	1.910292
456	1.904026
456	1.897498
456	1.890739
456	1.883795
456	1.876766
456	1.869671
456	1.862656
456	1.855792
456	1.849296
456	1.84339
456	1.83846
456	1.834829
456	1.832941
456	1.832988
456	1.83495
456	1.838659
456	1.843664
456	1.849639
456	1.856195
456	1.86311
456	1.870168
456	1.877298
456	1.884357
456	1.891308
456	1.89808
456	1.904604
456	1.910853
456	1.916777
456	1.92233
456	1.927448
456	1.932125
456	1.936304
456	1.939932
456	1.943007
456	1.945505
456	1.947379
456	1.948634
456	1.949229
456	1.949188
456	1.948511
456	1.947181
456	1.945231
456	1.942664
456	1.939521
456	1.935825
456	1.931588
456	1.926864
456	1.921706
456	1.916124
456	1.910186
456	1.903915
456	1.89739
456	1.890628
456	1.883685
456	1.876664
456	1.869561
456	1.862546
456	1.85568
456	1.849184
456	1.84328
456	1.838347
456	1.834715
456	1.832835
456	1.83288
456	1.834845
456	1.838553
456	1.843563
456	1.849536
456	1.856096
456	1.863014
456	1.870071
456	1.877206
456	1.884263
456	1.891221
456	1.89799
456	1.904517
456	1.910765
456	1.916691
456	1.922247
456	1.927367
456	1.932046
456	1.936226
456	1.939863
456	1.942938
456	1.945435
456	1.947306
456	1.948562
456	1.949161
456	1.949122
456	1.948449
456	1.947115
456	1.945168
456	1.9426
456	1.939459
456	1.935766
456	1.931528
456	1.926802
456	1.921642
456	1.916065
456	1.910122
456	1.903858
456	1.897329
456	1.890561
456	1.88363
456	1.876602
456	1.869502
456	1.862486
456	1.855628
456	1.849133
456	1.843227
456	1.838293
456	1.834658
456	1.832786
456	1.832827
456	1.834788
456	1.838504
456	1.843514
456	1.849493
456	1.856051
456	1.86297
456	1.870031
456	1.877169
456	1.884228
456	1.891185
456	1.897959
456	1.904484
456	1.910734
456	1.916654
456	1.922214
456	1.927335
456	1.932013
456	1.936194
456	1.939833
456	1.942909
456	1.945405
456	1.947277
456	1.948533
456	1.949126
456	1.94909
456	1.948414
456	1.947083
456	1.945138
456	1.942572
456	1.939437
456	1.935739
456	1.931499
456	1.92678
456	1.921627
456	1.916044
456	1.910098
456	1.903836
456	1.897308
456	1.890547
456	1.883605
456	1.876576
456	1.869476
456	1.862471
456	1.855599
456	1.849105
456	1.843202
456	1.838265
456	1.834639
456	1.832759
456	1.832803
456	1.834767
456	1.838482
456	1.843494
456	1.84947
456	1.856028
456	1.862951
456	1.870004
456	1.877144
456	1.884204
456	1.891167
456	1.89794
456	1.904465
456	1.910719
456	1.916644
456	1.922199
456	1.927322
456	1.932003
456	1.936177
456	1.93982
456	1.942894
456	1.945387
456	1.947261
456	1.948516
456	1.949116
456	1.949077
456	1.9484
456	1.947071
456	1.945125
456	1.942556
456	1.939418
456	1.935718
456	1.931483
456	1.926759
456	1.921599
456	1.916013
456	1.910071
456	1.903812
456	1.897282
456	1.890527
456	1.88358
456	1.876549
456	1.869451
456	1.862438
456	1.855575
456	1.849076
456	1.843172
456	1.838235
456	1.834607
456	1.832727
456	1.832771
456	1.834737
456	1.838449
456	1.843462
456	1.849437
456	1.855997
456	1.862916
456	1.869972
456	1.87711
456	1.884167
456	1.891123
456	1.897898
456	1.904419
456	1.910675
456	1.9166
456	1.922156
456	1.927277
456	1.931957
456	1.936136
456	1.939776
456	1.942853
456	1.945343
456	1.947225
456	1.948481
456	1.949084
456	1.949044
456	1.948368
456	1.947041
456	1.945094
456	1.942529
456	1.939387
456	1.935695
456	1.931457
456	1.926734
456	1.921575
456	1.915995
456	1.910051
456	1.903793
456	1.897265
456	1.8905
456	1.883564
456	1.876535
456	1.869441
456	1.862423
456	1.855561
456	1.849061
456	1.843158
456	1.838225
456	1.834594
456	1.832713
456	1.832758
456	1.834725
456	1.838439
456	1.843448
456	1.849425
456	1.855984
456	1.862906
456	1.869969
456	1.877105
456	1.884161
456	1.891123
456	1.89789
456	1.90442
456	1.910677
456	1.916603
456	1.92215
456	1.927278
456	1.931958
456	1.936141
456	1.939779
456	1.94285
456	1.94535
456	1.947228
456	1.948483
456	1.949083
456	1.94904
456	1.948368
456	1.947039
456	1.94509
456	1.942528
456	1.939383
456	1.935689
456	1.93145
456	1.926731
456	1.92157
456	1.915986
456	1.910048
456	1.903782
456	1.897256
456	1.890494
456	1.883554
456	1.876524
456	1.869427
456	1.862413
456	1.855548
456	1.84905
456	1.843143
456	1.838213
456	1.834587
456	1.832704
456	1.832747
456	1.834712
456	1.838428
456	1.843439
456	1.84941
456	1.855976
456	1.862897
456	1.869959
456	1.877097
456	1.884154
456	1.891104
456	1.897885
456	1.904412
456	1.910666
456	1.916593
456	1.922139
456	1.927268
456	1.931945
456	1.93613
456	1.939768
456	1.942841
456	1.945336
456	1.947214
456	1.948468
456	1.949064
456	1.949025
456	1.948348
456	1.947016
456	1.94507
456	1.942505
456	1.939364
456	1.935668
456	1.931431
456	1.926709
456	1.921553
456	1.91597
456	1.910025
456	1.903761
456	1.897231
456	1.890469
456	1.883529
456	1.876498
456	1.8694
456	1.862385
456	1.855515
456	1.849021
456	1.843116
456	1.838186
456	1.834552
456	1.832671
456	1.832715
456	1.834679
456	1.838393
456	1.843403
456	1.849385
456	1.855944
456	1.862867
456	1.869931
456	1.877071
456	1.884128
456	1.891087
456	1.897865
456	1.904395
456	1.910649
456	1.916576
456	1.92213
456	1.927253
456	1.931934
456	1.936118
456	1.93975
456	1.942831
456	1.945329
456	1.947206
456	1.948462
456	1.949059
456	1.949021
456	1.948344
456	1.94702
456	1.94507
456	1.942502
456	1.939364
456	1.935667
456	1.931431
456	1.926707
456	1.921544
456	1.915963
456	1.91002
456	1.903759
456	1.897231
456	1.890469
456	1.883529
456	1.876503
456	1.869399
456	1.862385
456	1.855521
456	1.849024
456	1.84312
456	1.838186
456	1.834554
456	1.832677
456	1.83272
456	1.834686
456	1.838403
456	1.843415
456	1.849392
456	1.855956
456	1.862878
456	1.869939
456	1.877076
456	1.884128
456	1.891096
456	1.897867
456	1.904397
456	1.910649
456	1.916574
456	1.922127
456	1.927249
456	1.931931
456	1.936108
456	1.939749
456	1.942824
456	1.94532
456	1.947199
456	1.94845
456	1.949049
456	1.949013
456	1.948335
456	1.947003
456	1.945055
456	1.942491
456	1.93935
456	1.935651
456	1.931416
456	1.926691
456	1.921532
456	1.915952
456	1.91001
456	1.903745
456	1.89721
456	1.89045
456	1.883511
456	1.876483
456	1.869379
456	1.862366
456	1.855503
456	1.849004
456	1.843103
456	1.838164
456	1.834534
456	1.832653
456	1.832694
456	1.834661
456	1.838372
456	1.843383
456	1.849362
456	1.855923
456	1.862843
456	1.869905
456	1.87704
456	1.884099
456	1.89106
456	1.897834
456	1.904362
