"Current","Field","Frequency","Spectra"
1.972,29.58,1,-1.6576888516287878
1.972,29.58,1.003125,-1.6193167037344005
1.972,29.58,1.00625,-1.588708989893319
1.972,29.58,1.0093750000000001,-1.5658042501345981
1.972,29.58,1.0125,-1.5522650561808744
1.972,29.58,1.015625,-1.5527838947153814
1.972,29.58,1.01875,-1.5659417382832277
1.972,29.58,1.021875,-1.590506759710656
1.972,29.58,1.0250000000000001,-1.6297814879327395
1.972,29.58,1.028125,-1.6813357238217508
1.972,29.58,1.03125,-1.744938280084831
1.972,29.58,1.034375,-1.8168237758385888
1.972,29.58,1.0375,-1.8931070407297865
1.972,29.58,1.0406250000000001,-1.9704233235356636
1.972,29.58,1.04375,-2.0453232806496606
1.972,29.58,1.046875,-2.1184446659643843
1.972,29.58,1.05,-2.1870450043033727
1.972,29.58,1.053125,-2.24126716291062
1.972,29.58,1.0562500000000001,-2.289569462721026
1.972,29.58,1.059375,-2.326703532389561
1.972,29.58,1.0625,-2.348138063228307
1.972,29.58,1.065625,-2.360296657622146
1.972,29.58,1.06875,-2.359546179555964
1.972,29.58,1.0718750000000001,-2.3469096588673994
1.972,29.58,1.0750000000000002,-2.3270019096685823
1.972,29.58,1.078125,-2.298992466971471
1.972,29.58,1.08125,-2.2616954898166237
1.972,29.58,1.084375,-2.214626473479244
1.972,29.58,1.0875000000000001,-2.1639604690653242
1.972,29.58,1.0906250000000002,-2.114829872564264
1.972,29.58,1.09375,-2.0696700958011025
1.972,29.58,1.096875,-2.0168616141453275
1.972,29.58,1.1,-1.9742734223752434
1.972,29.58,1.1031250000000001,-1.9381779932795036
1.972,29.58,1.1062500000000002,-1.894350790447917
1.972,29.58,1.109375,-1.8674119778192853
1.972,29.58,1.1125,-1.8480896032353897
1.972,29.58,1.115625,-1.8368495715326825
1.972,29.58,1.1187500000000001,-1.8358640481120854
1.972,29.58,1.1218750000000002,-1.8423625370092067
1.972,29.58,1.125,-1.851746139007728
1.972,29.58,1.128125,-1.8706604287556439
1.972,29.58,1.13125,-1.8920144528937308
1.972,29.58,1.1343750000000001,-1.9167656475242354
1.972,29.58,1.1375000000000002,-1.9441167435452114
1.972,29.58,1.140625,-1.9710321726723263
1.972,29.58,1.14375,-1.990278920890762
1.972,29.58,1.146875,-2.011742265614482
1.972,29.58,1.1500000000000001,-2.024687007744443
1.972,29.58,1.1531250000000002,-2.036361647372909
1.972,29.58,1.15625,-2.035474011977149
1.972,29.58,1.159375,-2.0308142625100247
1.972,29.58,1.1625,-2.017797582347197
1.972,29.58,1.1656250000000001,-2.0007113587887715
1.972,29.58,1.1687500000000002,-1.9764639095319614
1.972,29.58,1.171875,-1.948356983123534
1.972,29.58,1.175,-1.9155196408138062
1.972,29.58,1.178125,-1.8798262042240257
1.972,29.58,1.1812500000000001,-1.846432426691789
1.972,29.58,1.1843750000000002,-1.8127855256093717
1.972,29.58,1.1875,-1.7828873866963815
1.972,29.58,1.190625,-1.7613747917836033
1.972,29.58,1.19375,-1.7494206761709745
1.972,29.58,1.1968750000000001,-1.7465621466154004
1.972,29.58,1.2000000000000002,-1.7521897178780101
1.972,29.58,1.203125,-1.7729463047423013
1.972,29.58,1.20625,-1.8059703326689056
1.972,29.58,1.209375,-1.8538185350367704
1.972,29.58,1.2125000000000001,-1.9107800524093463
1.972,29.58,1.2156250000000002,-1.9723152170525498
1.972,29.58,1.21875,-2.0358362401977446
1.972,29.58,1.221875,-2.1084741389836297
1.972,29.58,1.225,-2.1808493979231813
1.972,29.58,1.2281250000000001,-2.2450213038704723
1.972,29.58,1.2312500000000002,-2.3095823570138525
1.972,29.58,1.234375,-2.3549131773629877
1.972,29.58,1.2375,-2.3917696335166267
1.972,29.58,1.240625,-2.417010043368515
1.972,29.58,1.2437500000000001,-2.4400447125801383
1.972,29.58,1.2468750000000002,-2.448327207156674
1.972,29.58,1.25,-2.444566898477392
1.972,29.58,1.253125,-2.425118374496976
1.972,29.58,1.25625,-2.389072601590046
1.972,29.58,1.2593750000000001,-2.343824995758851
1.972,29.58,1.2625000000000002,-2.3083246412468457
1.972,29.58,1.265625,-2.266060586656819
1.972,29.58,1.26875,-2.217631214127755
1.972,29.58,1.271875,-2.1673750785850205
1.972,29.58,1.2750000000000001,-2.1123983598373517
1.972,29.58,1.2781250000000002,-2.061722512364479
1.972,29.58,1.28125,-2.020601796363653
1.972,29.58,1.284375,-1.9942217258883699
1.972,29.58,1.2875,-1.9713501514288976
1.972,29.58,1.2906250000000001,-1.955090008933217
1.972,29.58,1.2937500000000002,-1.9477662171279464
1.972,29.58,1.296875,-1.9551969501027464
1.972,29.58,1.3,-1.9664750033655531
1.972,29.58,1.303125,-1.9968004957648369
1.972,29.58,1.3062500000000001,-2.0308060392550216
1.972,29.58,1.3093750000000002,-2.068573698948309
1.972,29.58,1.3125,-2.1151430945804064
1.972,29.58,1.315625,-2.1617642279470366
1.972,29.58,1.31875,-2.2101717976777495
1.972,29.58,1.3218750000000001,-2.255415171835801
1.972,29.58,1.3250000000000002,-2.294076506803699
1.972,29.58,1.328125,-2.32661696614408
1.972,29.58,1.33125,-2.3489749550474217
1.972,29.58,1.334375,-2.3611862115049314
1.972,29.58,1.3375000000000001,-2.3616061999470856
1.972,29.58,1.3406250000000002,-2.3533043551947364
1.972,29.58,1.34375,-2.336790683802051
1.972,29.58,1.346875,-2.308268035619387
1.972,29.58,1.35,-2.274050278103447
1.972,29.58,1.3531250000000001,-2.2289518415086422
1.972,29.58,1.3562500000000002,-2.1789880388418426
1.972,29.58,1.359375,-2.12891800938323
1.972,29.58,1.3625,-2.072875650602332
1.972,29.58,1.365625,-2.0138319531517688
1.972,29.58,1.3687500000000001,-1.9619308196170242
1.972,29.58,1.3718750000000002,-1.9164560672130524
1.972,29.58,1.375,-1.8769149546240453
1.972,29.58,1.378125,-1.8473152139144031
1.972,29.58,1.38125,-1.8247497971322915
1.972,29.58,1.3843750000000001,-1.816351805800077
1.972,29.58,1.3875000000000002,-1.8201256066654157
1.972,29.58,1.390625,-1.839745099106438
1.972,29.58,1.39375,-1.8731266552962396
1.972,29.58,1.396875,-1.9211717245676008
1.972,29.58,1.4000000000000001,-1.9813132972221825
1.972,29.58,1.4031250000000002,-2.038396575729688
1.972,29.58,1.40625,-2.108059345391374
1.972,29.58,1.409375,-2.1795109460222246
1.972,29.58,1.4125,-2.253689778969404
1.972,29.58,1.4156250000000001,-2.3227395367158237
1.972,29.58,1.4187500000000002,-2.3888055245822404
1.972,29.58,1.421875,-2.444535769685075
1.972,29.58,1.425,-2.4874264967186184
1.972,29.58,1.428125,-2.519181411081381
1.972,29.58,1.4312500000000001,-2.5437736339711297
1.972,29.58,1.4343750000000002,-2.554379194324312
1.972,29.58,1.4375,-2.5516476221669344
1.972,29.58,1.440625,-2.5406501437644886
1.972,29.58,1.44375,-2.522929988790448
1.972,29.58,1.4468750000000001,-2.49279550033371
1.972,29.58,1.4500000000000002,-2.4550843228319352
1.972,29.58,1.453125,-2.4105047132261603
1.972,29.58,1.45625,-2.3623109333001406
1.972,29.58,1.459375,-2.313222334743046
1.972,29.58,1.4625000000000001,-2.2646981879046058
1.972,29.58,1.4656250000000002,-2.2189776931652854
1.972,29.58,1.46875,-2.180026891982064
1.972,29.58,1.471875,-2.14593451725763
1.972,29.58,1.475,-2.1184811568051347
1.972,29.58,1.4781250000000001,-2.1034148019369
1.972,29.58,1.4812500000000002,-2.101813754636378
1.972,29.58,1.484375,-2.1128082477753383
1.972,29.58,1.4875,-2.1364904727249985
1.972,29.58,1.490625,-2.1687304671576197
1.972,29.58,1.4937500000000001,-2.214949974618073
1.972,29.58,1.4968750000000002,-2.2624403581455317
1.972,29.58,1.5,-2.315996939962883
1.972,29.58,1.503125,-2.368976940987825
1.972,29.58,1.50625,-2.421444938176535
1.972,29.58,1.5093750000000001,-2.465387407148201
1.972,29.58,1.5125000000000002,-2.502820012569782
1.972,29.58,1.515625,-2.5348261592471544
1.972,29.58,1.51875,-2.5620834610837386
1.972,29.58,1.521875,-2.5724777786326043
1.972,29.58,1.5250000000000001,-2.568483117216508
1.972,29.58,1.5281250000000002,-2.557373308143216
1.972,29.58,1.53125,-2.5414538031179075
1.972,29.58,1.534375,-2.516276336793407
1.972,29.58,1.5375,-2.485654179479994
1.972,29.58,1.5406250000000001,-2.4487403364799523
1.972,29.58,1.5437500000000002,-2.405816033224368
1.972,29.58,1.546875,-2.357548417191127
1.972,29.58,1.55,-2.3097405003428637
1.972,29.58,1.553125,-2.259598412169077
1.972,29.58,1.5562500000000001,-2.2123193282301736
1.972,29.58,1.5593750000000002,-2.167871118858575
1.972,29.58,1.5625,-2.127572049791816
1.972,29.58,1.565625,-2.095919867194839
1.972,29.58,1.56875,-2.073997528147266
1.972,29.58,1.5718750000000001,-2.062358142381088
1.972,29.58,1.5750000000000002,-2.0627006351129262
1.972,29.58,1.578125,-2.0795115215151485
1.972,29.58,1.58125,-2.105363548684697
1.972,29.58,1.584375,-2.140506051906729
1.972,29.58,1.5875000000000001,-2.1900524669722783
1.972,29.58,1.5906250000000002,-2.2484388983922923
1.972,29.58,1.59375,-2.3078328549638165
1.972,29.58,1.596875,-2.3733251314311774
1.972,29.58,1.6,-2.4315640710554876
1.972,29.58,1.6031250000000001,-2.4858297989332296
1.972,29.58,1.6062500000000002,-2.5336508044422072
1.972,29.58,1.609375,-2.571690040610108
1.972,29.58,1.6125,-2.6018511434025755
1.972,29.58,1.615625,-2.6197118752249726
1.972,29.58,1.6187500000000001,-2.6260699592895898
1.972,29.58,1.6218750000000002,-2.623883100094626
1.972,29.58,1.625,-2.6110833716960458
1.972,29.58,1.628125,-2.5923771693421083
1.972,29.58,1.63125,-2.569878298454854
1.972,29.58,1.6343750000000001,-2.5433075771011113
1.972,29.58,1.6375000000000002,-2.5111392408753037
1.972,29.58,1.640625,-2.4809318109009686
1.972,29.58,1.64375,-2.4501462346345466
1.972,29.58,1.646875,-2.4216825601831475
1.972,29.58,1.6500000000000001,-2.394537419093812
1.972,29.58,1.6531250000000002,-2.377277870355033
1.972,29.58,1.65625,-2.3663197873071793
1.972,29.58,1.659375,-2.3610814439140917
1.972,29.58,1.6625,-2.3627847171992706
1.972,29.58,1.6656250000000001,-2.3771179839224486
1.972,29.58,1.6687500000000002,-2.3988232856503506
1.972,29.58,1.671875,-2.421513418218518
1.972,29.58,1.675,-2.4521833869418326
1.972,29.58,1.678125,-2.4902241218282657
1.972,29.58,1.6812500000000001,-2.5297057819918174
1.972,29.58,1.6843750000000002,-2.5684501157564417
1.972,29.58,1.6875,-2.6063571004940074
1.972,29.58,1.690625,-2.645865861522943
1.972,29.58,1.69375,-2.678420967277171
1.972,29.58,1.6968750000000001,-2.705299770464809
1.972,29.58,1.7000000000000002,-2.726449604993877
1.972,29.58,1.703125,-2.7391579855551496
1.972,29.58,1.70625,-2.748818010402827
1.972,29.58,1.709375,-2.7443054890550473
1.972,29.58,1.7125000000000001,-2.7352447450329636
1.972,29.58,1.7156250000000002,-2.718294048817979
1.972,29.58,1.71875,-2.6955837840474577
1.972,29.58,1.721875,-2.6651979342293823
1.972,29.58,1.725,-2.627344598745763
1.972,29.58,1.7281250000000001,-2.5872162290115104
1.972,29.58,1.7312500000000002,-2.54643589854677
1.972,29.58,1.734375,-2.50445329456835
1.972,29.58,1.7375,-2.4624554472154654
1.972,29.58,1.740625,-2.4291788928698956
1.972,29.58,1.7437500000000001,-2.3941380671964234
1.972,29.58,1.7468750000000002,-2.3690087391498498
1.972,29.58,1.75,-2.3500160121423357
1.972,29.58,1.753125,-2.342920241295357
1.972,29.58,1.75625,-2.346314254587575
1.972,29.58,1.7593750000000001,-2.3585755040818226
1.972,29.58,1.7625000000000002,-2.384617085838277
1.972,29.58,1.765625,-2.41435864066456
1.972,29.58,1.76875,-2.452097803870081
1.972,29.58,1.771875,-2.4915543028730616
1.972,29.58,1.7750000000000001,-2.533124330346265
1.972,29.58,1.7781250000000002,-2.5730876541464314
1.972,29.58,1.78125,-2.6090983168077275
1.972,29.58,1.784375,-2.641321557299536
1.972,29.58,1.7875,-2.6714745273078186
1.972,29.58,1.7906250000000001,-2.686711849589833
1.972,29.58,1.7937500000000002,-2.6951764203053505
1.972,29.58,1.7968750000000002,-2.696153971588493
1.972,29.58,1.8,-2.6913489092839353
1.972,29.58,1.803125,-2.6760553187101483
1.972,29.58,1.8062500000000001,-2.6562907494371784
1.972,29.58,1.8093750000000002,-2.6337719925884246
1.972,29.58,1.8125000000000002,-2.6088036452692807
1.972,29.58,1.815625,-2.5820604398185236
1.972,29.58,1.81875,-2.550987657715256
1.972,29.58,1.8218750000000001,-2.524176562951987
1.972,29.58,1.8250000000000002,-2.498951470997291
1.972,29.58,1.8281250000000002,-2.476863546531191
1.972,29.58,1.83125,-2.4584084861148856
1.972,29.58,1.834375,-2.451164730153713
1.972,29.58,1.8375000000000001,-2.448834828777598
1.972,29.58,1.8406250000000002,-2.459916657526275
1.972,29.58,1.8437500000000002,-2.4765547328329056
1.972,29.58,1.846875,-2.5060666601158523
1.972,29.58,1.85,-2.540925340410781
1.972,29.58,1.8531250000000001,-2.5879803951380427
1.972,29.58,1.8562500000000002,-2.6425560226543734
1.972,29.58,1.8593750000000002,-2.701250796032393
1.972,29.58,1.8625,-2.7642595396082332
1.972,29.58,1.865625,-2.824905089896502
1.972,29.58,1.8687500000000001,-2.883456681927502
1.972,29.58,1.8718750000000002,-2.9341075331192794
1.972,29.58,1.8750000000000002,-2.9766278176562553
1.972,29.58,1.878125,-3.0105782067388493
1.972,29.58,1.88125,-3.0309612459742254
1.972,29.58,1.8843750000000001,-3.043194827466862
1.972,29.58,1.8875000000000002,-3.039017625979864
1.972,29.58,1.8906250000000002,-3.0240932393659605
1.972,29.58,1.89375,-2.9969409373544806
1.972,29.58,1.896875,-2.9557939992164033
1.972,29.58,1.9000000000000001,-2.9109971529611993
1.972,29.58,1.9031250000000002,-2.8549914096444478
1.972,29.58,1.9062500000000002,-2.7965910357056636
1.972,29.58,1.909375,-2.736827453332995
1.972,29.58,1.9125,-2.6768005945546456
1.972,29.58,1.9156250000000001,-2.613721130366745
1.972,29.58,1.9187500000000002,-2.555417030823062
1.972,29.58,1.9218750000000002,-2.503921210064668
1.972,29.58,1.925,-2.4617500631478113
1.972,29.58,1.928125,-2.4233800215870764
1.972,29.58,1.9312500000000001,-2.4005861677030387
1.972,29.58,1.9343750000000002,-2.388848131759059
1.972,29.58,1.9375000000000002,-2.3874064009593714
1.972,29.58,1.940625,-2.4017457889484213
1.972,29.58,1.94375,-2.4277287292706036
1.972,29.58,1.9468750000000001,-2.4620064453949193
1.972,29.58,1.9500000000000002,-2.507143947955415
1.972,29.58,1.9531250000000002,-2.5606556393166358
1.972,29.58,1.95625,-2.618997479349491
1.972,29.58,1.959375,-2.6771904995175158
1.972,29.58,1.9625000000000001,-2.732633908686255
1.972,29.58,1.9656250000000002,-2.7845375246259567
1.972,29.58,1.9687500000000002,-2.827641898560367
1.972,29.58,1.971875,-2.8627445003444105
1.972,29.58,1.975,-2.882390359127375
1.972,29.58,1.9781250000000001,-2.8914501272870714
1.972,29.58,1.9812500000000002,-2.891062569558209
1.972,29.58,1.9843750000000002,-2.875253369859059
1.972,29.58,1.9875,-2.851869869106725
1.972,29.58,1.990625,-2.8219492944824065
1.972,29.58,1.9937500000000001,-2.781139636013286
1.972,29.58,1.9968750000000002,-2.7337176211021834
1.972,29.58,2,-2.687151950289923
1.972,29.58,2.0031250000000003,-2.637546301724884
1.972,29.58,2.00625,-2.5895421833381893
1.972,29.58,2.009375,-2.5417230463640736
1.972,29.58,2.0125,-2.5077423516892985
1.972,29.58,2.015625,-2.4765244113631275
1.972,29.58,2.0187500000000003,-2.45529917003699
1.972,29.58,2.021875,-2.4465904178380438
1.972,29.58,2.025,-2.449180488705645
1.972,29.58,2.028125,-2.4692449035823754
1.972,29.58,2.03125,-2.505668200975607
1.972,29.58,2.0343750000000003,-2.5530818054219404
1.972,29.58,2.0375,-2.617067976154788
1.972,29.58,2.040625,-2.6850829413694575
1.972,29.58,2.04375,-2.761571704343113
1.972,29.58,2.046875,-2.8463342824750972
1.972,29.58,2.0500000000000003,-2.9268752751518106
1.972,29.58,2.053125,-3.008019893055784
1.972,29.58,2.05625,-3.0799795279678794
1.972,29.58,2.059375,-3.144903413208943
1.972,29.58,2.0625,-3.190898816304648
1.972,29.58,2.0656250000000003,-3.2220378404069603
1.972,29.58,2.06875,-3.2366186939654513
1.972,29.58,2.071875,-3.24015059112353
1.972,29.58,2.075,-3.2222409135777847
1.972,29.58,2.078125,-3.1952975907024617
1.972,29.58,2.0812500000000003,-3.155872649168815
1.972,29.58,2.084375,-3.101232900993759
1.972,29.58,2.0875,-3.042153927627705
1.972,29.58,2.090625,-2.97406171754826
1.972,29.58,2.09375,-2.9050757961708618
1.972,29.58,2.0968750000000003,-2.835899456921933
1.972,29.58,2.1,-2.7696553078908637
1.972,29.58,2.103125,-2.704568172161327
1.972,29.58,2.10625,-2.6475360352410355
1.972,29.58,2.109375,-2.6020311872052697
1.972,29.58,2.1125000000000003,-2.5660237027725707
1.972,29.58,2.115625,-2.5460504921712652
1.972,29.58,2.11875,-2.539767166913991
1.972,29.58,2.121875,-2.5557708512144393
1.972,29.58,2.125,-2.588650782867339
1.972,29.58,2.1281250000000003,-2.640954508318458
1.972,29.58,2.13125,-2.7138641575566256
1.972,29.58,2.134375,-2.8014553607249706
1.972,29.58,2.1375,-2.900316746338254
1.972,29.58,2.140625,-3.0014655392930707
1.972,29.58,2.1437500000000003,-3.1024749508790257
1.972,29.58,2.146875,-3.2025955706259275
1.972,29.58,2.1500000000000004,-3.295152035553116
1.972,29.58,2.153125,-3.3737304819105995
1.972,29.58,2.15625,-3.433692551549239
1.972,29.58,2.1593750000000003,-3.4780748721864736
1.972,29.58,2.1625,-3.498717967837735
1.972,29.58,2.1656250000000004,-3.4955197524889305
1.972,29.58,2.16875,-3.470801346691732
1.972,29.58,2.171875,-3.4318606325619787
1.972,29.58,2.1750000000000003,-3.3736465267979736
1.972,29.58,2.178125,-3.3032584607206843
1.972,29.58,2.1812500000000004,-3.2260074698792156
1.972,29.58,2.184375,-3.138063357222326
1.972,29.58,2.1875,-3.0502836679213168
1.972,29.58,2.1906250000000003,-2.9666788276670024
1.972,29.58,2.19375,-2.88575794801436
1.972,29.58,2.1968750000000004,-2.813127158140591
1.972,29.58,2.2,-2.749619818120731
1.972,29.58,2.203125,-2.7013919808471796
1.972,29.58,2.2062500000000003,-2.6663936280594838
1.972,29.58,2.209375,-2.6489211966911457
1.972,29.58,2.2125000000000004,-2.6451456622351484
1.972,29.58,2.215625,-2.662298833668408
1.972,29.58,2.21875,-2.696055138815062
1.972,29.58,2.2218750000000003,-2.7430303142127013
1.972,29.58,2.225,-2.8061654428668454
1.972,29.58,2.2281250000000004,-2.881209370621569
1.972,29.58,2.23125,-2.961328242089592
1.972,29.58,2.234375,-3.0460559895529653
1.972,29.58,2.2375000000000003,-3.1288580241154937
1.972,29.58,2.240625,-3.2016489744091423
1.972,29.58,2.2437500000000004,-3.268501511079686
1.972,29.58,2.246875,-3.3222045430220524
1.972,29.58,2.25,-3.3615903519403014
1.972,29.58,2.2531250000000003,-3.383905969216398
1.972,29.58,2.25625,-3.390609355814227
1.972,29.58,2.2593750000000004,-3.3804245393805648
1.972,29.58,2.2625,-3.355483613416924
1.972,29.58,2.265625,-3.31114175072793
1.972,29.58,2.2687500000000003,-3.2595303663360946
1.972,29.58,2.271875,-3.196504097748809
1.972,29.58,2.2750000000000004,-3.1263541841866442
1.972,29.58,2.278125,-3.051089691501259
1.972,29.58,2.28125,-2.971492025845324
1.972,29.58,2.2843750000000003,-2.8925997563028427
1.972,29.58,2.2875,-2.8110632359789784
1.972,29.58,2.2906250000000004,-2.737527168129785
1.972,29.58,2.29375,-2.667836861346722
1.972,29.58,2.296875,-2.606692790617711
1.972,29.58,2.3000000000000003,-2.5562998287930103
1.972,29.58,2.303125,-2.5222360623203013
1.972,29.58,2.3062500000000004,-2.4998642311042367
1.972,29.58,2.309375,-2.495363004426118
1.972,29.58,2.3125,-2.505806674066553
1.972,29.58,2.3156250000000003,-2.5353278242318233
1.972,29.58,2.31875,-2.5771451478898384
1.972,29.58,2.3218750000000004,-2.6325079501227084
1.972,29.58,2.325,-2.7011413162564284
1.972,29.58,2.328125,-2.776610693582455
1.972,29.58,2.3312500000000003,-2.857762937032838
1.972,29.58,2.334375,-2.9302215999363614
1.972,29.58,2.3375000000000004,-2.9994944236332732
1.972,29.58,2.340625,-3.059382946774906
1.972,29.58,2.34375,-3.102503718290906
1.972,29.58,2.3468750000000003,-3.1304188344590966
1.972,29.58,2.35,-3.1430054858609324
1.972,29.58,2.3531250000000004,-3.138325196059148
1.972,29.58,2.35625,-3.1149032551511713
1.972,29.58,2.359375,-3.073858902903348
1.972,29.58,2.3625000000000003,-3.018304633501954
1.972,29.58,2.365625,-2.9498704587180278
1.972,29.58,2.3687500000000004,-2.872502788215185
1.972,29.58,2.371875,-2.7904065629307553
1.972,29.58,2.375,-2.702143877871462
1.972,29.58,2.3781250000000003,-2.6162121970184806
1.972,29.58,2.38125,-2.5324475417982537
1.972,29.58,2.3843750000000004,-2.456809093197006
1.972,29.58,2.3875,-2.38822548400252
1.972,29.58,2.390625,-2.331507505166323
1.972,29.58,2.3937500000000003,-2.29315849860739
1.972,29.58,2.396875,-2.2732542726709832
1.972,29.58,2.4000000000000004,-2.2714965289760323
1.972,29.58,2.403125,-2.294875727808173
1.972,29.58,2.40625,-2.3409811081032563
1.972,29.58,2.4093750000000003,-2.4106608981707454
1.972,29.58,2.4125,-2.500226654808656
1.972,29.58,2.4156250000000004,-2.6103700771462335
1.972,29.58,2.41875,-2.7442751745950296
1.972,29.58,2.421875,-2.911987383737052
1.972,29.58,2.4250000000000003,-3.1476654506112904
1.972,29.58,2.428125,-3.6079514630236593
1.972,29.58,2.4312500000000004,-4.510112843596797
1.972,29.58,2.434375,-4.0791759334260504
1.972,29.58,2.4375,-3.5573829568614674
1.972,29.58,2.4406250000000003,-3.422046047281339
1.972,29.58,2.44375,-3.3614072770804624
1.972,29.58,2.4468750000000004,-3.32390951468333
1.972,29.58,2.45,-3.283676029522449
1.972,29.58,2.453125,-3.2356238694164006
1.972,29.58,2.4562500000000003,-3.1729969904510074
1.972,29.58,2.459375,-3.10039349573459
1.972,29.58,2.4625000000000004,-3.0179392616719776
1.972,29.58,2.465625,-2.930439151351209
1.972,29.58,2.46875,-2.8351576857529808
1.972,29.58,2.4718750000000003,-2.74121176843527
1.972,29.58,2.475,-2.651584196153694
1.972,29.58,2.4781250000000004,-2.5694618856625766
1.972,29.58,2.48125,-2.4954039273914166
1.972,29.58,2.484375,-2.4341894117982434
1.972,29.58,2.4875000000000003,-2.3918428636669966
1.972,29.58,2.490625,-2.3572516141612168
1.972,29.58,2.4937500000000004,-2.348734974126017
1.972,29.58,2.496875,-2.3612615472520084
1.972,29.58,2.5,-2.392970653746792
1.972,29.58,2.5031250000000003,-2.4353718420099404
1.972,29.58,2.50625,-2.503712618138131
1.972,29.58,2.5093750000000004,-2.5881503646791066
1.972,29.58,2.5125,-2.680230667939169
1.972,29.58,2.515625,-2.7830081760604717
1.972,29.58,2.5187500000000003,-2.8864456273547443
1.972,29.58,2.521875,-2.9848002797004716
1.972,29.58,2.5250000000000004,-3.0763121105571454
1.972,29.58,2.528125,-3.1581555992707733
1.972,29.58,2.53125,-3.2202732801567757
1.972,29.58,2.5343750000000003,-3.259859845504465
1.972,29.58,2.5375,-3.2857459149646164
1.972,29.58,2.5406250000000004,-3.2882075346450303
1.972,29.58,2.54375,-3.271853968022405
1.972,29.58,2.546875,-3.2378705017447604
1.972,29.58,2.5500000000000003,-3.1837679820810805
1.972,29.58,2.553125,-3.118275920339758
1.972,29.58,2.5562500000000004,-3.0393446106094264
1.972,29.58,2.559375,-2.949646301853099
1.972,29.58,2.5625,-2.8582186268432053
1.972,29.58,2.5656250000000003,-2.763056634117304
1.972,29.58,2.56875,-2.6719018354434487
1.972,29.58,2.5718750000000004,-2.5861228113683357
1.972,29.58,2.575,-2.510847047748138
1.972,29.58,2.578125,-2.4486690975630725
1.972,29.58,2.5812500000000003,-2.4010404764278075
1.972,29.58,2.584375,-2.3723275373933324
1.972,29.58,2.5875000000000004,-2.366571183149142
1.972,29.58,2.590625,-2.379538947803195
1.972,29.58,2.59375,-2.4179103261190242
1.972,29.58,2.5968750000000003,-2.4720511266032794
1.972,29.58,2.6,-2.548073645519015
1.972,29.58,2.6031250000000004,-2.638559583736882
1.972,29.58,2.60625,-2.73800125550462
1.972,29.58,2.609375,-2.839257180506704
1.972,29.58,2.6125000000000003,-2.938822076214875
1.972,29.58,2.615625,-3.0330254165228143
1.972,29.58,2.6187500000000004,-3.1176883081625983
1.972,29.58,2.621875,-3.1885272138884697
1.972,29.58,2.625,-3.2470418156645486
1.972,29.58,2.6281250000000003,-3.2839188977615357
1.972,29.58,2.63125,-3.3020488237871666
1.972,29.58,2.6343750000000004,-3.3042905306917896
1.972,29.58,2.6375,-3.2875393698612947
1.972,29.58,2.640625,-3.2568056795015172
1.972,29.58,2.6437500000000003,-3.2186110370931513
1.972,29.58,2.646875,-3.1640753530674157
1.972,29.58,2.6500000000000004,-3.1097677928669043
1.972,29.58,2.653125,-3.0470783657900906
1.972,29.58,2.65625,-2.9866507816282057
1.972,29.58,2.6593750000000003,-2.920899727649749
1.972,29.58,2.6625,-2.8620047436804743
1.972,29.58,2.6656250000000004,-2.808078994458756
1.972,29.58,2.66875,-2.760144362549521
1.972,29.58,2.671875,-2.7269989113139737
1.972,29.58,2.6750000000000003,-2.707311704969384
1.972,29.58,2.678125,-2.6987427386930913
1.972,29.58,2.6812500000000004,-2.7046165045605566
1.972,29.58,2.684375,-2.7246426841390403
1.972,29.58,2.6875,-2.757762411250913
1.972,29.58,2.6906250000000003,-2.806314045883723
1.972,29.58,2.69375,-2.86402944585301
1.972,29.58,2.6968750000000004,-2.9337081114795276
1.972,29.58,2.7,-3.0029557504635203
1.972,29.58,2.703125,-3.0761138982344667
1.972,29.58,2.7062500000000003,-3.1477260582956017
1.972,29.58,2.709375,-3.2121648626491
1.972,29.58,2.7125000000000004,-3.266245425660535
1.972,29.58,2.715625,-3.3112220865477653
1.972,29.58,2.71875,-3.340316934274932
1.972,29.58,2.7218750000000003,-3.3581883278396445
1.972,29.58,2.725,-3.361635373293483
1.972,29.58,2.7281250000000004,-3.3493506704649336
1.972,29.58,2.73125,-3.32609805195945
1.972,29.58,2.734375,-3.2913914185793525
1.972,29.58,2.7375000000000003,-3.242532560295193
1.972,29.58,2.740625,-3.192461273897087
1.972,29.58,2.7437500000000004,-3.1600651104746396
1.972,29.58,2.746875,-3.1611473047194134
1.972,29.58,2.75,-3.2756703112713326
1.972,29.58,2.7531250000000003,-3.387434932923266
1.972,29.58,2.75625,-3.1648945904768295
1.972,29.58,2.7593750000000004,-2.974548276181779
1.972,29.58,2.7625,-2.8682924182093656
1.972,29.58,2.765625,-2.809166647653
1.972,29.58,2.7687500000000003,-2.77604792823354
1.972,29.58,2.771875,-2.7699601311036277
1.972,29.58,2.7750000000000004,-2.7822677122868917
1.972,29.58,2.778125,-2.8183555891117784
1.972,29.58,2.78125,-2.867141176217367
1.972,29.58,2.7843750000000003,-2.931185584921572
1.972,29.58,2.7875,-3.001439475036553
1.972,29.58,2.7906250000000004,-3.078502144460924
1.972,29.58,2.79375,-3.15597338479199
1.972,29.58,2.796875,-3.233965656817797
1.972,29.58,2.8000000000000003,-3.307216474332348
1.972,29.58,2.803125,-3.367546578748235
1.972,29.58,2.8062500000000004,-3.4154562212822985
1.972,29.58,2.809375,-3.452964438730171
1.972,29.58,2.8125,-3.4729759620162612
1.972,29.58,2.8156250000000003,-3.478727809045386
1.972,29.58,2.81875,-3.4673978520322923
1.972,29.58,2.8218750000000004,-3.446653208523328
1.972,29.58,2.825,-3.4152954270269427
1.972,29.58,2.828125,-3.373865790450419
1.972,29.58,2.8312500000000003,-3.324877952682777
1.972,29.58,2.834375,-3.270859206834551
1.972,29.58,2.8375000000000004,-3.206419356896885
1.972,29.58,2.840625,-3.1469061906016065
1.972,29.58,2.84375,-3.086566686176292
1.972,29.58,2.8468750000000003,-3.033395543438216
1.972,29.58,2.85,-2.9861748021871932
1.972,29.58,2.8531250000000004,-2.9424576919461884
1.972,29.58,2.85625,-2.913479241221348
1.972,29.58,2.859375,-2.902382423643502
1.972,29.58,2.8625000000000003,-2.911414718723056
1.972,29.58,2.865625,-2.9503645179415123
1.972,29.58,2.8687500000000004,-3.005994370837385
1.972,29.58,2.871875,-3.0569085257534367
1.972,29.58,2.875,-3.10814456408748
1.972,29.58,2.8781250000000003,-3.169559538016673
1.972,29.58,2.88125,-3.228148265372038
1.972,29.58,2.8843750000000004,-3.2939009662941316
1.972,29.58,2.8875,-3.3662196492683325
1.972,29.58,2.890625,-3.4307559968179566
1.972,29.58,2.8937500000000003,-3.4932374884649087
1.972,29.58,2.896875,-3.5394373127816356
1.972,29.58,2.9000000000000004,-3.581402754783798
1.972,29.58,2.903125,-3.604435846974681
1.972,29.58,2.90625,-3.614544424924649
1.972,29.58,2.9093750000000003,-3.612408995472445
1.972,29.58,2.9125,-3.599159788695328
1.972,29.58,2.9156250000000004,-3.574082134161001
1.972,29.58,2.91875,-3.5409876228908628
1.972,29.58,2.921875,-3.5021356160523647
1.972,29.58,2.9250000000000003,-3.4538571863909833
1.972,29.58,2.928125,-3.402481695738175
1.972,29.58,2.9312500000000004,-3.348390676676761
1.972,29.58,2.934375,-3.29990499433226
1.972,29.58,2.9375,-3.2488462722981053
1.972,29.58,2.9406250000000003,-3.20620696483946
1.972,29.58,2.94375,-3.173021884057995
1.972,29.58,2.9468750000000004,-3.147145409412782
1.972,29.58,2.95,-3.134252873356837
1.972,29.58,2.953125,-3.131377690059653
1.972,29.58,2.9562500000000003,-3.1418365955788135
1.972,29.58,2.959375,-3.1637205109629933
1.972,29.58,2.9625000000000004,-3.202610950703719
1.972,29.58,2.965625,-3.2516818858039596
1.972,29.58,2.96875,-3.3123692677864067
1.972,29.58,2.9718750000000003,-3.3808102639916573
1.972,29.58,2.975,-3.4501563487365896
1.972,29.58,2.9781250000000004,-3.517360764611983
1.972,29.58,2.98125,-3.5805577207583954
1.972,29.58,2.984375,-3.633118761996505
1.972,29.58,2.9875000000000003,-3.673328064386248
1.972,29.58,2.990625,-3.7026038305757583
1.972,29.58,2.9937500000000004,-3.7169959109864776
1.972,29.58,2.996875,-3.718245120586989
1.972,29.58,3,-3.7007346073076706
1.972,29.58,3.0031250000000003,-3.673664966148586
1.972,29.58,3.00625,-3.637059600313443
1.972,29.58,3.0093750000000004,-3.589920981370951
1.972,29.58,3.0125,-3.539966609831573
1.972,29.58,3.015625,-3.4858212930184607
1.972,29.58,3.0187500000000003,-3.432176989970503
1.972,29.58,3.021875,-3.3812245962541505
1.972,29.58,3.0250000000000004,-3.3303016126022804
1.972,29.58,3.028125,-3.290978750074445
1.972,29.58,3.03125,-3.254844373737422
1.972,29.58,3.0343750000000003,-3.2355401035900395
1.972,29.58,3.0375,-3.225983515681744
1.972,29.58,3.0406250000000004,-3.230520732287042
1.972,29.58,3.04375,-3.250388697320452
1.972,29.58,3.046875,-3.284760705469531
1.972,29.58,3.0500000000000003,-3.3291718246320223
1.972,29.58,3.053125,-3.3885320444652174
1.972,29.58,3.0562500000000004,-3.451557922722643
1.972,29.58,3.059375,-3.5193609415147598
1.972,29.58,3.0625,-3.59233305381615
1.972,29.58,3.0656250000000003,-3.6589253977386003
1.972,29.58,3.06875,-3.7241111063167387
1.972,29.58,3.0718750000000004,-3.781337127611419
1.972,29.58,3.075,-3.8254260087448397
1.972,29.58,3.078125,-3.8533095318844417
1.972,29.58,3.0812500000000003,-3.8757192694195504
1.972,29.58,3.084375,-3.881338889300849
1.972,29.58,3.0875000000000004,-3.87390309147368
1.972,29.58,3.090625,-3.85893362375106
1.972,29.58,3.09375,-3.8230420431970953
1.972,29.58,3.0968750000000003,-3.783581921033873
1.972,29.58,3.1,-3.750329607131147
1.972,29.58,3.1031250000000004,-3.7164985437011273
1.972,29.58,3.10625,-3.6841980313793736
1.972,29.58,3.109375,-3.633125197241867
1.972,29.58,3.1125000000000003,-3.5634841296535926
1.972,29.58,3.115625,-3.489364593514202
1.972,29.58,3.1187500000000004,-3.418386811967094
1.972,29.58,3.121875,-3.359167564039783
1.972,29.58,3.125,-3.312245446698083
1.972,29.58,3.1281250000000003,-3.2763408903752693
1.972,29.58,3.13125,-3.259793916028907
1.972,29.58,3.1343750000000004,-3.2525951695122517
1.972,29.58,3.1375,-3.264598545660362
1.972,29.58,3.140625,-3.2922338691617665
1.972,29.58,3.1437500000000003,-3.335627583068303
1.972,29.58,3.146875,-3.3904858757633285
1.972,29.58,3.1500000000000004,-3.457571980567037
1.972,29.58,3.153125,-3.5284037920837013
1.972,29.58,3.15625,-3.60469913504199
1.972,29.58,3.1593750000000003,-3.679503475865029
1.972,29.58,3.1625,-3.749352368211438
1.972,29.58,3.1656250000000004,-3.8152830682229566
1.972,29.58,3.16875,-3.866000492765733
1.972,29.58,3.171875,-3.9050077162097887
1.972,29.58,3.1750000000000003,-3.9258995965551797
1.972,29.58,3.178125,-3.937848583576013
1.972,29.58,3.1812500000000004,-3.9360909610341426
1.972,29.58,3.184375,-3.9190781095596745
1.972,29.58,3.1875,-3.8918484492737555
1.972,29.58,3.1906250000000003,-3.8585369783559527
1.972,29.58,3.19375,-3.816500139706079
1.972,29.58,3.1968750000000004,-3.770743967148629
1.972,29.58,3.2,-3.721596852310011
1.972,29.58,3.203125,-3.670839594001764
1.972,29.58,3.2062500000000003,-3.624225276986497
1.972,29.58,3.209375,-3.5727277967131306
1.972,29.58,3.2125000000000004,-3.5303785137276833
1.972,29.58,3.215625,-3.4995800430790016
1.972,29.58,3.21875,-3.4704173243424314
1.972,29.58,3.2218750000000003,-3.455662654365381
1.972,29.58,3.225,-3.445579331045165
1.972,29.58,3.2281250000000004,-3.4482244584239616
1.972,29.58,3.23125,-3.4579820806362633
1.972,29.58,3.234375,-3.4837693821980533
1.972,29.58,3.2375000000000003,-3.5216628791650355
1.972,29.58,3.240625,-3.5594461159063435
1.972,29.58,3.2437500000000004,-3.607027515973011
1.972,29.58,3.246875,-3.658604224358429
1.972,29.58,3.25,-3.7111952526294196
1.972,29.58,3.2531250000000003,-3.763547636184266
1.972,29.58,3.25625,-3.805632638964973
1.972,29.58,3.2593750000000004,-3.844201337272964
1.972,29.58,3.2625,-3.870352850331487
1.972,29.58,3.265625,-3.8794822775444704
1.972,29.58,3.2687500000000003,-3.8940071907051017
1.972,29.58,3.271875,-3.8970537814881405
1.972,29.58,3.2750000000000004,-3.890915379629763
1.972,29.58,3.278125,-3.881248580973249
1.972,29.58,3.28125,-3.8591564929327378
1.972,29.58,3.2843750000000003,-3.828431021263024
1.972,29.58,3.2875,-3.7920344074421215
1.972,29.58,3.2906250000000004,-3.7564098997013518
1.972,29.58,3.29375,-3.725570181252404
1.972,29.58,3.296875,-3.7009461912478487
1.972,29.58,3.3000000000000003,-3.684957060732383
1.972,29.58,3.303125,-3.6651255310810553
1.972,29.58,3.3062500000000004,-3.658819554216387
1.972,29.58,3.309375,-3.6593773902944484
1.972,29.58,3.3125,-3.667735803936937
1.972,29.58,3.3156250000000003,-3.690921251246605
1.972,29.58,3.31875,-3.717934703592821
1.972,29.58,3.3218750000000004,-3.7616417292094257
1.972,29.58,3.325,-3.8097620836399364
1.972,29.58,3.328125,-3.8583357864788703
1.972,29.58,3.3312500000000003,-3.914939085263758
1.972,29.58,3.334375,-3.971748655424988
1.972,29.58,3.3375000000000004,-4.026787333702245
1.972,29.58,3.340625,-4.077527341494893
1.972,29.58,3.34375,-4.118779768560613
1.972,29.58,3.3468750000000003,-4.154693610086319
1.972,29.58,3.35,-4.178396096279254
1.972,29.58,3.3531250000000004,-4.186859879163059
1.972,29.58,3.35625,-4.1875661269484565
1.972,29.58,3.359375,-4.179076158981356
1.972,29.58,3.3625000000000003,-4.159755387262416
1.972,29.58,3.365625,-4.126758232412846
1.972,29.58,3.3687500000000004,-4.093498418581049
1.972,29.58,3.371875,-4.057139611741343
1.972,29.58,3.375,-4.012961338185865
1.972,29.58,3.3781250000000003,-3.9684223481625813
1.972,29.58,3.38125,-3.929503701406543
1.972,29.58,3.3843750000000004,-3.8921948177674617
1.972,29.58,3.3875,-3.866785392828478
1.972,29.58,3.390625,-3.8407440056547273
1.972,29.58,3.3937500000000003,-3.8301746621563533
1.972,29.58,3.396875,-3.833025721440885
1.972,29.58,3.4000000000000004,-3.8366254626253884
1.972,29.58,3.403125,-3.869567364231238
1.972,29.58,3.40625,-3.9235556331611816
1.972,29.58,3.4093750000000003,-3.980751402948313
1.972,29.58,3.4125,-4.06162238117176
1.972,29.58,3.4156250000000004,-4.156963113388731
1.972,29.58,3.41875,-4.2592067177769435
1.972,29.58,3.421875,-4.371250674548737
1.972,29.58,3.4250000000000003,-4.479658348795642
1.972,29.58,3.428125,-4.60331735814662
1.972,29.58,3.4312500000000004,-4.712385682076322
1.972,29.58,3.434375,-4.809472974988741
1.972,29.58,3.4375,-4.90347492731864
1.972,29.58,3.4406250000000003,-4.981202568080194
1.972,29.58,3.44375,-5.04685548362771
1.972,29.58,3.4468750000000004,-5.09847663662809
1.972,29.58,3.45,-5.133168760066626
1.972,29.58,3.453125,-5.1634568908683365
1.972,29.58,3.4562500000000003,-5.179079219745972
1.972,29.58,3.459375,-5.193214747323832
1.972,29.58,3.4625000000000004,-5.20286068214333
1.972,29.58,3.465625,-5.208886120436107
1.972,29.58,3.46875,-5.21531812736585
1.972,29.58,3.4718750000000003,-5.227794380225584
1.972,29.58,3.475,-5.235997220526352
1.972,29.58,3.4781250000000004,-5.25022729885851
1.972,29.58,3.48125,-5.263286150247191
1.972,29.58,3.484375,-5.289368291294566
1.972,29.58,3.4875000000000003,-5.307528801011755
1.972,29.58,3.490625,-5.328726801101906
1.972,29.58,3.4937500000000004,-5.351918870892321
1.972,29.58,3.496875,-5.373246118337632
1.972,29.58,3.5,-5.397061161427404
1.972,29.58,3.5031250000000003,-5.431583467878528
1.972,29.58,3.50625,-5.461323460375912
1.972,29.58,3.5093750000000004,-5.488703432752956
1.972,29.58,3.5125,-5.511697618304069
1.972,29.58,3.515625,-5.519594691999893
1.972,29.58,3.5187500000000003,-5.520119242928035
1.972,29.58,3.521875,-5.512041989241117
1.972,29.58,3.5250000000000004,-5.504254610355863
1.972,29.58,3.528125,-5.491449840166249
1.972,29.58,3.53125,-5.469390435575056
1.972,29.58,3.5343750000000003,-5.443266064346693
1.972,29.58,3.5375,-5.408918690639169
1.972,29.58,3.5406250000000004,-5.363317793312543
1.972,29.58,3.54375,-5.301209216330327
1.972,29.58,3.546875,-5.235382872425996
1.972,29.58,3.5500000000000003,-5.156843718164065
1.972,29.58,3.553125,-5.070127566521386
1.972,29.58,3.5562500000000004,-4.97946937082454
1.972,29.58,3.559375,-4.892648972162797
1.972,29.58,3.5625,-4.809894868118597
1.972,29.58,3.5656250000000003,-4.723081196847042
1.972,29.58,3.56875,-4.644438644396269
1.972,29.58,3.5718750000000004,-4.578034436329766
1.972,29.58,3.575,-4.516767393914173
1.972,29.58,3.5781250000000004,-4.464549367080878
1.972,29.58,3.5812500000000003,-4.430345076184673
1.972,29.58,3.584375,-4.409304899371644
1.972,29.58,3.5875000000000004,-4.396617494345651
1.972,29.58,3.590625,-4.39643661853167
1.972,29.58,3.5937500000000004,-4.403152504332382
1.972,29.58,3.5968750000000003,-4.424089853476612
1.972,29.58,3.6,-4.448934134200641
1.972,29.58,3.6031250000000004,-4.483156071097133
1.972,29.58,3.60625,-4.520684808543586
1.972,29.58,3.6093750000000004,-4.551218927674213
1.972,29.58,3.6125000000000003,-4.591201753821344
1.972,29.58,3.615625,-4.625613280784913
1.972,29.58,3.6187500000000004,-4.649961251859384
1.972,29.58,3.621875,-4.670439520913144
1.972,29.58,3.6250000000000004,-4.6860662673174875
1.972,29.58,3.6281250000000003,-4.699914106643227
1.972,29.58,3.63125,-4.698668322106792
1.972,29.58,3.6343750000000004,-4.692538501243606
1.972,29.58,3.6375,-4.683364044749468
1.972,29.58,3.6406250000000004,-4.674310046840518
1.972,29.58,3.6437500000000003,-4.659558340712098
1.972,29.58,3.646875,-4.62466682977611
1.972,29.58,3.6500000000000004,-4.561613637090022
1.972,29.58,3.653125,-4.494434990181476
1.972,29.58,3.6562500000000004,-4.438577648830638
1.972,29.58,3.6593750000000003,-4.390789293849984
1.972,29.58,3.6625,-4.354910436377822
1.972,29.58,3.6656250000000004,-4.326406508023362
1.972,29.58,3.66875,-4.303299042496293
1.972,29.58,3.6718750000000004,-4.294241014946074
1.972,29.58,3.6750000000000003,-4.286905178452583
1.972,29.58,3.678125,-4.289307061799905
1.972,29.58,3.6812500000000004,-4.290537119383961
1.972,29.58,3.684375,-4.311292705018222
1.972,29.58,3.6875000000000004,-4.329748202449576
1.972,29.58,3.6906250000000003,-4.356441980178722
1.972,29.58,3.69375,-4.389685921553869
1.972,29.58,3.6968750000000004,-4.427389681962633
1.972,29.58,3.7,-4.462580522462785
1.972,29.58,3.7031250000000004,-4.498947212247738
1.972,29.58,3.7062500000000003,-4.528844702109121
1.972,29.58,3.709375,-4.551470250809187
1.972,29.58,3.7125000000000004,-4.565018378665207
1.972,29.58,3.715625,-4.567354409093589
1.972,29.58,3.7187500000000004,-4.563737370004474
1.972,29.58,3.7218750000000003,-4.547790083204124
1.972,29.58,3.725,-4.531768884282366
1.972,29.58,3.7281250000000004,-4.51342437538923
1.972,29.58,3.73125,-4.50209315736462
1.972,29.58,3.7343750000000004,-4.508020503056415
1.972,29.58,3.7375000000000003,-4.487973136160908
1.972,29.58,3.740625,-4.483238340742809
1.972,29.58,3.7437500000000004,-4.4902857101240174
1.972,29.58,3.746875,-4.506070338978491
1.972,29.58,3.7500000000000004,-4.535442810053292
1.972,29.58,3.7531250000000003,-4.590393677277919
1.972,29.58,3.75625,-4.657193918893733
1.972,29.58,3.7593750000000004,-4.747541867906127
1.972,29.58,3.7625,-4.862820253398809
1.972,29.58,3.7656250000000004,-4.998723709906549
1.972,29.58,3.7687500000000003,-5.156475676394788
1.972,29.58,3.771875,-5.334975758520181
1.972,29.58,3.7750000000000004,-5.530926044134045
1.972,29.58,3.778125,-5.738180940830344
1.972,29.58,3.7812500000000004,-5.95727891278247
1.972,29.58,3.7843750000000003,-6.1734140736558105
1.972,29.58,3.7875,-6.386974650839406
1.972,29.58,3.7906250000000004,-6.597031818613187
1.972,29.58,3.79375,-6.7968769453689895
1.972,29.58,3.7968750000000004,-6.98156370962201
1.972,29.58,3.8000000000000003,-7.119460659209965
1.972,29.58,3.803125,-7.230136081678813
1.972,29.58,3.8062500000000004,-7.299898643381346
1.972,29.58,3.809375,-7.350888345167698
1.972,29.58,3.8125000000000004,-7.3840961114771275
1.972,29.58,3.8156250000000003,-7.398192877320388
1.972,29.58,3.81875,-7.408238367703079
1.972,29.58,3.8218750000000004,-7.405862975575975
1.972,29.58,3.825,-7.391558990252721
1.972,29.58,3.8281250000000004,-7.387605825567927
1.972,29.58,3.8312500000000003,-7.389874213263257
1.972,29.58,3.834375,-7.409661263784068
1.972,29.58,3.8375000000000004,-7.466508218131284
1.972,29.58,3.840625,-7.545257119491152
1.972,29.58,3.8437500000000004,-7.668457702360472
1.972,29.58,3.8468750000000003,-7.810869171014428
1.972,29.58,3.85,-7.973448810738506
1.972,29.58,3.8531250000000004,-8.149123309786432
1.972,29.58,3.85625,-8.331549511013304
1.972,29.58,3.8593750000000004,-8.529816409475938
1.972,29.58,3.8625000000000003,-8.732214139916787
1.972,29.58,3.865625,-8.94409454636243
1.972,29.58,3.8687500000000004,-9.151520017384092
1.972,29.58,3.871875,-9.361408381601052
1.972,29.58,3.8750000000000004,-9.554159942433087
1.972,29.58,3.8781250000000003,-9.726470378999817
1.972,29.58,3.88125,-9.869576838453085
1.972,29.58,3.8843750000000004,-9.979235453282213
1.972,29.58,3.8875,-10.03470491888258
1.972,29.58,3.8906250000000004,-10.066034365094893
1.972,29.58,3.8937500000000003,-10.032205796402732
1.972,29.58,3.896875,-9.969648048920837
1.972,29.58,3.9000000000000004,-9.877777300435199
1.972,29.58,3.903125,-9.751830546276466
1.972,29.58,3.9062500000000004,-9.620482737463842
1.972,29.58,3.9093750000000003,-9.482492152357956
1.972,29.58,3.9125,-9.34502241681548
1.972,29.58,3.9156250000000004,-9.211415555501446
1.972,29.58,3.91875,-9.085954644120564
1.972,29.58,3.9218750000000004,-8.980504437511389
1.972,29.58,3.9250000000000003,-8.885794716697225
1.972,29.58,3.928125,-8.813475542814528
1.972,29.58,3.9312500000000004,-8.774048935695676
1.972,29.58,3.934375,-8.748590630666907
1.972,29.58,3.9375000000000004,-8.761201933981823
1.972,29.58,3.9406250000000003,-8.785239312078842
1.972,29.58,3.94375,-8.841002242184421
1.972,29.58,3.9468750000000004,-8.92420125581985
1.972,29.58,3.95,-9.016298741356438
1.972,29.58,3.9531250000000004,-9.138215424908578
1.972,29.58,3.9562500000000003,-9.273355491930994
1.972,29.58,3.959375,-9.424966011057407
1.972,29.58,3.9625000000000004,-9.56012820041938
1.972,29.58,3.965625,-9.700771512054317
1.972,29.58,3.9687500000000004,-9.819567432997989
1.972,29.58,3.9718750000000003,-9.92594884137147
1.972,29.58,3.975,-10.000733897423974
1.972,29.58,3.9781250000000004,-10.039605905721798
1.972,29.58,3.98125,-10.039709970235297
1.972,29.58,3.9843750000000004,-9.98902002121991
1.972,29.58,3.9875000000000003,-9.915086906704063
1.972,29.58,3.990625,-9.812017386834016
1.972,29.58,3.9937500000000004,-9.683851352913631
1.972,29.58,3.996875,-9.553296305728866
1.972,29.58,4,-9.426003451361641
1.972,29.58,4.003125,-9.30041282109177
1.972,29.58,4.0062500000000005,-9.182044513528549
1.972,29.58,4.009375,-9.0915520510417
1.972,29.58,4.0125,-9.018810966534515
1.972,29.58,4.015625,-8.971164726206446
1.972,29.58,4.01875,-8.94694016569888
1.972,29.58,4.0218750000000005,-8.961441572089003
1.972,29.58,4.025,-9.003611386581428
1.972,29.58,4.028125,-9.07391091658693
1.972,29.58,4.03125,-9.182442176326894
1.972,29.58,4.034375,-9.323671313944947
1.972,29.58,4.0375000000000005,-9.484770492830268
1.972,29.58,4.040625,-9.68018577963343
1.972,29.58,4.04375,-9.893604666264222
1.972,29.58,4.046875,-10.12058376953171
1.972,29.58,4.05,-10.351005035883357
1.972,29.58,4.0531250000000005,-10.566705991145891
1.972,29.58,4.05625,-10.790434953275671
1.972,29.58,4.059375,-10.96317642630964
1.972,29.58,4.0625,-11.107404925639193
1.972,29.58,4.065625,-11.198513853937985
1.972,29.58,4.0687500000000005,-11.226770172147184
1.972,29.58,4.071875,-11.199103459938991
1.972,29.58,4.075,-11.100344242188108
1.972,29.58,4.078125,-10.943898271336188
1.972,29.58,4.08125,-10.747089235025767
1.972,29.58,4.0843750000000005,-10.532092036510722
1.972,29.58,4.0875,-10.272214632225143
1.972,29.58,4.090625,-10.0394702562581
1.972,29.58,4.09375,-9.86337637711034
1.972,29.58,4.096875,-9.723149088780838
1.972,29.58,4.1000000000000005,-9.61029583105093
1.972,29.58,4.103125,-9.535568445829915
1.972,29.58,4.10625,-9.488262720855454
1.972,29.58,4.109375,-9.46453298304887
1.972,29.58,4.1125,-9.493264059537296
1.972,29.58,4.1156250000000005,-9.53980284595833
1.972,29.58,4.11875,-9.629765382174414
1.972,29.58,4.121875,-9.762686767982627
1.972,29.58,4.125,-9.926323245077977
1.972,29.58,4.128125,-10.117540304530728
1.972,29.58,4.1312500000000005,-10.33914986524967
1.972,29.58,4.134375,-10.58312307870244
1.972,29.58,4.1375,-10.829023673281581
1.972,29.58,4.140625,-11.070843701559799
1.972,29.58,4.14375,-11.30183385885424
1.972,29.58,4.1468750000000005,-11.489908857435049
1.972,29.58,4.15,-11.623604561460827
1.972,29.58,4.153125,-11.697901321320419
1.972,29.58,4.15625,-11.710539124216513
1.972,29.58,4.159375,-11.646548769172052
1.972,29.58,4.1625000000000005,-11.51771093657519
1.972,29.58,4.165625,-11.336444751911728
1.972,29.58,4.16875,-11.135009941410575
1.972,29.58,4.171875,-10.907030281910632
1.972,29.58,4.175,-10.6725201412791
1.972,29.58,4.1781250000000005,-10.442144964483283
1.972,29.58,4.18125,-10.2252541296673
1.972,29.58,4.184375,-10.032001163363677
1.972,29.58,4.1875,-9.862741396567365
1.972,29.58,4.190625,-9.719664547445463
1.972,29.58,4.1937500000000005,-9.622918115984763
1.972,29.58,4.196875,-9.553260361386416
1.972,29.58,4.2,-9.517332523386665
1.972,29.58,4.203125,-9.526357846499629
1.972,29.58,4.20625,-9.559737846620994
1.972,29.58,4.2093750000000005,-9.63064920844407
1.972,29.58,4.2125,-9.748785816722016
1.972,29.58,4.215625,-9.900321457153309
1.972,29.58,4.21875,-10.085923643920346
1.972,29.58,4.221875,-10.295571553063592
1.972,29.58,4.2250000000000005,-10.539015790716315
1.972,29.58,4.228125,-10.786033887437778
1.972,29.58,4.23125,-11.052917562014015
1.972,29.58,4.234375,-11.306857874323658
1.972,29.58,4.2375,-11.544934986662835
1.972,29.58,4.2406250000000005,-11.732507059331867
1.972,29.58,4.24375,-11.85746138212676
1.972,29.58,4.246875,-11.928098226376253
1.972,29.58,4.25,-11.930500318728894
1.972,29.58,4.253125,-11.835933815643351
1.972,29.58,4.2562500000000005,-11.70476224891203
1.972,29.58,4.259375,-11.514880857587093
1.972,29.58,4.2625,-11.291010860264045
1.972,29.58,4.265625,-11.056289894743944
1.972,29.58,4.26875,-10.823378210465398
1.972,29.58,4.2718750000000005,-10.60213506312002
1.972,29.58,4.275,-10.395313578914607
1.972,29.58,4.278125,-10.210009693391122
1.972,29.58,4.28125,-10.070303478507498
1.972,29.58,4.284375000000001,-9.95094239430385
1.972,29.58,4.2875000000000005,-9.874379151287672
1.972,29.58,4.290625,-9.832256725347753
1.972,29.58,4.29375,-9.834783672404692
1.972,29.58,4.296875,-9.866516009201451
1.972,29.58,4.300000000000001,-9.931244482117298
1.972,29.58,4.3031250000000005,-10.042787892190665
1.972,29.58,4.30625,-10.177199510280184
1.972,29.58,4.309375,-10.345968249835414
1.972,29.58,4.3125,-10.532642272258773
1.972,29.58,4.315625000000001,-10.734100319446181
1.972,29.58,4.3187500000000005,-10.945178782491105
1.972,29.58,4.321875,-11.146027111075732
1.972,29.58,4.325,-11.3318079741517
1.972,29.58,4.328125,-11.488521377370763
1.972,29.58,4.331250000000001,-11.589075078843134
1.972,29.58,4.3343750000000005,-11.644990250883797
1.972,29.58,4.3375,-11.639127477711487
1.972,29.58,4.340625,-11.56770232820419
1.972,29.58,4.34375,-11.451950841892891
1.972,29.58,4.346875000000001,-11.276921051555927
1.972,29.58,4.3500000000000005,-11.070478390524261
1.972,29.58,4.353125,-10.820379729104308
1.972,29.58,4.35625,-10.551493589144465
1.972,29.58,4.359375,-10.279578362504811
1.972,29.58,4.362500000000001,-10.00520961822147
1.972,29.58,4.3656250000000005,-9.738951571013716
1.972,29.58,4.36875,-9.502782415713297
1.972,29.58,4.371875,-9.307226107758881
1.972,29.58,4.375,-9.157604251417826
1.972,29.58,4.378125000000001,-9.059521168135523
1.972,29.58,4.3812500000000005,-8.991939403207226
1.972,29.58,4.384375,-8.969925387975655
1.972,29.58,4.3875,-8.974712854475168
1.972,29.58,4.390625,-9.022257052268735
1.972,29.58,4.393750000000001,-9.105845288057036
1.972,29.58,4.3968750000000005,-9.215539401227472
1.972,29.58,4.4,-9.371387789450505
1.972,29.58,4.403125,-9.55155804249225
1.972,29.58,4.40625,-9.76149707565353
1.972,29.58,4.409375000000001,-9.980107839989776
1.972,29.58,4.4125000000000005,-10.200782444959415
1.972,29.58,4.415625,-10.424055576644271
1.972,29.58,4.41875,-10.619483419818918
1.972,29.58,4.421875,-10.783772310189434
1.972,29.58,4.425000000000001,-10.917923097659322
1.972,29.58,4.4281250000000005,-10.997205479687096
1.972,29.58,4.43125,-11.039695655818367
1.972,29.58,4.434375,-11.052135770257944
1.972,29.58,4.4375,-10.883942612056499
1.972,29.58,4.440625000000001,-10.66560118741872
1.972,29.58,4.4437500000000005,-10.464369058835352
1.972,29.58,4.446875,-10.242341637439853
1.972,29.58,4.45,-10.020194020535559
1.972,29.58,4.453125,-9.791716397298314
1.972,29.58,4.456250000000001,-9.584050790778997
1.972,29.58,4.4593750000000005,-9.399976698198506
1.972,29.58,4.4625,-9.241487500838495
1.972,29.58,4.465625,-9.118286959155204
1.972,29.58,4.46875,-9.024286309133698
1.972,29.58,4.471875000000001,-8.959433851939016
1.972,29.58,4.4750000000000005,-8.925136603673037
1.972,29.58,4.478125,-8.919116487654335
1.972,29.58,4.48125,-8.938644698909714
1.972,29.58,4.484375,-8.992310758477217
1.972,29.58,4.487500000000001,-9.069924184715397
1.972,29.58,4.4906250000000005,-9.17175583901545
1.972,29.58,4.49375,-9.301516825040045
1.972,29.58,4.496875,-9.449864863989566
1.972,29.58,4.5,-9.603924380789682
1.972,29.58,4.503125000000001,-9.764539473324184
1.972,29.58,4.5062500000000005,-9.90958257764171
1.972,29.58,4.509375,-10.044833201820236
1.972,29.58,4.5125,-10.143824020364532
1.972,29.58,4.515625,-10.196880023350474
1.972,29.58,4.518750000000001,-10.207664953052893
1.972,29.58,4.5218750000000005,-10.146152902890579
1.972,29.58,4.525,-10.032578564173203
1.972,29.58,4.528125,-9.870721979180182
1.972,29.58,4.53125,-9.673567769265507
1.972,29.58,4.534375000000001,-9.454178143250102
1.972,29.58,4.5375000000000005,-9.278047790371772
1.972,29.58,4.540625,-9.137300316011487
1.972,29.58,4.54375,-8.947867240402154
1.972,29.58,4.546875,-8.664425622228642
1.972,29.58,4.550000000000001,-8.382506621013633
1.972,29.58,4.5531250000000005,-8.117262923970207
1.972,29.58,4.55625,-7.890847120151571
1.972,29.58,4.559375,-7.713864500871824
1.972,29.58,4.5625,-7.56193469543021
1.972,29.58,4.565625000000001,-7.452218754115262
1.972,29.58,4.5687500000000005,-7.362885384304199
1.972,29.58,4.571875,-7.296084047334822
1.972,29.58,4.575,-7.2717594292728105
1.972,29.58,4.578125,-7.277732457330909
1.972,29.58,4.581250000000001,-7.3065797511090835
1.972,29.58,4.5843750000000005,-7.362122437770976
1.972,29.58,4.5875,-7.4427625736202625
1.972,29.58,4.590625,-7.5431474199197375
1.972,29.58,4.59375,-7.66029717373269
1.972,29.58,4.596875000000001,-7.792705098933279
1.972,29.58,4.6000000000000005,-7.92714540671693
1.972,29.58,4.603125,-8.056033269541276
1.972,29.58,4.60625,-8.172698819660805
1.972,29.58,4.609375,-8.268634914393148
1.972,29.58,4.612500000000001,-8.340380664759927
1.972,29.58,4.6156250000000005,-8.383960154763473
1.972,29.58,4.61875,-8.383283918906631
1.972,29.58,4.621875,-8.345696410221882
1.972,29.58,4.625,-8.259528476769226
1.972,29.58,4.628125000000001,-8.138410099170315
1.972,29.58,4.6312500000000005,-7.987984309344269
1.972,29.58,4.634375,-7.815732164295387
1.972,29.58,4.6375,-7.6286568513238056
1.972,29.58,4.640625,-7.445079389751212
1.972,29.58,4.643750000000001,-7.255317780657461
1.972,29.58,4.6468750000000005,-7.0740564161959805
1.972,29.58,4.65,-6.9106495761431175
1.972,29.58,4.653125,-6.764836243557831
1.972,29.58,4.65625,-6.638660608534755
1.972,29.58,4.659375000000001,-6.535598180393935
1.972,29.58,4.6625000000000005,-6.458087594222064
1.972,29.58,4.665625,-6.402271920458666
1.972,29.58,4.66875,-6.369634169848586
1.972,29.58,4.671875,-6.364995817163592
1.972,29.58,4.675000000000001,-6.376115577945298
1.972,29.58,4.6781250000000005,-6.388555697488694
1.972,29.58,4.68125,-6.398281810116394
1.972,29.58,4.684375,-6.471595032594424
1.972,29.58,4.6875,-6.61640602646591
1.972,29.58,4.690625000000001,-6.738520800767532
1.972,29.58,4.6937500000000005,-6.841887905312603
1.972,29.58,4.696875,-6.928813488273344
1.972,29.58,4.7,-6.985956242158893
1.972,29.58,4.703125,-7.021372902911965
1.972,29.58,4.706250000000001,-7.0243503740855395
1.972,29.58,4.7093750000000005,-6.988174837087336
1.972,29.58,4.7125,-6.918834734567799
1.972,29.58,4.715625,-6.812718961048536
1.972,29.58,4.71875,-6.681241062508581
1.972,29.58,4.721875000000001,-6.525304405897071
1.972,29.58,4.7250000000000005,-6.361618909599213
1.972,29.58,4.728125,-6.19433617889467
1.972,29.58,4.73125,-6.020648752073507
1.972,29.58,4.734375,-5.855725329184024
1.972,29.58,4.737500000000001,-5.702317071802688
1.972,29.58,4.7406250000000005,-5.5629543415371145
1.972,29.58,4.74375,-5.44375868818888
1.972,29.58,4.746875,-5.342875853684909
1.972,29.58,4.75,-5.264892164676009
1.972,29.58,4.753125000000001,-5.209916892805673
1.972,29.58,4.7562500000000005,-5.169518211176214
1.972,29.58,4.759375,-5.15379905768166
1.972,29.58,4.7625,-5.159282195269013
1.972,29.58,4.765625,-5.187178705977238
1.972,29.58,4.768750000000001,-5.231201394038635
1.972,29.58,4.7718750000000005,-5.295724697297109
1.972,29.58,4.775,-5.373613232598484
1.972,29.58,4.778125,-5.4633244202789335
1.972,29.58,4.78125,-5.562927400933615
1.972,29.58,4.784375000000001,-5.673249909905193
1.972,29.58,4.7875000000000005,-5.774269405977995
1.972,29.58,4.790625,-5.876276551375263
1.972,29.58,4.79375,-5.959783039330838
1.972,29.58,4.796875,-6.026715187260217
1.972,29.58,4.800000000000001,-6.060138241156066
1.972,29.58,4.8031250000000005,-6.068267787500071
1.972,29.58,4.80625,-6.057467533090195
1.972,29.58,4.809375,-6.002727133226211
1.972,29.58,4.8125,-5.929621154227235
1.972,29.58,4.815625000000001,-5.836054577811244
1.972,29.58,4.8187500000000005,-5.732363073769255
1.972,29.58,4.821875,-5.61971496500631
1.972,29.58,4.825,-5.499228773234275
1.972,29.58,4.828125,-5.386804870130502
1.972,29.58,4.831250000000001,-5.288772380551477
1.972,29.58,4.8343750000000005,-5.201611152530665
1.972,29.58,4.8375,-5.130643434644478
1.972,29.58,4.840625,-5.076245274195522
1.972,29.58,4.84375,-5.050247974982678
1.972,29.58,4.846875000000001,-5.04326584846295
1.972,29.58,4.8500000000000005,-5.05502182266659
1.972,29.58,4.853125,-5.091212599116577
1.972,29.58,4.85625,-5.1440197751969325
1.972,29.58,4.859375,-5.218409850126783
1.972,29.58,4.862500000000001,-5.320570329642572
1.972,29.58,4.8656250000000005,-5.434851615580008
1.972,29.58,4.86875,-5.5640154662453885
1.972,29.58,4.871875,-5.710421915800625
1.972,29.58,4.875,-5.857208274081213
1.972,29.58,4.878125000000001,-6.003911822632981
1.972,29.58,4.8812500000000005,-6.137106469688257
1.972,29.58,4.884375,-6.266301970555367
1.972,29.58,4.8875,-6.365905085499794
1.972,29.58,4.890625,-6.431187490711729
1.972,29.58,4.893750000000001,-6.461796840539588
1.972,29.58,4.8968750000000005,-6.4529701544852855
1.972,29.58,4.9,-6.404752757251479
1.972,29.58,4.903125,-6.317474550384972
1.972,29.58,4.90625,-6.202736411371005
1.972,29.58,4.909375000000001,-6.062483726966414
1.972,29.58,4.9125000000000005,-5.914056810898751
1.972,29.58,4.915625,-5.761521847816235
1.972,29.58,4.91875,-5.6090210072708535
1.972,29.58,4.921875,-5.467386699499688
1.972,29.58,4.925000000000001,-5.344205014653424
1.972,29.58,4.9281250000000005,-5.228126198989115
1.972,29.58,4.93125,-5.135922906149773
1.972,29.58,4.934375,-5.068571841771853
1.972,29.58,4.9375,-5.022938997965182
1.972,29.58,4.940625000000001,-5.004855898999598
1.972,29.58,4.9437500000000005,-5.010938184020064
1.972,29.58,4.946875,-5.038130455132426
1.972,29.58,4.95,-5.092461703007329
1.972,29.58,4.953125,-5.164607280540009
1.972,29.58,4.956250000000001,-5.261944747994308
1.972,29.58,4.9593750000000005,-5.368844308460744
1.972,29.58,4.9625,-5.5012867648854975
1.972,29.58,4.965625,-5.63830757675552
1.972,29.58,4.96875,-5.7811970061120626
1.972,29.58,4.971875000000001,-5.9298880272558385
1.972,29.58,4.9750000000000005,-6.071338575521952
1.972,29.58,4.978125,-6.203013170156201
1.972,29.58,4.98125,-6.313695922115842
1.972,29.58,4.984375,-6.40164218787633
1.972,29.58,4.987500000000001,-6.466220836206363
1.972,29.58,4.9906250000000005,-6.485233441166542
1.972,29.58,4.99375,-6.4748011150527605
1.972,29.58,4.996875,-6.430355358267953
1.972,29.58,5,-6.365081734634393
1.972,29.58,5.003125000000001,-6.269132766309065
1.972,29.58,5.0062500000000005,-6.174524820638668
1.972,29.58,5.009375,-6.08238809368661
1.972,29.58,5.0125,-5.980368369823253
1.972,29.58,5.015625,-5.886693635034378
1.972,29.58,5.018750000000001,-5.808631470440573
1.972,29.58,5.0218750000000005,-5.739848427004683
1.972,29.58,5.025,-5.6878164973997904
1.972,29.58,5.028125,-5.657494679483679
1.972,29.58,5.03125,-5.65567577548273
1.972,29.58,5.034375000000001,-5.67164331768928
1.972,29.58,5.0375000000000005,-5.717900144674314
1.972,29.58,5.040625,-5.783552118280114
1.972,29.58,5.04375,-5.879427214507539
1.972,29.58,5.046875,-5.992401904202675
1.972,29.58,5.050000000000001,-6.130176831183483
1.972,29.58,5.0531250000000005,-6.2816776900613425
1.972,29.58,5.05625,-6.449840296975511
1.972,29.58,5.059375,-6.622485607939598
1.972,29.58,5.0625,-6.810192034785462
1.972,29.58,5.065625000000001,-6.993306558352056
1.972,29.58,5.0687500000000005,-7.1640023804328425
1.972,29.58,5.071875,-7.30973223602706
1.972,29.58,5.075,-7.430615719671074
1.972,29.58,5.078125,-7.514983276357766
1.972,29.58,5.081250000000001,-7.541028105845546
1.972,29.58,5.0843750000000005,-7.530737922845554
1.972,29.58,5.0875,-7.466484638260007
1.972,29.58,5.090625,-7.357631253050354
1.972,29.58,5.09375,-7.227601263362655
1.972,29.58,5.096875000000001,-7.078653038810464
1.972,29.58,5.1000000000000005,-6.92455680478753
1.972,29.58,5.103125,-6.738847575578257
1.972,29.58,5.10625,-6.565869733904714
1.972,29.58,5.109375,-6.4016591506837015
1.972,29.58,5.112500000000001,-6.2623913390347
1.972,29.58,5.1156250000000005,-6.15071306796726
1.972,29.58,5.11875,-6.061045789500596
1.972,29.58,5.121875,-6.003995208575153
1.972,29.58,5.125,-5.975396558959288
1.972,29.58,5.128125000000001,-5.96889350335659
1.972,29.58,5.1312500000000005,-5.992082058847147
1.972,29.58,5.134375,-6.035883262639436
1.972,29.58,5.1375,-6.1004226699855195
1.972,29.58,5.140625,-6.194534872638405
1.972,29.58,5.143750000000001,-6.299033390357111
1.972,29.58,5.1468750000000005,-6.420135853754435
1.972,29.58,5.15,-6.556611304781081
1.972,29.58,5.153125,-6.687747406953358
1.972,29.58,5.15625,-6.837544598832091
1.972,29.58,5.159375000000001,-6.974417080961629
1.972,29.58,5.1625000000000005,-7.093035872032329
1.972,29.58,5.165625,-7.203837786869681
1.972,29.58,5.16875,-7.280772048823857
1.972,29.58,5.171875,-7.330207637180999
1.972,29.58,5.175000000000001,-7.350449651007288
1.972,29.58,5.1781250000000005,-7.330842708989812
1.972,29.58,5.18125,-7.278030221450319
1.972,29.58,5.184375,-7.1948560654804705
1.972,29.58,5.1875,-7.091190578722099
1.972,29.58,5.190625000000001,-6.973801587573246
1.972,29.58,5.1937500000000005,-6.842744948016284
1.972,29.58,5.196875,-6.73161658406479
1.972,29.58,5.2,-6.62203632735611
1.972,29.58,5.203125,-6.511425232657736
1.972,29.58,5.206250000000001,-6.430748644956154
1.972,29.58,5.2093750000000005,-6.349311547592702
1.972,29.58,5.2125,-6.300904323909581
1.972,29.58,5.215625,-6.2684493985848135
1.972,29.58,5.21875,-6.274275888469095
1.972,29.58,5.221875000000001,-6.313649017167244
1.972,29.58,5.2250000000000005,-6.380567594142679
1.972,29.58,5.228125,-6.489765533505551
1.972,29.58,5.23125,-6.643627186826828
1.972,29.58,5.234375,-6.8112422544434414
1.972,29.58,5.237500000000001,-7.025823640836948
1.972,29.58,5.2406250000000005,-7.271327145510565
1.972,29.58,5.24375,-7.555275306514458
1.972,29.58,5.246875,-7.866147067294314
1.972,29.58,5.25,-8.225966227939862
1.972,29.58,5.253125000000001,-8.654962389579161
1.972,29.58,5.2562500000000005,-9.178660782506165
1.972,29.58,5.259375,-9.870438581184452
1.972,29.58,5.2625,-10.889726490757711
1.972,29.58,5.265625,-12.325685438060336
1.972,29.58,5.268750000000001,-12.927656276852051
1.972,29.58,5.2718750000000005,-11.399126876418732
1.972,29.58,5.275,-9.919166914284647
1.972,29.58,5.278125,-9.06964490645688
1.972,29.58,5.28125,-8.545973863121016
1.972,29.58,5.284375000000001,-8.170835287841351
1.972,29.58,5.2875000000000005,-7.8459818407750745
1.972,29.58,5.290625,-7.5486510791326245
1.972,29.58,5.29375,-7.297054945293061
1.972,29.58,5.296875,-7.082304611938188
1.972,29.58,5.300000000000001,-6.897361535477007
1.972,29.58,5.3031250000000005,-6.753025249824295
1.972,29.58,5.30625,-6.632701137397303
1.972,29.58,5.309375,-6.557262991212398
1.972,29.58,5.3125,-6.506732897606947
1.972,29.58,5.315625000000001,-6.499180866146165
1.972,29.58,5.3187500000000005,-6.512741118116525
1.972,29.58,5.321875,-6.566081282543915
1.972,29.58,5.325,-6.640053050246007
1.972,29.58,5.328125,-6.745688554891542
1.972,29.58,5.331250000000001,-6.860944093577629
1.972,29.58,5.3343750000000005,-6.999486811003498
1.972,29.58,5.3375,-7.138816723765754
1.972,29.58,5.340625,-7.2883251360098535
1.972,29.58,5.34375,-7.428165723658814
1.972,29.58,5.346875000000001,-7.563140274055592
1.972,29.58,5.3500000000000005,-7.673426828356464
1.972,29.58,5.353125,-7.758414051647041
1.972,29.58,5.35625,-7.809429220607401
1.972,29.58,5.359375,-7.820066185816583
1.972,29.58,5.362500000000001,-7.790069931245701
1.972,29.58,5.3656250000000005,-7.708370490710789
1.972,29.58,5.36875,-7.596726659213363
1.972,29.58,5.371875,-7.448167716779166
1.972,29.58,5.375,-7.287706149363576
1.972,29.58,5.378125000000001,-7.105706595856626
1.972,29.58,5.3812500000000005,-6.91886217407628
1.972,29.58,5.384375,-6.742105802773722
1.972,29.58,5.3875,-6.576099079612975
1.972,29.58,5.390625,-6.428493374333985
1.972,29.58,5.393750000000001,-6.297524918915135
1.972,29.58,5.3968750000000005,-6.202479672176291
1.972,29.58,5.4,-6.137282422903101
1.972,29.58,5.403125,-6.098664085770629
1.972,29.58,5.40625,-6.084492583122765
1.972,29.58,5.409375000000001,-6.101238668959823
1.972,29.58,5.4125000000000005,-6.146725036512941
1.972,29.58,5.415625,-6.211709938139839
1.972,29.58,5.41875,-6.301728244763101
1.972,29.58,5.421875,-6.411468057139153
1.972,29.58,5.425000000000001,-6.542080663459387
1.972,29.58,5.4281250000000005,-6.690847546092348
1.972,29.58,5.43125,-6.852996771604541
1.972,29.58,5.434375,-7.028232536752871
1.972,29.58,5.4375,-7.197987319192569
1.972,29.58,5.440625000000001,-7.354366951531168
1.972,29.58,5.4437500000000005,-7.502621235404167
1.972,29.58,5.446875,-7.624227116438198
1.972,29.58,5.45,-7.693512007131561
1.972,29.58,5.453125,-7.730229223117294
1.972,29.58,5.456250000000001,-7.717591573463917
1.972,29.58,5.4593750000000005,-7.656212280722071
1.972,29.58,5.4625,-7.5457701770994845
1.972,29.58,5.465625,-7.396601249481389
1.972,29.58,5.46875,-7.228072668562833
1.972,29.58,5.471875000000001,-7.034055018235351
1.972,29.58,5.4750000000000005,-6.844015428549767
1.972,29.58,5.478125,-6.653645430769707
1.972,29.58,5.48125,-6.47222344811631
1.972,29.58,5.484375,-6.318960575809635
1.972,29.58,5.487500000000001,-6.186107820300107
1.972,29.58,5.4906250000000005,-6.081016052235656
1.972,29.58,5.49375,-6.002509673213766
1.972,29.58,5.496875,-5.961903768156466
1.972,29.58,5.5,-5.94232067210883
1.972,29.58,5.503125000000001,-5.946925108695732
1.972,29.58,5.5062500000000005,-5.979603798669139
1.972,29.58,5.509375,-6.028511071161715
1.972,29.58,5.5125,-6.095985804553502
1.972,29.58,5.515625,-6.1787573751827916
1.972,29.58,5.518750000000001,-6.277402656555755
1.972,29.58,5.5218750000000005,-6.378236318238243
1.972,29.58,5.525,-6.47065794513146
1.972,29.58,5.528125,-6.551468444735903
1.972,29.58,5.53125,-6.617387354531833
1.972,29.58,5.534375000000001,-6.655069933392501
1.972,29.58,5.5375000000000005,-6.676939094471263
1.972,29.58,5.540625,-6.647611114619002
1.972,29.58,5.54375,-6.5858951129541845
1.972,29.58,5.546875,-6.490385428040445
1.972,29.58,5.550000000000001,-6.368867065913863
1.972,29.58,5.5531250000000005,-6.215755640912022
1.972,29.58,5.55625,-6.0531428289845435
1.972,29.58,5.559375,-5.872626401931326
1.972,29.58,5.5625,-5.696522081855525
1.972,29.58,5.565625000000001,-5.525937631169999
1.972,29.58,5.5687500000000005,-5.36360957170126
1.972,29.58,5.571875,-5.226632206464813
1.972,29.58,5.575,-5.108036245494904
1.972,29.58,5.578125,-5.016341288723978
1.972,29.58,5.581250000000001,-4.950650513913459
1.972,29.58,5.5843750000000005,-4.913441721256543
1.972,29.58,5.5875,-4.903709209834619
1.972,29.58,5.590625,-4.915780201912061
1.972,29.58,5.59375,-4.957123169625428
1.972,29.58,5.596875000000001,-5.020513581611253
1.972,29.58,5.6000000000000005,-5.109757092163312
1.972,29.58,5.603125,-5.214939792440305
1.972,29.58,5.60625,-5.334752379346975
1.972,29.58,5.609375,-5.4656853468581765
1.972,29.58,5.612500000000001,-5.6073985442170695
1.972,29.58,5.6156250000000005,-5.752478491872486
1.972,29.58,5.61875,-5.891161302274469
1.972,29.58,5.621875,-6.011032758312589
1.972,29.58,5.625,-6.121601416684122
1.972,29.58,5.628125000000001,-6.193301015867998
1.972,29.58,5.6312500000000005,-6.240354913806435
1.972,29.58,5.634375,-6.250146934959138
1.972,29.58,5.6375,-6.217599770356303
1.972,29.58,5.640625,-6.139271291357675
1.972,29.58,5.643750000000001,-6.037130184674253
1.972,29.58,5.6468750000000005,-5.906380164020738
1.972,29.58,5.65,-5.750324176084035
1.972,29.58,5.653125,-5.586081311859239
1.972,29.58,5.65625,-5.427832196863779
1.972,29.58,5.659375000000001,-5.271011316673432
1.972,29.58,5.6625000000000005,-5.12627285472804
1.972,29.58,5.665625,-5.012695659794389
1.972,29.58,5.66875,-4.9190014937724165
1.972,29.58,5.671875,-4.842452186650946
1.972,29.58,5.675000000000001,-4.797298861645262
1.972,29.58,5.6781250000000005,-4.781073704251319
1.972,29.58,5.68125,-4.783130807745718
1.972,29.58,5.684375,-4.8157023229834905
1.972,29.58,5.6875,-4.866502725190454
1.972,29.58,5.690625000000001,-4.933615736360955
1.972,29.58,5.6937500000000005,-5.013463216100266
1.972,29.58,5.696875,-5.105551865347668
1.972,29.58,5.7,-5.19681295731184
1.972,29.58,5.703125,-5.299276937011637
1.972,29.58,5.706250000000001,-5.387823718758529
1.972,29.58,5.7093750000000005,-5.459958497242753
1.972,29.58,5.7125,-5.517373082817562
1.972,29.58,5.715625,-5.541872262428483
1.972,29.58,5.71875,-5.53939049280586
1.972,29.58,5.721875000000001,-5.510364688317548
1.972,29.58,5.7250000000000005,-5.446530146177783
1.972,29.58,5.728125,-5.3501850698677185
1.972,29.58,5.73125,-5.225511659224029
1.972,29.58,5.734375,-5.081557928947626
1.972,29.58,5.737500000000001,-4.913561625674008
1.972,29.58,5.7406250000000005,-4.74584708938352
1.972,29.58,5.74375,-4.582355960575723
1.972,29.58,5.746875,-4.425590098273716
1.972,29.58,5.75,-4.2742959238215015
1.972,29.58,5.753125000000001,-4.146600894953068
1.972,29.58,5.7562500000000005,-4.046692530696112
1.972,29.58,5.759375,-3.9669258338396918
1.972,29.58,5.7625,-3.914253618743145
1.972,29.58,5.765625,-3.88705045999671
1.972,29.58,5.768750000000001,-3.8845503412507956
1.972,29.58,5.7718750000000005,-3.909515490359608
1.972,29.58,5.775,-3.9527528703172403
1.972,29.58,5.778125,-4.019677981263255
1.972,29.58,5.78125,-4.1045592664191
1.972,29.58,5.784375000000001,-4.197746393826475
1.972,29.58,5.7875000000000005,-4.310225900766547
1.972,29.58,5.790625,-4.417901753276457
1.972,29.58,5.79375,-4.537269007102974
1.972,29.58,5.796875,-4.650963651913255
1.972,29.58,5.800000000000001,-4.741403420681181
1.972,29.58,5.8031250000000005,-4.82946199029281
1.972,29.58,5.80625,-4.890402178253258
1.972,29.58,5.809375,-4.925661301413756
1.972,29.58,5.8125,-4.932306356616701
1.972,29.58,5.815625000000001,-4.908205207972756
1.972,29.58,5.8187500000000005,-4.854058847357019
1.972,29.58,5.821875,-4.764882883288031
1.972,29.58,5.825,-4.669438862322167
1.972,29.58,5.828125,-4.552413880341626
1.972,29.58,5.831250000000001,-4.4212957864949
1.972,29.58,5.8343750000000005,-4.286615687955409
1.972,29.58,5.8375,-4.1566795139240265
1.972,29.58,5.840625,-4.0431837307066605
1.972,29.58,5.84375,-3.9395414081159252
1.972,29.58,5.846875000000001,-3.8571072471312466
1.972,29.58,5.8500000000000005,-3.7956006519025713
1.972,29.58,5.853125,-3.764400002660468
1.972,29.58,5.85625,-3.7514676031585514
1.972,29.58,5.859375,-3.769629628406144
1.972,29.58,5.862500000000001,-3.80549045695803
1.972,29.58,5.8656250000000005,-3.8681540249551976
1.972,29.58,5.86875,-3.950870576784577
1.972,29.58,5.871875,-4.043418254716722
1.972,29.58,5.875,-4.140989597376105
1.972,29.58,5.878125000000001,-4.247931683088032
1.972,29.58,5.8812500000000005,-4.345856236476509
1.972,29.58,5.884375,-4.445372209679074
1.972,29.58,5.8875,-4.534060311980098
1.972,29.58,5.890625,-4.6097110557851035
1.972,29.58,5.893750000000001,-4.664426667370296
1.972,29.58,5.8968750000000005,-4.691691295231059
1.972,29.58,5.9,-4.691900443249364
1.972,29.58,5.903125,-4.649114653733655
1.972,29.58,5.90625,-4.5804140161289055
1.972,29.58,5.909375000000001,-4.470372250995338
1.972,29.58,5.9125000000000005,-4.334191291598951
1.972,29.58,5.915625,-4.1873193301130875
1.972,29.58,5.91875,-4.0201084217492085
1.972,29.58,5.921875,-3.849521545644868
1.972,29.58,5.925000000000001,-3.6871698184448882
1.972,29.58,5.9281250000000005,-3.5297528966110385
1.972,29.58,5.93125,-3.390061667840785
1.972,29.58,5.934375,-3.2758361370132425
1.972,29.58,5.9375,-3.1923404781442857
1.972,29.58,5.940625000000001,-3.1289531864817737
1.972,29.58,5.9437500000000005,-3.093910579016767
1.972,29.58,5.946875,-3.086363216083857
1.972,29.58,5.95,-3.107254023827655
1.972,29.58,5.953125,-3.148152856579478
1.972,29.58,5.956250000000001,-3.2120441569748364
1.972,29.58,5.9593750000000005,-3.295147380317192
1.972,29.58,5.9625,-3.3934681935360023
1.972,29.58,5.965625,-3.504787491411787
1.972,29.58,5.96875,-3.6284079754401772
1.972,29.58,5.971875000000001,-3.756193372042413
1.972,29.58,5.9750000000000005,-3.8855751766386932
1.972,29.58,5.978125,-4.0165644923710895
1.972,29.58,5.98125,-4.136119817072808
1.972,29.58,5.984375,-4.243655336426945
1.972,29.58,5.987500000000001,-4.329363784939958
1.972,29.58,5.9906250000000005,-4.393426088229164
1.972,29.58,5.99375,-4.421005705523786
1.972,29.58,5.996875,-4.410535154739745
1.972,29.58,6,-4.37047503749802
