t	Voltage
137	10.98529
137	10.39414
137	9.895023
137	9.466594
137	9.078331
137	8.704757
137	8.352248
137	7.977694
137	7.676945
137	7.381221
137	7.110654
137	6.86171
137	6.622875
137	6.412327
137	6.190721
137	5.967477
137	5.760627
137	5.576328
137	5.481793
137	5.502896
137	5.643691
137	5.904586
137	6.235477
137	6.614918
137	7.011984
137	7.398966
137	7.777695
137	8.101604
137	8.386997
137	8.626105
137	8.841704
137	8.993476
137	9.109186
137	9.185866
137	9.231011
137	9.262401
137	9.298019
137	9.361196
137	9.468067
137	9.618556
137	9.803895
137	9.983686
137	10.13044
137	10.224
137	10.26247
137	10.24924
137	10.19138
137	10.10223
137	9.992228
137	9.868191
137	9.749748
137	9.640299
137	9.542662
137	9.455759
137	9.364934
137	9.264646
137	9.13164
137	8.956664
137	8.739737
137	8.486477
137	8.22324
137	7.965054
137	7.720592
137	7.500216
137	7.308058
137	7.163317
137	7.064266
137	7.013334
137	7.005995
137	7.043435
137	7.117295
137	7.223627
137	7.362125
137	7.542692
137	7.762647
137	8.026721
137	8.327337
137	8.657663
137	8.960915
137	9.244611
137	9.497859
137	9.714916
137	9.911904
137	10.07426
137	10.21477
137	10.34348
137	10.47418
137	10.59334
137	10.71342
137	10.82898
137	10.93658
137	11.03135
137	11.08945
137	11.09756
137	11.04021
137	10.91097
137	10.7143
137	10.46703
137	10.18295
137	9.874436
137	9.541973
137	9.206466
137	8.872149
137	8.53655
137	8.181087
137	7.850851
137	7.516004
137	7.186682
137	6.859492
137	6.528102
137	6.209665
137	5.918765
137	5.645487
137	5.394814
137	5.21136
137	5.099966
137	5.075418
137	5.15825
137	5.350111
137	5.644677
137	6.015939
137	6.427801
137	6.872145
137	7.265452
137	7.628835
137	7.943647
137	8.211783
137	8.431385
137	8.580371
137	8.676733
137	8.733128
137	8.75785
137	8.77118
137	8.785466
137	8.82267
137	8.901394
137	9.038618
137	9.217188
137	9.430685
137	9.644658
137	9.829803
137	9.973408
137	10.05528
137	10.09196
137	10.09739
137	10.08546
137	10.0708
137	10.06183
137	10.06561
137	10.08412
137	10.11473
137	10.14492
137	10.16362
137	10.15273
137	10.09378
137	9.96928
137	9.790272
137	9.563327
137	9.305717
137	9.039074
137	8.762627
137	8.521841
137	8.295774
137	8.090768
137	7.903539
137	7.723054
137	7.561727
137	7.406306
137	7.250958
137	7.098825
137	6.948287
137	6.823441
137	6.733597
137	6.699369
137	6.739675
137	6.868014
137	7.081957
137	7.364289
137	7.692033
137	8.053051
137	8.411439
137	8.749696
137	9.068319
137	9.373452
137	9.625904
137	9.84457
137	10.0281
137	10.17813
137	10.30675
137	10.40055
137	10.48294
137	10.56386
137	10.65361
137	10.76129
137	10.86829
137	10.95748
137	11.00481
137	10.98865
137	10.89943
137	10.74004
137	10.52105
137	10.25607
137	9.94413
137	9.631166
137	9.30566
137	8.975739
137	8.645897
137	8.307196
137	7.995753
137	7.688126
137	7.380672
137	7.076044
137	6.754192
137	6.458605
137	6.172616
137	5.904567
137	5.663448
137	5.457803
137	5.327831
137	5.285051
137	5.344418
137	5.519173
137	5.789969
137	6.142157
137	6.545438
137	6.959077
137	7.381766
137	7.755477
137	8.090802
137	8.374413
137	8.61793
137	8.784985
137	8.904013
137	8.975563
137	9.01487
137	9.037431
137	9.056072
137	9.091427
137	9.162439
137	9.28724
137	9.453021
137	9.649959
137	9.850133
137	10.01733
137	10.1357
137	10.19076
137	10.19397
137	10.15958
137	10.10052
137	10.03628
137	9.97471
137	9.925871
137	9.891765
137	9.870725
137	9.857489
137	9.837496
137	9.792699
137	9.705745
137	9.561991
137	9.366281
137	9.131781
137	8.875054
137	8.598725
137	8.353044
137	8.127639
137	7.932639
137	7.768058
137	7.629688
137	7.526031
137	7.447474
137	7.384035
137	7.32969
137	7.289659
137	7.264679
137	7.266427
137	7.311869
137	7.422621
137	7.599278
137	7.844634
137	8.13763
137	8.457119
137	8.787961
137	9.096721
137	9.380548
137	9.640933
137	9.887557
137	10.09276
137	10.2753
137	10.43758
137	10.58101
137	10.71619
137	10.82853
137	10.93413
137	11.03374
137	11.12885
137	11.2133
137	11.25808
137	11.24869
137	11.16957
137	11.01958
137	10.79785
137	10.53891
137	10.23721
137	9.909421
137	9.560685
137	9.186448
137	8.830111
137	8.471417
137	8.114691
137	7.761949
137	7.397661
137	7.064679
137	6.735054
137	6.414505
137	6.102257
137	5.790009
137	5.507098
137	5.271119
137	5.088447
137	4.977244
137	4.969917
137	5.07389
137	5.291396
137	5.611304
137	6.023401
137	6.44017
137	6.859789
137	7.249972
137	7.600229
137	7.919329
137	8.16419
137	8.349624
137	8.483593
137	8.568017
137	8.619305
137	8.637279
137	8.641199
137	8.652871
137	8.695497
137	8.781308
137	8.923638
137	9.118608
137	9.347032
137	9.587715
137	9.784721
137	9.936861
137	10.04483
137	10.11399
137	10.15866
137	10.18628
137	10.21221
137	10.24491
137	10.28797
137	10.3434
137	10.40267
137	10.46035
137	10.50347
137	10.51462
137	10.47306
137	10.36806
137	10.19654
137	9.97301
137	9.714419
137	9.428642
137	9.158481
137	8.892914
137	8.637112
137	8.39641
137	8.155908
137	7.932008
137	7.709184
137	7.490125
137	7.256584
137	7.04056
137	6.827479
137	6.628383
137	6.454464
137	6.319283
137	6.257744
137	6.282685
137	6.402672
137	6.624104
137	6.909882
137	7.249331
137	7.621936
137	7.999322
137	8.384578
137	8.731317
137	9.045528
137	9.317871
137	9.561079
137	9.737142
137	9.87179
137	9.971093
137	10.04316
137	10.10477
137	10.16645
137	10.24267
137	10.34522
137	10.47665
137	10.60886
137	10.72253
137	10.78636
137	10.78143
137	10.70432
137	10.56021
137	10.36372
137	10.13031
137	9.862585
137	9.601246
137	9.33419
137	9.072901
137	8.821062
137	8.561789
137	8.324249
137	8.079979
137	7.824981
137	7.559982
137	7.275072
137	7.003837
137	6.73851
137	6.493372
137	6.264948
137	6.10387
137	6.004625
137	5.989003
137	6.065437
137	6.236076
137	6.492871
137	6.814238
137	7.181927
137	7.590984
137	7.980396
137	8.353992
137	8.699771
137	8.999562
137	9.262123
137	9.452647
137	9.591486
137	9.685954
137	9.754898
137	9.799153
137	9.841861
137	9.900507
137	9.987675
137	10.11422
137	10.2595
137	10.41126
137	10.54036
137	10.61501
137	10.61927
137	10.54986
137	10.42051
137	10.24581
137	10.04198
137	9.817657
137	9.605384
137	9.400764
137	9.205084
137	9.022864
137	8.837776
137	8.655939
137	8.459711
137	8.24252
137	7.98891
137	7.733993
137	7.471539
137	7.214708
137	6.978815
137	6.765834
137	6.612651
137	6.526144
137	6.512872
137	6.579096
137	6.720584
137	6.930917
137	7.197978
137	7.507087
137	7.847019
137	8.216426
137	8.583106
137	8.922813
137	9.234807
137	9.519901
137	9.738496
137	9.90774
137	10.03564
137	10.12883
137	10.20829
137	10.27761
137	10.35602
137	10.45136
137	10.56596
137	10.69356
137	10.81588
137	10.90704
137	10.94469
137	10.91129
137	10.80204
137	10.62449
137	10.3944
137	10.12889
137	9.828512
137	9.540378
137	9.250026
137	8.96452
137	8.683541
137	8.399275
137	8.119623
137	7.845168
137	7.563323
137	7.266271
137	6.971871
137	6.6923
137	6.420819
137	6.15885
137	5.947774
137	5.794042
137	5.711496
137	5.72141
137	5.829363
137	6.040544
137	6.338552
137	6.698513
137	7.1068
137	7.517507
137	7.91262
137	8.277637
137	8.62691
137	8.895295
137	9.112449
137	9.274484
137	9.38565
137	9.460907
137	9.501381
137	9.529393
137	9.563728
137	9.621688
137	9.721929
137	9.857649
137	10.02601
137	10.20057
137	10.34933
137	10.44643
137	10.46894
137	10.42672
137	10.33215
137	10.19964
137	10.04694
137	9.89303
137	9.744615
137	9.6091
137	9.48239
137	9.376102
137	9.270975
137	9.154157
137	9.010922
137	8.824244
137	8.611488
137	8.369614
137	8.113729
137	7.858733
137	7.606928
137	7.40486
137	7.244442
137	7.137506
137	7.087951
137	7.093784
137	7.157946
137	7.271328
137	7.425442
137	7.621999
137	7.837792
137	8.084651
137	8.363544
137	8.664834
137	8.977833
137	9.281357
137	9.561301
137	9.801773
137	10.00609
137	10.1748
137	10.3198
137	10.44515
137	10.56371
137	10.6808
137	10.80534
137	10.92212
137	11.03433
137	11.1312
137	11.20219
137	11.23245
137	11.20235
137	11.10094
137	10.9298
137	10.69853
137	10.41644
137	10.11077
137	9.78598
137	9.451751
137	9.114676
137	8.772778
137	8.434561
137	8.100329
137	7.765769
137	7.417927
137	7.095648
137	6.778367
137	6.46819
137	6.169568
137	5.875317
137	5.626015
137	5.418424
137	5.28138
137	5.221025
137	5.270853
137	5.431273
137	5.697829
137	6.050918
137	6.463387
137	6.89204
137	7.294811
137	7.672644
137	8.024716
137	8.315686
137	8.537704
137	8.704464
137	8.818378
137	8.890406
137	8.925278
137	8.939552
137	8.950855
137	8.981812
137	9.046705
137	9.161955
137	9.328517
137	9.534811
137	9.760409
137	9.950049
137	10.09414
137	10.18491
137	10.22632
137	10.23203
137	10.21471
137	10.18967
137	10.16835
137	10.15815
137	10.1625
137	10.17961
137	10.20277
137	10.21906
137	10.21173
137	10.16145
137	10.05389
137	9.88427
137	9.664358
137	9.405
137	9.136289
137	8.875392
137	8.627839
137	8.400374
137	8.195092
137	8.011637
137	7.849362
137	7.698811
137	7.54776
137	7.410866
137	7.27707
137	7.150051
137	7.040041
137	6.955316
137	6.929201
137	6.975518
137	7.10794
137	7.325815
137	7.609591
137	7.93325
137	8.276196
137	8.640256
137	8.967371
137	9.280827
137	9.562378
137	9.816151
137	10.04755
137	10.23022
137	10.38386
137	10.50936
137	10.61315
137	10.70513
137	10.79376
137	10.88878
137	10.99107
137	11.09209
137	11.17309
137	11.19989
137	11.15994
137	11.04726
137	10.86667
137	10.61872
137	10.34256
137	10.03114
137	9.701414
137	9.359351
137	9.007081
137	8.665611
137	8.331724
137	8.002666
137	7.663769
137	7.350708
137	7.038297
137	6.727708
137	6.426443
137	6.119409
137	5.855613
137	5.618672
137	5.429854
137	5.311463
137	5.278809
137	5.357454
137	5.55017
137	5.845429
137	6.23407
137	6.63849
137	7.052249
137	7.452321
137	7.817944
137	8.156645
137	8.42464
137	8.635925
137	8.792528
137	8.899001
137	8.963896
137	8.995641
137	9.009855
137	9.025826
137	9.066845
137	9.144894
137	9.27447
137	9.453319
137	9.661394
137	9.881464
137	10.054
137	10.17734
137	10.24609
137	10.26788
137	10.25754
137	10.2269
137	10.19077
137	10.16062
137	10.14239
137	10.14016
137	10.14967
137	10.16193
137	10.16344
137	10.13667
137	10.06186
137	9.92728
137	9.735096
137	9.488841
137	9.232642
137	8.966089
137	8.709995
137	8.470539
137	8.247338
137	8.054623
137	7.893285
137	7.750342
137	7.614337
137	7.495161
137	7.380835
137	7.271839
137	7.175293
137	7.095373
137	7.060925
137	7.087567
137	7.193418
137	7.389504
137	7.645947
137	7.954663
137	8.28819
137	8.629149
137	8.972979
137	9.289874
137	9.573644
137	9.828666
137	10.06213
137	10.25884
137	10.42106
137	10.55856
137	10.6807
137	10.7792
137	10.87066
137	10.96436
137	11.06381
137	11.16406
137	11.23828
137	11.26696
137	11.23059
137	11.11854
137	10.94452
137	10.70994
137	10.42959
137	10.11603
137	9.772555
137	9.422022
137	9.074211
137	8.724883
137	8.360503
137	8.025043
137	7.695257
137	7.368088
137	7.046878
137	6.711313
137	6.406872
137	6.111002
137	5.835887
137	5.587543
137	5.373556
137	5.234029
137	5.190878
137	5.251545
137	5.431588
137	5.711764
137	6.074039
137	6.48265
137	6.90284
137	7.330105
137	7.696327
137	8.021338
137	8.29482
137	8.514603
137	8.687808
137	8.801965
137	8.864323
137	8.894948
137	8.908938
137	8.9205
137	8.951893
137	9.021746
137	9.14331
137	9.321141
137	9.534707
137	9.753427
137	9.947074
137	10.10475
137	10.19772
137	10.24601
137	10.25853
137	10.25179
137	10.23954
137	10.23081
137	10.23286
137	10.24989
137	10.27907
137	10.31034
137	10.33317
137	10.33045
137	10.28266
137	10.17346
137	10.00309
137	9.780491
137	9.525311
137	9.24216
137	8.980091
137	8.726493
137	8.492826
137	8.277559
137	8.071849
137	7.894077
137	7.726986
137	7.564515
137	7.404586
137	7.238765
137	7.090012
137	6.956077
137	6.851849
137	6.798754
137	6.813768
137	6.919474
137	7.114382
137	7.382935
137	7.71934
137	8.062582
137	8.416749
137	8.765967
137	9.09302
137	9.415968
137	9.681216
137	9.914608
137	10.11011
137	10.26968
137	10.40458
137	10.50513
137	10.58951
137	10.66992
137	10.75641
137	10.86155
137	10.96907
137	11.06865
137	11.13207
137	11.13626
137	11.06721
137	10.92945
137	10.72763
137	10.47561
137	10.18521
137	9.864782
137	9.536853
137	9.209039
137	8.881721
137	8.540772
137	8.230665
137	7.921738
137	7.616962
137	7.311251
137	6.995721
137	6.688305
137	6.400065
137	6.126285
137	5.864894
137	5.657917
137	5.509501
137	5.438501
137	5.467496
137	5.601163
137	5.844297
137	6.177232
137	6.566428
137	6.993279
137	7.40758
137	7.797029
137	8.144866
137	8.467703
137	8.710235
137	8.900082
137	9.034373
137	9.120762
137	9.175227
137	9.201772
137	9.217624
137	9.246351
137	9.309197
137	9.41324
137	9.565871
137	9.756415
137	9.956217
137	10.14244
137	10.26647
137	10.33341
137	10.34451
137	10.31168
137	10.24911
137	10.17592
137	10.10355
137	10.04064
137	9.993441
137	9.959392
137	9.936193
137	9.910667
137	9.866777
137	9.78206
137	9.651644
137	9.465695
137	9.237595
137	8.981788
137	8.712419
137	8.45856
137	8.22635
137	8.024486
137	7.847224
137	7.716959
137	7.615107
137	7.544199
137	7.493273
137	7.454245
137	7.431653
137	7.424836
137	7.442277
137	7.500553
137	7.620376
137	7.80103
137	8.046954
137	8.338999
137	8.653749
137	8.982054
137	9.284324
137	9.564216
137	9.817815
137	10.05845
137	10.25706
137	10.43731
137	10.59685
137	10.74098
137	10.87552
137	10.99338
137	11.10002
137	11.2004
137	11.29724
137	11.36932
137	11.40233
