t	Voltage
194	12.41042
194	11.6219
194	11.11004
194	10.66664
194	10.27936
194	9.918357
194	9.574023
194	9.243177
194	8.958705
194	8.683568
194	8.423993
194	8.204941
194	7.993986
194	7.814691
194	7.625631
194	7.428365
194	7.25306
194	7.112371
194	7.049228
194	7.092026
194	7.25391
194	7.526103
194	7.879154
194	8.276026
194	8.700594
194	9.092144
194	9.437949
194	9.735085
194	10.00283
194	10.19779
194	10.35445
194	10.47026
194	10.54901
194	10.59813
194	10.6165
194	10.62228
194	10.63929
194	10.69009
194	10.78328
194	10.92293
194	11.09379
194	11.26338
194	11.41007
194	11.49443
194	11.52493
194	11.50199
194	11.43887
194	11.34158
194	11.23266
194	11.11462
194	10.99644
194	10.88965
194	10.79262
194	10.71096
194	10.63123
194	10.5373
194	10.4062
194	10.24262
194	10.03675
194	9.803138
194	9.555288
194	9.304598
194	9.071982
194	8.872987
194	8.706525
194	8.574117
194	8.496469
194	8.466187
194	8.481053
194	8.536436
194	8.629771
194	8.74758
194	8.895992
194	9.077041
194	9.300149
194	9.5758
194	9.862647
194	10.15996
194	10.44779
194	10.70872
194	10.94543
194	11.13793
194	11.29534
194	11.42982
194	11.55605
194	11.66512
194	11.77394
194	11.88246
194	11.9916
194	12.09908
194	12.19755
194	12.28027
194	12.3341
194	12.33883
194	12.27858
194	12.14756
194	11.95277
194	11.70816
194	11.41569
194	11.11896
194	10.80488
194	10.48589
194	10.16365
194	9.826684
194	9.511415
194	9.196381
194	8.885785
194	8.582833
194	8.271895
194	7.985432
194	7.711905
194	7.456345
194	7.223034
194	7.016692
194	6.864089
194	6.781192
194	6.783369
194	6.893271
194	7.107382
194	7.422709
194	7.813976
194	8.23982
194	8.687873
194	9.094594
194	9.444708
194	9.733369
194	9.961286
194	10.12933
194	10.2332
194	10.28671
194	10.30453
194	10.29861
194	10.28263
194	10.27555
194	10.29668
194	10.36069
194	10.48484
194	10.65266
194	10.8546
194	11.05839
194	11.23333
194	11.35555
194	11.42671
194	11.45234
194	11.44838
194	11.42814
194	11.40641
194	11.39407
194	11.39449
194	11.41022
194	11.43609
194	11.46508
194	11.48315
194	11.47182
194	11.41351
194	11.29568
194	11.11586
194	10.89083
194	10.63959
194	10.38175
194	10.11775
194	9.8885
194	9.676201
194	9.487451
194	9.317871
194	9.159066
194	9.014987
194	8.878117
194	8.74209
194	8.601796
194	8.479575
194	8.374913
194	8.303001
194	8.285312
194	8.339437
194	8.483893
194	8.711104
194	9.002983
194	9.352262
194	9.69336
194	10.03464
194	10.35508
194	10.65
194	10.9248
194	11.14494
194	11.33252
194	11.48743
194	11.61003
194	11.71316
194	11.78819
194	11.85461
194	11.92247
194	12.00255
194	12.10098
194	12.19897
194	12.28315
194	12.32473
194	12.30421
194	12.21121
194	12.05045
194	11.83178
194	11.56963
194	11.26277
194	10.96059
194	10.64489
194	10.3274
194	10.01224
194	9.693417
194	9.402243
194	9.113276
194	8.83034
194	8.549326
194	8.256013
194	7.993
194	7.738026
194	7.504962
194	7.301256
194	7.131514
194	7.031221
194	7.016307
194	7.099346
194	7.30119
194	7.593561
194	7.963702
194	8.382308
194	8.806449
194	9.230499
194	9.595935
194	9.90395
194	10.15258
194	10.35145
194	10.48071
194	10.55536
194	10.58859
194	10.595
194	10.58759
194	10.58265
194	10.59974
194	10.65637
194	10.76509
194	10.92324
194	11.10997
194	11.30034
194	11.46525
194	11.56708
194	11.6111
194	11.60501
194	11.56235
194	11.4979
194	11.42817
194	11.36445
194	11.31339
194	11.27595
194	11.25697
194	11.24494
194	11.22536
194	11.1808
194	11.09837
194	10.96088
194	10.77143
194	10.54223
194	10.28046
194	10.03395
194	9.797509
194	9.583713
194	9.401288
194	9.245839
194	9.13305
194	9.047094
194	8.984743
194	8.934666
194	8.900907
194	8.876402
194	8.865577
194	8.8792
194	8.937162
194	9.049987
194	9.232681
194	9.481529
194	9.772638
194	10.10022
194	10.4023
194	10.6907
194	10.95274
194	11.18831
194	11.40314
194	11.58521
194	11.74424
194	11.8861
194	12.01691
194	12.12548
194	12.22439
194	12.31822
194	12.40984
194	12.50195
194	12.57324
194	12.61338
194	12.59979
194	12.51899
194	12.36712
194	12.15483
194	11.89409
194	11.59387
194	11.25559
194	10.9237
194	10.57995
194	10.23183
194	9.887044
194	9.528295
194	9.203466
194	8.883309
194	8.573533
194	8.271223
194	7.963597
194	7.691128
194	7.432631
194	7.201966
194	7.008285
194	6.862509
194	6.780328
194	6.795087
194	6.921924
194	7.164355
194	7.523331
194	7.928911
194	8.36106
194	8.789092
194	9.180382
194	9.539847
194	9.810611
194	10.02112
194	10.16649
194	10.25642
194	10.30257
194	10.30896
194	10.29335
194	10.27129
194	10.26226
194	10.28434
194	10.35739
194	10.4876
194	10.67237
194	10.90128
194	11.11481
194	11.30306
194	11.44445
194	11.53777
194	11.5959
194	11.62521
194	11.64205
194	11.65854
194	11.68334
194	11.72154
194	11.771
194	11.82767
194	11.8836
194	11.92663
194	11.93378
194	11.89188
194	11.78494
194	11.61384
194	11.38642
194	11.12887
194	10.86275
194	10.59481
194	10.32482
194	10.08743
194	9.860497
194	9.642633
194	9.435083
194	9.222422
194	9.02237
194	8.822007
194	8.624747
194	8.432839
194	8.248683
194	8.097622
194	7.993162
194	7.95273
194	7.996878
194	8.134171
194	8.362978
194	8.666599
194	9.018861
194	9.416849
194	9.787547
194	10.14596
194	10.47025
194	10.75725
194	11.00848
194	11.19725
194	11.3391
194	11.44376
194	11.51532
194	11.56688
194	11.60469
194	11.64826
194	11.71125
194	11.80279
194	11.92648
194	12.05116
194	12.15669
194	12.21511
194	12.20584
194	12.12476
194	11.97816
194	11.78102
194	11.54864
194	11.2937
194	11.02648
194	10.76698
194	10.51568
194	10.27602
194	10.03301
194	9.810544
194	9.583564
194	9.346288
194	9.101479
194	8.833179
194	8.585476
194	8.343287
194	8.123593
194	7.93429
194	7.785963
194	7.707564
194	7.71472
194	7.812445
194	8.012412
194	8.28426
194	8.621325
194	9.001767
194	9.393494
194	9.798354
194	10.16606
194	10.4847
194	10.74997
194	10.97302
194	11.12241
194	11.2258
194	11.28749
194	11.32202
194	11.34401
194	11.36788
194	11.41136
194	11.48594
194	11.5955
194	11.7364
194	11.8823
194	12.00374
194	12.07192
194	12.07089
194	11.99719
194	11.86239
194	11.68372
194	11.47941
194	11.26023
194	11.0469
194	10.84813
194	10.66102
194	10.47783
194	10.31325
194	10.14441
194	9.962156
194	9.757918
194	9.524947
194	9.283665
194	9.037956
194	8.800305
194	8.569068
194	8.39113
194	8.259863
194	8.193625
194	8.199816
194	8.283122
194	8.445712
194	8.673664
194	8.956002
194	9.293614
194	9.630514
194	9.978271
194	10.32434
194	10.64345
194	10.94622
194	11.18105
194	11.36755
194	11.5052
194	11.60415
194	11.67708
194	11.73282
194	11.78471
194	11.84905
194	11.93711
194	12.0393
194	12.15556
194	12.26839
194	12.35292
194	12.38684
194	12.34772
194	12.23492
194	12.05505
194	11.82278
194	11.55217
194	11.26797
194	10.98462
194	10.70198
194	10.41368
194	10.15115
194	9.894845
194	9.637744
194	9.380254
194	9.106486
194	8.837368
194	8.572945
194	8.315718
194	8.055622
194	7.839914
194	7.65712
194	7.528139
194	7.470273
194	7.498846
194	7.631545
194	7.86352
194	8.181413
194	8.568438
194	8.981274
194	9.391512
194	9.781792
194	10.15233
194	10.44662
194	10.68377
194	10.86164
194	10.98458
194	11.06446
194	11.10132
194	11.11308
194	11.11833
194	11.13409
194	11.17661
194	11.25941
194	11.38463
194	11.54342
194	11.71689
194	11.85423
194	11.93749
194	11.95378
194	11.90554
194	11.80437
194	11.66963
194	11.51729
194	11.36165
194	11.20985
194	11.07686
194	10.96296
194	10.86211
194	10.75683
194	10.64907
194	10.51478
194	10.34513
194	10.13903
194	9.894949
194	9.653715
194	9.415508
194	9.192819
194	9.004278
194	8.851089
194	8.763253
194	8.730936
194	8.757939
194	8.839151
194	8.973951
194	9.137877
194	9.334169
194	9.558511
194	9.806772
194	10.09651
194	10.38149
194	10.67628
194	10.95669
194	11.21037
194	11.43345
194	11.60915
194	11.75052
194	11.86861
194	11.97746
194	12.07423
194	12.17449
194	12.2791
194	12.38601
194	12.49229
194	12.58018
194	12.64388
194	12.66614
194	12.63012
194	12.52802
194	12.35526
194	12.12468
194	11.84963
194	11.53202
194	11.22102
194	10.8991
194	10.57323
194	10.25047
194	9.918184
194	9.5988
194	9.287933
194	8.981565
194	8.661366
194	8.374271
194	8.094206
194	7.831046
194	7.587683
194	7.362387
194	7.193485
194	7.08547
194	7.057794
194	7.131403
194	7.324188
194	7.610626
194	7.981461
194	8.399287
194	8.834126
194	9.26363
194	9.636602
194	9.950403
194	10.20329
194	10.40197
194	10.52678
194	10.59981
194	10.63113
194	10.63182
194	10.61955
194	10.60844
194	10.61835
194	10.66847
194	10.77534
194	10.92887
194	11.12353
194	11.32785
194	11.51118
194	11.6457
194	11.72894
194	11.75845
194	11.75269
194	11.72652
194	11.69289
194	11.66693
194	11.65348
194	11.65492
194	11.66996
194	11.69228
194	11.70615
194	11.69777
194	11.64762
194	11.54062
194	11.36398
194	11.15025
194	10.90182
194	10.64351
194	10.38748
194	10.14139
194	9.92302
194	9.735194
194	9.569343
194	9.414902
194	9.283693
194	9.160567
194	9.040612
194	8.923717
194	8.808533
194	8.715775
194	8.653704
194	8.643323
194	8.705004
194	8.848281
194	9.073612
194	9.363277
194	9.693332
194	10.04652
194	10.39024
194	10.70452
194	10.99289
194	11.25877
194	11.48464
194	11.67001
194	11.82592
194	11.95347
194	12.05978
194	12.14444
194	12.21971
194	12.29352
194	12.38063
194	12.47209
194	12.56438
194	12.63535
194	12.65846
194	12.61579
194	12.49998
194	12.31753
194	12.07903
194	11.78788
194	11.48555
194	11.16373
194	10.8319
194	10.50036
194	10.15523
194	9.841942
194	9.532559
194	9.23137
194	8.933766
194	8.632465
194	8.343162
194	8.074225
194	7.816292
194	7.569368
194	7.369679
194	7.216738
194	7.127131
194	7.124797
194	7.225263
194	7.440662
194	7.756612
194	8.145191
194	8.598999
194	9.017669
194	9.421494
194	9.777164
194	10.07946
194	10.32752
194	10.50512
194	10.6168
194	10.67926
194	10.70594
194	10.70387
194	10.69078
194	10.68446
194	10.70405
194	10.76883
194	10.88772
194	11.05635
194	11.25437
194	11.46301
194	11.62413
194	11.73646
194	11.79361
194	11.80434
194	11.78351
194	11.74489
194	11.70186
194	11.66733
194	11.64532
194	11.64002
194	11.64753
194	11.65886
194	11.65949
194	11.63153
194	11.5565
194	11.42377
194	11.23477
194	11.00321
194	10.73578
194	10.48194
194	10.2372
194	10.00919
194	9.808226
194	9.623374
194	9.478671
194	9.351299
194	9.238921
194	9.134369
194	9.031064
194	8.940821
194	8.859651
194	8.800032
194	8.779252
194	8.816036
194	8.9322
194	9.130396
194	9.397196
194	9.728904
194	10.05638
194	10.38725
194	10.70216
194	10.9926
194	11.26562
194	11.48876
194	11.68355
194	11.85069
194	11.99069
194	12.10819
194	12.20676
194	12.2923
194	12.37153
194	12.45474
194	12.54844
194	12.63636
194	12.70539
194	12.73057
194	12.69154
194	12.5803
194	12.40207
194	12.16841
194	11.88962
194	11.56503
194	11.24527
194	10.90863
194	10.56892
194	10.2312
194	9.89145
194	9.563907
194	9.254481
194	8.950931
194	8.63729
194	8.351811
194	8.077908
194	7.815532
194	7.576385
194	7.354069
194	7.184599
194	7.081974
194	7.062552
194	7.149141
194	7.346122
194	7.650169
194	8.033916
194	8.459284
194	8.908207
194	9.322059
194	9.68735
194	9.99288
194	10.25249
194	10.42998
194	10.54752
194	10.61661
194	10.64307
194	10.64332
194	10.62818
194	10.61682
194	10.62814
194	10.6844
194	10.79195
194	10.95447
194	11.15508
194	11.36435
194	11.55828
194	11.693
194	11.77632
194	11.81353
194	11.81711
194	11.80168
194	11.78133
194	11.76613
194	11.76319
194	11.77508
194	11.79988
194	11.8296
194	11.85015
194	11.84589
194	11.79553
194	11.68977
194	11.52022
194	11.29965
194	11.04862
194	10.77184
194	10.51683
194	10.27293
194	10.05153
194	9.849926
194	9.658974
194	9.496938
194	9.34715
194	9.201858
194	9.058497
194	8.910909
194	8.780829
194	8.66374
194	8.577311
194	8.539406
194	8.570814
194	8.691981
194	8.899177
194	9.179914
194	9.526208
194	9.872124
194	10.22114
194	10.55576
194	10.86241
194	11.14932
194	11.38945
194	11.58999
194	11.75459
194	11.89444
194	11.99634
194	12.07826
194	12.14535
194	12.21144
194	12.2896
194	12.37764
194	12.47678
194	12.56974
194	12.62791
194	12.62795
194	12.5562
194	12.41333
194	12.20999
194	11.95716
194	11.67065
194	11.36228
194	11.04202
194	10.72111
194	10.40464
194	10.07807
194	9.785008
194	9.492616
194	9.206045
194	8.920871
194	8.6303
194	8.3514
194	8.093452
194	7.850119
194	7.6215
194	7.448325
194	7.329395
194	7.285098
194	7.337215
194	7.495818
194	7.762929
194	8.114341
194	8.519746
194	8.971317
194	9.380735
194	9.761225
194	10.09507
194	10.36841
194	10.59296
194	10.7413
194	10.83521
194	10.88506
194	10.90162
194	10.90085
194	10.89597
194	10.90604
194	10.95124
194	11.04743
194	11.18649
194	11.3659
194	11.55581
194	11.72431
194	11.84602
194	11.90216
194	11.90328
194	11.86245
194	11.79084
194	11.71281
194	11.63673
194	11.57198
194	11.52379
194	11.48832
194	11.46557
194	11.44081
194	11.39892
194	11.31602
194	11.18848
194	11.00737
194	10.78392
194	10.53518
194	10.27462
194	10.02818
194	9.809685
194	9.620658
194	9.459193
194	9.344923
194	9.262073
194	9.205642
194	9.169894
194	9.147894
194	9.1386
194	9.14425
194	9.173479
194	9.240294
194	9.363193
194	9.55219
194	9.799945
194	10.09025
194	10.41498
194	10.71462
194	10.99777
194	11.25614
194	11.48492
194	11.70053
194	11.87609
194	12.03423
194	12.17421
194	12.3015
194	12.42017
194	12.5243
194	12.61978
194	12.71145
194	12.80042
194	12.86643
194	12.89411
