ScanID,Current,Field,Frequency,Spectra
146,11.715,175.725,1.0,-0.9330991363454634
146,11.715,175.725,1.003125,-0.8988118854383347
146,11.715,175.725,1.00625,-0.8704529623042014
146,11.715,175.725,1.0093750000000001,-0.844839935265848
146,11.715,175.725,1.0125,-0.8271494003788865
146,11.715,175.725,1.015625,-0.8212537074366457
146,11.715,175.725,1.01875,-0.821361839945738
146,11.715,175.725,1.021875,-0.8303815716538955
146,11.715,175.725,1.0250000000000001,-0.8514831421807136
146,11.715,175.725,1.028125,-0.881409631872859
146,11.715,175.725,1.03125,-0.9186915579251738
146,11.715,175.725,1.034375,-0.9614835221720903
146,11.715,175.725,1.0375,-1.0095011572325827
146,11.715,175.725,1.0406250000000001,-1.0607198992972426
146,11.715,175.725,1.04375,-1.1113777851688742
146,11.715,175.725,1.046875,-1.1651068963040419
146,11.715,175.725,1.05,-1.2165018138588
146,11.715,175.725,1.053125,-1.2674659718587873
146,11.715,175.725,1.0562500000000001,-1.3129042054887687
146,11.715,175.725,1.059375,-1.354018489695728
146,11.715,175.725,1.0625,-1.3867476129210934
146,11.715,175.725,1.065625,-1.412581770011529
146,11.715,175.725,1.06875,-1.4253521216509848
146,11.715,175.725,1.0718750000000001,-1.4329753110454972
146,11.715,175.725,1.0750000000000002,-1.4259632571544747
146,11.715,175.725,1.078125,-1.409752987748504
146,11.715,175.725,1.08125,-1.3808806561450844
146,11.715,175.725,1.084375,-1.3420002922362522
146,11.715,175.725,1.0875000000000001,-1.2899438692393814
146,11.715,175.725,1.0906250000000002,-1.231980909997338
146,11.715,175.725,1.09375,-1.173589494936945
146,11.715,175.725,1.096875,-1.1105785787068434
146,11.715,175.725,1.1,-1.0513929400738538
146,11.715,175.725,1.1031250000000001,-0.9927549710509244
146,11.715,175.725,1.1062500000000002,-0.9426513890488335
146,11.715,175.725,1.109375,-0.9021608354425101
146,11.715,175.725,1.1125,-0.8716283813007675
146,11.715,175.725,1.115625,-0.857758136307118
146,11.715,175.725,1.1187500000000001,-0.8594742790614658
146,11.715,175.725,1.1218750000000002,-0.8683513386746347
146,11.715,175.725,1.125,-0.8934621735515296
146,11.715,175.725,1.128125,-0.9243344772682673
146,11.715,175.725,1.13125,-0.9612136617728022
146,11.715,175.725,1.1343750000000001,-1.0059921102024463
146,11.715,175.725,1.1375000000000002,-1.049095931425929
146,11.715,175.725,1.140625,-1.0880742543354027
146,11.715,175.725,1.14375,-1.127779046019512
146,11.715,175.725,1.146875,-1.158727029878048
146,11.715,175.725,1.1500000000000001,-1.1835107387098878
146,11.715,175.725,1.1531250000000002,-1.1976735315568212
146,11.715,175.725,1.15625,-1.2034165744662093
146,11.715,175.725,1.159375,-1.2023202831930067
146,11.715,175.725,1.1625,-1.188312931232167
146,11.715,175.725,1.1656250000000001,-1.1713048732257734
146,11.715,175.725,1.1687500000000002,-1.150925264532086
146,11.715,175.725,1.171875,-1.1224655444893503
146,11.715,175.725,1.175,-1.090021496879125
146,11.715,175.725,1.178125,-1.0553524675064727
146,11.715,175.725,1.1812500000000001,-1.0183118224548138
146,11.715,175.725,1.1843750000000002,-0.9787084172590699
146,11.715,175.725,1.1875,-0.9396750615271763
146,11.715,175.725,1.190625,-0.9060181960843833
146,11.715,175.725,1.19375,-0.8735575115578926
146,11.715,175.725,1.1968750000000001,-0.8488941556916265
146,11.715,175.725,1.2000000000000002,-0.8254836651901325
146,11.715,175.725,1.203125,-0.8163036384824706
146,11.715,175.725,1.20625,-0.8114600743841514
146,11.715,175.725,1.209375,-0.8222074848721681
146,11.715,175.725,1.2125000000000001,-0.8444026405375636
146,11.715,175.725,1.2156250000000002,-0.8772863470430424
146,11.715,175.725,1.21875,-0.9226498566795649
146,11.715,175.725,1.221875,-0.9743165584655898
146,11.715,175.725,1.225,-1.0363088043737045
146,11.715,175.725,1.2281250000000001,-1.1035742155193815
146,11.715,175.725,1.2312500000000002,-1.1750485725474018
146,11.715,175.725,1.234375,-1.246335451883405
146,11.715,175.725,1.2375,-1.3160700213076038
146,11.715,175.725,1.240625,-1.3808755922845275
146,11.715,175.725,1.2437500000000001,-1.4413974180321756
146,11.715,175.725,1.2468750000000002,-1.4838905503794249
146,11.715,175.725,1.25,-1.5097992803465115
146,11.715,175.725,1.253125,-1.5353182103051903
146,11.715,175.725,1.25625,-1.5380531402544868
146,11.715,175.725,1.2593750000000001,-1.5277348391230074
146,11.715,175.725,1.2625000000000002,-1.5019635628646524
146,11.715,175.725,1.265625,-1.4686361069348108
146,11.715,175.725,1.26875,-1.4226634929756934
146,11.715,175.725,1.271875,-1.3706098682306702
146,11.715,175.725,1.2750000000000001,-1.3126589569749716
146,11.715,175.725,1.2781250000000002,-1.2526402734027033
146,11.715,175.725,1.28125,-1.193216688066812
146,11.715,175.725,1.284375,-1.1397338693919008
146,11.715,175.725,1.2875,-1.090330397229808
146,11.715,175.725,1.2906250000000001,-1.0536609946787288
146,11.715,175.725,1.2937500000000002,-1.0241995117110387
146,11.715,175.725,1.296875,-1.0121930582804257
146,11.715,175.725,1.3,-1.007004608667091
146,11.715,175.725,1.303125,-1.0172040371159998
146,11.715,175.725,1.3062500000000001,-1.0387256157463505
146,11.715,175.725,1.3093750000000002,-1.0729417439810367
146,11.715,175.725,1.3125,-1.1178836256759261
146,11.715,175.725,1.315625,-1.1660310023584353
146,11.715,175.725,1.31875,-1.213627141417826
146,11.715,175.725,1.3218750000000001,-1.263135185941302
146,11.715,175.725,1.3250000000000002,-1.3085215797953516
146,11.715,175.725,1.328125,-1.3487860546825479
146,11.715,175.725,1.33125,-1.3769975061796602
146,11.715,175.725,1.334375,-1.397286973732549
146,11.715,175.725,1.3375000000000001,-1.4086296104781644
146,11.715,175.725,1.3406250000000002,-1.4105476353340243
146,11.715,175.725,1.34375,-1.4045163008782369
146,11.715,175.725,1.346875,-1.3902633870182943
146,11.715,175.725,1.35,-1.3654078439041202
146,11.715,175.725,1.3531250000000001,-1.3371492491830308
146,11.715,175.725,1.3562500000000002,-1.3033840283582907
146,11.715,175.725,1.359375,-1.261291902737212
146,11.715,175.725,1.3625,-1.2155563184039557
146,11.715,175.725,1.365625,-1.168854021609324
146,11.715,175.725,1.3687500000000001,-1.1198957605806839
146,11.715,175.725,1.3718750000000002,-1.0758841013623908
146,11.715,175.725,1.375,-1.0295921078138128
146,11.715,175.725,1.378125,-0.9849789128664908
146,11.715,175.725,1.38125,-0.9478272658656529
146,11.715,175.725,1.3843750000000001,-0.9164513267137174
146,11.715,175.725,1.3875000000000002,-0.896058534824917
146,11.715,175.725,1.390625,-0.8873427635240914
146,11.715,175.725,1.39375,-0.8957054440002148
146,11.715,175.725,1.396875,-0.920738717544316
146,11.715,175.725,1.4000000000000001,-0.963890923154143
146,11.715,175.725,1.4031250000000002,-1.0195506949456392
146,11.715,175.725,1.40625,-1.0901249195281513
146,11.715,175.725,1.409375,-1.1675661292141242
146,11.715,175.725,1.4125,-1.2532471458420145
146,11.715,175.725,1.4156250000000001,-1.3411436216490897
146,11.715,175.725,1.4187500000000002,-1.4218941769041373
146,11.715,175.725,1.421875,-1.4995146912612616
146,11.715,175.725,1.425,-1.5632446611147455
146,11.715,175.725,1.428125,-1.6121913025285783
146,11.715,175.725,1.4312500000000001,-1.6441664011421742
146,11.715,175.725,1.4343750000000002,-1.6637952574229586
146,11.715,175.725,1.4375,-1.6654436509168227
146,11.715,175.725,1.440625,-1.6534000129387063
146,11.715,175.725,1.44375,-1.6349011824611899
146,11.715,175.725,1.4468750000000001,-1.606411246059862
146,11.715,175.725,1.4500000000000002,-1.567752436456493
146,11.715,175.725,1.453125,-1.5244312723524582
146,11.715,175.725,1.45625,-1.4784626185961813
146,11.715,175.725,1.459375,-1.4300609773096085
146,11.715,175.725,1.4625000000000001,-1.3836770139412689
146,11.715,175.725,1.4656250000000002,-1.3393924489254312
146,11.715,175.725,1.46875,-1.2983005830939962
146,11.715,175.725,1.471875,-1.2611958075129956
146,11.715,175.725,1.475,-1.232676278334032
146,11.715,175.725,1.4781250000000001,-1.2088698619723313
146,11.715,175.725,1.4812500000000002,-1.1921510523837224
146,11.715,175.725,1.484375,-1.1850840003071639
146,11.715,175.725,1.4875,-1.19098684634859
146,11.715,175.725,1.490625,-1.2087420970572778
146,11.715,175.725,1.4937500000000001,-1.2375556992515275
146,11.715,175.725,1.4968750000000002,-1.2758760797771538
146,11.715,175.725,1.5,-1.3240150680241383
146,11.715,175.725,1.503125,-1.3754343617011897
146,11.715,175.725,1.50625,-1.4337574949574206
146,11.715,175.725,1.5093750000000001,-1.4922685883391034
146,11.715,175.725,1.5125000000000002,-1.5497756652646835
146,11.715,175.725,1.515625,-1.6018069815622829
146,11.715,175.725,1.51875,-1.644995499620521
146,11.715,175.725,1.521875,-1.6750607717066734
146,11.715,175.725,1.5250000000000001,-1.692401680800594
146,11.715,175.725,1.5281250000000002,-1.691977786286224
146,11.715,175.725,1.53125,-1.679139607301613
146,11.715,175.725,1.534375,-1.6512058318847926
146,11.715,175.725,1.5375,-1.6081196238566695
146,11.715,175.725,1.5406250000000001,-1.5577788038320945
146,11.715,175.725,1.5437500000000002,-1.4923096079223015
146,11.715,175.725,1.546875,-1.421217256936926
146,11.715,175.725,1.55,-1.348164565636179
146,11.715,175.725,1.553125,-1.273914034739161
146,11.715,175.725,1.5562500000000001,-1.202206666742333
146,11.715,175.725,1.5593750000000002,-1.1383181405297458
146,11.715,175.725,1.5625,-1.0802452795759523
146,11.715,175.725,1.565625,-1.037561406254305
146,11.715,175.725,1.56875,-1.0078320354903663
146,11.715,175.725,1.5718750000000001,-0.995228321756918
146,11.715,175.725,1.5750000000000002,-0.9946546900126497
146,11.715,175.725,1.578125,-1.0140389770506721
146,11.715,175.725,1.58125,-1.0454874564666654
146,11.715,175.725,1.584375,-1.0933791292813315
146,11.715,175.725,1.5875000000000001,-1.1523406983778148
146,11.715,175.725,1.5906250000000002,-1.2195635935262024
146,11.715,175.725,1.59375,-1.294687915507886
146,11.715,175.725,1.596875,-1.3721045118520905
146,11.715,175.725,1.6,-1.4467944836018856
146,11.715,175.725,1.6031250000000001,-1.5192326342624385
146,11.715,175.725,1.6062500000000002,-1.5863332410876576
146,11.715,175.725,1.609375,-1.645001258170071
146,11.715,175.725,1.6125,-1.6941503771645197
146,11.715,175.725,1.615625,-1.732266421314328
146,11.715,175.725,1.6187500000000001,-1.7590459509455068
146,11.715,175.725,1.6218750000000002,-1.7712762682201895
146,11.715,175.725,1.625,-1.7658815076079972
146,11.715,175.725,1.628125,-1.7524118951307415
146,11.715,175.725,1.63125,-1.7234640564559556
146,11.715,175.725,1.6343750000000001,-1.6861381971215685
146,11.715,175.725,1.6375000000000002,-1.637361368562279
146,11.715,175.725,1.640625,-1.5822171003247079
146,11.715,175.725,1.64375,-1.5236034935396037
146,11.715,175.725,1.646875,-1.4611270964664018
146,11.715,175.725,1.6500000000000001,-1.4018378721320173
146,11.715,175.725,1.6531250000000002,-1.3429479395579866
146,11.715,175.725,1.65625,-1.2903864282703252
146,11.715,175.725,1.659375,-1.2505470044696043
146,11.715,175.725,1.6625,-1.2260585440035823
146,11.715,175.725,1.6656250000000001,-1.2167117558347686
146,11.715,175.725,1.6687500000000002,-1.2226855300596824
146,11.715,175.725,1.671875,-1.2463118805076
146,11.715,175.725,1.675,-1.2864920078942181
146,11.715,175.725,1.678125,-1.3397165465426941
146,11.715,175.725,1.6812500000000001,-1.4030311559854463
146,11.715,175.725,1.6843750000000002,-1.4737372570877094
146,11.715,175.725,1.6875,-1.5453820280188004
146,11.715,175.725,1.690625,-1.6191384650624585
146,11.715,175.725,1.69375,-1.689111149178275
146,11.715,175.725,1.6968750000000001,-1.749862809540309
146,11.715,175.725,1.7000000000000002,-1.7997703473819953
146,11.715,175.725,1.703125,-1.8367501103120698
146,11.715,175.725,1.70625,-1.862462591257169
146,11.715,175.725,1.709375,-1.8731451361410225
146,11.715,175.725,1.7125000000000001,-1.8716131039275452
146,11.715,175.725,1.7156250000000002,-1.8568736587443337
146,11.715,175.725,1.71875,-1.830335441112732
146,11.715,175.725,1.721875,-1.7915899753396078
146,11.715,175.725,1.725,-1.7418839682383849
146,11.715,175.725,1.7281250000000001,-1.6850695702387977
146,11.715,175.725,1.7312500000000002,-1.6212685793548491
146,11.715,175.725,1.734375,-1.5522922433845125
146,11.715,175.725,1.7375,-1.4791993820465277
146,11.715,175.725,1.740625,-1.4091426127914384
146,11.715,175.725,1.7437500000000001,-1.3387196859929102
146,11.715,175.725,1.7468750000000002,-1.2702575207683853
146,11.715,175.725,1.75,-1.2119738172073868
146,11.715,175.725,1.753125,-1.1628648860677748
146,11.715,175.725,1.75625,-1.1261636413975928
146,11.715,175.725,1.7593750000000001,-1.103141171239672
146,11.715,175.725,1.7625000000000002,-1.0998594666793227
146,11.715,175.725,1.765625,-1.115749695104982
146,11.715,175.725,1.76875,-1.1481585172875248
146,11.715,175.725,1.771875,-1.198410293283287
146,11.715,175.725,1.7750000000000001,-1.2633885947322359
146,11.715,175.725,1.7781250000000002,-1.342140296079839
146,11.715,175.725,1.78125,-1.4283340498441102
146,11.715,175.725,1.784375,-1.517057697983111
146,11.715,175.725,1.7875,-1.6083923180354944
146,11.715,175.725,1.7906250000000001,-1.690577384917642
146,11.715,175.725,1.7937500000000002,-1.76092827845248
146,11.715,175.725,1.7968750000000002,-1.8179372493934274
146,11.715,175.725,1.8,-1.8612792566642666
146,11.715,175.725,1.803125,-1.8832985085334712
146,11.715,175.725,1.8062500000000001,-1.8874981959384851
146,11.715,175.725,1.8093750000000002,-1.8767315580950625
146,11.715,175.725,1.8125000000000002,-1.8506207835650712
146,11.715,175.725,1.815625,-1.8119052766289947
146,11.715,175.725,1.81875,-1.7620468248489538
146,11.715,175.725,1.8218750000000001,-1.7044673909209767
146,11.715,175.725,1.8250000000000002,-1.6436892067681632
146,11.715,175.725,1.8281250000000002,-1.5797497935363436
146,11.715,175.725,1.83125,-1.5167867148863878
146,11.715,175.725,1.834375,-1.4592600764654873
146,11.715,175.725,1.8375000000000001,-1.4063295503791082
146,11.715,175.725,1.8406250000000002,-1.3648286267621914
146,11.715,175.725,1.8437500000000002,-1.329852975288556
146,11.715,175.725,1.846875,-1.307767857626173
146,11.715,175.725,1.85,-1.297941700316341
146,11.715,175.725,1.8531250000000001,-1.3048085679624792
146,11.715,175.725,1.8562500000000002,-1.3238960686120882
146,11.715,175.725,1.8593750000000002,-1.3562410538879828
146,11.715,175.725,1.8625,-1.405609227414518
146,11.715,175.725,1.865625,-1.4665999862203052
146,11.715,175.725,1.8687500000000001,-1.5391470342956888
146,11.715,175.725,1.8718750000000002,-1.6146200751278674
146,11.715,175.725,1.8750000000000002,-1.6940196945920616
146,11.715,175.725,1.878125,-1.7727335592195825
146,11.715,175.725,1.88125,-1.8444254969257026
146,11.715,175.725,1.8843750000000001,-1.9140196147659378
146,11.715,175.725,1.8875000000000002,-1.9687883186535742
146,11.715,175.725,1.8906250000000002,-2.008706264577384
146,11.715,175.725,1.89375,-2.035732154613986
146,11.715,175.725,1.896875,-2.0425290912766756
146,11.715,175.725,1.9000000000000001,-2.033644477151408
146,11.715,175.725,1.9031250000000002,-1.9978100373584455
146,11.715,175.725,1.9062500000000002,-1.9544954997894581
146,11.715,175.725,1.909375,-1.8972385875206026
146,11.715,175.725,1.9125,-1.8257409169968755
146,11.715,175.725,1.9156250000000001,-1.7464992831212378
146,11.715,175.725,1.9187500000000002,-1.664061424923407
146,11.715,175.725,1.9218750000000002,-1.5774640484551945
146,11.715,175.725,1.925,-1.4917306164630153
146,11.715,175.725,1.928125,-1.4096170560490084
146,11.715,175.725,1.9312500000000001,-1.3356439180410895
146,11.715,175.725,1.9343750000000002,-1.2702405908175654
146,11.715,175.725,1.9375000000000002,-1.2180223309059066
146,11.715,175.725,1.940625,-1.1825175155765777
146,11.715,175.725,1.94375,-1.161860527260561
146,11.715,175.725,1.9468750000000001,-1.1580398358512143
146,11.715,175.725,1.9500000000000002,-1.1726749483166656
146,11.715,175.725,1.9531250000000002,-1.2076092120225368
146,11.715,175.725,1.95625,-1.2595340323207411
146,11.715,175.725,1.959375,-1.3221201776538347
146,11.715,175.725,1.9625000000000001,-1.402963327115009
146,11.715,175.725,1.9656250000000002,-1.4885648766876574
146,11.715,175.725,1.9687500000000002,-1.578155296983109
146,11.715,175.725,1.971875,-1.66598413073494
146,11.715,175.725,1.975,-1.7463869022717478
146,11.715,175.725,1.9781250000000001,-1.817986429851033
146,11.715,175.725,1.9812500000000002,-1.8716878915938826
146,11.715,175.725,1.9843750000000002,-1.9144811688188437
146,11.715,175.725,1.9875,-1.9383390494412565
146,11.715,175.725,1.990625,-1.9445116329866252
146,11.715,175.725,1.9937500000000001,-1.93273020806028
146,11.715,175.725,1.9968750000000002,-1.90120111062167
146,11.715,175.725,2.0,-1.8581556779475505
146,11.715,175.725,2.0031250000000003,-1.7978365298388526
146,11.715,175.725,2.00625,-1.7290313196202987
146,11.715,175.725,2.009375,-1.6577998836526044
146,11.715,175.725,2.0125,-1.5827711669956768
146,11.715,175.725,2.015625,-1.50377197765118
146,11.715,175.725,2.0187500000000003,-1.4310346671617244
146,11.715,175.725,2.021875,-1.3607118423139046
146,11.715,175.725,2.025,-1.3007216530689603
146,11.715,175.725,2.028125,-1.2531443230503434
146,11.715,175.725,2.03125,-1.2223704703631468
146,11.715,175.725,2.0343750000000003,-1.2084386326993728
146,11.715,175.725,2.0375,-1.211217098735031
146,11.715,175.725,2.040625,-1.23416431161792
146,11.715,175.725,2.04375,-1.2758685738823972
146,11.715,175.725,2.046875,-1.3323467798062973
146,11.715,175.725,2.0500000000000003,-1.405404916003299
146,11.715,175.725,2.053125,-1.487309901245752
146,11.715,175.725,2.05625,-1.5814320471208367
146,11.715,175.725,2.059375,-1.6743478679349975
146,11.715,175.725,2.0625,-1.7714225948253324
146,11.715,175.725,2.0656250000000003,-1.8582557245615385
146,11.715,175.725,2.06875,-1.9361200585271976
146,11.715,175.725,2.071875,-1.9976263249816708
146,11.715,175.725,2.075,-2.0424646575947674
146,11.715,175.725,2.078125,-2.0726117647226894
146,11.715,175.725,2.0812500000000003,-2.08454937206276
146,11.715,175.725,2.084375,-2.0773110862268593
146,11.715,175.725,2.0875,-2.0560347880154697
146,11.715,175.725,2.090625,-2.0165864478200266
146,11.715,175.725,2.09375,-1.9596428878985248
146,11.715,175.725,2.0968750000000003,-1.894049979211267
146,11.715,175.725,2.1,-1.8163885407327884
146,11.715,175.725,2.103125,-1.7301819097437945
146,11.715,175.725,2.10625,-1.6441659264524615
146,11.715,175.725,2.109375,-1.5579095627836321
146,11.715,175.725,2.1125000000000003,-1.4702799099658204
146,11.715,175.725,2.115625,-1.3904680157894347
146,11.715,175.725,2.11875,-1.3155335088708877
146,11.715,175.725,2.121875,-1.2532526324240938
146,11.715,175.725,2.125,-1.201395053558143
146,11.715,175.725,2.1281250000000003,-1.170825496909781
146,11.715,175.725,2.13125,-1.157393954393936
146,11.715,175.725,2.134375,-1.165748413675732
146,11.715,175.725,2.1375,-1.196448945209849
146,11.715,175.725,2.140625,-1.245078983078895
146,11.715,175.725,2.1437500000000003,-1.3123379994130424
146,11.715,175.725,2.146875,-1.3911652622137396
146,11.715,175.725,2.1500000000000004,-1.4853762757401203
146,11.715,175.725,2.153125,-1.5804791490058123
146,11.715,175.725,2.15625,-1.6784175759158773
146,11.715,175.725,2.1593750000000003,-1.7680095530957631
146,11.715,175.725,2.1625,-1.8460759860940301
146,11.715,175.725,2.1656250000000004,-1.9096846898370718
146,11.715,175.725,2.16875,-1.9532360173991512
146,11.715,175.725,2.171875,-1.9754723341619367
146,11.715,175.725,2.1750000000000003,-1.9756109433908353
146,11.715,175.725,2.178125,-1.9570270856692171
146,11.715,175.725,2.1812500000000004,-1.9190862820561274
146,11.715,175.725,2.184375,-1.8689028103465624
146,11.715,175.725,2.1875,-1.8026326169214366
146,11.715,175.725,2.1906250000000003,-1.726588016259409
146,11.715,175.725,2.19375,-1.6449421549882484
146,11.715,175.725,2.1968750000000004,-1.5572146627337258
146,11.715,175.725,2.2,-1.4728210396239056
146,11.715,175.725,2.203125,-1.3931696800334703
146,11.715,175.725,2.2062500000000003,-1.3195168700842212
146,11.715,175.725,2.209375,-1.257982341951476
146,11.715,175.725,2.2125000000000004,-1.2057268416379598
146,11.715,175.725,2.215625,-1.1652499782548784
146,11.715,175.725,2.21875,-1.1469426513204148
146,11.715,175.725,2.2218750000000003,-1.1466678028073445
146,11.715,175.725,2.225,-1.1631730632164374
146,11.715,175.725,2.2281250000000004,-1.2004624452216281
146,11.715,175.725,2.23125,-1.2527643519811584
146,11.715,175.725,2.234375,-1.3224268326178492
146,11.715,175.725,2.2375000000000003,-1.4014239123682184
146,11.715,175.725,2.240625,-1.4917699013597432
146,11.715,175.725,2.2437500000000004,-1.5893077204572925
146,11.715,175.725,2.246875,-1.6894570124081432
146,11.715,175.725,2.25,-1.7855209487241885
146,11.715,175.725,2.2531250000000003,-1.8716000522542147
146,11.715,175.725,2.25625,-1.946914713369293
146,11.715,175.725,2.2593750000000004,-2.006354975273965
146,11.715,175.725,2.2625,-2.050745897484874
146,11.715,175.725,2.265625,-2.0739806233561175
146,11.715,175.725,2.2687500000000003,-2.0773254288627356
146,11.715,175.725,2.271875,-2.060750593924957
146,11.715,175.725,2.2750000000000004,-2.0200875098080884
146,11.715,175.725,2.278125,-1.9689920323280783
146,11.715,175.725,2.28125,-1.9049653626416112
146,11.715,175.725,2.2843750000000003,-1.8292946167765292
146,11.715,175.725,2.2875,-1.7449833580811567
146,11.715,175.725,2.2906250000000004,-1.6520142599300165
146,11.715,175.725,2.29375,-1.5572248796802484
146,11.715,175.725,2.296875,-1.462937093394945
146,11.715,175.725,2.3000000000000003,-1.3768253391449028
146,11.715,175.725,2.303125,-1.2995833015311473
146,11.715,175.725,2.3062500000000004,-1.231463823403959
146,11.715,175.725,2.309375,-1.182254893724331
146,11.715,175.725,2.3125,-1.1463007234257383
146,11.715,175.725,2.3156250000000003,-1.1294752702788755
146,11.715,175.725,2.31875,-1.127699242808562
146,11.715,175.725,2.3218750000000004,-1.1488129934621738
146,11.715,175.725,2.325,-1.1915222770784943
146,11.715,175.725,2.328125,-1.2518304216117626
146,11.715,175.725,2.3312500000000003,-1.3218093872403394
146,11.715,175.725,2.334375,-1.408398618298635
146,11.715,175.725,2.3375000000000004,-1.5007195709624108
146,11.715,175.725,2.340625,-1.5991089968991559
146,11.715,175.725,2.34375,-1.6998243264034005
146,11.715,175.725,2.3468750000000003,-1.7987672529791654
146,11.715,175.725,2.35,-1.8939874914208126
146,11.715,175.725,2.3531250000000004,-1.9878802671047036
146,11.715,175.725,2.35625,-2.0537284895265993
146,11.715,175.725,2.359375,-2.0712951152476986
146,11.715,175.725,2.3625000000000003,-2.0536470101073885
146,11.715,175.725,2.365625,-2.0191511037812075
146,11.715,175.725,2.3687500000000004,-1.9786040751359466
146,11.715,175.725,2.371875,-1.9325672171303885
146,11.715,175.725,2.375,-1.8730450369513005
146,11.715,175.725,2.3781250000000003,-1.8065909313247472
146,11.715,175.725,2.38125,-1.7374484715194225
146,11.715,175.725,2.3843750000000004,-1.6632757454211782
146,11.715,175.725,2.3875,-1.5523081403172923
146,11.715,175.725,2.390625,-1.4300661923555738
146,11.715,175.725,2.3937500000000003,-1.3282606619233683
146,11.715,175.725,2.396875,-1.2413775174617128
146,11.715,175.725,2.4000000000000004,-1.1666217871627036
146,11.715,175.725,2.403125,-1.117389741945746
146,11.715,175.725,2.40625,-1.094604521522591
146,11.715,175.725,2.4093750000000003,-1.1037511204466792
146,11.715,175.725,2.4125,-1.1072627322434978
146,11.715,175.725,2.4156250000000004,-1.1591350761827086
146,11.715,175.725,2.41875,-1.2343412625878256
146,11.715,175.725,2.421875,-1.317164051021741
146,11.715,175.725,2.4250000000000003,-1.421866714654246
146,11.715,175.725,2.428125,-1.546828191351146
146,11.715,175.725,2.4312500000000004,-1.665128648160966
146,11.715,175.725,2.434375,-1.7915656164146851
146,11.715,175.725,2.4375,-1.9122063807799563
146,11.715,175.725,2.4406250000000003,-2.0659887106383588
146,11.715,175.725,2.44375,-2.177402843793432
146,11.715,175.725,2.4468750000000004,-2.3609871774708178
146,11.715,175.725,2.45,-2.724838713792057
146,11.715,175.725,2.453125,-3.0774298545579555
146,11.715,175.725,2.4562500000000003,-2.558684288625645
146,11.715,175.725,2.459375,-2.258846502227679
146,11.715,175.725,2.4625000000000004,-2.117967849389642
146,11.715,175.725,2.465625,-2.0161725363468816
146,11.715,175.725,2.46875,-1.9201585440669633
146,11.715,175.725,2.4718750000000003,-1.8252555011477676
146,11.715,175.725,2.475,-1.7279193742987342
146,11.715,175.725,2.4781250000000004,-1.6324891001550652
146,11.715,175.725,2.48125,-1.5406882154201615
146,11.715,175.725,2.484375,-1.4555040091377422
146,11.715,175.725,2.4875000000000003,-1.3743992120973745
146,11.715,175.725,2.490625,-1.30557840479077
146,11.715,175.725,2.4937500000000004,-1.2482055114787576
146,11.715,175.725,2.496875,-1.2061307437634239
146,11.715,175.725,2.5,-1.1847648383040363
146,11.715,175.725,2.5031250000000003,-1.1865474087603207
146,11.715,175.725,2.50625,-1.208755315257286
146,11.715,175.725,2.5093750000000004,-1.2443291229766704
146,11.715,175.725,2.5125,-1.303109525787388
146,11.715,175.725,2.515625,-1.372448100861516
146,11.715,175.725,2.5187500000000003,-1.4539121296314432
146,11.715,175.725,2.521875,-1.554746313475701
146,11.715,175.725,2.5250000000000004,-1.6583358095681353
146,11.715,175.725,2.528125,-1.762128783059557
146,11.715,175.725,2.53125,-1.865102187220491
146,11.715,175.725,2.5343750000000003,-1.9509626250548728
146,11.715,175.725,2.5375,-2.0264606221816255
146,11.715,175.725,2.5406250000000004,-2.0812630258529428
146,11.715,175.725,2.54375,-2.1132909077978574
146,11.715,175.725,2.546875,-2.1241510572904696
146,11.715,175.725,2.5500000000000003,-2.112476575539738
146,11.715,175.725,2.553125,-2.0788817441706504
146,11.715,175.725,2.5562500000000004,-2.0233714830644938
146,11.715,175.725,2.559375,-1.949437597902187
146,11.715,175.725,2.5625,-1.8616229434255451
146,11.715,175.725,2.5656250000000003,-1.7639448501020083
146,11.715,175.725,2.56875,-1.661409698873645
146,11.715,175.725,2.5718750000000004,-1.5592980265304448
146,11.715,175.725,2.575,-1.4616086546741378
146,11.715,175.725,2.578125,-1.3742757463825428
146,11.715,175.725,2.5812500000000003,-1.2971938728423082
146,11.715,175.725,2.584375,-1.23619578003415
146,11.715,175.725,2.5875000000000004,-1.1954547874252057
146,11.715,175.725,2.590625,-1.1776372888368813
146,11.715,175.725,2.59375,-1.180911377825841
146,11.715,175.725,2.5968750000000003,-1.2126709533591409
146,11.715,175.725,2.6,-1.266455057660889
146,11.715,175.725,2.6031250000000004,-1.342627252988344
146,11.715,175.725,2.60625,-1.4387134755296906
146,11.715,175.725,2.609375,-1.544134000823727
146,11.715,175.725,2.6125000000000003,-1.6583372865734323
146,11.715,175.725,2.615625,-1.773302691685662
146,11.715,175.725,2.6187500000000004,-1.8840611228451476
146,11.715,175.725,2.621875,-1.9865906672490339
146,11.715,175.725,2.625,-2.0805659969130565
146,11.715,175.725,2.6281250000000003,-2.1517747976390145
146,11.715,175.725,2.63125,-2.2073387397370885
146,11.715,175.725,2.6343750000000004,-2.2385589448485748
146,11.715,175.725,2.6375,-2.245274968439835
146,11.715,175.725,2.640625,-2.2309855578438995
146,11.715,175.725,2.6437500000000003,-2.201843916030841
146,11.715,175.725,2.646875,-2.153362384608344
146,11.715,175.725,2.6500000000000004,-2.0904822699040633
146,11.715,175.725,2.653125,-2.0158107603294226
146,11.715,175.725,2.65625,-1.9349318592873894
146,11.715,175.725,2.6593750000000003,-1.8482417081551472
146,11.715,175.725,2.6625,-1.7565206849980421
146,11.715,175.725,2.6656250000000004,-1.668854808461868
146,11.715,175.725,2.66875,-1.5847336807092756
146,11.715,175.725,2.671875,-1.5056745100001079
146,11.715,175.725,2.6750000000000003,-1.4465731781476632
146,11.715,175.725,2.678125,-1.397518511377529
146,11.715,175.725,2.6812500000000004,-1.3688483621837166
146,11.715,175.725,2.684375,-1.3602916424634572
146,11.715,175.725,2.6875,-1.3695531279811657
146,11.715,175.725,2.6906250000000003,-1.402031637897937
146,11.715,175.725,2.69375,-1.4560058707353762
146,11.715,175.725,2.6968750000000004,-1.532120922417052
146,11.715,175.725,2.7,-1.6249281508291036
146,11.715,175.725,2.703125,-1.7318217115560475
146,11.715,175.725,2.7062500000000003,-1.846202376493207
146,11.715,175.725,2.709375,-1.9595760436378176
146,11.715,175.725,2.7125000000000004,-2.0736059597451604
146,11.715,175.725,2.715625,-2.1798829942843696
146,11.715,175.725,2.71875,-2.2650764891706934
146,11.715,175.725,2.7218750000000003,-2.3394123848737474
146,11.715,175.725,2.725,-2.388380292984264
146,11.715,175.725,2.7281250000000004,-2.4155888057757844
146,11.715,175.725,2.73125,-2.422657530048329
146,11.715,175.725,2.734375,-2.4064415651659083
146,11.715,175.725,2.7375000000000003,-2.37006560237746
146,11.715,175.725,2.740625,-2.3169527810685526
146,11.715,175.725,2.7437500000000004,-2.2993338810324326
146,11.715,175.725,2.746875,-2.2641069037751356
146,11.715,175.725,2.75,-2.2408275506987625
146,11.715,175.725,2.7531250000000003,-2.2218273741117502
146,11.715,175.725,2.75625,-2.12246629931448
146,11.715,175.725,2.7593750000000004,-1.956024729077962
146,11.715,175.725,2.7625,-1.8125024627564865
146,11.715,175.725,2.765625,-1.7028942755868508
146,11.715,175.725,2.7687500000000003,-1.624862714335178
146,11.715,175.725,2.771875,-1.5682142088201991
146,11.715,175.725,2.7750000000000004,-1.5402706028372246
146,11.715,175.725,2.778125,-1.5363313810376051
146,11.715,175.725,2.78125,-1.5544941976096252
146,11.715,175.725,2.7843750000000003,-1.5949483005380078
146,11.715,175.725,2.7875,-1.6605725340549562
146,11.715,175.725,2.7906250000000004,-1.7472549605790464
146,11.715,175.725,2.79375,-1.848996251247301
146,11.715,175.725,2.796875,-1.9624432369163116
146,11.715,175.725,2.8000000000000003,-2.082261358032675
146,11.715,175.725,2.803125,-2.2008817572610586
146,11.715,175.725,2.8062500000000004,-2.316734083153179
146,11.715,175.725,2.809375,-2.417065444001923
146,11.715,175.725,2.8125,-2.498197795885565
146,11.715,175.725,2.8156250000000003,-2.559805060740601
146,11.715,175.725,2.81875,-2.599950596063005
146,11.715,175.725,2.8218750000000004,-2.6165037976823164
146,11.715,175.725,2.825,-2.607962027684138
146,11.715,175.725,2.828125,-2.5782244157310963
146,11.715,175.725,2.8312500000000003,-2.527207357022767
146,11.715,175.725,2.834375,-2.459706709919449
146,11.715,175.725,2.8375000000000004,-2.3819798984717684
146,11.715,175.725,2.840625,-2.2905520873310876
146,11.715,175.725,2.84375,-2.196267872121444
146,11.715,175.725,2.8468750000000003,-2.1043242029380576
146,11.715,175.725,2.85,-2.012474734576019
146,11.715,175.725,2.8531250000000004,-1.9320657017531615
146,11.715,175.725,2.85625,-1.8583845446048644
146,11.715,175.725,2.859375,-1.8002772598403016
146,11.715,175.725,2.8625000000000003,-1.7543736405944617
146,11.715,175.725,2.865625,-1.730481705586713
146,11.715,175.725,2.8687500000000004,-1.7261700363872692
146,11.715,175.725,2.871875,-1.7440551393452333
146,11.715,175.725,2.875,-1.785236813458213
146,11.715,175.725,2.8781250000000003,-1.844848186078759
146,11.715,175.725,2.88125,-1.9227308167211201
146,11.715,175.725,2.8843750000000004,-2.017334277972401
146,11.715,175.725,2.8875,-2.122068319226015
146,11.715,175.725,2.890625,-2.2383889958097685
146,11.715,175.725,2.8937500000000003,-2.352685784386132
146,11.715,175.725,2.896875,-2.465521272682015
146,11.715,175.725,2.9000000000000004,-2.5712473040648938
146,11.715,175.725,2.903125,-2.663392513546766
146,11.715,175.725,2.90625,-2.7371976185390396
146,11.715,175.725,2.9093750000000003,-2.789451329781535
146,11.715,175.725,2.9125,-2.82371919209456
146,11.715,175.725,2.9156250000000004,-2.8370123662813245
146,11.715,175.725,2.91875,-2.8309924476290793
146,11.715,175.725,2.921875,-2.80638961442514
146,11.715,175.725,2.9250000000000003,-2.7658463569745044
146,11.715,175.725,2.928125,-2.7027350050345063
146,11.715,175.725,2.9312500000000004,-2.6248883535079104
146,11.715,175.725,2.934375,-2.5334835772017374
146,11.715,175.725,2.9375,-2.4376636806412364
146,11.715,175.725,2.9406250000000003,-2.338064578902154
146,11.715,175.725,2.94375,-2.248255898029303
146,11.715,175.725,2.9468750000000004,-2.1626929616899324
146,11.715,175.725,2.95,-2.0878279875591685
146,11.715,175.725,2.953125,-2.028432385934913
146,11.715,175.725,2.9562500000000003,-1.9895958520383508
146,11.715,175.725,2.959375,-1.970173723051677
146,11.715,175.725,2.9625000000000004,-1.9785883814940193
146,11.715,175.725,2.965625,-2.0112347179989234
146,11.715,175.725,2.96875,-2.069866432151369
146,11.715,175.725,2.9718750000000003,-2.1430933293741434
146,11.715,175.725,2.975,-2.248297379724034
146,11.715,175.725,2.9781250000000004,-2.372354579001343
146,11.715,175.725,2.98125,-2.497436887815092
146,11.715,175.725,2.984375,-2.627396510428295
146,11.715,175.725,2.9875000000000003,-2.754369508827765
146,11.715,175.725,2.990625,-2.8688306453676793
146,11.715,175.725,2.9937500000000004,-2.961505401145797
146,11.715,175.725,2.996875,-3.0380383170508596
146,11.715,175.725,3.0,-3.0847173050337577
146,11.715,175.725,3.0031250000000003,-3.1038937114293983
146,11.715,175.725,3.00625,-3.097911277395902
146,11.715,175.725,3.0093750000000004,-3.0669949607832625
146,11.715,175.725,3.0125,-3.0110301957921304
146,11.715,175.725,3.015625,-2.934331871832585
146,11.715,175.725,3.0187500000000003,-2.8500525644867674
146,11.715,175.725,3.021875,-2.758863979744122
146,11.715,175.725,3.0250000000000004,-2.6616818901708044
146,11.715,175.725,3.028125,-2.5603925940598242
146,11.715,175.725,3.03125,-2.4625803674307867
146,11.715,175.725,3.0343750000000003,-2.37100271767953
146,11.715,175.725,3.0375,-2.290913953527004
146,11.715,175.725,3.0406250000000004,-2.222039107858558
146,11.715,175.725,3.04375,-2.1651986220646773
146,11.715,175.725,3.046875,-2.1320196167738668
146,11.715,175.725,3.0500000000000003,-2.1189978993873138
146,11.715,175.725,3.053125,-2.1246200824394728
146,11.715,175.725,3.0562500000000004,-2.151686170918739
146,11.715,175.725,3.059375,-2.2090400008638706
146,11.715,175.725,3.0625,-2.2813211620006597
146,11.715,175.725,3.0656250000000003,-2.3723821655118913
146,11.715,175.725,3.06875,-2.4804703352052493
146,11.715,175.725,3.0718750000000004,-2.5901665861871193
146,11.715,175.725,3.075,-2.710972369446558
146,11.715,175.725,3.078125,-2.826602189846112
146,11.715,175.725,3.0812500000000003,-2.933285233042745
146,11.715,175.725,3.084375,-3.0274473267348334
146,11.715,175.725,3.0875000000000004,-3.1029440911475303
146,11.715,175.725,3.090625,-3.16025320592186
146,11.715,175.725,3.09375,-3.1944104584300432
146,11.715,175.725,3.0968750000000003,-3.2179724237446967
146,11.715,175.725,3.1,-3.216676763571865
146,11.715,175.725,3.1031250000000004,-3.1866667054911337
146,11.715,175.725,3.10625,-3.1344863204013436
146,11.715,175.725,3.109375,-3.070660207903046
146,11.715,175.725,3.1125000000000003,-2.987856213112491
146,11.715,175.725,3.115625,-2.8963109134824165
146,11.715,175.725,3.1187500000000004,-2.799247501839688
146,11.715,175.725,3.121875,-2.697700207232592
146,11.715,175.725,3.125,-2.6001370325410136
146,11.715,175.725,3.1281250000000003,-2.4839667537643257
146,11.715,175.725,3.13125,-2.405447504630043
146,11.715,175.725,3.1343750000000004,-2.3244492048736567
146,11.715,175.725,3.1375,-2.280035330503513
146,11.715,175.725,3.140625,-2.258805549850121
146,11.715,175.725,3.1437500000000003,-2.265285189830637
146,11.715,175.725,3.146875,-2.3062094722525748
146,11.715,175.725,3.1500000000000004,-2.381921648779689
146,11.715,175.725,3.153125,-2.479060518171696
146,11.715,175.725,3.15625,-2.5812909300414506
146,11.715,175.725,3.1593750000000003,-2.684327688398996
146,11.715,175.725,3.1625,-2.7995497194027816
146,11.715,175.725,3.1656250000000004,-2.9202542159233396
146,11.715,175.725,3.16875,-3.0440926742748866
146,11.715,175.725,3.171875,-3.1602105188322627
146,11.715,175.725,3.1750000000000003,-3.258129188408936
146,11.715,175.725,3.178125,-3.33822417931461
146,11.715,175.725,3.1812500000000004,-3.4035067893332593
146,11.715,175.725,3.184375,-3.4489250938318445
146,11.715,175.725,3.1875,-3.4732610441659597
146,11.715,175.725,3.1906250000000003,-3.483175437635081
146,11.715,175.725,3.19375,-3.4717433927176096
146,11.715,175.725,3.1968750000000004,-3.439400243252924
146,11.715,175.725,3.2,-3.3935056932796575
146,11.715,175.725,3.203125,-3.3225470217017934
146,11.715,175.725,3.2062500000000003,-3.23062162108976
146,11.715,175.725,3.209375,-3.1243315148199273
146,11.715,175.725,3.2125000000000004,-3.005779030776571
146,11.715,175.725,3.215625,-2.8753317243960526
146,11.715,175.725,3.21875,-2.7480779644280555
146,11.715,175.725,3.2218750000000003,-2.622716483222624
146,11.715,175.725,3.225,-2.5147146885248626
146,11.715,175.725,3.2281250000000004,-2.4227992633002398
146,11.715,175.725,3.23125,-2.3548105247332445
146,11.715,175.725,3.234375,-2.3272571325051876
146,11.715,175.725,3.2375000000000003,-2.316478080254271
146,11.715,175.725,3.240625,-2.3335980137822974
146,11.715,175.725,3.2437500000000004,-2.3670002480364687
146,11.715,175.725,3.246875,-2.423725804354074
146,11.715,175.725,3.25,-2.5069867606507543
146,11.715,175.725,3.2531250000000003,-2.6023357536712193
146,11.715,175.725,3.25625,-2.70429383570767
146,11.715,175.725,3.2593750000000004,-2.813298538685616
146,11.715,175.725,3.2625,-2.919093785303422
146,11.715,175.725,3.265625,-3.01809598040983
146,11.715,175.725,3.2687500000000003,-3.105653478330777
146,11.715,175.725,3.271875,-3.174161703075271
146,11.715,175.725,3.2750000000000004,-3.2228848564016292
146,11.715,175.725,3.278125,-3.250135612003011
146,11.715,175.725,3.28125,-3.2564259529377626
146,11.715,175.725,3.2843750000000003,-3.2406815129300552
146,11.715,175.725,3.2875,-3.214355887239777
146,11.715,175.725,3.2906250000000004,-3.169675984343316
146,11.715,175.725,3.29375,-3.1125168637845615
146,11.715,175.725,3.296875,-3.0472453949895866
146,11.715,175.725,3.3000000000000003,-2.9812165279470615
146,11.715,175.725,3.303125,-2.9122244547481
146,11.715,175.725,3.3062500000000004,-2.843562047472024
146,11.715,175.725,3.309375,-2.7932838077058535
146,11.715,175.725,3.3125,-2.752448700494003
146,11.715,175.725,3.3156250000000003,-2.726647875407087
146,11.715,175.725,3.31875,-2.730767442045574
146,11.715,175.725,3.3218750000000004,-2.760333324910441
146,11.715,175.725,3.325,-2.8211230234026816
146,11.715,175.725,3.328125,-2.9105454496621403
146,11.715,175.725,3.3312500000000003,-3.025254341092851
146,11.715,175.725,3.334375,-3.1581199537465947
146,11.715,175.725,3.3375000000000004,-3.2992220932306813
146,11.715,175.725,3.340625,-3.42469627408232
146,11.715,175.725,3.34375,-3.5371923440054047
146,11.715,175.725,3.3468750000000003,-3.6215186485965445
146,11.715,175.725,3.35,-3.6864876924328236
146,11.715,175.725,3.3531250000000004,-3.728259642195695
146,11.715,175.725,3.35625,-3.752455472210299
146,11.715,175.725,3.359375,-3.7643850990277934
146,11.715,175.725,3.3625000000000003,-3.761136423328847
146,11.715,175.725,3.365625,-3.747363741160083
146,11.715,175.725,3.3687500000000004,-3.712164717149405
146,11.715,175.725,3.371875,-3.669298401248552
146,11.715,175.725,3.375,-3.6036723878291705
146,11.715,175.725,3.3781250000000003,-3.5201682111614296
146,11.715,175.725,3.38125,-3.4203462029357863
146,11.715,175.725,3.3843750000000004,-3.3084389383489037
146,11.715,175.725,3.3875,-3.183195278802635
146,11.715,175.725,3.390625,-3.0499478302368868
146,11.715,175.725,3.3937500000000003,-2.9151121148336143
146,11.715,175.725,3.396875,-2.7796475453550755
146,11.715,175.725,3.4000000000000004,-2.6474108236980975
146,11.715,175.725,3.403125,-2.5226480785000756
146,11.715,175.725,3.40625,-2.4122474323285843
146,11.715,175.725,3.4093750000000003,-2.3167863882010833
146,11.715,175.725,3.4125,-2.2403127568531507
146,11.715,175.725,3.4156250000000004,-2.1866306591684728
146,11.715,175.725,3.41875,-2.1545257062838226
146,11.715,175.725,3.421875,-2.1470051061670143
146,11.715,175.725,3.4250000000000003,-2.162135353026158
146,11.715,175.725,3.428125,-2.202753961393247
146,11.715,175.725,3.4312500000000004,-2.260266469995594
146,11.715,175.725,3.434375,-2.3414218501348234
146,11.715,175.725,3.4375,-2.432652276451754
146,11.715,175.725,3.4406250000000003,-2.531556835709035
146,11.715,175.725,3.44375,-2.636056317166446
146,11.715,175.725,3.4468750000000004,-2.7364168115607
146,11.715,175.725,3.45,-2.8289207138026744
146,11.715,175.725,3.453125,-2.906587746837386
146,11.715,175.725,3.4562500000000003,-2.967473987047784
146,11.715,175.725,3.459375,-3.0068799122782064
146,11.715,175.725,3.4625000000000004,-3.0248848007939895
146,11.715,175.725,3.465625,-3.0241163986747344
146,11.715,175.725,3.46875,-3.004819464167003
146,11.715,175.725,3.4718750000000003,-2.9632707624713257
146,11.715,175.725,3.475,-2.8998793044440463
146,11.715,175.725,3.4781250000000004,-2.8205308664585282
146,11.715,175.725,3.48125,-2.7321519446037708
146,11.715,175.725,3.484375,-2.6358459913355183
146,11.715,175.725,3.4875000000000003,-2.5333033417007074
146,11.715,175.725,3.490625,-2.430021508918711
146,11.715,175.725,3.4937500000000004,-2.3262383671537643
146,11.715,175.725,3.496875,-2.230034514239603
146,11.715,175.725,3.5,-2.1421617710013994
146,11.715,175.725,3.5031250000000003,-2.0741214469861005
146,11.715,175.725,3.50625,-2.018373537279079
146,11.715,175.725,3.5093750000000004,-1.986264667644617
146,11.715,175.725,3.5125,-1.9784719608265604
146,11.715,175.725,3.515625,-1.9983379689249325
146,11.715,175.725,3.5187500000000003,-2.0440724946893596
146,11.715,175.725,3.521875,-2.1184731692418795
146,11.715,175.725,3.5250000000000004,-2.2092614181227423
146,11.715,175.725,3.528125,-2.322368700809114
146,11.715,175.725,3.53125,-2.45448936738509
146,11.715,175.725,3.5343750000000003,-2.5911609072331263
146,11.715,175.725,3.5375,-2.7318093035712856
146,11.715,175.725,3.5406250000000004,-2.8618776136376023
146,11.715,175.725,3.54375,-2.9797525300387266
146,11.715,175.725,3.546875,-3.0697111810717654
146,11.715,175.725,3.5500000000000003,-3.1215304490306788
146,11.715,175.725,3.553125,-3.140121974762775
146,11.715,175.725,3.5562500000000004,-3.1379532266100907
146,11.715,175.725,3.559375,-3.118227998667376
146,11.715,175.725,3.5625,-3.0779981011905204
146,11.715,175.725,3.5656250000000003,-3.019380913109366
146,11.715,175.725,3.56875,-2.9413921310887003
146,11.715,175.725,3.5718750000000004,-2.8587097100479513
146,11.715,175.725,3.575,-2.7666625948157098
146,11.715,175.725,3.5781250000000004,-2.671862651518229
146,11.715,175.725,3.5812500000000003,-2.5768410923926894
146,11.715,175.725,3.584375,-2.4884280252290942
146,11.715,175.725,3.5875000000000004,-2.4082907308319284
146,11.715,175.725,3.590625,-2.343980886932748
146,11.715,175.725,3.5937500000000004,-2.296694451544633
146,11.715,175.725,3.5968750000000003,-2.2713474975526573
146,11.715,175.725,3.6,-2.271065720130827
146,11.715,175.725,3.6031250000000004,-2.3045707732989986
146,11.715,175.725,3.60625,-2.3697695009987103
146,11.715,175.725,3.6093750000000004,-2.4666185947966506
146,11.715,175.725,3.6125000000000003,-2.587071490304871
146,11.715,175.725,3.615625,-2.720731799927548
146,11.715,175.725,3.6187500000000004,-2.859503889649953
146,11.715,175.725,3.621875,-2.9976401737915923
146,11.715,175.725,3.6250000000000004,-3.1404673118314275
146,11.715,175.725,3.6281250000000003,-3.2826204224575055
146,11.715,175.725,3.63125,-3.4166393932859283
146,11.715,175.725,3.6343750000000004,-3.5355453702679203
146,11.715,175.725,3.6375,-3.632822331400531
146,11.715,175.725,3.6406250000000004,-3.7118115720913893
146,11.715,175.725,3.6437500000000003,-3.7658272779568716
146,11.715,175.725,3.646875,-3.808788185643704
146,11.715,175.725,3.6500000000000004,-3.831165029962939
146,11.715,175.725,3.653125,-3.797555509352544
146,11.715,175.725,3.6562500000000004,-3.717855896416048
146,11.715,175.725,3.6593750000000003,-3.6251900992903083
146,11.715,175.725,3.6625,-3.5259250553808013
146,11.715,175.725,3.6656250000000004,-3.423616457941308
146,11.715,175.725,3.66875,-3.3258715366413134
146,11.715,175.725,3.6718750000000004,-3.237468290522891
146,11.715,175.725,3.6750000000000003,-3.1674177849822116
146,11.715,175.725,3.678125,-3.112678154780676
146,11.715,175.725,3.6812500000000004,-3.1074957280690447
146,11.715,175.725,3.684375,-3.203149813720261
146,11.715,175.725,3.6875000000000004,-3.3880087947730457
146,11.715,175.725,3.6906250000000003,-3.1837019662411836
146,11.715,175.725,3.69375,-3.13101638253517
146,11.715,175.725,3.6968750000000004,-3.1729374575693683
146,11.715,175.725,3.7,-3.2635240346070504
146,11.715,175.725,3.7031250000000004,-3.3811650626220695
146,11.715,175.725,3.7062500000000003,-3.5267347347754994
146,11.715,175.725,3.709375,-3.6897588741109004
146,11.715,175.725,3.7125000000000004,-3.863863374354037
146,11.715,175.725,3.715625,-4.042219320937918
146,11.715,175.725,3.7187500000000004,-4.217545127660244
146,11.715,175.725,3.7218750000000003,-4.376816053198265
146,11.715,175.725,3.725,-4.524266554932837
146,11.715,175.725,3.7281250000000004,-4.6457922502632485
146,11.715,175.725,3.73125,-4.744320476358206
146,11.715,175.725,3.7343750000000004,-4.8160157981903895
146,11.715,175.725,3.7375000000000003,-4.848168116945545
146,11.715,175.725,3.740625,-4.859744742945253
146,11.715,175.725,3.7437500000000004,-4.838010029235288
146,11.715,175.725,3.746875,-4.791399270447154
146,11.715,175.725,3.7500000000000004,-4.7207076012040385
146,11.715,175.725,3.7531250000000003,-4.6250886627651795
146,11.715,175.725,3.75625,-4.507885659489933
146,11.715,175.725,3.7593750000000004,-4.377131240449979
146,11.715,175.725,3.7625,-4.23768197115654
146,11.715,175.725,3.7656250000000004,-4.100971160698094
146,11.715,175.725,3.7687500000000003,-3.9659525544035876
146,11.715,175.725,3.771875,-3.8451556101152793
146,11.715,175.725,3.7750000000000004,-3.7381839080963792
146,11.715,175.725,3.778125,-3.6520520586343546
146,11.715,175.725,3.7812500000000004,-3.5878038601563986
146,11.715,175.725,3.7843750000000003,-3.5492238118595583
146,11.715,175.725,3.7875,-3.536041957876791
146,11.715,175.725,3.7906250000000004,-3.54160592808461
146,11.715,175.725,3.79375,-3.575474086075834
146,11.715,175.725,3.7968750000000004,-3.6226586418448714
146,11.715,175.725,3.8000000000000003,-3.6873945880512196
146,11.715,175.725,3.803125,-3.7686812225078183
146,11.715,175.725,3.8062500000000004,-3.8496295065663415
146,11.715,175.725,3.809375,-3.9291749030854723
146,11.715,175.725,3.8125000000000004,-4.008790303859498
146,11.715,175.725,3.8156250000000003,-4.067337984018446
146,11.715,175.725,3.81875,-4.109974511617004
146,11.715,175.725,3.8218750000000004,-4.133494872349773
146,11.715,175.725,3.825,-4.142407020750827
146,11.715,175.725,3.8281250000000004,-4.126992245006614
146,11.715,175.725,3.8312500000000003,-4.102552496069321
146,11.715,175.725,3.834375,-4.063330733635943
146,11.715,175.725,3.8375000000000004,-3.996692732522549
146,11.715,175.725,3.840625,-3.9254788094263473
146,11.715,175.725,3.8437500000000004,-3.8435719421345826
146,11.715,175.725,3.8468750000000003,-3.7604374998596652
146,11.715,175.725,3.85,-3.6859679499938225
146,11.715,175.725,3.8531250000000004,-3.613600507777683
146,11.715,175.725,3.85625,-3.5541018552107264
146,11.715,175.725,3.8593750000000004,-3.512980950300527
146,11.715,175.725,3.8625000000000003,-3.4860196647376256
146,11.715,175.725,3.865625,-3.4791947949636697
146,11.715,175.725,3.8687500000000004,-3.501257825079425
146,11.715,175.725,3.871875,-3.5465085369999465
146,11.715,175.725,3.8750000000000004,-3.615677984255778
146,11.715,175.725,3.8781250000000003,-3.7114429056870653
146,11.715,175.725,3.88125,-3.828854659656702
146,11.715,175.725,3.8843750000000004,-3.962328063668912
146,11.715,175.725,3.8875,-4.111965960000952
146,11.715,175.725,3.8906250000000004,-4.266330204820409
146,11.715,175.725,3.8937500000000003,-4.417279064333126
146,11.715,175.725,3.896875,-4.567466203429022
146,11.715,175.725,3.9000000000000004,-4.700148443438676
146,11.715,175.725,3.903125,-4.826254034205112
146,11.715,175.725,3.9062500000000004,-4.9175460069256065
146,11.715,175.725,3.9093750000000003,-4.991847179654487
146,11.715,175.725,3.9125,-5.033271453448508
146,11.715,175.725,3.9156250000000004,-5.051953331672086
146,11.715,175.725,3.91875,-5.0486956027197145
146,11.715,175.725,3.9218750000000004,-5.021540906654431
146,11.715,175.725,3.9250000000000003,-4.983598141457691
146,11.715,175.725,3.928125,-4.937137295089181
146,11.715,175.725,3.9312500000000004,-4.8832790150839305
146,11.715,175.725,3.934375,-4.835520008291096
146,11.715,175.725,3.9375000000000004,-4.787600644294428
146,11.715,175.725,3.9406250000000003,-4.751051064446909
146,11.715,175.725,3.94375,-4.734072710558188
146,11.715,175.725,3.9468750000000004,-4.725746388286684
146,11.715,175.725,3.95,-4.742321875018235
146,11.715,175.725,3.9531250000000004,-4.780608620672724
146,11.715,175.725,3.9562500000000003,-4.8457029070244655
146,11.715,175.725,3.959375,-4.9345945594919165
146,11.715,175.725,3.9625000000000004,-5.0493850588244005
146,11.715,175.725,3.965625,-5.192123374393632
146,11.715,175.725,3.9687500000000004,-5.358716220864234
146,11.715,175.725,3.9718750000000003,-5.5390111399642645
146,11.715,175.725,3.975,-5.7339205490888165
146,11.715,175.725,3.9781250000000004,-5.932057452388287
146,11.715,175.725,3.98125,-6.1293192764484505
146,11.715,175.725,3.9843750000000004,-6.312076315485944
146,11.715,175.725,3.9875000000000003,-6.473565338910151
146,11.715,175.725,3.990625,-6.607281087625889
146,11.715,175.725,3.9937500000000004,-6.708694308410614
146,11.715,175.725,3.996875,-6.7797953756208855
146,11.715,175.725,4.0,-6.822932327275121
146,11.715,175.725,4.003125,-6.832703615112826
146,11.715,175.725,4.0062500000000005,-6.819842924390503
146,11.715,175.725,4.009375,-6.790172062715573
146,11.715,175.725,4.0125,-6.753238575251059
146,11.715,175.725,4.015625,-6.714953369732743
146,11.715,175.725,4.01875,-6.680908066450071
146,11.715,175.725,4.0218750000000005,-6.663592246017078
146,11.715,175.725,4.025,-6.663874830219829
146,11.715,175.725,4.028125,-6.692575339786338
146,11.715,175.725,4.03125,-6.754550346445225
146,11.715,175.725,4.034375,-6.855899957192743
146,11.715,175.725,4.0375000000000005,-6.997076406896596
146,11.715,175.725,4.040625,-7.188815341152132
146,11.715,175.725,4.04375,-7.4270757331696515
146,11.715,175.725,4.046875,-7.711165372256188
146,11.715,175.725,4.05,-8.040125632352591
146,11.715,175.725,4.0531250000000005,-8.410886100131004
146,11.715,175.725,4.05625,-8.814984513382766
146,11.715,175.725,4.059375,-9.23796111151097
146,11.715,175.725,4.0625,-9.671819225106471
146,11.715,175.725,4.065625,-10.089381496371585
146,11.715,175.725,4.0687500000000005,-10.480376748764101
146,11.715,175.725,4.071875,-10.826535234376603
146,11.715,175.725,4.075,-11.091044839639357
146,11.715,175.725,4.078125,-11.29026259767089
146,11.715,175.725,4.08125,-11.416979092123313
146,11.715,175.725,4.0843750000000005,-11.47614381737676
146,11.715,175.725,4.0875,-11.488688347039737
146,11.715,175.725,4.090625,-11.46942891033609
146,11.715,175.725,4.09375,-11.423006367856708
146,11.715,175.725,4.096875,-11.381651163901802
146,11.715,175.725,4.1000000000000005,-11.294838096553946
146,11.715,175.725,4.103125,-11.07745288608902
146,11.715,175.725,4.10625,-10.936433442958787
146,11.715,175.725,4.109375,-10.943973776956764
146,11.715,175.725,4.1125,-11.041907923407425
146,11.715,175.725,4.1156250000000005,-11.206639308560991
146,11.715,175.725,4.11875,-11.451991300765389
146,11.715,175.725,4.121875,-11.782304625711909
146,11.715,175.725,4.125,-12.196279770423988
146,11.715,175.725,4.128125,-12.694707112709281
146,11.715,175.725,4.1312500000000005,-13.272085665612813
146,11.715,175.725,4.134375,-13.928590950282553
146,11.715,175.725,4.1375,-14.643643184832309
146,11.715,175.725,4.140625,-15.405211603897484
146,11.715,175.725,4.14375,-16.211340611915315
146,11.715,175.725,4.1468750000000005,-17.02992338079184
146,11.715,175.725,4.15,-17.862131583013582
146,11.715,175.725,4.153125,-18.684068989186237
146,11.715,175.725,4.15625,-19.501958019841897
146,11.715,175.725,4.159375,-20.283357209821208
146,11.715,175.725,4.1625000000000005,-20.968513045021794
146,11.715,175.725,4.165625,-21.61320498129392
146,11.715,175.725,4.16875,-22.0780038967283
146,11.715,175.725,4.171875,-22.428671280165698
146,11.715,175.725,4.175,-22.647799471614274
146,11.715,175.725,4.1781250000000005,-22.677617782449673
146,11.715,175.725,4.18125,-22.542250983595462
146,11.715,175.725,4.184375,-22.210623853715923
146,11.715,175.725,4.1875,-21.745926157568128
146,11.715,175.725,4.190625,-21.12654668198191
146,11.715,175.725,4.1937500000000005,-20.40566993730531
146,11.715,175.725,4.196875,-19.57879293706384
146,11.715,175.725,4.2,-18.701946815138385
146,11.715,175.725,4.203125,-17.798533224759435
146,11.715,175.725,4.20625,-16.909146212133436
146,11.715,175.725,4.2093750000000005,-16.02546050497671
146,11.715,175.725,4.2125,-15.214867402372965
146,11.715,175.725,4.215625,-14.421699166169585
146,11.715,175.725,4.21875,-13.711049385231505
146,11.715,175.725,4.221875,-13.054739736233591
146,11.715,175.725,4.2250000000000005,-12.447964065439429
146,11.715,175.725,4.228125,-11.911383118798849
146,11.715,175.725,4.23125,-11.427690336803709
146,11.715,175.725,4.234375,-11.000439807519165
146,11.715,175.725,4.2375,-10.633620375726277
146,11.715,175.725,4.2406250000000005,-10.338147097274334
146,11.715,175.725,4.24375,-10.102507615068724
146,11.715,175.725,4.246875,-9.920500168220897
146,11.715,175.725,4.25,-9.789723223919694
146,11.715,175.725,4.253125,-9.71805014718737
146,11.715,175.725,4.2562500000000005,-9.683324406710899
146,11.715,175.725,4.259375,-9.693223483888906
146,11.715,175.725,4.2625,-9.725363306201329
146,11.715,175.725,4.265625,-9.75679721693675
146,11.715,175.725,4.26875,-9.791576081879317
146,11.715,175.725,4.2718750000000005,-9.806451117789285
146,11.715,175.725,4.275,-9.793204562499923
146,11.715,175.725,4.278125,-9.724910597576319
146,11.715,175.725,4.28125,-9.620347164471099
146,11.715,175.725,4.284375000000001,-9.475872691082028
146,11.715,175.725,4.2875000000000005,-9.28729349996188
146,11.715,175.725,4.290625,-9.068826055773178
146,11.715,175.725,4.29375,-8.828352838733148
146,11.715,175.725,4.296875,-8.588542366342383
146,11.715,175.725,4.300000000000001,-8.341912638337819
146,11.715,175.725,4.3031250000000005,-8.093770877175109
146,11.715,175.725,4.30625,-7.873947246329083
146,11.715,175.725,4.309375,-7.6781412066443835
146,11.715,175.725,4.3125,-7.510990219425123
146,11.715,175.725,4.315625000000001,-7.370738649727446
146,11.715,175.725,4.3187500000000005,-7.279303041730815
146,11.715,175.725,4.321875,-7.208453782293747
146,11.715,175.725,4.325,-7.183817254110071
146,11.715,175.725,4.328125,-7.195335823557886
146,11.715,175.725,4.331250000000001,-7.239187594487384
146,11.715,175.725,4.3343750000000005,-7.3216396171777385
146,11.715,175.725,4.3375,-7.431103538676322
146,11.715,175.725,4.340625,-7.5613126174496506
146,11.715,175.725,4.34375,-7.708318997698475
146,11.715,175.725,4.346875000000001,-7.8526754861078105
146,11.715,175.725,4.3500000000000005,-7.995906259701161
146,11.715,175.725,4.353125,-8.125289397297653
146,11.715,175.725,4.35625,-8.227123193839189
146,11.715,175.725,4.359375,-8.289674867735261
146,11.715,175.725,4.362500000000001,-8.311089580605092
146,11.715,175.725,4.3656250000000005,-8.206463073390534
146,11.715,175.725,4.36875,-8.124077558658396
146,11.715,175.725,4.371875,-8.072728057185392
146,11.715,175.725,4.375,-8.014321760924641
146,11.715,175.725,4.378125000000001,-7.869452227583665
146,11.715,175.725,4.3812500000000005,-7.698570851812074
146,11.715,175.725,4.384375,-7.512343797204904
146,11.715,175.725,4.3875,-7.333621039290524
146,11.715,175.725,4.390625,-7.166186789137265
146,11.715,175.725,4.393750000000001,-7.02102255816389
146,11.715,175.725,4.3968750000000005,-6.962884695675868
146,11.715,175.725,4.4,-6.874908908675418
146,11.715,175.725,4.403125,-6.812464587046901
146,11.715,175.725,4.40625,-6.754509690520787
146,11.715,175.725,4.409375000000001,-6.733809820296516
146,11.715,175.725,4.4125000000000005,-6.751079247987434
146,11.715,175.725,4.415625,-6.811552838940369
146,11.715,175.725,4.41875,-6.91154672860502
146,11.715,175.725,4.421875,-7.0373523324329685
146,11.715,175.725,4.425000000000001,-7.184910689968874
146,11.715,175.725,4.4281250000000005,-7.395307756081123
146,11.715,175.725,4.43125,-7.694450261685591
146,11.715,175.725,4.434375,-8.069592804614834
146,11.715,175.725,4.4375,-8.499112339981227
146,11.715,175.725,4.440625000000001,-8.935970955727687
146,11.715,175.725,4.4437500000000005,-9.297845395166972
146,11.715,175.725,4.446875,-9.620638156560442
146,11.715,175.725,4.45,-9.893732167999366
146,11.715,175.725,4.453125,-10.069198989040036
146,11.715,175.725,4.456250000000001,-10.134585063181143
146,11.715,175.725,4.4593750000000005,-10.119971749422213
146,11.715,175.725,4.4625,-9.999621921087092
146,11.715,175.725,4.465625,-9.808127633652806
146,11.715,175.725,4.46875,-9.540558010928091
146,11.715,175.725,4.471875000000001,-9.220856925337152
146,11.715,175.725,4.4750000000000005,-8.870632547049555
146,11.715,175.725,4.478125,-8.521045286534601
146,11.715,175.725,4.48125,-8.173328338057566
146,11.715,175.725,4.484375,-7.844298543589541
146,11.715,175.725,4.487500000000001,-7.535154479950207
146,11.715,175.725,4.4906250000000005,-7.249891919607117
146,11.715,175.725,4.49375,-6.987891665112361
146,11.715,175.725,4.496875,-6.758276352640534
146,11.715,175.725,4.5,-6.559423305390137
146,11.715,175.725,4.503125000000001,-6.38548662815896
146,11.715,175.725,4.5062500000000005,-6.243830917979846
146,11.715,175.725,4.509375,-6.152277975077203
146,11.715,175.725,4.5125,-6.1264247974837724
146,11.715,175.725,4.515625,-6.177680601909852
146,11.715,175.725,4.518750000000001,-6.252409935049348
146,11.715,175.725,4.5218750000000005,-6.296182130972992
146,11.715,175.725,4.525,-6.333360146720591
146,11.715,175.725,4.528125,-6.374532740053707
146,11.715,175.725,4.53125,-6.4069821047531486
146,11.715,175.725,4.534375000000001,-6.445130135310836
146,11.715,175.725,4.5375000000000005,-6.497385563356943
146,11.715,175.725,4.540625,-6.541583237058656
146,11.715,175.725,4.54375,-6.548232882499211
146,11.715,175.725,4.546875,-6.563651784659181
146,11.715,175.725,4.550000000000001,-6.564293130663615
146,11.715,175.725,4.5531250000000005,-6.546674428499687
146,11.715,175.725,4.55625,-6.510889890115649
146,11.715,175.725,4.559375,-6.453366479279713
146,11.715,175.725,4.5625,-6.381018424844768
146,11.715,175.725,4.565625000000001,-6.29362315490715
146,11.715,175.725,4.5687500000000005,-6.188354541256028
146,11.715,175.725,4.571875,-6.06837881823528
146,11.715,175.725,4.575,-5.926795219267991
146,11.715,175.725,4.578125,-5.77108500110299
146,11.715,175.725,4.581250000000001,-5.610175977913627
146,11.715,175.725,4.5843750000000005,-5.45690731425026
146,11.715,175.725,4.5875,-5.316213271078013
146,11.715,175.725,4.590625,-5.193749064838649
146,11.715,175.725,4.59375,-5.093412890665442
146,11.715,175.725,4.596875000000001,-5.011202723058656
146,11.715,175.725,4.6000000000000005,-4.948615873742046
146,11.715,175.725,4.603125,-4.905416055489611
146,11.715,175.725,4.60625,-4.881879036737816
146,11.715,175.725,4.609375,-4.8846175962287255
146,11.715,175.725,4.612500000000001,-4.906390872501848
146,11.715,175.725,4.6156250000000005,-4.949891799954579
146,11.715,175.725,4.61875,-5.010256484435214
146,11.715,175.725,4.621875,-5.08899687521999
146,11.715,175.725,4.625,-5.178636807033311
146,11.715,175.725,4.628125000000001,-5.2708597198195
146,11.715,175.725,4.6312500000000005,-5.362718793444975
146,11.715,175.725,4.634375,-5.445253815953056
146,11.715,175.725,4.6375,-5.527370721571976
146,11.715,175.725,4.640625,-5.597666616621107
146,11.715,175.725,4.643750000000001,-5.659745432099345
146,11.715,175.725,4.6468750000000005,-5.703292883129585
146,11.715,175.725,4.65,-5.709533822743577
146,11.715,175.725,4.653125,-5.692615104767199
146,11.715,175.725,4.65625,-5.654283640706092
146,11.715,175.725,4.659375000000001,-5.598398006290463
146,11.715,175.725,4.6625000000000005,-5.527858621162101
146,11.715,175.725,4.665625,-5.438552660330135
146,11.715,175.725,4.66875,-5.343345295094691
146,11.715,175.725,4.671875,-5.233145706010205
146,11.715,175.725,4.675000000000001,-5.125751318879937
146,11.715,175.725,4.6781250000000005,-5.0056960813203375
146,11.715,175.725,4.68125,-4.877848807232347
146,11.715,175.725,4.684375,-4.732900351577428
146,11.715,175.725,4.6875,-4.6279117967504195
146,11.715,175.725,4.690625000000001,-4.567241957691443
146,11.715,175.725,4.6937500000000005,-4.516945585580019
146,11.715,175.725,4.696875,-4.467101028663148
146,11.715,175.725,4.7,-4.434128855643575
146,11.715,175.725,4.703125,-4.41900997473317
146,11.715,175.725,4.706250000000001,-4.41944169903228
146,11.715,175.725,4.7093750000000005,-4.435325504232816
146,11.715,175.725,4.7125,-4.470166884442856
146,11.715,175.725,4.715625,-4.511228275861381
146,11.715,175.725,4.71875,-4.55909181213552
146,11.715,175.725,4.721875000000001,-4.6033833729666025
146,11.715,175.725,4.7250000000000005,-4.64553100415938
146,11.715,175.725,4.728125,-4.672663102079651
146,11.715,175.725,4.73125,-4.685437981486484
146,11.715,175.725,4.734375,-4.680504050506028
146,11.715,175.725,4.737500000000001,-4.660153666182559
146,11.715,175.725,4.7406250000000005,-4.622385690098406
146,11.715,175.725,4.74375,-4.567929664520728
146,11.715,175.725,4.746875,-4.495755229226196
146,11.715,175.725,4.75,-4.410999634220945
146,11.715,175.725,4.753125000000001,-4.3161996532404885
146,11.715,175.725,4.7562500000000005,-4.206155571035023
146,11.715,175.725,4.759375,-4.099717306111907
146,11.715,175.725,4.7625,-3.9784146570813164
146,11.715,175.725,4.765625,-3.861210780366189
146,11.715,175.725,4.768750000000001,-3.742543219354861
146,11.715,175.725,4.7718750000000005,-3.62851556269457
146,11.715,175.725,4.775,-3.5205561885623182
146,11.715,175.725,4.778125,-3.4212216200891623
146,11.715,175.725,4.78125,-3.3321088128771588
146,11.715,175.725,4.784375000000001,-3.259900277703731
146,11.715,175.725,4.7875000000000005,-3.199968773669074
146,11.715,175.725,4.790625,-3.167835860282559
146,11.715,175.725,4.79375,-3.14941239938981
146,11.715,175.725,4.796875,-3.1623211572061782
146,11.715,175.725,4.800000000000001,-3.1940695726787203
146,11.715,175.725,4.8031250000000005,-3.2499148726211176
146,11.715,175.725,4.80625,-3.324364022443892
146,11.715,175.725,4.809375,-3.416648842485452
146,11.715,175.725,4.8125,-3.5149132481695116
146,11.715,175.725,4.815625000000001,-3.6234134118130044
146,11.715,175.725,4.8187500000000005,-3.738727933452774
146,11.715,175.725,4.821875,-3.8413620683657985
146,11.715,175.725,4.825,-3.9408140338369577
146,11.715,175.725,4.828125,-4.021038645320813
146,11.715,175.725,4.831250000000001,-4.087962994358591
146,11.715,175.725,4.8343750000000005,-4.131897492788355
146,11.715,175.725,4.8375,-4.159443116838934
146,11.715,175.725,4.840625,-4.16330647510588
146,11.715,175.725,4.84375,-4.1529594445840505
146,11.715,175.725,4.846875000000001,-4.12629181745459
146,11.715,175.725,4.8500000000000005,-4.085732241282308
146,11.715,175.725,4.853125,-4.030498695604169
146,11.715,175.725,4.85625,-3.970561618933397
146,11.715,175.725,4.859375,-3.901913927727789
146,11.715,175.725,4.862500000000001,-3.8342184461615023
146,11.715,175.725,4.8656250000000005,-3.7743024001385557
146,11.715,175.725,4.86875,-3.717379486019654
146,11.715,175.725,4.871875,-3.6669681822208195
146,11.715,175.725,4.875,-3.635960706133412
146,11.715,175.725,4.878125000000001,-3.6230385396670215
146,11.715,175.725,4.8812500000000005,-3.6246854187887334
146,11.715,175.725,4.884375,-3.6491084102994904
146,11.715,175.725,4.8875,-3.687355346590211
146,11.715,175.725,4.890625,-3.7497945562946815
146,11.715,175.725,4.893750000000001,-3.8335788552212815
146,11.715,175.725,4.8968750000000005,-3.9263160720740697
146,11.715,175.725,4.9,-4.033194023154884
146,11.715,175.725,4.903125,-4.137243257514226
146,11.715,175.725,4.90625,-4.239216705309004
146,11.715,175.725,4.909375000000001,-4.332309086109637
146,11.715,175.725,4.9125000000000005,-4.415303315809133
146,11.715,175.725,4.915625,-4.478860623555119
146,11.715,175.725,4.91875,-4.530910303773588
146,11.715,175.725,4.921875,-4.559960975030537
146,11.715,175.725,4.925000000000001,-4.568876564138393
146,11.715,175.725,4.9281250000000005,-4.555826000855609
146,11.715,175.725,4.93125,-4.526834376470578
146,11.715,175.725,4.934375,-4.482401716164284
146,11.715,175.725,4.9375,-4.424213206348107
146,11.715,175.725,4.940625000000001,-4.360847382309032
146,11.715,175.725,4.9437500000000005,-4.285412185712675
146,11.715,175.725,4.946875,-4.206286779468495
146,11.715,175.725,4.95,-4.127871825813887
146,11.715,175.725,4.953125,-4.055998874681642
146,11.715,175.725,4.956250000000001,-3.978324095768193
146,11.715,175.725,4.9593750000000005,-3.913082385797299
146,11.715,175.725,4.9625,-3.8652275388367068
146,11.715,175.725,4.965625,-3.823194209729062
146,11.715,175.725,4.96875,-3.801551117033906
146,11.715,175.725,4.971875000000001,-3.8038421034731646
146,11.715,175.725,4.9750000000000005,-3.825369774134823
146,11.715,175.725,4.978125,-3.870686085658641
146,11.715,175.725,4.98125,-3.935801090077071
146,11.715,175.725,4.984375,-4.0276937393102115
146,11.715,175.725,4.987500000000001,-4.13747776170918
146,11.715,175.725,4.9906250000000005,-4.269467642510973
146,11.715,175.725,4.99375,-4.410977531759727
146,11.715,175.725,4.996875,-4.574262922868913
146,11.715,175.725,5.0,-4.738440902485625
146,11.715,175.725,5.003125000000001,-4.890530544686309
146,11.715,175.725,5.0062500000000005,-5.0192311389910635
146,11.715,175.725,5.009375,-5.125175649264183
146,11.715,175.725,5.0125,-5.20079241798299
146,11.715,175.725,5.015625,-5.258712214943997
146,11.715,175.725,5.018750000000001,-5.3026534873167686
146,11.715,175.725,5.0218750000000005,-5.334197736679892
146,11.715,175.725,5.025,-5.347998784717873
146,11.715,175.725,5.028125,-5.353185170630335
146,11.715,175.725,5.03125,-5.354945473850886
146,11.715,175.725,5.034375000000001,-5.346055281828098
146,11.715,175.725,5.0375000000000005,-5.331575887527586
146,11.715,175.725,5.040625,-5.314965366996752
146,11.715,175.725,5.04375,-5.302659782503564
146,11.715,175.725,5.046875,-5.292101004813618
146,11.715,175.725,5.050000000000001,-5.28157978369781
146,11.715,175.725,5.0531250000000005,-5.283534121269846
146,11.715,175.725,5.05625,-5.29126046953672
146,11.715,175.725,5.059375,-5.317284970003733
146,11.715,175.725,5.0625,-5.358449505780959
146,11.715,175.725,5.065625000000001,-5.411425832479164
146,11.715,175.725,5.0687500000000005,-5.469219758303334
146,11.715,175.725,5.071875,-5.54732334349894
146,11.715,175.725,5.075,-5.634138413121938
146,11.715,175.725,5.078125,-5.738852549113753
146,11.715,175.725,5.081250000000001,-5.847818872273953
146,11.715,175.725,5.0843750000000005,-5.968980391740265
146,11.715,175.725,5.0875,-6.093846655264609
146,11.715,175.725,5.090625,-6.212553989941619
146,11.715,175.725,5.09375,-6.309905835117462
146,11.715,175.725,5.096875000000001,-6.388282258296265
146,11.715,175.725,5.1000000000000005,-6.439207139178073
146,11.715,175.725,5.103125,-6.476523393814393
146,11.715,175.725,5.10625,-6.489578929927448
146,11.715,175.725,5.109375,-6.4892706760837635
146,11.715,175.725,5.112500000000001,-6.466155855843951
146,11.715,175.725,5.1156250000000005,-6.415961361975548
146,11.715,175.725,5.11875,-6.353565007783368
146,11.715,175.725,5.121875,-6.283553357868924
146,11.715,175.725,5.125,-6.195952566352622
146,11.715,175.725,5.128125000000001,-6.109470046493989
146,11.715,175.725,5.1312500000000005,-6.026632008822293
146,11.715,175.725,5.134375,-5.932169478299113
146,11.715,175.725,5.1375,-5.8504963930433345
146,11.715,175.725,5.140625,-5.770807658629456
146,11.715,175.725,5.143750000000001,-5.698025220329052
146,11.715,175.725,5.1468750000000005,-5.636886697846684
146,11.715,175.725,5.15,-5.593290371377799
146,11.715,175.725,5.153125,-5.563174632321234
146,11.715,175.725,5.15625,-5.55014753901598
146,11.715,175.725,5.159375000000001,-5.552926925810301
146,11.715,175.725,5.1625000000000005,-5.560685365204781
146,11.715,175.725,5.165625,-5.589735319281863
146,11.715,175.725,5.16875,-5.633037455156414
146,11.715,175.725,5.171875,-5.690628945209992
146,11.715,175.725,5.175000000000001,-5.758697034346678
146,11.715,175.725,5.1781250000000005,-5.8220809766933845
146,11.715,175.725,5.18125,-5.897168432260455
146,11.715,175.725,5.184375,-5.968031401934802
146,11.715,175.725,5.1875,-6.0395466073586626
146,11.715,175.725,5.190625000000001,-6.102790247759188
146,11.715,175.725,5.1937500000000005,-6.165321586080105
146,11.715,175.725,5.196875,-6.231011396131699
146,11.715,175.725,5.2,-6.279213909024083
146,11.715,175.725,5.203125,-6.336380553469566
146,11.715,175.725,5.206250000000001,-6.387135493116537
146,11.715,175.725,5.2093750000000005,-6.445216590737286
146,11.715,175.725,5.2125,-6.508025280925378
146,11.715,175.725,5.215625,-6.5561190712811745
146,11.715,175.725,5.21875,-6.54355173833232
146,11.715,175.725,5.221875000000001,-6.486709197431766
146,11.715,175.725,5.2250000000000005,-6.432892244724729
146,11.715,175.725,5.228125,-6.410286518498488
146,11.715,175.725,5.23125,-6.408194202772549
146,11.715,175.725,5.234375,-6.431477288703662
146,11.715,175.725,5.237500000000001,-6.4789620509340695
146,11.715,175.725,5.2406250000000005,-6.558909674973204
146,11.715,175.725,5.24375,-6.67512738289449
146,11.715,175.725,5.246875,-6.852423762346111
146,11.715,175.725,5.25,-7.1078305273573825
146,11.715,175.725,5.253125000000001,-7.485702482621848
146,11.715,175.725,5.2562500000000005,-8.070139081021077
146,11.715,175.725,5.259375,-8.990811455040616
146,11.715,175.725,5.2625,-10.363439724537374
146,11.715,175.725,5.265625,-11.369186782060867
146,11.715,175.725,5.268750000000001,-10.231882184389365
146,11.715,175.725,5.2718750000000005,-8.663886169873576
146,11.715,175.725,5.275,-7.866874621302139
146,11.715,175.725,5.278125,-7.550078072085885
146,11.715,175.725,5.28125,-7.449186176274489
146,11.715,175.725,5.284375000000001,-7.4271714457130695
146,11.715,175.725,5.2875000000000005,-7.423093900705658
146,11.715,175.725,5.290625,-7.421978461283998
146,11.715,175.725,5.29375,-7.415034598545694
146,11.715,175.725,5.296875,-7.383174271509408
146,11.715,175.725,5.300000000000001,-7.339603055455824
146,11.715,175.725,5.3031250000000005,-7.284248678938803
146,11.715,175.725,5.30625,-7.224525484327128
146,11.715,175.725,5.309375,-7.149987003488761
146,11.715,175.725,5.3125,-7.074341413965413
146,11.715,175.725,5.315625000000001,-6.99114776217976
146,11.715,175.725,5.3187500000000005,-6.9033861452304235
146,11.715,175.725,5.321875,-6.8194783955674225
146,11.715,175.725,5.325,-6.731823589583142
146,11.715,175.725,5.328125,-6.646828232723773
146,11.715,175.725,5.331250000000001,-6.56700760167889
146,11.715,175.725,5.3343750000000005,-6.490454660566234
146,11.715,175.725,5.3375,-6.418337419924739
146,11.715,175.725,5.340625,-6.351988221449386
146,11.715,175.725,5.34375,-6.290065637675934
146,11.715,175.725,5.346875000000001,-6.2380690396431415
146,11.715,175.725,5.3500000000000005,-6.193809833604066
146,11.715,175.725,5.353125,-6.163964286377368
146,11.715,175.725,5.35625,-6.163471233997644
146,11.715,175.725,5.359375,-6.175078443526481
146,11.715,175.725,5.362500000000001,-6.195791182381574
146,11.715,175.725,5.3656250000000005,-6.2035004150640125
146,11.715,175.725,5.36875,-6.234523981972476
146,11.715,175.725,5.371875,-6.276281824492362
146,11.715,175.725,5.375,-6.28996021970365
146,11.715,175.725,5.378125000000001,-6.306924749564398
146,11.715,175.725,5.3812500000000005,-6.311604025789598
146,11.715,175.725,5.384375,-6.306763275053582
146,11.715,175.725,5.3875,-6.298546329127241
146,11.715,175.725,5.390625,-6.27380133550719
146,11.715,175.725,5.393750000000001,-6.232056256702027
146,11.715,175.725,5.3968750000000005,-6.1924265691513325
146,11.715,175.725,5.4,-6.154248041991657
146,11.715,175.725,5.403125,-6.112558336654948
146,11.715,175.725,5.40625,-6.065535675746042
146,11.715,175.725,5.409375000000001,-6.030933053483205
146,11.715,175.725,5.4125000000000005,-5.99492754096353
146,11.715,175.725,5.415625,-5.959648993885393
146,11.715,175.725,5.41875,-5.930055315795128
146,11.715,175.725,5.421875,-5.910454007865829
146,11.715,175.725,5.425000000000001,-5.901351972536187
146,11.715,175.725,5.4281250000000005,-5.911059087095839
146,11.715,175.725,5.43125,-5.918471922636311
146,11.715,175.725,5.434375,-5.950360890014332
146,11.715,175.725,5.4375,-5.990341938886995
146,11.715,175.725,5.440625000000001,-6.043901162730418
146,11.715,175.725,5.4437500000000005,-6.111353768332238
146,11.715,175.725,5.446875,-6.189360750489077
146,11.715,175.725,5.45,-6.280324592437983
146,11.715,175.725,5.453125,-6.378208523985112
146,11.715,175.725,5.456250000000001,-6.479587796950051
146,11.715,175.725,5.4593750000000005,-6.574475842901704
146,11.715,175.725,5.4625,-6.6652269839956615
146,11.715,175.725,5.465625,-6.740452242299453
146,11.715,175.725,5.46875,-6.813134865517895
146,11.715,175.725,5.471875000000001,-6.862411589147542
146,11.715,175.725,5.4750000000000005,-6.90392192334267
146,11.715,175.725,5.478125,-6.923699157198816
146,11.715,175.725,5.48125,-6.92814186548601
146,11.715,175.725,5.484375,-6.911011180194862
146,11.715,175.725,5.487500000000001,-6.872750074516162
146,11.715,175.725,5.4906250000000005,-6.818890498615308
146,11.715,175.725,5.49375,-6.764873884965809
146,11.715,175.725,5.496875,-6.702607969619432
146,11.715,175.725,5.5,-6.648467356927567
146,11.715,175.725,5.503125000000001,-6.5627966573010434
146,11.715,175.725,5.5062500000000005,-6.470012096870116
146,11.715,175.725,5.509375,-6.362491131546117
146,11.715,175.725,5.5125,-6.2606130735004335
146,11.715,175.725,5.515625,-6.166114789773186
146,11.715,175.725,5.518750000000001,-6.068999554152084
146,11.715,175.725,5.5218750000000005,-5.993287228573535
146,11.715,175.725,5.525,-5.929644265083263
146,11.715,175.725,5.528125,-5.8694163803849815
146,11.715,175.725,5.53125,-5.824730923351311
146,11.715,175.725,5.534375000000001,-5.769119005848942
146,11.715,175.725,5.5375000000000005,-5.721066420770788
146,11.715,175.725,5.540625,-5.681962559075289
146,11.715,175.725,5.54375,-5.669789596200367
146,11.715,175.725,5.546875,-5.639519445595916
146,11.715,175.725,5.550000000000001,-5.621275821511427
146,11.715,175.725,5.5531250000000005,-5.598766022837509
146,11.715,175.725,5.55625,-5.571109488952379
146,11.715,175.725,5.559375,-5.552631557799099
146,11.715,175.725,5.5625,-5.528015450196017
146,11.715,175.725,5.565625000000001,-5.4993149965559365
146,11.715,175.725,5.5687500000000005,-5.469192333480231
146,11.715,175.725,5.571875,-5.427774923353362
146,11.715,175.725,5.575,-5.3852358819517825
146,11.715,175.725,5.578125,-5.342482114301452
146,11.715,175.725,5.581250000000001,-5.301984700824365
146,11.715,175.725,5.5843750000000005,-5.2531139897535635
146,11.715,175.725,5.5875,-5.208148098331375
146,11.715,175.725,5.590625,-5.149715121552093
146,11.715,175.725,5.59375,-5.100270360386224
146,11.715,175.725,5.596875000000001,-5.050338819270327
146,11.715,175.725,5.6000000000000005,-4.986675975509701
146,11.715,175.725,5.603125,-4.9349085641095645
146,11.715,175.725,5.60625,-4.882441969323264
146,11.715,175.725,5.609375,-4.833589070538159
146,11.715,175.725,5.612500000000001,-4.787796936788633
146,11.715,175.725,5.6156250000000005,-4.747147837588922
146,11.715,175.725,5.61875,-4.719657389471119
146,11.715,175.725,5.621875,-4.707554430751763
146,11.715,175.725,5.625,-4.7020471493814515
146,11.715,175.725,5.628125000000001,-4.714092970933219
146,11.715,175.725,5.6312500000000005,-4.7351698283202905
146,11.715,175.725,5.634375,-4.766376117541592
146,11.715,175.725,5.6375,-4.822908340141242
146,11.715,175.725,5.640625,-4.8755280282959665
146,11.715,175.725,5.643750000000001,-4.946119125060142
146,11.715,175.725,5.6468750000000005,-5.016727769070122
146,11.715,175.725,5.65,-5.079533498358168
146,11.715,175.725,5.653125,-5.141218226324619
146,11.715,175.725,5.65625,-5.1947630464566
146,11.715,175.725,5.659375000000001,-5.241489731563902
146,11.715,175.725,5.6625000000000005,-5.271480872402909
146,11.715,175.725,5.665625,-5.287094300569889
146,11.715,175.725,5.66875,-5.292916541178804
146,11.715,175.725,5.671875,-5.2855840328497194
146,11.715,175.725,5.675000000000001,-5.265209902103241
146,11.715,175.725,5.6781250000000005,-5.236173779035393
146,11.715,175.725,5.68125,-5.193960281019251
146,11.715,175.725,5.684375,-5.1397024043570605
146,11.715,175.725,5.6875,-5.083099270203245
146,11.715,175.725,5.690625000000001,-5.010642277763367
146,11.715,175.725,5.6937500000000005,-4.933810936448638
146,11.715,175.725,5.696875,-4.85579536499343
146,11.715,175.725,5.7,-4.76666955208722
146,11.715,175.725,5.703125,-4.682369147733782
146,11.715,175.725,5.706250000000001,-4.581946453537643
146,11.715,175.725,5.7093750000000005,-4.492898070291777
146,11.715,175.725,5.7125,-4.408110912736242
146,11.715,175.725,5.715625,-4.329398107509602
146,11.715,175.725,5.71875,-4.252240330453024
146,11.715,175.725,5.721875000000001,-4.19325508246264
146,11.715,175.725,5.7250000000000005,-4.145620032610445
146,11.715,175.725,5.728125,-4.104186176555205
146,11.715,175.725,5.73125,-4.081120061969764
146,11.715,175.725,5.734375,-4.066586169917799
146,11.715,175.725,5.737500000000001,-4.063376865511205
146,11.715,175.725,5.7406250000000005,-4.052164099117077
146,11.715,175.725,5.74375,-4.065072483402243
146,11.715,175.725,5.746875,-4.066465097116513
146,11.715,175.725,5.75,-4.068099526936205
146,11.715,175.725,5.753125000000001,-4.0595515643120965
146,11.715,175.725,5.7562500000000005,-4.052958617243511
146,11.715,175.725,5.759375,-4.030254937854344
146,11.715,175.725,5.7625,-4.0016437674598215
146,11.715,175.725,5.765625,-3.9657054191073544
146,11.715,175.725,5.768750000000001,-3.928437018800592
146,11.715,175.725,5.7718750000000005,-3.8786790903960617
146,11.715,175.725,5.775,-3.8243738509998133
146,11.715,175.725,5.778125,-3.7634952680382665
146,11.715,175.725,5.78125,-3.6984337235998064
146,11.715,175.725,5.784375000000001,-3.62348454704348
146,11.715,175.725,5.7875000000000005,-3.549283403478202
146,11.715,175.725,5.790625,-3.476420885558524
146,11.715,175.725,5.79375,-3.399262717071469
146,11.715,175.725,5.796875,-3.3305761374695693
146,11.715,175.725,5.800000000000001,-3.266360816572286
146,11.715,175.725,5.8031250000000005,-3.214860949559935
146,11.715,175.725,5.80625,-3.1688053178715037
146,11.715,175.725,5.809375,-3.143281487922824
146,11.715,175.725,5.8125,-3.123872011477935
146,11.715,175.725,5.815625000000001,-3.1150933800706353
146,11.715,175.725,5.8187500000000005,-3.1386364826624242
146,11.715,175.725,5.821875,-3.163316611322598
146,11.715,175.725,5.825,-3.207380662608986
146,11.715,175.725,5.828125,-3.263399445945718
146,11.715,175.725,5.831250000000001,-3.315485818117592
146,11.715,175.725,5.8343750000000005,-3.374844647314397
146,11.715,175.725,5.8375,-3.435766014181292
146,11.715,175.725,5.840625,-3.491272270578012
146,11.715,175.725,5.84375,-3.541516461583381
146,11.715,175.725,5.846875000000001,-3.5849797809978257
146,11.715,175.725,5.8500000000000005,-3.6132780625330847
146,11.715,175.725,5.853125,-3.636197750235608
146,11.715,175.725,5.85625,-3.6427292624511676
146,11.715,175.725,5.859375,-3.6456860358074694
146,11.715,175.725,5.862500000000001,-3.636814875416242
146,11.715,175.725,5.8656250000000005,-3.618132307531559
146,11.715,175.725,5.86875,-3.584378086937856
146,11.715,175.725,5.871875,-3.5439759289709833
146,11.715,175.725,5.875,-3.489990527194862
146,11.715,175.725,5.878125000000001,-3.425534143445245
146,11.715,175.725,5.8812500000000005,-3.3566126352506673
146,11.715,175.725,5.884375,-3.275327070610267
146,11.715,175.725,5.8875,-3.1905644717075936
146,11.715,175.725,5.890625,-3.1177067100920333
146,11.715,175.725,5.893750000000001,-3.039717831497493
146,11.715,175.725,5.8968750000000005,-2.9753262442870962
146,11.715,175.725,5.9,-2.914938676795435
146,11.715,175.725,5.903125,-2.882816958611837
146,11.715,175.725,5.90625,-2.8582258072231506
146,11.715,175.725,5.909375000000001,-2.8500682195558853
146,11.715,175.725,5.9125000000000005,-2.865952432403922
146,11.715,175.725,5.915625,-2.87853141847826
146,11.715,175.725,5.91875,-2.910065319155133
146,11.715,175.725,5.921875,-2.933400093015965
146,11.715,175.725,5.925000000000001,-2.967769772429141
146,11.715,175.725,5.9281250000000005,-2.988613597321827
146,11.715,175.725,5.93125,-3.0039267325820678
146,11.715,175.725,5.934375,-3.0236415778109893
146,11.715,175.725,5.9375,-3.02508209121894
146,11.715,175.725,5.940625000000001,-3.018830855049957
146,11.715,175.725,5.9437500000000005,-3.007049458900317
146,11.715,175.725,5.946875,-2.9928934249463417
146,11.715,175.725,5.95,-2.967447767237391
146,11.715,175.725,5.953125,-2.935745667117472
146,11.715,175.725,5.956250000000001,-2.889707280081515
146,11.715,175.725,5.9593750000000005,-2.8395682290274666
146,11.715,175.725,5.9625,-2.7838484933946455
146,11.715,175.725,5.965625,-2.722336141616173
146,11.715,175.725,5.96875,-2.656102376415092
146,11.715,175.725,5.971875000000001,-2.584910666148153
146,11.715,175.725,5.9750000000000005,-2.5152422156904004
146,11.715,175.725,5.978125,-2.4430071235784148
146,11.715,175.725,5.98125,-2.3673014241035477
146,11.715,175.725,5.984375,-2.3023503801555596
146,11.715,175.725,5.987500000000001,-2.2526341007239465
146,11.715,175.725,5.9906250000000005,-2.2144546460875643
146,11.715,175.725,5.99375,-2.1951681411887582
146,11.715,175.725,5.996875,-2.196266716193904
146,11.715,175.725,6.0,-2.2152612467781965
