"Current","Field","Frequency","Spectra"
2.1882,32.823,1,-1.4358033570066882
2.1882,32.823,1.003125,-1.3910758397250678
2.1882,32.823,1.00625,-1.35493267054963
2.1882,32.823,1.0093750000000001,-1.3302682175082603
2.1882,32.823,1.0125,-1.319598905576126
2.1882,32.823,1.015625,-1.318551550150735
2.1882,32.823,1.01875,-1.3327082029809736
2.1882,32.823,1.021875,-1.355322479392988
2.1882,32.823,1.0250000000000001,-1.394378884819258
2.1882,32.823,1.028125,-1.4436487174197716
2.1882,32.823,1.03125,-1.4993082057589073
2.1882,32.823,1.034375,-1.5662274028288223
2.1882,32.823,1.0375,-1.6345149326839037
2.1882,32.823,1.0406250000000001,-1.7042224372055865
2.1882,32.823,1.04375,-1.774089546898541
2.1882,32.823,1.046875,-1.8395263682574614
2.1882,32.823,1.05,-1.9029242962640012
2.1882,32.823,1.053125,-1.9567758204994932
2.1882,32.823,1.0562500000000001,-2.0027947428269295
2.1882,32.823,1.059375,-2.0399396446894866
2.1882,32.823,1.0625,-2.0677907895513603
2.1882,32.823,1.065625,-2.0821011735299058
2.1882,32.823,1.06875,-2.086589775650637
2.1882,32.823,1.0718750000000001,-2.0805542164671795
2.1882,32.823,1.0750000000000002,-2.064803283453431
2.1882,32.823,1.078125,-2.037958918186598
2.1882,32.823,1.08125,-1.9991585565964052
2.1882,32.823,1.084375,-1.9509114637668243
2.1882,32.823,1.0875000000000001,-1.897147876227768
2.1882,32.823,1.0906250000000002,-1.8376502986962677
2.1882,32.823,1.09375,-1.7872786350501935
2.1882,32.823,1.096875,-1.7216600965929758
2.1882,32.823,1.1,-1.6692691741127061
2.1882,32.823,1.1031250000000001,-1.6243094297396496
2.1882,32.823,1.1062500000000002,-1.576305636435995
2.1882,32.823,1.109375,-1.5419915390479741
2.1882,32.823,1.1125,-1.5222744857280046
2.1882,32.823,1.115625,-1.5154425450548346
2.1882,32.823,1.1187500000000001,-1.5246002339077502
2.1882,32.823,1.1218750000000002,-1.539478684937686
2.1882,32.823,1.125,-1.5638672838379066
2.1882,32.823,1.128125,-1.595100617665871
2.1882,32.823,1.13125,-1.6346966251097947
2.1882,32.823,1.1343750000000001,-1.6757759083510961
2.1882,32.823,1.1375000000000002,-1.7167731191013147
2.1882,32.823,1.140625,-1.7507381009001635
2.1882,32.823,1.14375,-1.7812920225148485
2.1882,32.823,1.146875,-1.8011568432365652
2.1882,32.823,1.1500000000000001,-1.8158149028288573
2.1882,32.823,1.1531250000000002,-1.8212372009364368
2.1882,32.823,1.15625,-1.8175270664887444
2.1882,32.823,1.159375,-1.8054534476442448
2.1882,32.823,1.1625,-1.7845751451160428
2.1882,32.823,1.1656250000000001,-1.7558166206317005
2.1882,32.823,1.1687500000000002,-1.7240293269660945
2.1882,32.823,1.171875,-1.6879944773347662
2.1882,32.823,1.175,-1.6476102494855993
2.1882,32.823,1.178125,-1.6082556242515027
2.1882,32.823,1.1812500000000001,-1.5682356016381591
2.1882,32.823,1.1843750000000002,-1.5303934834177533
2.1882,32.823,1.1875,-1.4949257438320827
2.1882,32.823,1.190625,-1.4672691098885662
2.1882,32.823,1.19375,-1.4451354648055204
2.1882,32.823,1.1968750000000001,-1.4361205510795203
2.1882,32.823,1.2000000000000002,-1.428469788726145
2.1882,32.823,1.203125,-1.4399157630715909
2.1882,32.823,1.20625,-1.4634005155365029
2.1882,32.823,1.209375,-1.4966511172944417
2.1882,32.823,1.2125000000000001,-1.5427680488373494
2.1882,32.823,1.2156250000000002,-1.6003948758166011
2.1882,32.823,1.21875,-1.6628290236266836
2.1882,32.823,1.221875,-1.7288291480694267
2.1882,32.823,1.225,-1.8078688416235664
2.1882,32.823,1.2281250000000001,-1.883175235540206
2.1882,32.823,1.2312500000000002,-1.9518021326073351
2.1882,32.823,1.234375,-2.0165587056625602
2.1882,32.823,1.2375,-2.069936276899593
2.1882,32.823,1.240625,-2.111347809069866
2.1882,32.823,1.2437500000000001,-2.153986215096739
2.1882,32.823,1.2468750000000002,-2.1805946624675157
2.1882,32.823,1.25,-2.1885318897282464
2.1882,32.823,1.253125,-2.181786719409074
2.1882,32.823,1.25625,-2.153595692541306
2.1882,32.823,1.2593750000000001,-2.118297223934612
2.1882,32.823,1.2625000000000002,-2.0848072765424135
2.1882,32.823,1.265625,-2.042873335545648
2.1882,32.823,1.26875,-1.9935601671505008
2.1882,32.823,1.271875,-1.9350816576117678
2.1882,32.823,1.2750000000000001,-1.871000644964179
2.1882,32.823,1.2781250000000002,-1.8090740102419542
2.1882,32.823,1.28125,-1.757170923603032
2.1882,32.823,1.284375,-1.7185171344877004
2.1882,32.823,1.2875,-1.680624279684104
2.1882,32.823,1.2906250000000001,-1.6527928683915858
2.1882,32.823,1.2937500000000002,-1.6354287725613252
2.1882,32.823,1.296875,-1.633870248196966
2.1882,32.823,1.3,-1.6405024741168237
2.1882,32.823,1.303125,-1.6696731749513005
2.1882,32.823,1.3062500000000001,-1.7040634110734596
2.1882,32.823,1.3093750000000002,-1.7461026710400152
2.1882,32.823,1.3125,-1.7957374143518015
2.1882,32.823,1.315625,-1.8476640530995785
2.1882,32.823,1.31875,-1.901462308883978
2.1882,32.823,1.3218750000000001,-1.9517288095896497
2.1882,32.823,1.3250000000000002,-1.9941490083414146
2.1882,32.823,1.328125,-2.0299151439921763
2.1882,32.823,1.33125,-2.056053302763909
2.1882,32.823,1.334375,-2.070245133937994
2.1882,32.823,1.3375000000000001,-2.0757595921256122
2.1882,32.823,1.3406250000000002,-2.071635412820444
2.1882,32.823,1.34375,-2.0558179035335384
2.1882,32.823,1.346875,-2.0313785399924598
2.1882,32.823,1.35,-1.9971662250796718
2.1882,32.823,1.3531250000000001,-1.9551872199732285
2.1882,32.823,1.3562500000000002,-1.9112745438345335
2.1882,32.823,1.359375,-1.8647881586265518
2.1882,32.823,1.3625,-1.8063221261374398
2.1882,32.823,1.365625,-1.7528602693498718
2.1882,32.823,1.3687500000000001,-1.6965201497666424
2.1882,32.823,1.3718750000000002,-1.646246520763355
2.1882,32.823,1.375,-1.6055921337889427
2.1882,32.823,1.378125,-1.571117655333738
2.1882,32.823,1.38125,-1.546559819178484
2.1882,32.823,1.3843750000000001,-1.5278473390919474
2.1882,32.823,1.3875000000000002,-1.523222420767771
2.1882,32.823,1.390625,-1.5365463425180736
2.1882,32.823,1.39375,-1.56403940961828
2.1882,32.823,1.396875,-1.6087523204676475
2.1882,32.823,1.4000000000000001,-1.6666759641839402
2.1882,32.823,1.4031250000000002,-1.7275478211276911
2.1882,32.823,1.40625,-1.7960973761363677
2.1882,32.823,1.409375,-1.8720622299415206
2.1882,32.823,1.4125,-1.9532587893907443
2.1882,32.823,1.4156250000000001,-2.0270683835718555
2.1882,32.823,1.4187500000000002,-2.098930347455017
2.1882,32.823,1.421875,-2.1591312723870426
2.1882,32.823,1.425,-2.205693450595309
2.1882,32.823,1.428125,-2.241667199375197
2.1882,32.823,1.4312500000000001,-2.266925261638172
2.1882,32.823,1.4343750000000002,-2.2804911377329646
2.1882,32.823,1.4375,-2.2761300992789852
2.1882,32.823,1.440625,-2.2659530113423507
2.1882,32.823,1.44375,-2.242681062722329
2.1882,32.823,1.4468750000000001,-2.211295754171791
2.1882,32.823,1.4500000000000002,-2.1744601013160976
2.1882,32.823,1.453125,-2.129797967664681
2.1882,32.823,1.45625,-2.082850712171442
2.1882,32.823,1.459375,-2.034276267955118
2.1882,32.823,1.4625000000000001,-1.9905924816230143
2.1882,32.823,1.4656250000000002,-1.9458377729628848
2.1882,32.823,1.46875,-1.9076488788128607
2.1882,32.823,1.471875,-1.8746015792181638
2.1882,32.823,1.475,-1.8499552063815503
2.1882,32.823,1.4781250000000001,-1.834640804664215
2.1882,32.823,1.4812500000000002,-1.8285163005920997
2.1882,32.823,1.484375,-1.8330182444578211
2.1882,32.823,1.4875,-1.8507076328051955
2.1882,32.823,1.490625,-1.8760937252588425
2.1882,32.823,1.4937500000000001,-1.914950373419092
2.1882,32.823,1.4968750000000002,-1.9596472039095614
2.1882,32.823,1.5,-2.0090675648199157
2.1882,32.823,1.503125,-2.061807161751079
2.1882,32.823,1.50625,-2.114289562177183
2.1882,32.823,1.5093750000000001,-2.1656636460016685
2.1882,32.823,1.5125000000000002,-2.2126942343124414
2.1882,32.823,1.515625,-2.2502820965663766
2.1882,32.823,1.51875,-2.2872803140244207
2.1882,32.823,1.521875,-2.303846390648671
2.1882,32.823,1.5250000000000001,-2.305898278032334
2.1882,32.823,1.5281250000000002,-2.3005566908001582
2.1882,32.823,1.53125,-2.2787582834058355
2.1882,32.823,1.534375,-2.2502277114283693
2.1882,32.823,1.5375,-2.2122370368990145
2.1882,32.823,1.5406250000000001,-2.1649447011646052
2.1882,32.823,1.5437500000000002,-2.11066106685
2.1882,32.823,1.546875,-2.049658326934715
2.1882,32.823,1.55,-1.9876426570347112
2.1882,32.823,1.553125,-1.9287763743222965
2.1882,32.823,1.5562500000000001,-1.872363281798588
2.1882,32.823,1.5593750000000002,-1.8242263171052944
2.1882,32.823,1.5625,-1.7800130231077447
2.1882,32.823,1.565625,-1.748340593103398
2.1882,32.823,1.56875,-1.729034051556115
2.1882,32.823,1.5718750000000001,-1.7262914696692806
2.1882,32.823,1.5750000000000002,-1.735208049193235
2.1882,32.823,1.578125,-1.7582147383570093
2.1882,32.823,1.58125,-1.7897513255271638
2.1882,32.823,1.584375,-1.8335503486622429
2.1882,32.823,1.5875000000000001,-1.888331321300999
2.1882,32.823,1.5906250000000002,-1.9490064767267263
2.1882,32.823,1.59375,-2.0141801588895936
2.1882,32.823,1.596875,-2.0764826966234633
2.1882,32.823,1.6,-2.138785393288284
2.1882,32.823,1.6031250000000001,-2.192060952367228
2.1882,32.823,1.6062500000000002,-2.2389527714587083
2.1882,32.823,1.609375,-2.2789765802994535
2.1882,32.823,1.6125,-2.310738907252707
2.1882,32.823,1.615625,-2.331856237197353
2.1882,32.823,1.6187500000000001,-2.3439224745700318
2.1882,32.823,1.6218750000000002,-2.3442601793022617
2.1882,32.823,1.625,-2.3356128322437115
2.1882,32.823,1.628125,-2.3200273520995194
2.1882,32.823,1.63125,-2.2972318505932945
2.1882,32.823,1.6343750000000001,-2.266818714279192
2.1882,32.823,1.6375000000000002,-2.2333908900546966
2.1882,32.823,1.640625,-2.1945435510682385
2.1882,32.823,1.64375,-2.1562330681077144
2.1882,32.823,1.646875,-2.119201723418765
2.1882,32.823,1.6500000000000001,-2.082005384823596
2.1882,32.823,1.6531250000000002,-2.0541289119527204
2.1882,32.823,1.65625,-2.033398482360957
2.1882,32.823,1.659375,-2.0199357669569804
2.1882,32.823,1.6625,-2.017322196928622
2.1882,32.823,1.6656250000000001,-2.02470329717165
2.1882,32.823,1.6687500000000002,-2.0435657217928083
2.1882,32.823,1.671875,-2.071490719754853
2.1882,32.823,1.675,-2.111756271217817
2.1882,32.823,1.678125,-2.156833703502945
2.1882,32.823,1.6812500000000001,-2.209729255953489
2.1882,32.823,1.6843750000000002,-2.262378798273314
2.1882,32.823,1.6875,-2.316897401196772
2.1882,32.823,1.690625,-2.3670616423876742
2.1882,32.823,1.69375,-2.40768634097346
2.1882,32.823,1.6968750000000001,-2.441686238634522
2.1882,32.823,1.7000000000000002,-2.4618288527306125
2.1882,32.823,1.703125,-2.4747178040176303
2.1882,32.823,1.70625,-2.474834621825677
2.1882,32.823,1.709375,-2.4684212819199796
2.1882,32.823,1.7125000000000001,-2.4493877890449776
2.1882,32.823,1.7156250000000002,-2.4234375917362754
2.1882,32.823,1.71875,-2.3890980027547486
2.1882,32.823,1.721875,-2.348633085734224
2.1882,32.823,1.725,-2.3039501595642333
2.1882,32.823,1.7281250000000001,-2.254421738513341
2.1882,32.823,1.7312500000000002,-2.2050387681081225
2.1882,32.823,1.734375,-2.154993645449848
2.1882,32.823,1.7375,-2.1051864109851084
2.1882,32.823,1.740625,-2.0615408263147854
2.1882,32.823,1.7437500000000001,-2.021278605609438
2.1882,32.823,1.7468750000000002,-1.98405409194744
2.1882,32.823,1.75,-1.9552673491531567
2.1882,32.823,1.753125,-1.9392710829559892
2.1882,32.823,1.75625,-1.9341309355492566
2.1882,32.823,1.7593750000000001,-1.9423542955628934
2.1882,32.823,1.7625000000000002,-1.9649746913549568
2.1882,32.823,1.765625,-1.9976053247800345
2.1882,32.823,1.76875,-2.04040523780868
2.1882,32.823,1.771875,-2.091550410014447
2.1882,32.823,1.7750000000000001,-2.1467320516783523
2.1882,32.823,1.7781250000000002,-2.2046137780348936
2.1882,32.823,1.78125,-2.2676349476805795
2.1882,32.823,1.784375,-2.324085789810108
2.1882,32.823,1.7875,-2.3760738961565626
2.1882,32.823,1.7906250000000001,-2.417197680489103
2.1882,32.823,1.7937500000000002,-2.4441408964390448
2.1882,32.823,1.7968750000000002,-2.46360440459434
2.1882,32.823,1.8,-2.4687185455740774
2.1882,32.823,1.803125,-2.461609362790071
2.1882,32.823,1.8062500000000001,-2.440043980612523
2.1882,32.823,1.8093750000000002,-2.4133313309322943
2.1882,32.823,1.8125000000000002,-2.3782756541637866
2.1882,32.823,1.815625,-2.340297748145251
2.1882,32.823,1.81875,-2.2961445217698877
2.1882,32.823,1.8218750000000001,-2.2568594343852757
2.1882,32.823,1.8250000000000002,-2.210720787537929
2.1882,32.823,1.8281250000000002,-2.168468353065525
2.1882,32.823,1.83125,-2.1333366315356614
2.1882,32.823,1.834375,-2.103930670280118
2.1882,32.823,1.8375000000000001,-2.086789193859034
2.1882,32.823,1.8406250000000002,-2.0771837925647687
2.1882,32.823,1.8437500000000002,-2.0786239533215336
2.1882,32.823,1.846875,-2.0929191641103313
2.1882,32.823,1.85,-2.1163294274582416
2.1882,32.823,1.8531250000000001,-2.1544421636249194
2.1882,32.823,1.8562500000000002,-2.2014554166648646
2.1882,32.823,1.8593750000000002,-2.2557489874030456
2.1882,32.823,1.8625,-2.3165668899112637
2.1882,32.823,1.865625,-2.382807689195333
2.1882,32.823,1.8687500000000001,-2.451199088362835
2.1882,32.823,1.8718750000000002,-2.5103946403529416
2.1882,32.823,1.8750000000000002,-2.5671922809795564
2.1882,32.823,1.878125,-2.6182233070607017
2.1882,32.823,1.88125,-2.6581382694114177
2.1882,32.823,1.8843750000000001,-2.687677111625093
2.1882,32.823,1.8875000000000002,-2.7027285709492945
2.1882,32.823,1.8906250000000002,-2.7039311223741964
2.1882,32.823,1.89375,-2.695305815510825
2.1882,32.823,1.896875,-2.668663996712397
2.1882,32.823,1.9000000000000001,-2.631377502783812
2.1882,32.823,1.9031250000000002,-2.5836450297632747
2.1882,32.823,1.9062500000000002,-2.5279943577043578
2.1882,32.823,1.909375,-2.4672039829642753
2.1882,32.823,1.9125,-2.4010934060649216
2.1882,32.823,1.9156250000000001,-2.3321314118536036
2.1882,32.823,1.9187500000000002,-2.261654935939626
2.1882,32.823,1.9218750000000002,-2.1950172943700426
2.1882,32.823,1.925,-2.1366904368686743
2.1882,32.823,1.928125,-2.0811350416430074
2.1882,32.823,1.9312500000000001,-2.0372265492818014
2.1882,32.823,1.9343750000000002,-2.009159466914326
2.1882,32.823,1.9375000000000002,-1.990792400969381
2.1882,32.823,1.940625,-1.9874439695608268
2.1882,32.823,1.94375,-2.004689962768027
2.1882,32.823,1.9468750000000001,-2.028915333435915
2.1882,32.823,1.9500000000000002,-2.0693600088339794
2.1882,32.823,1.9531250000000002,-2.1170058227198374
2.1882,32.823,1.95625,-2.1758453677009433
2.1882,32.823,1.959375,-2.2411176947065825
2.1882,32.823,1.9625000000000001,-2.3028898129915727
2.1882,32.823,1.9656250000000002,-2.365294432443311
2.1882,32.823,1.9687500000000002,-2.425625891818515
2.1882,32.823,1.971875,-2.4707772043301013
2.1882,32.823,1.975,-2.5093252960479013
2.1882,32.823,1.9781250000000001,-2.53302962936363
2.1882,32.823,1.9812500000000002,-2.548053736214455
2.1882,32.823,1.9843750000000002,-2.5480655947346125
2.1882,32.823,1.9875,-2.538431547304483
2.1882,32.823,1.990625,-2.5181904638546215
2.1882,32.823,1.9937500000000001,-2.484808173803454
2.1882,32.823,1.9968750000000002,-2.442568603161646
2.1882,32.823,2,-2.3978874975692674
2.1882,32.823,2.0031250000000003,-2.345498556223078
2.1882,32.823,2.00625,-2.290635836319114
2.1882,32.823,2.009375,-2.2337538142990723
2.1882,32.823,2.0125,-2.184623246937209
2.1882,32.823,2.015625,-2.1370893943996245
2.1882,32.823,2.0187500000000003,-2.09925378217996
2.1882,32.823,2.021875,-2.0689488667282783
2.1882,32.823,2.025,-2.0503091775244435
2.1882,32.823,2.028125,-2.046591951755066
2.1882,32.823,2.03125,-2.0559809845301205
2.1882,32.823,2.0343750000000003,-2.0843404973393813
2.1882,32.823,2.0375,-2.1301349716215547
2.1882,32.823,2.040625,-2.187120463523678
2.1882,32.823,2.04375,-2.2531400399376134
2.1882,32.823,2.046875,-2.3279586799689787
2.1882,32.823,2.0500000000000003,-2.405432193821457
2.1882,32.823,2.053125,-2.4855872186133214
2.1882,32.823,2.05625,-2.5632509214537187
2.1882,32.823,2.059375,-2.635058286021753
2.1882,32.823,2.0625,-2.694645731525579
2.1882,32.823,2.0656250000000003,-2.736719221837448
2.1882,32.823,2.06875,-2.769356746912908
2.1882,32.823,2.071875,-2.7825136264007657
2.1882,32.823,2.075,-2.7831998537756246
2.1882,32.823,2.078125,-2.766629799249125
2.1882,32.823,2.0812500000000003,-2.7421854187138157
2.1882,32.823,2.084375,-2.699821299710406
2.1882,32.823,2.0875,-2.652350411581877
2.1882,32.823,2.090625,-2.596040570389123
2.1882,32.823,2.09375,-2.535320939707378
2.1882,32.823,2.0968750000000003,-2.469288005964913
2.1882,32.823,2.1,-2.4060671252354005
2.1882,32.823,2.103125,-2.3443194815670974
2.1882,32.823,2.10625,-2.2861008037904056
2.1882,32.823,2.109375,-2.2340922474572196
2.1882,32.823,2.1125000000000003,-2.189672960749703
2.1882,32.823,2.115625,-2.1559264193673524
2.1882,32.823,2.11875,-2.133489755687132
2.1882,32.823,2.121875,-2.1224193700861664
2.1882,32.823,2.125,-2.135767552633611
2.1882,32.823,2.1281250000000003,-2.167588074398262
2.1882,32.823,2.13125,-2.2130686928286747
2.1882,32.823,2.134375,-2.277988571226077
2.1882,32.823,2.1375,-2.3522800336274052
2.1882,32.823,2.140625,-2.4322531412468287
2.1882,32.823,2.1437500000000003,-2.511526553538657
2.1882,32.823,2.146875,-2.589827295324523
2.1882,32.823,2.1500000000000004,-2.6608331292963827
2.1882,32.823,2.153125,-2.7250626862987373
2.1882,32.823,2.15625,-2.780955555971392
2.1882,32.823,2.1593750000000003,-2.8168889664235053
2.1882,32.823,2.1625,-2.842284085647209
2.1882,32.823,2.1656250000000004,-2.842448601992358
2.1882,32.823,2.16875,-2.831900076446706
2.1882,32.823,2.171875,-2.808737847125742
2.1882,32.823,2.1750000000000003,-2.770433613252946
2.1882,32.823,2.178125,-2.7284012695145234
2.1882,32.823,2.1812500000000004,-2.681419004960786
2.1882,32.823,2.184375,-2.628307171735449
2.1882,32.823,2.1875,-2.5789065886406477
2.1882,32.823,2.1906250000000003,-2.532356238508145
2.1882,32.823,2.19375,-2.4891104171091087
2.1882,32.823,2.1968750000000004,-2.447486998072503
2.1882,32.823,2.2,-2.4113992403614666
2.1882,32.823,2.203125,-2.383581004966581
2.1882,32.823,2.2062500000000003,-2.3594299989628627
2.1882,32.823,2.209375,-2.349289204362988
2.1882,32.823,2.2125000000000004,-2.3491657732252778
2.1882,32.823,2.215625,-2.3605183425764626
2.1882,32.823,2.21875,-2.3861171020033325
2.1882,32.823,2.2218750000000003,-2.423871050753628
2.1882,32.823,2.225,-2.4730625605044523
2.1882,32.823,2.2281250000000004,-2.539011124649757
2.1882,32.823,2.23125,-2.6080358836598796
2.1882,32.823,2.234375,-2.6800154692808453
2.1882,32.823,2.2375000000000003,-2.7547907494033588
2.1882,32.823,2.240625,-2.8264081631910134
2.1882,32.823,2.2437500000000004,-2.894495713440918
2.1882,32.823,2.246875,-2.951014234134941
2.1882,32.823,2.25,-2.9989673089779947
2.1882,32.823,2.2531250000000003,-3.0350981560127677
2.1882,32.823,2.25625,-3.0553229748993904
2.1882,32.823,2.2593750000000004,-3.0634197454441434
2.1882,32.823,2.2625,-3.052347625032113
2.1882,32.823,2.265625,-3.0265262354295914
2.1882,32.823,2.2687500000000003,-2.988021282346161
2.1882,32.823,2.271875,-2.934245890372619
2.1882,32.823,2.2750000000000004,-2.871680090299723
2.1882,32.823,2.278125,-2.800733614796298
2.1882,32.823,2.28125,-2.721507003595503
2.1882,32.823,2.2843750000000003,-2.643382620393195
2.1882,32.823,2.2875,-2.5592937487973733
2.1882,32.823,2.2906250000000004,-2.4803298201088593
2.1882,32.823,2.29375,-2.4043111420573053
2.1882,32.823,2.296875,-2.333879231834298
2.1882,32.823,2.3000000000000003,-2.277488114822656
2.1882,32.823,2.303125,-2.231077296994254
2.1882,32.823,2.3062500000000004,-2.2011655799026726
2.1882,32.823,2.309375,-2.1869888226955196
2.1882,32.823,2.3125,-2.189182807769799
2.1882,32.823,2.3156250000000003,-2.209700624193426
2.1882,32.823,2.31875,-2.2430887101047654
2.1882,32.823,2.3218750000000004,-2.2915233391342307
2.1882,32.823,2.325,-2.350565068137555
2.1882,32.823,2.328125,-2.417295116096381
2.1882,32.823,2.3312500000000003,-2.4895121878786024
2.1882,32.823,2.334375,-2.562974823643306
2.1882,32.823,2.3375000000000004,-2.625834581890633
2.1882,32.823,2.340625,-2.685234531539334
2.1882,32.823,2.34375,-2.729209332394898
2.1882,32.823,2.3468750000000003,-2.7617031597247066
2.1882,32.823,2.35,-2.7764434524465997
2.1882,32.823,2.3531250000000004,-2.77860071655228
2.1882,32.823,2.35625,-2.7652731422403374
2.1882,32.823,2.359375,-2.731392336434318
2.1882,32.823,2.3625000000000003,-2.689368841942061
2.1882,32.823,2.365625,-2.6319026018579117
2.1882,32.823,2.3687500000000004,-2.5664045960854
2.1882,32.823,2.371875,-2.4953758389375382
2.1882,32.823,2.375,-2.4135424341505867
2.1882,32.823,2.3781250000000003,-2.3323766488092126
2.1882,32.823,2.38125,-2.252043765086918
2.1882,32.823,2.3843750000000004,-2.174102376759344
2.1882,32.823,2.3875,-2.1013400524548866
2.1882,32.823,2.390625,-2.0354543841198702
2.1882,32.823,2.3937500000000003,-1.9816426684189192
2.1882,32.823,2.396875,-1.9390843588074178
2.1882,32.823,2.4000000000000004,-1.9195947009994343
2.1882,32.823,2.403125,-1.9191634965164563
2.1882,32.823,2.40625,-1.9427892795324742
2.1882,32.823,2.4093750000000003,-1.9866882885335606
2.1882,32.823,2.4125,-2.054922603808494
2.1882,32.823,2.4156250000000004,-2.149415216152903
2.1882,32.823,2.41875,-2.2646313464709253
2.1882,32.823,2.421875,-2.4118737015575804
2.1882,32.823,2.4250000000000003,-2.613480013270028
2.1882,32.823,2.428125,-2.962916354136604
2.1882,32.823,2.4312500000000004,-3.6886912608553017
2.1882,32.823,2.434375,-4.07255666781724
2.1882,32.823,2.4375,-3.350013752644374
2.1882,32.823,2.4406250000000003,-3.05957548248586
2.1882,32.823,2.44375,-2.966478314407126
2.1882,32.823,2.4468750000000004,-2.9234799089069066
2.1882,32.823,2.45,-2.891387880996384
2.1882,32.823,2.453125,-2.844952047131088
2.1882,32.823,2.4562500000000003,-2.793119099856435
2.1882,32.823,2.459375,-2.7311781819838448
2.1882,32.823,2.4625000000000004,-2.6591605383924675
2.1882,32.823,2.465625,-2.577711093443487
2.1882,32.823,2.46875,-2.4950118717664385
2.1882,32.823,2.4718750000000003,-2.4109389050932064
2.1882,32.823,2.475,-2.3321328271600175
2.1882,32.823,2.4781250000000004,-2.2558004617760736
2.1882,32.823,2.48125,-2.1860119876682447
2.1882,32.823,2.484375,-2.126055613960356
2.1882,32.823,2.4875000000000003,-2.0801349702669443
2.1882,32.823,2.490625,-2.0480404049233103
2.1882,32.823,2.4937500000000004,-2.027677440855403
2.1882,32.823,2.496875,-2.0304245147642535
2.1882,32.823,2.5,-2.048758852592672
2.1882,32.823,2.5031250000000003,-2.0772265773772283
2.1882,32.823,2.50625,-2.1277972624763026
2.1882,32.823,2.5093750000000004,-2.1904927279913715
2.1882,32.823,2.5125,-2.2620208827730504
2.1882,32.823,2.515625,-2.3442215955639427
2.1882,32.823,2.5187500000000003,-2.4295479119459302
2.1882,32.823,2.521875,-2.5117367142623137
2.1882,32.823,2.5250000000000004,-2.5949519527337266
2.1882,32.823,2.528125,-2.667649504196967
2.1882,32.823,2.53125,-2.7275599677463402
2.1882,32.823,2.5343750000000003,-2.776043583729698
2.1882,32.823,2.5375,-2.8045384136756657
2.1882,32.823,2.5406250000000004,-2.81549140381171
2.1882,32.823,2.54375,-2.8085984941373123
2.1882,32.823,2.546875,-2.782033877723557
2.1882,32.823,2.5500000000000003,-2.741387451002177
2.1882,32.823,2.553125,-2.6879717766518603
2.1882,32.823,2.5562500000000004,-2.6177219946741004
2.1882,32.823,2.559375,-2.5429206241452977
2.1882,32.823,2.5625,-2.4590433112266092
2.1882,32.823,2.5656250000000003,-2.3743359927063703
2.1882,32.823,2.56875,-2.2884119356782544
2.1882,32.823,2.5718750000000004,-2.211641315025523
2.1882,32.823,2.575,-2.1436994742552002
2.1882,32.823,2.578125,-2.091118212312889
2.1882,32.823,2.5812500000000003,-2.0498548922491895
2.1882,32.823,2.584375,-2.0306667813275556
2.1882,32.823,2.5875000000000004,-2.0312317815289935
2.1882,32.823,2.590625,-2.0520056310372636
2.1882,32.823,2.59375,-2.0929710298973716
2.1882,32.823,2.5968750000000003,-2.1505759879021022
2.1882,32.823,2.6,-2.223724254961493
2.1882,32.823,2.6031250000000004,-2.3155780963686654
2.1882,32.823,2.60625,-2.408961933826332
2.1882,32.823,2.609375,-2.498359945835125
2.1882,32.823,2.6125000000000003,-2.5881344573467713
2.1882,32.823,2.615625,-2.672611056302745
2.1882,32.823,2.6187500000000004,-2.744963109855127
2.1882,32.823,2.621875,-2.8066197655920444
2.1882,32.823,2.625,-2.8530380762343843
2.1882,32.823,2.6281250000000003,-2.88120915519328
2.1882,32.823,2.63125,-2.895318751096228
2.1882,32.823,2.6343750000000004,-2.8943252788267633
2.1882,32.823,2.6375,-2.8773837655931462
2.1882,32.823,2.640625,-2.8464452359038117
2.1882,32.823,2.6437500000000003,-2.8073855610234997
2.1882,32.823,2.646875,-2.7611148067360425
2.1882,32.823,2.6500000000000004,-2.7093471683748414
2.1882,32.823,2.653125,-2.65449584227191
2.1882,32.823,2.65625,-2.5965483860793643
2.1882,32.823,2.6593750000000003,-2.5370061763853675
2.1882,32.823,2.6625,-2.479393777179501
2.1882,32.823,2.6656250000000004,-2.427382978193356
2.1882,32.823,2.66875,-2.3840461754402416
2.1882,32.823,2.671875,-2.352268878052649
2.1882,32.823,2.6750000000000003,-2.333646824515786
2.1882,32.823,2.678125,-2.3282754153225507
2.1882,32.823,2.6812500000000004,-2.335420922489374
2.1882,32.823,2.684375,-2.3636723401632285
2.1882,32.823,2.6875,-2.4007856916186983
2.1882,32.823,2.6906250000000003,-2.454484787515075
2.1882,32.823,2.69375,-2.522636209503145
2.1882,32.823,2.6968750000000004,-2.59557954221393
2.1882,32.823,2.7,-2.6780340644568064
2.1882,32.823,2.703125,-2.7572388619232746
2.1882,32.823,2.7062500000000003,-2.8346186849248047
2.1882,32.823,2.709375,-2.905380206284091
2.1882,32.823,2.7125000000000004,-2.9654345631118417
2.1882,32.823,2.715625,-3.0089253241687204
2.1882,32.823,2.71875,-3.0417361647492056
2.1882,32.823,2.7218750000000003,-3.0618597479891987
2.1882,32.823,2.725,-3.0631014957773695
2.1882,32.823,2.7281250000000004,-3.0567564281305186
2.1882,32.823,2.73125,-3.0404837858692235
2.1882,32.823,2.734375,-3.012154737312094
2.1882,32.823,2.7375000000000003,-2.974963495859411
2.1882,32.823,2.740625,-2.933280270637206
2.1882,32.823,2.7437500000000004,-2.8960456571740605
2.1882,32.823,2.746875,-2.851164497841875
2.1882,32.823,2.75,-2.7929349512890536
2.1882,32.823,2.7531250000000003,-2.7159764723772573
2.1882,32.823,2.75625,-2.6291558212514747
2.1882,32.823,2.7593750000000004,-2.556645879280739
2.1882,32.823,2.7625,-2.502627331370086
2.1882,32.823,2.765625,-2.4632019177398288
2.1882,32.823,2.7687500000000003,-2.4392897908363325
2.1882,32.823,2.771875,-2.4340018441158393
2.1882,32.823,2.7750000000000004,-2.4449750918861586
2.1882,32.823,2.778125,-2.4713281625638146
2.1882,32.823,2.78125,-2.509542259206723
2.1882,32.823,2.7843750000000003,-2.5643162800476316
2.1882,32.823,2.7875,-2.6271031078663496
2.1882,32.823,2.7906250000000004,-2.7007770055199765
2.1882,32.823,2.79375,-2.778846909883807
2.1882,32.823,2.796875,-2.853761784238869
2.1882,32.823,2.8000000000000003,-2.927087576509119
2.1882,32.823,2.803125,-2.989024140256504
2.1882,32.823,2.8062500000000004,-3.043238290172661
2.1882,32.823,2.809375,-3.082182704083537
2.1882,32.823,2.8125,-3.102892822294394
2.1882,32.823,2.8156250000000003,-3.1094306347937994
2.1882,32.823,2.81875,-3.102156343133795
2.1882,32.823,2.8218750000000004,-3.0794167597636375
2.1882,32.823,2.825,-3.0478727898547926
2.1882,32.823,2.828125,-3.001686381619975
2.1882,32.823,2.8312500000000003,-2.947869623503549
2.1882,32.823,2.834375,-2.887600680204269
2.1882,32.823,2.8375000000000004,-2.821215519183602
2.1882,32.823,2.840625,-2.758738347723939
2.1882,32.823,2.84375,-2.6968604117302513
2.1882,32.823,2.8468750000000003,-2.639628205545941
2.1882,32.823,2.85,-2.5904714251167156
2.1882,32.823,2.8531250000000004,-2.5551332241876357
2.1882,32.823,2.85625,-2.5339031441299227
2.1882,32.823,2.859375,-2.5223869569335156
2.1882,32.823,2.8625000000000003,-2.52935478567625
2.1882,32.823,2.865625,-2.550007326585178
2.1882,32.823,2.8687500000000004,-2.5877941479602966
2.1882,32.823,2.871875,-2.6380749937492225
2.1882,32.823,2.875,-2.7049912128942424
2.1882,32.823,2.8781250000000003,-2.7773329950570274
2.1882,32.823,2.88125,-2.853605949644908
2.1882,32.823,2.8843750000000004,-2.9225808097157886
2.1882,32.823,2.8875,-3.000963913308239
2.1882,32.823,2.890625,-3.0696751638922026
2.1882,32.823,2.8937500000000003,-3.131195443325652
2.1882,32.823,2.896875,-3.180251131359846
2.1882,32.823,2.9000000000000004,-3.2149694699879454
2.1882,32.823,2.903125,-3.238642885439698
2.1882,32.823,2.90625,-3.2430795782357857
2.1882,32.823,2.9093750000000003,-3.239017031291129
2.1882,32.823,2.9125,-3.224142858733823
2.1882,32.823,2.9156250000000004,-3.1937498602514527
2.1882,32.823,2.91875,-3.1541076514668664
2.1882,32.823,2.921875,-3.1127641999584776
2.1882,32.823,2.9250000000000003,-3.058804837273053
2.1882,32.823,2.928125,-3.0051259563275594
2.1882,32.823,2.9312500000000004,-2.9460253933332488
2.1882,32.823,2.934375,-2.8875836058330546
2.1882,32.823,2.9375,-2.834276060027028
2.1882,32.823,2.9406250000000003,-2.783125765116032
2.1882,32.823,2.94375,-2.744788186785579
2.1882,32.823,2.9468750000000004,-2.71202086235537
2.1882,32.823,2.95,-2.6927699859666276
2.1882,32.823,2.953125,-2.6838655443881683
2.1882,32.823,2.9562500000000003,-2.6957545315526437
2.1882,32.823,2.959375,-2.722997707282908
2.1882,32.823,2.9625000000000004,-2.7668112359383885
2.1882,32.823,2.965625,-2.8258528172151265
2.1882,32.823,2.96875,-2.8989450670406063
2.1882,32.823,2.9718750000000003,-2.9759942955283636
2.1882,32.823,2.975,-3.0576160338557044
2.1882,32.823,2.9781250000000004,-3.1384678987757004
2.1882,32.823,2.98125,-3.2174060149289407
2.1882,32.823,2.984375,-3.2767571053375777
2.1882,32.823,2.9875000000000003,-3.325214530807566
2.1882,32.823,2.990625,-3.3611438625690444
2.1882,32.823,2.9937500000000004,-3.375255590378574
2.1882,32.823,2.996875,-3.377381369908687
2.1882,32.823,3,-3.3566012266156253
2.1882,32.823,3.0031250000000003,-3.3275693482313184
2.1882,32.823,3.00625,-3.2778519329542206
2.1882,32.823,3.0093750000000004,-3.225076168990013
2.1882,32.823,3.0125,-3.1636009403332666
2.1882,32.823,3.015625,-3.10152496723429
2.1882,32.823,3.0187500000000003,-3.040348518833911
2.1882,32.823,3.021875,-2.9811224260311766
2.1882,32.823,3.0250000000000004,-2.921333651583632
2.1882,32.823,3.028125,-2.8731760955854337
2.1882,32.823,3.03125,-2.836442035611719
2.1882,32.823,3.0343750000000003,-2.8048724869818593
2.1882,32.823,3.0375,-2.7904052146976923
2.1882,32.823,3.0406250000000004,-2.793839934406898
2.1882,32.823,3.04375,-2.8050932503036785
2.1882,32.823,3.046875,-2.8375310640399807
2.1882,32.823,3.0500000000000003,-2.8778754644546494
2.1882,32.823,3.053125,-2.9288548535731067
2.1882,32.823,3.0562500000000004,-2.995065215449653
2.1882,32.823,3.059375,-3.06439370487297
2.1882,32.823,3.0625,-3.1402785361747205
2.1882,32.823,3.0656250000000003,-3.2144713824489664
2.1882,32.823,3.06875,-3.2875773012216465
2.1882,32.823,3.0718750000000004,-3.3535206445959505
2.1882,32.823,3.075,-3.4115813784254096
2.1882,32.823,3.078125,-3.4585890379767914
2.1882,32.823,3.0812500000000003,-3.48807026572791
2.1882,32.823,3.084375,-3.504327871238922
2.1882,32.823,3.0875000000000004,-3.5066809934292054
2.1882,32.823,3.090625,-3.4970721834445606
2.1882,32.823,3.09375,-3.4711015221819568
2.1882,32.823,3.0968750000000003,-3.4332130889076833
2.1882,32.823,3.1,-3.388949236199243
2.1882,32.823,3.1031250000000004,-3.3367392168851913
2.1882,32.823,3.10625,-3.278749971700719
2.1882,32.823,3.109375,-3.222401192143919
2.1882,32.823,3.1125000000000003,-3.164042216794713
2.1882,32.823,3.115625,-3.098931783254901
2.1882,32.823,3.1187500000000004,-3.0357176839395574
2.1882,32.823,3.121875,-2.976235349895166
2.1882,32.823,3.125,-2.9272514235685225
2.1882,32.823,3.1281250000000003,-2.887260174688561
2.1882,32.823,3.13125,-2.862559223395038
2.1882,32.823,3.1343750000000004,-2.8587586960596836
2.1882,32.823,3.1375,-2.8706049266602163
2.1882,32.823,3.140625,-2.8997929280219132
2.1882,32.823,3.1437500000000003,-2.94403783114549
2.1882,32.823,3.146875,-3.0000612736239574
2.1882,32.823,3.1500000000000004,-3.0699737402763745
2.1882,32.823,3.153125,-3.1459773613808215
2.1882,32.823,3.15625,-3.2248881503053353
2.1882,32.823,3.1593750000000003,-3.296743580874035
2.1882,32.823,3.1625,-3.3738138775126068
2.1882,32.823,3.1656250000000004,-3.4370096282667957
2.1882,32.823,3.16875,-3.4891368628287385
2.1882,32.823,3.171875,-3.5284601542222074
2.1882,32.823,3.1750000000000003,-3.552131453974239
2.1882,32.823,3.178125,-3.558073643341833
2.1882,32.823,3.1812500000000004,-3.555961147073911
2.1882,32.823,3.184375,-3.5421385777229677
2.1882,32.823,3.1875,-3.50823609909608
2.1882,32.823,3.1906250000000003,-3.4708958473372196
2.1882,32.823,3.19375,-3.428857021446596
2.1882,32.823,3.1968750000000004,-3.373810904188199
2.1882,32.823,3.2,-3.3235120741470343
2.1882,32.823,3.203125,-3.264937674111599
2.1882,32.823,3.2062500000000003,-3.209735252023154
2.1882,32.823,3.209375,-3.1562106954777396
2.1882,32.823,3.2125000000000004,-3.1102355774246
2.1882,32.823,3.215625,-3.0739211568890723
2.1882,32.823,3.21875,-3.0481282147654087
2.1882,32.823,3.2218750000000003,-3.0284566116639104
2.1882,32.823,3.225,-3.0247049685889262
2.1882,32.823,3.2281250000000004,-3.037263018206392
2.1882,32.823,3.23125,-3.0620798772637587
2.1882,32.823,3.234375,-3.102419174258335
2.1882,32.823,3.2375000000000003,-3.160909450261725
2.1882,32.823,3.240625,-3.223502234426765
2.1882,32.823,3.2437500000000004,-3.2971183431633704
2.1882,32.823,3.246875,-3.3738742487479847
2.1882,32.823,3.25,-3.4461033937021295
2.1882,32.823,3.2531250000000003,-3.5207418373398456
2.1882,32.823,3.25625,-3.583399336395365
2.1882,32.823,3.2593750000000004,-3.640336600064482
2.1882,32.823,3.2625,-3.6753505910754414
2.1882,32.823,3.265625,-3.693649786153154
2.1882,32.823,3.2687500000000003,-3.7022944373272857
2.1882,32.823,3.271875,-3.6962627599007947
2.1882,32.823,3.2750000000000004,-3.677818401925485
2.1882,32.823,3.278125,-3.650957501791993
2.1882,32.823,3.28125,-3.6201865058303517
2.1882,32.823,3.2843750000000003,-3.5842078369868946
2.1882,32.823,3.2875,-3.5452953412314763
2.1882,32.823,3.2906250000000004,-3.504519252665135
2.1882,32.823,3.29375,-3.4687454488683227
2.1882,32.823,3.296875,-3.437092399486574
2.1882,32.823,3.3000000000000003,-3.4088923218353124
2.1882,32.823,3.303125,-3.395071082274815
2.1882,32.823,3.3062500000000004,-3.3874153654847494
2.1882,32.823,3.309375,-3.3916263818777788
2.1882,32.823,3.3125,-3.4042693066564116
2.1882,32.823,3.3156250000000003,-3.432735780702399
2.1882,32.823,3.31875,-3.4709342647167762
2.1882,32.823,3.3218750000000004,-3.5215455711742596
2.1882,32.823,3.325,-3.5843484008703905
2.1882,32.823,3.328125,-3.65909014802355
2.1882,32.823,3.3312500000000003,-3.7401974509717446
2.1882,32.823,3.334375,-3.8304154719053947
2.1882,32.823,3.3375000000000004,-3.920800139561294
2.1882,32.823,3.340625,-4.0165565690967995
2.1882,32.823,3.34375,-4.103349895243509
2.1882,32.823,3.3468750000000003,-4.192805130894313
2.1882,32.823,3.35,-4.27597872810081
2.1882,32.823,3.3531250000000004,-4.345227004806222
2.1882,32.823,3.35625,-4.413416767522746
2.1882,32.823,3.359375,-4.468970632783799
2.1882,32.823,3.3625000000000003,-4.516011370999979
2.1882,32.823,3.365625,-4.549982816380858
2.1882,32.823,3.3687500000000004,-4.579693442012166
2.1882,32.823,3.371875,-4.600607521074621
2.1882,32.823,3.375,-4.610410281259297
2.1882,32.823,3.3781250000000003,-4.621049269976848
2.1882,32.823,3.38125,-4.635413748350957
2.1882,32.823,3.3843750000000004,-4.654857038382059
2.1882,32.823,3.3875,-4.682531700407751
2.1882,32.823,3.390625,-4.727463707585325
2.1882,32.823,3.3937500000000003,-4.7942444297264135
2.1882,32.823,3.396875,-4.873986440424793
2.1882,32.823,3.4000000000000004,-4.958582730041951
2.1882,32.823,3.403125,-5.061806388766255
2.1882,32.823,3.40625,-5.152133594356439
2.1882,32.823,3.4093750000000003,-5.222607124106899
2.1882,32.823,3.4125,-5.267567017318584
2.1882,32.823,3.4156250000000004,-5.28589595411666
2.1882,32.823,3.41875,-5.277587919414702
2.1882,32.823,3.421875,-5.238548185447261
2.1882,32.823,3.4250000000000003,-5.186750284489313
2.1882,32.823,3.428125,-5.1347768231499415
2.1882,32.823,3.4312500000000004,-5.071674386873795
2.1882,32.823,3.434375,-5.007694209280537
2.1882,32.823,3.4375,-4.950049465735039
2.1882,32.823,3.4406250000000003,-4.887386522673351
2.1882,32.823,3.44375,-4.825888653145903
2.1882,32.823,3.4468750000000004,-4.76139524588739
2.1882,32.823,3.45,-4.693852021559668
2.1882,32.823,3.453125,-4.624918884805721
2.1882,32.823,3.4562500000000003,-4.548116610347451
2.1882,32.823,3.459375,-4.47003248281943
2.1882,32.823,3.4625000000000004,-4.395683360143669
2.1882,32.823,3.465625,-4.3206126866635
2.1882,32.823,3.46875,-4.244838093948694
2.1882,32.823,3.4718750000000003,-4.173596323302329
2.1882,32.823,3.475,-4.106010077936315
2.1882,32.823,3.4781250000000004,-4.043784206762209
2.1882,32.823,3.48125,-3.987384961377847
2.1882,32.823,3.484375,-3.943510070800258
2.1882,32.823,3.4875000000000003,-3.9035946789362748
2.1882,32.823,3.490625,-3.8738237810659317
2.1882,32.823,3.4937500000000004,-3.858307083807368
2.1882,32.823,3.496875,-3.8537009223736267
2.1882,32.823,3.5,-3.860706142445217
2.1882,32.823,3.5031250000000003,-3.8876653675090065
2.1882,32.823,3.50625,-3.9269775649058305
2.1882,32.823,3.5093750000000004,-3.9827121731116515
2.1882,32.823,3.5125,-4.026235125838172
2.1882,32.823,3.515625,-4.058542448084872
2.1882,32.823,3.5187500000000003,-4.070736563100331
2.1882,32.823,3.521875,-4.074301576423397
2.1882,32.823,3.5250000000000004,-4.084536622912146
2.1882,32.823,3.528125,-4.091729265580523
2.1882,32.823,3.53125,-4.09468215620679
2.1882,32.823,3.5343750000000003,-4.10226960586783
2.1882,32.823,3.5375,-4.101005890040971
2.1882,32.823,3.5406250000000004,-4.095942548913666
2.1882,32.823,3.54375,-4.079481678023022
2.1882,32.823,3.546875,-4.065689730021353
2.1882,32.823,3.5500000000000003,-4.0397447101937045
2.1882,32.823,3.553125,-4.0141249070473775
2.1882,32.823,3.5562500000000004,-3.9857919240485833
2.1882,32.823,3.559375,-3.9561106913965327
2.1882,32.823,3.5625,-3.9282970242795368
2.1882,32.823,3.5656250000000003,-3.898090524375972
2.1882,32.823,3.56875,-3.8650470587474306
2.1882,32.823,3.5718750000000004,-3.8369647456075517
2.1882,32.823,3.575,-3.8046828200151532
2.1882,32.823,3.5781250000000004,-3.764346472007593
2.1882,32.823,3.5812500000000003,-3.731205120364321
2.1882,32.823,3.584375,-3.6978839850925245
2.1882,32.823,3.5875000000000004,-3.665451633549079
2.1882,32.823,3.590625,-3.636207158840622
2.1882,32.823,3.5937500000000004,-3.6105130677886166
2.1882,32.823,3.5968750000000003,-3.593293933729414
2.1882,32.823,3.6,-3.585259103062886
2.1882,32.823,3.6031250000000004,-3.5916516036525854
2.1882,32.823,3.60625,-3.613629612129153
2.1882,32.823,3.6093750000000004,-3.643125199724249
2.1882,32.823,3.6125000000000003,-3.6862060348952834
2.1882,32.823,3.615625,-3.7280630598331506
2.1882,32.823,3.6187500000000004,-3.762117927104241
2.1882,32.823,3.621875,-3.7934912127936276
2.1882,32.823,3.6250000000000004,-3.8155134638538883
2.1882,32.823,3.6281250000000003,-3.8279569265431816
2.1882,32.823,3.63125,-3.8296081502019437
2.1882,32.823,3.6343750000000004,-3.8296406626838952
2.1882,32.823,3.6375,-3.8271409947881057
2.1882,32.823,3.6406250000000004,-3.815793580111353
2.1882,32.823,3.6437500000000003,-3.801308990485399
2.1882,32.823,3.646875,-3.7609721402862335
2.1882,32.823,3.6500000000000004,-3.6890312597216446
2.1882,32.823,3.653125,-3.611815530763444
2.1882,32.823,3.6562500000000004,-3.543763226583141
2.1882,32.823,3.6593750000000003,-3.487654436171042
2.1882,32.823,3.6625,-3.4403542687167654
2.1882,32.823,3.6656250000000004,-3.4091795078032403
2.1882,32.823,3.66875,-3.3866522301958177
2.1882,32.823,3.6718750000000004,-3.376720142280779
2.1882,32.823,3.6750000000000003,-3.3821526832167033
2.1882,32.823,3.678125,-3.4027162760539573
2.1882,32.823,3.6812500000000004,-3.436219026971898
2.1882,32.823,3.684375,-3.4772134778110493
2.1882,32.823,3.6875000000000004,-3.531982062223954
2.1882,32.823,3.6906250000000003,-3.6033573766987663
2.1882,32.823,3.69375,-3.678539425993624
2.1882,32.823,3.6968750000000004,-3.76630424169932
2.1882,32.823,3.7,-3.858955375957654
2.1882,32.823,3.7031250000000004,-3.9516173755292083
2.1882,32.823,3.7062500000000003,-4.042805717046202
2.1882,32.823,3.709375,-4.126744453797004
2.1882,32.823,3.7125000000000004,-4.197512687286291
2.1882,32.823,3.715625,-4.261859847999062
2.1882,32.823,3.7187500000000004,-4.31993189607708
2.1882,32.823,3.7218750000000003,-4.361530658938378
2.1882,32.823,3.725,-4.394157581289818
2.1882,32.823,3.7281250000000004,-4.408951675709676
2.1882,32.823,3.73125,-4.4210923887242
2.1882,32.823,3.7343750000000004,-4.431839108519624
2.1882,32.823,3.7375000000000003,-4.430700859388108
2.1882,32.823,3.740625,-4.450709325502732
2.1882,32.823,3.7437500000000004,-4.4778991346630495
2.1882,32.823,3.746875,-4.511891362219142
2.1882,32.823,3.7500000000000004,-4.557483686952744
2.1882,32.823,3.7531250000000003,-4.60881213606508
2.1882,32.823,3.75625,-4.675104935296873
2.1882,32.823,3.7593750000000004,-4.7564554791973865
2.1882,32.823,3.7625,-4.86335922235171
2.1882,32.823,3.7656250000000004,-4.992988423539131
2.1882,32.823,3.7687500000000003,-5.139197053957675
2.1882,32.823,3.771875,-5.313555626777504
2.1882,32.823,3.7750000000000004,-5.508474723927663
2.1882,32.823,3.778125,-5.704897020166175
2.1882,32.823,3.7812500000000004,-5.91191577555583
2.1882,32.823,3.7843750000000003,-6.112966448488696
2.1882,32.823,3.7875,-6.303361118804297
2.1882,32.823,3.7906250000000004,-6.474311305745552
2.1882,32.823,3.79375,-6.61388879545362
2.1882,32.823,3.7968750000000004,-6.72929658508132
2.1882,32.823,3.8000000000000003,-6.8124915627925215
2.1882,32.823,3.803125,-6.881141218669629
2.1882,32.823,3.8062500000000004,-6.920181726794632
2.1882,32.823,3.809375,-6.947762090333604
2.1882,32.823,3.8125000000000004,-6.951632244048619
2.1882,32.823,3.8156250000000003,-6.932735328049824
2.1882,32.823,3.81875,-6.915703478721634
2.1882,32.823,3.8218750000000004,-6.883087303712689
2.1882,32.823,3.825,-6.838848741293494
2.1882,32.823,3.8281250000000004,-6.799723513712376
2.1882,32.823,3.8312500000000003,-6.760016340204112
2.1882,32.823,3.834375,-6.726008953134236
2.1882,32.823,3.8375000000000004,-6.70393322659865
2.1882,32.823,3.840625,-6.697145060318903
2.1882,32.823,3.8437500000000004,-6.70855271294296
2.1882,32.823,3.8468750000000003,-6.7326017026458445
2.1882,32.823,3.85,-6.773707139133772
2.1882,32.823,3.8531250000000004,-6.8431795692430555
2.1882,32.823,3.85625,-6.9331815543090425
2.1882,32.823,3.8593750000000004,-7.05009832998729
2.1882,32.823,3.8625000000000003,-7.179565528455689
2.1882,32.823,3.865625,-7.338660070921885
2.1882,32.823,3.8687500000000004,-7.507383787964683
2.1882,32.823,3.871875,-7.679779357117162
2.1882,32.823,3.8750000000000004,-7.855174334595883
2.1882,32.823,3.8781250000000003,-8.015770546526406
2.1882,32.823,3.88125,-8.162568485151121
2.1882,32.823,3.8843750000000004,-8.293425132707608
2.1882,32.823,3.8875,-8.391954380510324
2.1882,32.823,3.8906250000000004,-8.452053868032653
2.1882,32.823,3.8937500000000003,-8.479847144888897
2.1882,32.823,3.896875,-8.480776617498845
2.1882,32.823,3.9000000000000004,-8.451381072769696
2.1882,32.823,3.903125,-8.397282680671603
2.1882,32.823,3.9062500000000004,-8.325537241490203
2.1882,32.823,3.9093750000000003,-8.235628748768573
2.1882,32.823,3.9125,-8.137089029014682
2.1882,32.823,3.9156250000000004,-8.030067493653805
2.1882,32.823,3.91875,-7.924157659481763
2.1882,32.823,3.9218750000000004,-7.838937488341924
2.1882,32.823,3.9250000000000003,-7.765832108356145
2.1882,32.823,3.928125,-7.705978360297976
2.1882,32.823,3.9312500000000004,-7.669346176942618
2.1882,32.823,3.934375,-7.655105681603733
2.1882,32.823,3.9375000000000004,-7.664963487126543
2.1882,32.823,3.9406250000000003,-7.699622883360987
2.1882,32.823,3.94375,-7.762041214116299
2.1882,32.823,3.9468750000000004,-7.84974904267902
2.1882,32.823,3.95,-7.9608811578107765
2.1882,32.823,3.9531250000000004,-8.098176508914662
2.1882,32.823,3.9562500000000003,-8.261508337106473
2.1882,32.823,3.959375,-8.427363926943064
2.1882,32.823,3.9625000000000004,-8.599701962277244
2.1882,32.823,3.965625,-8.763632152805549
2.1882,32.823,3.9687500000000004,-8.92823248251714
2.1882,32.823,3.9718750000000003,-9.064695828604458
2.1882,32.823,3.975,-9.178394834901102
2.1882,32.823,3.9781250000000004,-9.250905629591562
2.1882,32.823,3.98125,-9.285435683366007
2.1882,32.823,3.9843750000000004,-9.274943320190417
2.1882,32.823,3.9875000000000003,-9.23737158151155
2.1882,32.823,3.990625,-9.163345765577544
2.1882,32.823,3.9937500000000004,-9.076858869891577
2.1882,32.823,3.996875,-8.972053815854734
2.1882,32.823,4,-8.860886396167162
2.1882,32.823,4.003125,-8.755377472047229
2.1882,32.823,4.0062500000000005,-8.653731418082423
2.1882,32.823,4.009375,-8.565916170790336
2.1882,32.823,4.0125,-8.49813530436118
2.1882,32.823,4.015625,-8.452673216215164
2.1882,32.823,4.01875,-8.432656104902483
2.1882,32.823,4.0218750000000005,-8.436789519589725
2.1882,32.823,4.025,-8.47001479714056
2.1882,32.823,4.028125,-8.539425236685869
2.1882,32.823,4.03125,-8.631657858929696
2.1882,32.823,4.034375,-8.757968446392585
2.1882,32.823,4.0375000000000005,-8.917714999727412
2.1882,32.823,4.040625,-9.102802581411101
2.1882,32.823,4.04375,-9.312359375483988
2.1882,32.823,4.046875,-9.545126772475736
2.1882,32.823,4.05,-9.780043054302874
2.1882,32.823,4.0531250000000005,-10.024906511411345
2.1882,32.823,4.05625,-10.258043680649374
2.1882,32.823,4.059375,-10.452210933495383
2.1882,32.823,4.0625,-10.622334823528337
2.1882,32.823,4.065625,-10.731490176793487
2.1882,32.823,4.0687500000000005,-10.789470864593884
2.1882,32.823,4.071875,-10.799473805577854
2.1882,32.823,4.075,-10.741875569827947
2.1882,32.823,4.078125,-10.6279611219669
2.1882,32.823,4.08125,-10.459007565305757
2.1882,32.823,4.0843750000000005,-10.209362047122443
2.1882,32.823,4.0875,-9.946213517339993
2.1882,32.823,4.090625,-9.716175414146758
2.1882,32.823,4.09375,-9.53126105890042
2.1882,32.823,4.096875,-9.39741431698741
2.1882,32.823,4.1000000000000005,-9.27757709866778
2.1882,32.823,4.103125,-9.203547699795113
2.1882,32.823,4.10625,-9.149874994719406
2.1882,32.823,4.109375,-9.130785116023995
2.1882,32.823,4.1125,-9.14984080679972
2.1882,32.823,4.1156250000000005,-9.194270222663807
2.1882,32.823,4.11875,-9.270754313218308
2.1882,32.823,4.121875,-9.395364326761865
2.1882,32.823,4.125,-9.54109933040439
2.1882,32.823,4.128125,-9.710837690133651
2.1882,32.823,4.1312500000000005,-9.911627953513417
2.1882,32.823,4.134375,-10.128856115534946
2.1882,32.823,4.1375,-10.358113348817227
2.1882,32.823,4.140625,-10.5849024385825
2.1882,32.823,4.14375,-10.798652745136362
2.1882,32.823,4.1468750000000005,-10.990470514195636
2.1882,32.823,4.15,-11.136132234989585
2.1882,32.823,4.153125,-11.224548996423778
2.1882,32.823,4.15625,-11.242959679376805
2.1882,32.823,4.159375,-11.205251024670172
2.1882,32.823,4.1625000000000005,-11.104580394626742
2.1882,32.823,4.165625,-10.953700393418105
2.1882,32.823,4.16875,-10.758303219787251
2.1882,32.823,4.171875,-10.544783205159314
2.1882,32.823,4.175,-10.317841740930518
2.1882,32.823,4.1781250000000005,-10.091257074863936
2.1882,32.823,4.18125,-9.87313590984908
2.1882,32.823,4.184375,-9.681682788769772
2.1882,32.823,4.1875,-9.500554058459388
2.1882,32.823,4.190625,-9.373987509864465
2.1882,32.823,4.1937500000000005,-9.269734402611746
2.1882,32.823,4.196875,-9.195802511369957
2.1882,32.823,4.2,-9.165656052393723
2.1882,32.823,4.203125,-9.17260055371961
2.1882,32.823,4.20625,-9.214475247419108
2.1882,32.823,4.2093750000000005,-9.291856513013514
2.1882,32.823,4.2125,-9.414265543364875
2.1882,32.823,4.215625,-9.5740500268767
2.1882,32.823,4.21875,-9.759803764469995
2.1882,32.823,4.221875,-9.975166499766095
2.1882,32.823,4.2250000000000005,-10.231280403340213
2.1882,32.823,4.228125,-10.489975806521707
2.1882,32.823,4.23125,-10.745593469265627
2.1882,32.823,4.234375,-11.005578172307855
2.1882,32.823,4.2375,-11.241283738453001
2.1882,32.823,4.2406250000000005,-11.427258240171046
2.1882,32.823,4.24375,-11.559838155170645
2.1882,32.823,4.246875,-11.635087829529125
2.1882,32.823,4.25,-11.638918952146113
2.1882,32.823,4.253125,-11.564306769035381
2.1882,32.823,4.2562500000000005,-11.430568174204828
2.1882,32.823,4.259375,-11.25388662276669
2.1882,32.823,4.2625,-11.04740193257209
2.1882,32.823,4.265625,-10.828428906338726
2.1882,32.823,4.26875,-10.601817956867382
2.1882,32.823,4.2718750000000005,-10.385437583784046
2.1882,32.823,4.275,-10.181224176558354
2.1882,32.823,4.278125,-9.997689421440128
2.1882,32.823,4.28125,-9.854731589524434
2.1882,32.823,4.284375000000001,-9.734242300184711
2.1882,32.823,4.2875000000000005,-9.651612265015011
2.1882,32.823,4.290625,-9.60653714952122
2.1882,32.823,4.29375,-9.596825100626234
2.1882,32.823,4.296875,-9.62774858430771
2.1882,32.823,4.300000000000001,-9.68800727952238
2.1882,32.823,4.3031250000000005,-9.791728725501528
2.1882,32.823,4.30625,-9.937507191651894
2.1882,32.823,4.309375,-10.104751917715902
2.1882,32.823,4.3125,-10.310919383201625
2.1882,32.823,4.315625000000001,-10.52574576248939
2.1882,32.823,4.3187500000000005,-10.757228235148018
2.1882,32.823,4.321875,-10.981469952869482
2.1882,32.823,4.325,-11.187432555268861
2.1882,32.823,4.328125,-11.380996425675615
2.1882,32.823,4.331250000000001,-11.494788123122412
2.1882,32.823,4.3343750000000005,-11.567675343251913
2.1882,32.823,4.3375,-11.581970393829305
2.1882,32.823,4.340625,-11.518385958138337
2.1882,32.823,4.34375,-11.402166575818253
2.1882,32.823,4.346875000000001,-11.243469452731485
2.1882,32.823,4.3500000000000005,-11.027815619375197
2.1882,32.823,4.353125,-10.778881725281583
2.1882,32.823,4.35625,-10.516533099815014
2.1882,32.823,4.359375,-10.24654753000936
2.1882,32.823,4.362500000000001,-9.991095709120529
2.1882,32.823,4.3656250000000005,-9.725679819884624
2.1882,32.823,4.36875,-9.494839707796004
2.1882,32.823,4.371875,-9.309626112001384
2.1882,32.823,4.375,-9.158585353900982
2.1882,32.823,4.378125000000001,-9.056209300115558
2.1882,32.823,4.3812500000000005,-8.988835953914101
2.1882,32.823,4.384375,-8.961378558138568
2.1882,32.823,4.3875,-8.95385982072013
2.1882,32.823,4.390625,-8.994611611509674
2.1882,32.823,4.393750000000001,-9.068671804080012
2.1882,32.823,4.3968750000000005,-9.173988436724741
2.1882,32.823,4.4,-9.315825914999992
2.1882,32.823,4.403125,-9.4882900719967
2.1882,32.823,4.40625,-9.68811321322067
2.1882,32.823,4.409375000000001,-9.922208795084565
2.1882,32.823,4.4125000000000005,-10.15017508134801
2.1882,32.823,4.415625,-10.391056421418734
2.1882,32.823,4.41875,-10.61490879736845
2.1882,32.823,4.421875,-10.820389812096586
2.1882,32.823,4.425000000000001,-10.981683505695717
2.1882,32.823,4.4281250000000005,-11.110932909668174
2.1882,32.823,4.43125,-11.189385465447012
2.1882,32.823,4.434375,-11.22125572120764
2.1882,32.823,4.4375,-11.062051259638018
2.1882,32.823,4.440625000000001,-10.853958845700513
2.1882,32.823,4.4437500000000005,-10.644337046436597
2.1882,32.823,4.446875,-10.406904278606309
2.1882,32.823,4.45,-10.151897068065693
2.1882,32.823,4.453125,-9.893165156082329
2.1882,32.823,4.456250000000001,-9.650103431930594
2.1882,32.823,4.4593750000000005,-9.431086845517708
2.1882,32.823,4.4625,-9.238527876184792
2.1882,32.823,4.465625,-9.082437858075247
2.1882,32.823,4.46875,-8.952537642251377
2.1882,32.823,4.471875000000001,-8.85379553105773
2.1882,32.823,4.4750000000000005,-8.789415117289753
2.1882,32.823,4.478125,-8.761500699618232
2.1882,32.823,4.48125,-8.766578363601177
2.1882,32.823,4.484375,-8.799278333937187
2.1882,32.823,4.487500000000001,-8.866591177551324
2.1882,32.823,4.4906250000000005,-8.953564213136154
2.1882,32.823,4.49375,-9.084411487417292
2.1882,32.823,4.496875,-9.22454561018993
2.1882,32.823,4.5,-9.370366300664058
2.1882,32.823,4.503125000000001,-9.525500045520438
2.1882,32.823,4.5062500000000005,-9.689231613298745
2.1882,32.823,4.509375,-9.81627954446949
2.1882,32.823,4.5125,-9.925540200787479
2.1882,32.823,4.515625,-9.989399979110086
2.1882,32.823,4.518750000000001,-10.001875476787042
2.1882,32.823,4.5218750000000005,-9.953109196007485
2.1882,32.823,4.525,-9.85098896115534
2.1882,32.823,4.528125,-9.700324616867055
2.1882,32.823,4.53125,-9.505136215804157
2.1882,32.823,4.534375000000001,-9.324162731399895
2.1882,32.823,4.5375000000000005,-9.206914581212907
2.1882,32.823,4.540625,-9.113198296667747
2.1882,32.823,4.54375,-8.871206274906768
2.1882,32.823,4.546875,-8.520298204760186
2.1882,32.823,4.550000000000001,-8.183137940392145
2.1882,32.823,4.5531250000000005,-7.8829378515444
2.1882,32.823,4.55625,-7.624474113274539
2.1882,32.823,4.559375,-7.415585181421276
2.1882,32.823,4.5625,-7.234607494802021
2.1882,32.823,4.565625000000001,-7.080358193273399
2.1882,32.823,4.5687500000000005,-6.9582898207272335
2.1882,32.823,4.571875,-6.8655152876195205
2.1882,32.823,4.575,-6.806202791259005
2.1882,32.823,4.578125,-6.775022138088024
2.1882,32.823,4.581250000000001,-6.775516627943303
2.1882,32.823,4.5843750000000005,-6.813046926822119
2.1882,32.823,4.5875,-6.865975541103807
2.1882,32.823,4.590625,-6.951769159333593
2.1882,32.823,4.59375,-7.055871550678637
2.1882,32.823,4.596875000000001,-7.175254473702966
2.1882,32.823,4.6000000000000005,-7.302853966930644
2.1882,32.823,4.603125,-7.4225556459920226
2.1882,32.823,4.60625,-7.536521519543829
2.1882,32.823,4.609375,-7.637673607553825
2.1882,32.823,4.612500000000001,-7.703837586300251
2.1882,32.823,4.6156250000000005,-7.74449750891042
2.1882,32.823,4.61875,-7.748960214062205
2.1882,32.823,4.621875,-7.703716060768143
2.1882,32.823,4.625,-7.62160941338582
2.1882,32.823,4.628125000000001,-7.500728046635977
2.1882,32.823,4.6312500000000005,-7.347932652798789
2.1882,32.823,4.634375,-7.176935088288285
2.1882,32.823,4.6375,-6.993786506773493
2.1882,32.823,4.640625,-6.803539783497381
2.1882,32.823,4.643750000000001,-6.614214145683875
2.1882,32.823,4.6468750000000005,-6.443468199448759
2.1882,32.823,4.65,-6.276799138130436
2.1882,32.823,4.653125,-6.131526814921999
2.1882,32.823,4.65625,-6.000040536827168
2.1882,32.823,4.659375000000001,-5.89093444829587
2.1882,32.823,4.6625000000000005,-5.803145345039505
2.1882,32.823,4.665625,-5.735749617424936
2.1882,32.823,4.66875,-5.696470616716708
2.1882,32.823,4.671875,-5.68111720610403
2.1882,32.823,4.675000000000001,-5.674937940510993
2.1882,32.823,4.6781250000000005,-5.682457894101623
2.1882,32.823,4.68125,-5.686892319704295
2.1882,32.823,4.684375,-5.7667909503841575
2.1882,32.823,4.6875,-5.902165266014112
2.1882,32.823,4.690625000000001,-6.016059146854918
2.1882,32.823,4.6937500000000005,-6.123268142226667
2.1882,32.823,4.696875,-6.215783207923239
2.1882,32.823,4.7,-6.289809521491135
2.1882,32.823,4.703125,-6.347623781544676
2.1882,32.823,4.706250000000001,-6.370792785482758
2.1882,32.823,4.7093750000000005,-6.360062988168734
2.1882,32.823,4.7125,-6.315300178574228
2.1882,32.823,4.715625,-6.238359525556609
2.1882,32.823,4.71875,-6.133219719409006
2.1882,32.823,4.721875000000001,-6.000194297133619
2.1882,32.823,4.7250000000000005,-5.851967237294927
2.1882,32.823,4.728125,-5.699371108600447
2.1882,32.823,4.73125,-5.537892714697207
2.1882,32.823,4.734375,-5.382992936837468
2.1882,32.823,4.737500000000001,-5.237357409058787
2.1882,32.823,4.7406250000000005,-5.105613480787669
2.1882,32.823,4.74375,-4.988985750125704
2.1882,32.823,4.746875,-4.8876345982963265
2.1882,32.823,4.75,-4.808119202086474
2.1882,32.823,4.753125000000001,-4.741542838101723
2.1882,32.823,4.7562500000000005,-4.69769433581955
2.1882,32.823,4.759375,-4.671101029048715
2.1882,32.823,4.7625,-4.664365387942944
2.1882,32.823,4.765625,-4.682002688631256
2.1882,32.823,4.768750000000001,-4.710734347757773
2.1882,32.823,4.7718750000000005,-4.75669302614712
2.1882,32.823,4.775,-4.825970850146787
2.1882,32.823,4.778125,-4.897674720582524
2.1882,32.823,4.78125,-4.988242134081389
2.1882,32.823,4.784375000000001,-5.088016949145868
2.1882,32.823,4.7875000000000005,-5.1853073912871945
2.1882,32.823,4.790625,-5.2818145038980795
2.1882,32.823,4.79375,-5.3665229979524565
2.1882,32.823,4.796875,-5.441448937151635
2.1882,32.823,4.800000000000001,-5.485263932568619
2.1882,32.823,4.8031250000000005,-5.509238733696477
2.1882,32.823,4.80625,-5.508657295821308
2.1882,32.823,4.809375,-5.47712081456544
2.1882,32.823,4.8125,-5.42515750551239
2.1882,32.823,4.815625000000001,-5.347634550986782
2.1882,32.823,4.8187500000000005,-5.261189090055478
2.1882,32.823,4.821875,-5.1589802330492365
2.1882,32.823,4.825,-5.049971556156969
2.1882,32.823,4.828125,-4.95068790115552
2.1882,32.823,4.831250000000001,-4.854856095368204
2.1882,32.823,4.8343750000000005,-4.769280748112697
2.1882,32.823,4.8375,-4.697460864835778
2.1882,32.823,4.840625,-4.6472153158689995
2.1882,32.823,4.84375,-4.618178332768482
2.1882,32.823,4.846875000000001,-4.60795474904412
2.1882,32.823,4.8500000000000005,-4.618435531213095
2.1882,32.823,4.853125,-4.651231420750341
2.1882,32.823,4.85625,-4.708462798329704
2.1882,32.823,4.859375,-4.7833382495569525
2.1882,32.823,4.862500000000001,-4.879610996674804
2.1882,32.823,4.8656250000000005,-5.003672108343276
2.1882,32.823,4.86875,-5.137021376383396
2.1882,32.823,4.871875,-5.288068804060471
2.1882,32.823,4.875,-5.43635149212053
2.1882,32.823,4.878125000000001,-5.596376433072603
2.1882,32.823,4.8812500000000005,-5.739721382438515
2.1882,32.823,4.884375,-5.87015517270901
2.1882,32.823,4.8875,-5.97647952269024
2.1882,32.823,4.890625,-6.054359964660851
2.1882,32.823,4.893750000000001,-6.09168137961602
2.1882,32.823,4.8968750000000005,-6.082763508521279
2.1882,32.823,4.9,-6.038476271523176
2.1882,32.823,4.903125,-5.957355212513277
2.1882,32.823,4.90625,-5.844246568087213
2.1882,32.823,4.909375000000001,-5.7160017581440705
2.1882,32.823,4.9125000000000005,-5.570673562675832
2.1882,32.823,4.915625,-5.419843848609876
2.1882,32.823,4.91875,-5.275541820891241
2.1882,32.823,4.921875,-5.13562836581389
2.1882,32.823,4.925000000000001,-5.008739609895104
2.1882,32.823,4.9281250000000005,-4.894344856208864
2.1882,32.823,4.93125,-4.800339364107921
2.1882,32.823,4.934375,-4.7326222622084755
2.1882,32.823,4.9375,-4.678640246958807
2.1882,32.823,4.940625000000001,-4.6525869317059145
2.1882,32.823,4.9437500000000005,-4.654683830629234
2.1882,32.823,4.946875,-4.670761678193193
2.1882,32.823,4.95,-4.716383878850195
2.1882,32.823,4.953125,-4.782667347256709
2.1882,32.823,4.956250000000001,-4.864318370610954
2.1882,32.823,4.9593750000000005,-4.966768207017486
2.1882,32.823,4.9625,-5.089536758596238
2.1882,32.823,4.965625,-5.226841481539201
2.1882,32.823,4.96875,-5.369979774941943
2.1882,32.823,4.971875000000001,-5.515933944134059
2.1882,32.823,4.9750000000000005,-5.661167315653254
2.1882,32.823,4.978125,-5.799713522196073
2.1882,32.823,4.98125,-5.915233969121808
2.1882,32.823,4.984375,-6.002866842336908
2.1882,32.823,4.987500000000001,-6.061541091488854
2.1882,32.823,4.9906250000000005,-6.080629349570506
2.1882,32.823,4.99375,-6.069298622531072
2.1882,32.823,4.996875,-6.031670719492826
2.1882,32.823,5,-5.958988905040457
2.1882,32.823,5.003125000000001,-5.86387097055116
2.1882,32.823,5.0062500000000005,-5.763508496925106
2.1882,32.823,5.009375,-5.655992296845268
2.1882,32.823,5.0125,-5.547148543695746
2.1882,32.823,5.015625,-5.444964516137238
2.1882,32.823,5.018750000000001,-5.353078923999485
2.1882,32.823,5.0218750000000005,-5.286897808854912
2.1882,32.823,5.025,-5.228871305194137
2.1882,32.823,5.028125,-5.196912595752137
2.1882,32.823,5.03125,-5.190367390362781
2.1882,32.823,5.034375000000001,-5.204568115700994
2.1882,32.823,5.0375000000000005,-5.254553664783053
2.1882,32.823,5.040625,-5.3212371488501145
2.1882,32.823,5.04375,-5.415005693246039
2.1882,32.823,5.046875,-5.529716823885174
2.1882,32.823,5.050000000000001,-5.668567997404065
2.1882,32.823,5.0531250000000005,-5.825314761386517
2.1882,32.823,5.05625,-5.999415158624303
2.1882,32.823,5.059375,-6.186011397883994
2.1882,32.823,5.0625,-6.386916892784333
2.1882,32.823,5.065625000000001,-6.589773930317248
2.1882,32.823,5.0687500000000005,-6.788850834238321
2.1882,32.823,5.071875,-6.97467140472916
2.1882,32.823,5.075,-7.118676626972274
2.1882,32.823,5.078125,-7.211510826603846
2.1882,32.823,5.081250000000001,-7.23500520663948
2.1882,32.823,5.0843750000000005,-7.217495633237876
2.1882,32.823,5.0875,-7.15115825558093
2.1882,32.823,5.090625,-7.047979155495906
2.1882,32.823,5.09375,-6.916283332707295
2.1882,32.823,5.096875000000001,-6.7708075452656225
2.1882,32.823,5.1000000000000005,-6.612029129575743
2.1882,32.823,5.103125,-6.4260327605155165
2.1882,32.823,5.10625,-6.236996742799753
2.1882,32.823,5.109375,-6.065291030346492
2.1882,32.823,5.112500000000001,-5.9030963679207895
2.1882,32.823,5.1156250000000005,-5.766421938809081
2.1882,32.823,5.11875,-5.670703488405442
2.1882,32.823,5.121875,-5.595240632063744
2.1882,32.823,5.125,-5.54873423384509
2.1882,32.823,5.128125000000001,-5.532286477160237
2.1882,32.823,5.1312500000000005,-5.545054352672569
2.1882,32.823,5.134375,-5.5812867652947915
2.1882,32.823,5.1375,-5.64513375028103
2.1882,32.823,5.140625,-5.732593065474669
2.1882,32.823,5.143750000000001,-5.840118215684875
2.1882,32.823,5.1468750000000005,-5.9670409783171685
2.1882,32.823,5.15,-6.101260605818081
2.1882,32.823,5.153125,-6.253084785909993
2.1882,32.823,5.15625,-6.400072575384938
2.1882,32.823,5.159375000000001,-6.546027004699969
2.1882,32.823,5.1625000000000005,-6.684464360685169
2.1882,32.823,5.165625,-6.804149983711275
2.1882,32.823,5.16875,-6.885996076259384
2.1882,32.823,5.171875,-6.950899494496028
2.1882,32.823,5.175000000000001,-6.967905527760555
2.1882,32.823,5.1781250000000005,-6.9579143766575635
2.1882,32.823,5.18125,-6.918583326927798
2.1882,32.823,5.184375,-6.840569270797506
2.1882,32.823,5.1875,-6.737233615882149
2.1882,32.823,5.190625000000001,-6.632582561920542
2.1882,32.823,5.1937500000000005,-6.507517578901289
2.1882,32.823,5.196875,-6.400102362777682
2.1882,32.823,5.2,-6.297584196087234
2.1882,32.823,5.203125,-6.198358784994843
2.1882,32.823,5.206250000000001,-6.1074423726538685
2.1882,32.823,5.2093750000000005,-6.0243913131297875
2.1882,32.823,5.2125,-5.959173968837051
2.1882,32.823,5.215625,-5.901652559392971
2.1882,32.823,5.21875,-5.88247193972178
2.1882,32.823,5.221875000000001,-5.907677542016579
2.1882,32.823,5.2250000000000005,-5.95120518885744
2.1882,32.823,5.228125,-6.039500239999219
2.1882,32.823,5.23125,-6.15931639434698
2.1882,32.823,5.234375,-6.3149838984630735
2.1882,32.823,5.237500000000001,-6.512950388445958
2.1882,32.823,5.2406250000000005,-6.7496677825278715
2.1882,32.823,5.24375,-7.022094809156938
2.1882,32.823,5.246875,-7.3439163854550396
2.1882,32.823,5.25,-7.7017896932694585
2.1882,32.823,5.253125000000001,-8.162209950772322
2.1882,32.823,5.2562500000000005,-8.716378167978453
2.1882,32.823,5.259375,-9.466908362598506
2.1882,32.823,5.2625,-10.576365410522591
2.1882,32.823,5.265625,-12.060093678193404
2.1882,32.823,5.268750000000001,-12.50509222497703
2.1882,32.823,5.2718750000000005,-10.888158715291636
2.1882,32.823,5.275,-9.450742512126043
2.1882,32.823,5.278125,-8.636640174596224
2.1882,32.823,5.28125,-8.140677166261847
2.1882,32.823,5.284375000000001,-7.768282637014771
2.1882,32.823,5.2875000000000005,-7.4537838506825995
2.1882,32.823,5.290625,-7.175508347178249
2.1882,32.823,5.29375,-6.94018802837916
2.1882,32.823,5.296875,-6.732366915275624
2.1882,32.823,5.300000000000001,-6.5554579058254365
2.1882,32.823,5.3031250000000005,-6.409796409025013
2.1882,32.823,5.30625,-6.303496611390913
2.1882,32.823,5.309375,-6.232594115277435
2.1882,32.823,5.3125,-6.186843892315883
2.1882,32.823,5.315625000000001,-6.1691608121212385
2.1882,32.823,5.3187500000000005,-6.1866732526005395
2.1882,32.823,5.321875,-6.232045444634052
2.1882,32.823,5.325,-6.301628121009371
2.1882,32.823,5.328125,-6.386919356580204
2.1882,32.823,5.331250000000001,-6.499458723007711
2.1882,32.823,5.3343750000000005,-6.623757733768658
2.1882,32.823,5.3375,-6.75637860719323
2.1882,32.823,5.340625,-6.899777256773235
2.1882,32.823,5.34375,-7.058088941491011
2.1882,32.823,5.346875000000001,-7.193856660060649
2.1882,32.823,5.3500000000000005,-7.319034602586582
2.1882,32.823,5.353125,-7.43244119622612
2.1882,32.823,5.35625,-7.502549336532246
2.1882,32.823,5.359375,-7.5276913920485296
2.1882,32.823,5.362500000000001,-7.506449256850109
2.1882,32.823,5.3656250000000005,-7.445026004659424
2.1882,32.823,5.36875,-7.326479585519271
2.1882,32.823,5.371875,-7.170376762763508
2.1882,32.823,5.375,-6.981249536754057
2.1882,32.823,5.378125000000001,-6.777773226346982
2.1882,32.823,5.3812500000000005,-6.576361973768443
2.1882,32.823,5.384375,-6.360186271115916
2.1882,32.823,5.3875,-6.161765060388646
2.1882,32.823,5.390625,-5.9870367540632845
2.1882,32.823,5.393750000000001,-5.828515304077931
2.1882,32.823,5.3968750000000005,-5.705125551927781
2.1882,32.823,5.4,-5.609965421275196
2.1882,32.823,5.403125,-5.5411700630049
2.1882,32.823,5.40625,-5.508311342812914
2.1882,32.823,5.409375000000001,-5.505166365921349
2.1882,32.823,5.4125000000000005,-5.532686692392356
2.1882,32.823,5.415625,-5.577072891454915
2.1882,32.823,5.41875,-5.637927551784587
2.1882,32.823,5.421875,-5.732487588957765
2.1882,32.823,5.425000000000001,-5.853476629430067
2.1882,32.823,5.4281250000000005,-5.984879777952878
2.1882,32.823,5.43125,-6.14370403411214
2.1882,32.823,5.434375,-6.299373750280946
2.1882,32.823,5.4375,-6.471574721585211
2.1882,32.823,5.440625000000001,-6.6186350440326605
2.1882,32.823,5.4437500000000005,-6.769495411264309
2.1882,32.823,5.446875,-6.882592693804041
2.1882,32.823,5.45,-6.9595942278534215
2.1882,32.823,5.453125,-6.998086604994431
2.1882,32.823,5.456250000000001,-6.99652175255491
2.1882,32.823,5.4593750000000005,-6.9458272663961935
2.1882,32.823,5.4625,-6.848884266396253
2.1882,32.823,5.465625,-6.721386993826187
2.1882,32.823,5.46875,-6.573204271947652
2.1882,32.823,5.471875000000001,-6.398587385990705
2.1882,32.823,5.4750000000000005,-6.210154058509668
2.1882,32.823,5.478125,-6.039758016635828
2.1882,32.823,5.48125,-5.8636271428342726
2.1882,32.823,5.484375,-5.715350701713105
2.1882,32.823,5.487500000000001,-5.592099585310061
2.1882,32.823,5.4906250000000005,-5.487962434705718
2.1882,32.823,5.49375,-5.412585965537144
2.1882,32.823,5.496875,-5.373749760811944
2.1882,32.823,5.5,-5.357171153484056
2.1882,32.823,5.503125000000001,-5.364600242978859
2.1882,32.823,5.5062500000000005,-5.39540389046698
2.1882,32.823,5.509375,-5.456470955912898
2.1882,32.823,5.5125,-5.5280183581734965
2.1882,32.823,5.515625,-5.620405223068115
2.1882,32.823,5.518750000000001,-5.714190944907519
2.1882,32.823,5.5218750000000005,-5.832169179034618
2.1882,32.823,5.525,-5.934497671154312
2.1882,32.823,5.528125,-6.035160104266273
2.1882,32.823,5.53125,-6.1138876284444175
2.1882,32.823,5.534375000000001,-6.169849394095087
2.1882,32.823,5.5375000000000005,-6.195408675183929
2.1882,32.823,5.540625,-6.185665897984506
2.1882,32.823,5.54375,-6.1382433477714295
2.1882,32.823,5.546875,-6.053166434165514
2.1882,32.823,5.550000000000001,-5.934550322863927
2.1882,32.823,5.5531250000000005,-5.7846427506832825
2.1882,32.823,5.55625,-5.619902306560771
2.1882,32.823,5.559375,-5.445902816868369
2.1882,32.823,5.5625,-5.268875620065058
2.1882,32.823,5.565625000000001,-5.095512561975105
2.1882,32.823,5.5687500000000005,-4.940746316467014
2.1882,32.823,5.571875,-4.802991036669947
2.1882,32.823,5.575,-4.680017480674524
2.1882,32.823,5.578125,-4.5957799694576345
2.1882,32.823,5.581250000000001,-4.531531015171086
2.1882,32.823,5.5843750000000005,-4.491067659232088
2.1882,32.823,5.5875,-4.4757866011793705
2.1882,32.823,5.590625,-4.492550966509276
2.1882,32.823,5.59375,-4.531852046110756
2.1882,32.823,5.596875000000001,-4.5979181512316165
2.1882,32.823,5.6000000000000005,-4.680833665280294
2.1882,32.823,5.603125,-4.773293340806858
2.1882,32.823,5.60625,-4.89558723777141
2.1882,32.823,5.609375,-5.026267929621525
2.1882,32.823,5.612500000000001,-5.1604795623942845
2.1882,32.823,5.6156250000000005,-5.3011487887136965
2.1882,32.823,5.61875,-5.4477302284647475
2.1882,32.823,5.621875,-5.577658477026675
2.1882,32.823,5.625,-5.695580043003781
2.1882,32.823,5.628125000000001,-5.778451088271178
2.1882,32.823,5.6312500000000005,-5.83387280756334
2.1882,32.823,5.634375,-5.856188296362456
2.1882,32.823,5.6375,-5.838271433274043
2.1882,32.823,5.640625,-5.77054260781787
2.1882,32.823,5.643750000000001,-5.66971100978145
2.1882,32.823,5.6468750000000005,-5.538469439694814
2.1882,32.823,5.65,-5.382890336922925
2.1882,32.823,5.653125,-5.21109253489668
2.1882,32.823,5.65625,-5.042991825746564
2.1882,32.823,5.659375000000001,-4.882381907385089
2.1882,32.823,5.6625000000000005,-4.735160535747111
2.1882,32.823,5.665625,-4.611683746764087
2.1882,32.823,5.66875,-4.510429144591832
2.1882,32.823,5.671875,-4.432187230521028
2.1882,32.823,5.675000000000001,-4.383071074641453
2.1882,32.823,5.6781250000000005,-4.354125470735734
2.1882,32.823,5.68125,-4.3597616006658235
2.1882,32.823,5.684375,-4.3918336385940755
2.1882,32.823,5.6875,-4.439841472392233
2.1882,32.823,5.690625000000001,-4.506775874582813
2.1882,32.823,5.6937500000000005,-4.590780462769338
2.1882,32.823,5.696875,-4.673641614934657
2.1882,32.823,5.7,-4.7757635219875905
2.1882,32.823,5.703125,-4.87563877874134
2.1882,32.823,5.706250000000001,-4.970392418019724
2.1882,32.823,5.7093750000000005,-5.048956922839571
2.1882,32.823,5.7125,-5.107886030214441
2.1882,32.823,5.715625,-5.145756119165373
2.1882,32.823,5.71875,-5.1542343017434895
2.1882,32.823,5.721875000000001,-5.129848082958919
2.1882,32.823,5.7250000000000005,-5.0781910794573095
2.1882,32.823,5.728125,-4.98851150196419
2.1882,32.823,5.73125,-4.869425092198357
2.1882,32.823,5.734375,-4.724275605994059
2.1882,32.823,5.737500000000001,-4.571132893625071
2.1882,32.823,5.7406250000000005,-4.405216872344736
2.1882,32.823,5.74375,-4.2394351242751585
2.1882,32.823,5.746875,-4.0843929634224
2.1882,32.823,5.75,-3.935787949132783
2.1882,32.823,5.753125000000001,-3.8009769571723795
2.1882,32.823,5.7562500000000005,-3.692912284646077
2.1882,32.823,5.759375,-3.6085470032141687
2.1882,32.823,5.7625,-3.5446552745006126
2.1882,32.823,5.765625,-3.508344355353963
2.1882,32.823,5.768750000000001,-3.5031568401301327
2.1882,32.823,5.7718750000000005,-3.518351960105272
2.1882,32.823,5.775,-3.5569807458038327
2.1882,32.823,5.778125,-3.6234959292527686
2.1882,32.823,5.78125,-3.6986093848993784
2.1882,32.823,5.784375000000001,-3.78994551973763
2.1882,32.823,5.7875000000000005,-3.896234690268127
2.1882,32.823,5.790625,-4.014165755700432
2.1882,32.823,5.79375,-4.138637100629548
2.1882,32.823,5.796875,-4.248733712340689
2.1882,32.823,5.800000000000001,-4.353226160604092
2.1882,32.823,5.8031250000000005,-4.444933365626007
2.1882,32.823,5.80625,-4.515049758350643
2.1882,32.823,5.809375,-4.553641044517657
2.1882,32.823,5.8125,-4.566963161461427
2.1882,32.823,5.815625000000001,-4.549531261564215
2.1882,32.823,5.8187500000000005,-4.494638265778035
2.1882,32.823,5.821875,-4.416851897032749
2.1882,32.823,5.825,-4.306802631466625
2.1882,32.823,5.828125,-4.187306258674316
2.1882,32.823,5.831250000000001,-4.055190881366241
2.1882,32.823,5.8343750000000005,-3.921070563827448
2.1882,32.823,5.8375,-3.7863030252994054
2.1882,32.823,5.840625,-3.6593457649021506
2.1882,32.823,5.84375,-3.5566335829754596
2.1882,32.823,5.846875000000001,-3.4692216407686387
2.1882,32.823,5.8500000000000005,-3.4094168045509283
2.1882,32.823,5.853125,-3.3761466041354007
2.1882,32.823,5.85625,-3.364011356950265
2.1882,32.823,5.859375,-3.3682981673622967
2.1882,32.823,5.862500000000001,-3.4076808534217995
2.1882,32.823,5.8656250000000005,-3.463606276717599
2.1882,32.823,5.86875,-3.542377960927379
2.1882,32.823,5.871875,-3.6260156845012443
2.1882,32.823,5.875,-3.7219977954619425
2.1882,32.823,5.878125000000001,-3.8180985772842218
2.1882,32.823,5.8812500000000005,-3.9218982920246432
2.1882,32.823,5.884375,-4.020508633770745
2.1882,32.823,5.8875,-4.11650469563445
2.1882,32.823,5.890625,-4.199832455317192
2.1882,32.823,5.893750000000001,-4.267182736885991
2.1882,32.823,5.8968750000000005,-4.306020979444478
2.1882,32.823,5.9,-4.31870229518123
2.1882,32.823,5.903125,-4.28850866484252
2.1882,32.823,5.90625,-4.2292136721444455
2.1882,32.823,5.909375000000001,-4.131415502682248
2.1882,32.823,5.9125000000000005,-4.002155976452172
2.1882,32.823,5.915625,-3.852814402959577
2.1882,32.823,5.91875,-3.684143274382667
2.1882,32.823,5.921875,-3.5092102269821575
2.1882,32.823,5.925000000000001,-3.3385144057404297
2.1882,32.823,5.9281250000000005,-3.1785510548024156
2.1882,32.823,5.93125,-3.0345308912812023
2.1882,32.823,5.934375,-2.90670596228043
2.1882,32.823,5.9375,-2.814743819677741
2.1882,32.823,5.940625000000001,-2.7508518747610493
2.1882,32.823,5.9437500000000005,-2.708006396225451
2.1882,32.823,5.946875,-2.699488514888522
2.1882,32.823,5.95,-2.7053843337986376
2.1882,32.823,5.953125,-2.747598383668324
2.1882,32.823,5.956250000000001,-2.8068861670746785
2.1882,32.823,5.9593750000000005,-2.892343815727757
2.1882,32.823,5.9625,-2.9889512962542697
2.1882,32.823,5.965625,-3.097870404717071
2.1882,32.823,5.96875,-3.2233276133857673
2.1882,32.823,5.971875000000001,-3.355405605767563
2.1882,32.823,5.9750000000000005,-3.4883552398196787
2.1882,32.823,5.978125,-3.6231007515234377
2.1882,32.823,5.98125,-3.7463231122043212
2.1882,32.823,5.984375,-3.8527690453547154
2.1882,32.823,5.987500000000001,-3.9302444696147742
2.1882,32.823,5.9906250000000005,-3.9827893742481955
2.1882,32.823,5.99375,-4.014468006100081
2.1882,32.823,5.996875,-4.0106885189456545
2.1882,32.823,6,-3.986563776205347
