"Current","Field","Frequency","Spectra"
3.3073,49.61,1,-1.432208411491892
3.3073,49.61,1.003125,-1.3881312359678555
3.3073,49.61,1.00625,-1.3546658704510772
3.3073,49.61,1.0093750000000001,-1.3314677402058528
3.3073,49.61,1.0125,-1.319586082984556
3.3073,49.61,1.015625,-1.3203660385481668
3.3073,49.61,1.01875,-1.3358784775667933
3.3073,49.61,1.021875,-1.356285460546608
3.3073,49.61,1.0250000000000001,-1.396333759149234
3.3073,49.61,1.028125,-1.4445119609430797
3.3073,49.61,1.03125,-1.502818425542182
3.3073,49.61,1.034375,-1.5678090184035474
3.3073,49.61,1.0375,-1.6368864478298906
3.3073,49.61,1.0406250000000001,-1.709357159795363
3.3073,49.61,1.04375,-1.7752245655068009
3.3073,49.61,1.046875,-1.842022311832947
3.3073,49.61,1.05,-1.9087447673918607
3.3073,49.61,1.053125,-1.9604662959307915
3.3073,49.61,1.0562500000000001,-2.005521891426109
3.3073,49.61,1.059375,-2.044887250422823
3.3073,49.61,1.0625,-2.067737834205912
3.3073,49.61,1.065625,-2.0849423683815704
3.3073,49.61,1.06875,-2.0899392203211447
3.3073,49.61,1.0718750000000001,-2.083089655408397
3.3073,49.61,1.0750000000000002,-2.064543758847866
3.3073,49.61,1.078125,-2.037864555837443
3.3073,49.61,1.08125,-1.9993050243869324
3.3073,49.61,1.084375,-1.9517095286172526
3.3073,49.61,1.0875000000000001,-1.896437341311289
3.3073,49.61,1.0906250000000002,-1.8412997306363366
3.3073,49.61,1.09375,-1.786040015925339
3.3073,49.61,1.096875,-1.7221624466612346
3.3073,49.61,1.1,-1.669524560227345
3.3073,49.61,1.1031250000000001,-1.6250823967753836
3.3073,49.61,1.1062500000000002,-1.5737614757202674
3.3073,49.61,1.109375,-1.5428219590407681
3.3073,49.61,1.1125,-1.5221890229662791
3.3073,49.61,1.115625,-1.5171698245364018
3.3073,49.61,1.1187500000000001,-1.5243234339891942
3.3073,49.61,1.1218750000000002,-1.5399314653369678
3.3073,49.61,1.125,-1.5634816723851945
3.3073,49.61,1.128125,-1.5964007227237074
3.3073,49.61,1.13125,-1.6367419458262233
3.3073,49.61,1.1343750000000001,-1.6769789153679893
3.3073,49.61,1.1375000000000002,-1.7203758678837495
3.3073,49.61,1.140625,-1.7549752689672715
3.3073,49.61,1.14375,-1.7818285006097276
3.3073,49.61,1.146875,-1.8044465430451515
3.3073,49.61,1.1500000000000001,-1.819387661672687
3.3073,49.61,1.1531250000000002,-1.8253954854886292
3.3073,49.61,1.15625,-1.8182692741988318
3.3073,49.61,1.159375,-1.805823972150956
3.3073,49.61,1.1625,-1.7882806052338152
3.3073,49.61,1.1656250000000001,-1.7577007833089329
3.3073,49.61,1.1687500000000002,-1.7266068267417602
3.3073,49.61,1.171875,-1.6919542076354994
3.3073,49.61,1.175,-1.6522708223002414
3.3073,49.61,1.178125,-1.6094577072779361
3.3073,49.61,1.1812500000000001,-1.5712425844381925
3.3073,49.61,1.1843750000000002,-1.5331816439231178
3.3073,49.61,1.1875,-1.4965161236340931
3.3073,49.61,1.190625,-1.4692096010923978
3.3073,49.61,1.19375,-1.449532358921635
3.3073,49.61,1.1968750000000001,-1.4346742289183847
3.3073,49.61,1.2000000000000002,-1.430451431819448
3.3073,49.61,1.203125,-1.443111544780317
3.3073,49.61,1.20625,-1.4669307127131854
3.3073,49.61,1.209375,-1.4999235763435035
3.3073,49.61,1.2125000000000001,-1.5466896698596706
3.3073,49.61,1.2156250000000002,-1.605291367445677
3.3073,49.61,1.21875,-1.6659189691691936
3.3073,49.61,1.221875,-1.7356247879650883
3.3073,49.61,1.225,-1.8118934224308263
3.3073,49.61,1.2281250000000001,-1.889407873552361
3.3073,49.61,1.2312500000000002,-1.9583863729909625
3.3073,49.61,1.234375,-2.0226444611978494
3.3073,49.61,1.2375,-2.0732933237036617
3.3073,49.61,1.240625,-2.117065137474321
3.3073,49.61,1.2437500000000001,-2.157106800294341
3.3073,49.61,1.2468750000000002,-2.1838970153938564
3.3073,49.61,1.25,-2.193732901936584
3.3073,49.61,1.253125,-2.1884647322724455
3.3073,49.61,1.25625,-2.1586893152225644
3.3073,49.61,1.2593750000000001,-2.122784956244442
3.3073,49.61,1.2625000000000002,-2.0888724022239584
3.3073,49.61,1.265625,-2.0499201987841094
3.3073,49.61,1.26875,-1.9986436342438216
3.3073,49.61,1.271875,-1.941033438178811
3.3073,49.61,1.2750000000000001,-1.8769791349452067
3.3073,49.61,1.2781250000000002,-1.8131344301361279
3.3073,49.61,1.28125,-1.7582153959417197
3.3073,49.61,1.284375,-1.7218213362879367
3.3073,49.61,1.2875,-1.6828092238674996
3.3073,49.61,1.2906250000000001,-1.6538685664954498
3.3073,49.61,1.2937500000000002,-1.6399533147105125
3.3073,49.61,1.296875,-1.6354847777682808
3.3073,49.61,1.3,-1.6469354160998364
3.3073,49.61,1.303125,-1.6726433381959178
3.3073,49.61,1.3062500000000001,-1.709640275883921
3.3073,49.61,1.3093750000000002,-1.747599802042385
3.3073,49.61,1.3125,-1.799773234522113
3.3073,49.61,1.315625,-1.8554945022718152
3.3073,49.61,1.31875,-1.9062775169501123
3.3073,49.61,1.3218750000000001,-1.9561369640579724
3.3073,49.61,1.3250000000000002,-2.000746492945824
3.3073,49.61,1.328125,-2.036120242399387
3.3073,49.61,1.33125,-2.0628933914272616
3.3073,49.61,1.334375,-2.0770412032311465
3.3073,49.61,1.3375000000000001,-2.08042643690516
3.3073,49.61,1.3406250000000002,-2.0747615756242404
3.3073,49.61,1.34375,-2.0591650543056366
3.3073,49.61,1.346875,-2.0335415988151135
3.3073,49.61,1.35,-2.0008764228703075
3.3073,49.61,1.3531250000000001,-1.958895641057281
3.3073,49.61,1.3562500000000002,-1.9131379170031073
3.3073,49.61,1.359375,-1.864436716457686
3.3073,49.61,1.3625,-1.8089147759422766
3.3073,49.61,1.365625,-1.751959232218844
3.3073,49.61,1.3687500000000001,-1.700655719393821
3.3073,49.61,1.3718750000000002,-1.6484531613152453
3.3073,49.61,1.375,-1.6079790823915077
3.3073,49.61,1.378125,-1.57147349267041
3.3073,49.61,1.38125,-1.547227857476422
3.3073,49.61,1.3843750000000001,-1.5288666175006242
3.3073,49.61,1.3875000000000002,-1.5244913390901114
3.3073,49.61,1.390625,-1.5386127199713004
3.3073,49.61,1.39375,-1.5683474093227279
3.3073,49.61,1.396875,-1.611890800485848
3.3073,49.61,1.4000000000000001,-1.668898557462177
3.3073,49.61,1.4031250000000002,-1.7310106901620497
3.3073,49.61,1.40625,-1.8025944416132156
3.3073,49.61,1.409375,-1.8762171285945952
3.3073,49.61,1.4125,-1.95673609570044
3.3073,49.61,1.4156250000000001,-2.0306817717330974
3.3073,49.61,1.4187500000000002,-2.1012418141096636
3.3073,49.61,1.421875,-2.1629817815677606
3.3073,49.61,1.425,-2.208151365642129
3.3073,49.61,1.428125,-2.247149085331548
3.3073,49.61,1.4312500000000001,-2.272783407941694
3.3073,49.61,1.4343750000000002,-2.280860972225889
3.3073,49.61,1.4375,-2.281787856444835
3.3073,49.61,1.440625,-2.266636423364882
3.3073,49.61,1.44375,-2.243903210151819
3.3073,49.61,1.4468750000000001,-2.214820935686646
3.3073,49.61,1.4500000000000002,-2.175778465596998
3.3073,49.61,1.453125,-2.132468594236063
3.3073,49.61,1.45625,-2.086297085238606
3.3073,49.61,1.459375,-2.036725666630939
3.3073,49.61,1.4625000000000001,-1.9914722439373964
3.3073,49.61,1.4656250000000002,-1.947156813490233
3.3073,49.61,1.46875,-1.91001085462033
3.3073,49.61,1.471875,-1.874229290581586
3.3073,49.61,1.475,-1.84898378854454
3.3073,49.61,1.4781250000000001,-1.8357973113627892
3.3073,49.61,1.4812500000000002,-1.8299169141087568
3.3073,49.61,1.484375,-1.8329998408093622
3.3073,49.61,1.4875,-1.850821005362784
3.3073,49.61,1.490625,-1.8773528594830036
3.3073,49.61,1.4937500000000001,-1.915028387236941
3.3073,49.61,1.4968750000000002,-1.9603020196872667
3.3073,49.61,1.5,-2.0092288124330793
3.3073,49.61,1.503125,-2.062309259820388
3.3073,49.61,1.50625,-2.1157259846162066
3.3073,49.61,1.5093750000000001,-2.166341111762598
3.3073,49.61,1.5125000000000002,-2.2129134384536373
3.3073,49.61,1.515625,-2.252612822142334
3.3073,49.61,1.51875,-2.2890562838609245
3.3073,49.61,1.521875,-2.302205478149369
3.3073,49.61,1.5250000000000001,-2.304852202630519
3.3073,49.61,1.5281250000000002,-2.2961161207271195
3.3073,49.61,1.53125,-2.2778695774166238
3.3073,49.61,1.534375,-2.2464264358534036
3.3073,49.61,1.5375,-2.208225079119825
3.3073,49.61,1.5406250000000001,-2.16287058087289
3.3073,49.61,1.5437500000000002,-2.1071402925645284
3.3073,49.61,1.546875,-2.0468094115737783
3.3073,49.61,1.55,-1.9864067730249688
3.3073,49.61,1.553125,-1.9268440837666188
3.3073,49.61,1.5562500000000001,-1.8697370226134489
3.3073,49.61,1.5593750000000002,-1.8240715581775708
3.3073,49.61,1.5625,-1.7786544147086538
3.3073,49.61,1.565625,-1.7478129407247642
3.3073,49.61,1.56875,-1.7306549224279468
3.3073,49.61,1.5718750000000001,-1.7295718677560252
3.3073,49.61,1.5750000000000002,-1.734492574698462
3.3073,49.61,1.578125,-1.7570064958610752
3.3073,49.61,1.58125,-1.7908685417948023
3.3073,49.61,1.584375,-1.8356944146852905
3.3073,49.61,1.5875000000000001,-1.8909330999344978
3.3073,49.61,1.5906250000000002,-1.9517340262144312
3.3073,49.61,1.59375,-2.0139485215896653
3.3073,49.61,1.596875,-2.0794008874862118
3.3073,49.61,1.6,-2.1382065966144577
3.3073,49.61,1.6031250000000001,-2.1934436562405364
3.3073,49.61,1.6062500000000002,-2.2398773660741043
3.3073,49.61,1.609375,-2.2807386549196664
3.3073,49.61,1.6125,-2.3100239659887145
3.3073,49.61,1.615625,-2.3311431616010596
3.3073,49.61,1.6187500000000001,-2.341703407510628
3.3073,49.61,1.6218750000000002,-2.3430560490641135
3.3073,49.61,1.625,-2.3352273287761607
3.3073,49.61,1.628125,-2.3165738310326636
3.3073,49.61,1.63125,-2.2939472708646207
3.3073,49.61,1.6343750000000001,-2.2652702745269346
3.3073,49.61,1.6375000000000002,-2.229335895104828
3.3073,49.61,1.640625,-2.1949732353440297
3.3073,49.61,1.64375,-2.154503360155862
3.3073,49.61,1.646875,-2.1162195554291543
3.3073,49.61,1.6500000000000001,-2.0795543447695493
3.3073,49.61,1.6531250000000002,-2.0518632618013544
3.3073,49.61,1.65625,-2.0333508042274775
3.3073,49.61,1.659375,-2.020798446935385
3.3073,49.61,1.6625,-2.01903475069054
3.3073,49.61,1.6656250000000001,-2.026798691219226
3.3073,49.61,1.6687500000000002,-2.0452004278370857
3.3073,49.61,1.671875,-2.0739372934844575
3.3073,49.61,1.675,-2.112803799040839
3.3073,49.61,1.678125,-2.158674744769806
3.3073,49.61,1.6812500000000001,-2.209374106271869
3.3073,49.61,1.6843750000000002,-2.2631384272007664
3.3073,49.61,1.6875,-2.3171017534914125
3.3073,49.61,1.690625,-2.3638680204630673
3.3073,49.61,1.69375,-2.4066787079371017
3.3073,49.61,1.6968750000000001,-2.437869248077623
3.3073,49.61,1.7000000000000002,-2.4624844248738498
3.3073,49.61,1.703125,-2.469967117552406
3.3073,49.61,1.70625,-2.4732723908653367
3.3073,49.61,1.709375,-2.4660049650003706
3.3073,49.61,1.7125000000000001,-2.447742682943645
3.3073,49.61,1.7156250000000002,-2.420704956508998
3.3073,49.61,1.71875,-2.3875950798576966
3.3073,49.61,1.721875,-2.344777056414786
3.3073,49.61,1.725,-2.3013663200639507
3.3073,49.61,1.7281250000000001,-2.2516773580205687
3.3073,49.61,1.7312500000000002,-2.1999392790666006
3.3073,49.61,1.734375,-2.1509660486762012
3.3073,49.61,1.7375,-2.104332536646681
3.3073,49.61,1.740625,-2.058238922083007
3.3073,49.61,1.7437500000000001,-2.0190011087021613
3.3073,49.61,1.7468750000000002,-1.9825536738974323
3.3073,49.61,1.75,-1.9563610115115937
3.3073,49.61,1.753125,-1.9390286341132337
3.3073,49.61,1.75625,-1.9355760846508507
3.3073,49.61,1.7593750000000001,-1.9447150144230088
3.3073,49.61,1.7625000000000002,-1.9679207881244134
3.3073,49.61,1.765625,-2.002130475981315
3.3073,49.61,1.76875,-2.047986333577945
3.3073,49.61,1.771875,-2.100905453785424
3.3073,49.61,1.7750000000000001,-2.1559846697094405
3.3073,49.61,1.7781250000000002,-2.216076510177393
3.3073,49.61,1.78125,-2.2772269928966145
3.3073,49.61,1.784375,-2.3344078826895793
3.3073,49.61,1.7875,-2.383652406175788
3.3073,49.61,1.7906250000000001,-2.4289827160192665
3.3073,49.61,1.7937500000000002,-2.4527633304817194
3.3073,49.61,1.7968750000000002,-2.4715198266954403
3.3073,49.61,1.8,-2.475480013773405
3.3073,49.61,1.803125,-2.4675024283225575
3.3073,49.61,1.8062500000000001,-2.4524067981315736
3.3073,49.61,1.8093750000000002,-2.4232830593273174
3.3073,49.61,1.8125000000000002,-2.39134742540399
3.3073,49.61,1.815625,-2.3515508036568376
3.3073,49.61,1.81875,-2.3074350539273922
3.3073,49.61,1.8218750000000001,-2.26607150652654
3.3073,49.61,1.8250000000000002,-2.2220458646786834
3.3073,49.61,1.8281250000000002,-2.1833133482518567
3.3073,49.61,1.83125,-2.15085065259352
3.3073,49.61,1.834375,-2.124241753614556
3.3073,49.61,1.8375000000000001,-2.1106110107638894
3.3073,49.61,1.8406250000000002,-2.100732783369009
3.3073,49.61,1.8437500000000002,-2.1075239891010162
3.3073,49.61,1.846875,-2.1212347203333124
3.3073,49.61,1.85,-2.149492984503645
3.3073,49.61,1.8531250000000001,-2.1853361728633818
3.3073,49.61,1.8562500000000002,-2.232733206150958
3.3073,49.61,1.8593750000000002,-2.2921292710538492
3.3073,49.61,1.8625,-2.3569026233972172
3.3073,49.61,1.865625,-2.420831073710795
3.3073,49.61,1.8687500000000001,-2.4897242892933327
3.3073,49.61,1.8718750000000002,-2.5521915060573193
3.3073,49.61,1.8750000000000002,-2.6108391497054524
3.3073,49.61,1.878125,-2.6587559669632324
3.3073,49.61,1.88125,-2.697562525604642
3.3073,49.61,1.8843750000000001,-2.7255611928321395
3.3073,49.61,1.8875000000000002,-2.7408934869075345
3.3073,49.61,1.8906250000000002,-2.74190148676149
3.3073,49.61,1.89375,-2.7307642180481757
3.3073,49.61,1.896875,-2.703555381771138
3.3073,49.61,1.9000000000000001,-2.6651787814016648
3.3073,49.61,1.9031250000000002,-2.6213478965706156
3.3073,49.61,1.9062500000000002,-2.5651565050815135
3.3073,49.61,1.909375,-2.5043984097916496
3.3073,49.61,1.9125,-2.4426929623086258
3.3073,49.61,1.9156250000000001,-2.3732981875149552
3.3073,49.61,1.9187500000000002,-2.3082172517578883
3.3073,49.61,1.9218750000000002,-2.2487981567959774
3.3073,49.61,1.925,-2.1935461762519632
3.3073,49.61,1.928125,-2.139073256620629
3.3073,49.61,1.9312500000000001,-2.1054647919347724
3.3073,49.61,1.9343750000000002,-2.0807407676174714
3.3073,49.61,1.9375000000000002,-2.067548840939804
3.3073,49.61,1.940625,-2.0675779667534093
3.3073,49.61,1.94375,-2.085785711242876
3.3073,49.61,1.9468750000000001,-2.116686981631978
3.3073,49.61,1.9500000000000002,-2.156200431362857
3.3073,49.61,1.9531250000000002,-2.2062718797271366
3.3073,49.61,1.95625,-2.267243168767273
3.3073,49.61,1.959375,-2.331742295103422
3.3073,49.61,1.9625000000000001,-2.3960169733694805
3.3073,49.61,1.9656250000000002,-2.4545179443478644
3.3073,49.61,1.9687500000000002,-2.5114902265894123
3.3073,49.61,1.971875,-2.5572297930147263
3.3073,49.61,1.975,-2.5906334086511507
3.3073,49.61,1.9781250000000001,-2.617653428506527
3.3073,49.61,1.9812500000000002,-2.6295041985507392
3.3073,49.61,1.9843750000000002,-2.624940694057907
3.3073,49.61,1.9875,-2.6140699153305933
3.3073,49.61,1.990625,-2.591210708081641
3.3073,49.61,1.9937500000000001,-2.5583624889372274
3.3073,49.61,1.9968750000000002,-2.5185674558503823
3.3073,49.61,2,-2.4697221534651033
3.3073,49.61,2.0031250000000003,-2.4163585687088225
3.3073,49.61,2.00625,-2.3641311697001917
3.3073,49.61,2.009375,-2.3126558030951783
3.3073,49.61,2.0125,-2.263505236036808
3.3073,49.61,2.015625,-2.21996915524805
3.3073,49.61,2.0187500000000003,-2.1844963574121294
3.3073,49.61,2.021875,-2.164787564853376
3.3073,49.61,2.025,-2.155527027619688
3.3073,49.61,2.028125,-2.161674878421779
3.3073,49.61,2.03125,-2.1840583984111857
3.3073,49.61,2.0343750000000003,-2.2279736583225724
3.3073,49.61,2.0375,-2.289577596885967
3.3073,49.61,2.040625,-2.3621564913921382
3.3073,49.61,2.04375,-2.446251932675518
3.3073,49.61,2.046875,-2.5385036249474577
3.3073,49.61,2.0500000000000003,-2.6335599833434364
3.3073,49.61,2.053125,-2.7300491481403064
3.3073,49.61,2.05625,-2.817467927086108
3.3073,49.61,2.059375,-2.893110238479881
3.3073,49.61,2.0625,-2.9519362931445112
3.3073,49.61,2.0656250000000003,-2.9920657935721957
3.3073,49.61,2.06875,-3.0158766826480647
3.3073,49.61,2.071875,-3.018277566921077
3.3073,49.61,2.075,-3.0059484715912994
3.3073,49.61,2.078125,-2.9796638532068505
3.3073,49.61,2.0812500000000003,-2.9364648914844
3.3073,49.61,2.084375,-2.8863440923260213
3.3073,49.61,2.0875,-2.8235393522840324
3.3073,49.61,2.090625,-2.7565942712126073
3.3073,49.61,2.09375,-2.686065923901891
3.3073,49.61,2.0968750000000003,-2.608972185050092
3.3073,49.61,2.1,-2.536353419884833
3.3073,49.61,2.103125,-2.462510727479666
3.3073,49.61,2.10625,-2.3979348956063102
3.3073,49.61,2.109375,-2.336901344216708
3.3073,49.61,2.1125000000000003,-2.287056349768967
3.3073,49.61,2.115625,-2.2481970477154842
3.3073,49.61,2.11875,-2.2198945665136387
3.3073,49.61,2.121875,-2.2057273896983496
3.3073,49.61,2.125,-2.210454196551907
3.3073,49.61,2.1281250000000003,-2.2267899673055926
3.3073,49.61,2.13125,-2.263294259317818
3.3073,49.61,2.134375,-2.3160640290747043
3.3073,49.61,2.1375,-2.3825118363345608
3.3073,49.61,2.140625,-2.4589584507868043
3.3073,49.61,2.1437500000000003,-2.538795963898254
3.3073,49.61,2.146875,-2.620845012458651
3.3073,49.61,2.1500000000000004,-2.699557301157807
3.3073,49.61,2.153125,-2.773434019902613
3.3073,49.61,2.15625,-2.8362989495984845
3.3073,49.61,2.1593750000000003,-2.88263793933276
3.3073,49.61,2.1625,-2.9138272526720694
3.3073,49.61,2.1656250000000004,-2.92299090919575
3.3073,49.61,2.16875,-2.919874531230418
3.3073,49.61,2.171875,-2.8945523923658416
3.3073,49.61,2.1750000000000003,-2.8632365931365804
3.3073,49.61,2.178125,-2.8219727277837086
3.3073,49.61,2.1812500000000004,-2.7701594200069035
3.3073,49.61,2.184375,-2.713385547183132
3.3073,49.61,2.1875,-2.661509764320436
3.3073,49.61,2.1906250000000003,-2.6056928679494833
3.3073,49.61,2.19375,-2.5598952404258695
3.3073,49.61,2.1968750000000004,-2.52374070292937
3.3073,49.61,2.2,-2.4975498447152313
3.3073,49.61,2.203125,-2.488203461700658
3.3073,49.61,2.2062500000000003,-2.4962693980538377
3.3073,49.61,2.209375,-2.5256528786827843
3.3073,49.61,2.2125000000000004,-2.5715770749566507
3.3073,49.61,2.215625,-2.6394201317486576
3.3073,49.61,2.21875,-2.7229673821044993
3.3073,49.61,2.2218750000000003,-2.8261921686788765
3.3073,49.61,2.225,-2.9424016853706014
3.3073,49.61,2.2281250000000004,-3.0757153072068517
3.3073,49.61,2.23125,-3.207265889382218
3.3073,49.61,2.234375,-3.334265401846425
3.3073,49.61,2.2375000000000003,-3.458024934564289
3.3073,49.61,2.240625,-3.571989879000728
3.3073,49.61,2.2437500000000004,-3.6730455525251315
3.3073,49.61,2.246875,-3.7650473460145353
3.3073,49.61,2.25,-3.8412697806936995
3.3073,49.61,2.2531250000000003,-3.90236396042063
3.3073,49.61,2.25625,-3.9400225553695782
3.3073,49.61,2.2593750000000004,-3.960038807468449
3.3073,49.61,2.2625,-3.9549648161065836
3.3073,49.61,2.265625,-3.9225641663597193
3.3073,49.61,2.2687500000000003,-3.8670883875087823
3.3073,49.61,2.271875,-3.7932154282390567
3.3073,49.61,2.2750000000000004,-3.704114832810485
3.3073,49.61,2.278125,-3.599769966485442
3.3073,49.61,2.28125,-3.4845104707559043
3.3073,49.61,2.2843750000000003,-3.369638128406179
3.3073,49.61,2.2875,-3.2552617830427053
3.3073,49.61,2.2906250000000004,-3.144365131558926
3.3073,49.61,2.29375,-3.038505605978361
3.3073,49.61,2.296875,-2.9447890533434107
3.3073,49.61,2.3000000000000003,-2.867981854550867
3.3073,49.61,2.303125,-2.800677677876103
3.3073,49.61,2.3062500000000004,-2.752739823793746
3.3073,49.61,2.309375,-2.721894566833978
3.3073,49.61,2.3125,-2.7096972627384686
3.3073,49.61,2.3156250000000003,-2.71857037447785
3.3073,49.61,2.31875,-2.747310258651065
3.3073,49.61,2.3218750000000004,-2.786151604423135
3.3073,49.61,2.325,-2.841795206167685
3.3073,49.61,2.328125,-2.9088673880185745
3.3073,49.61,2.3312500000000003,-2.9757709083110786
3.3073,49.61,2.334375,-3.0462674637152642
3.3073,49.61,2.3375000000000004,-3.108285964271256
3.3073,49.61,2.340625,-3.1573025830825374
3.3073,49.61,2.34375,-3.1989071109141687
3.3073,49.61,2.3468750000000003,-3.2241091532027633
3.3073,49.61,2.35,-3.235371390783244
3.3073,49.61,2.3531250000000004,-3.23081115000752
3.3073,49.61,2.35625,-3.211126995029907
3.3073,49.61,2.359375,-3.17524208409085
3.3073,49.61,2.3625000000000003,-3.128578283554411
3.3073,49.61,2.365625,-3.069532633301892
3.3073,49.61,2.3687500000000004,-3.0016285913292204
3.3073,49.61,2.371875,-2.925446955731967
3.3073,49.61,2.375,-2.8434898111017075
3.3073,49.61,2.3781250000000003,-2.7614416429361532
3.3073,49.61,2.38125,-2.6780337049583065
3.3073,49.61,2.3843750000000004,-2.599531570030348
3.3073,49.61,2.3875,-2.5253555146432904
3.3073,49.61,2.390625,-2.458530127174186
3.3073,49.61,2.3937500000000003,-2.401276297050229
3.3073,49.61,2.396875,-2.3632179290440085
3.3073,49.61,2.4000000000000004,-2.3407866344892185
3.3073,49.61,2.403125,-2.340621245497947
3.3073,49.61,2.40625,-2.3590675921429414
3.3073,49.61,2.4093750000000003,-2.397610473224846
3.3073,49.61,2.4125,-2.462238779655151
3.3073,49.61,2.4156250000000004,-2.5477553439839595
3.3073,49.61,2.41875,-2.6593713140501847
3.3073,49.61,2.421875,-2.8038683819059096
3.3073,49.61,2.4250000000000003,-3.0099710654764693
3.3073,49.61,2.428125,-3.365222170502334
3.3073,49.61,2.4312500000000004,-4.02695428284624
3.3073,49.61,2.434375,-4.179023996281689
3.3073,49.61,2.4375,-3.6603829144702997
3.3073,49.61,2.4406250000000003,-3.431246614195209
3.3073,49.61,2.44375,-3.341051568418609
3.3073,49.61,2.4468750000000004,-3.291290931523559
3.3073,49.61,2.45,-3.24832506985723
3.3073,49.61,2.453125,-3.198921713159175
3.3073,49.61,2.4562500000000003,-3.138304633898173
3.3073,49.61,2.459375,-3.0666725217042163
3.3073,49.61,2.4625000000000004,-2.9813432515330414
3.3073,49.61,2.465625,-2.894388248578528
3.3073,49.61,2.46875,-2.801059120189913
3.3073,49.61,2.4718750000000003,-2.712003532336303
3.3073,49.61,2.475,-2.623206716814927
3.3073,49.61,2.4781250000000004,-2.5435348736259926
3.3073,49.61,2.48125,-2.4639600703279334
3.3073,49.61,2.484375,-2.4007481373213038
3.3073,49.61,2.4875000000000003,-2.3445173743138854
3.3073,49.61,2.490625,-2.3022179564116834
3.3073,49.61,2.4937500000000004,-2.2787265588560013
3.3073,49.61,2.496875,-2.273877423812386
3.3073,49.61,2.5,-2.2848544710478884
3.3073,49.61,2.5031250000000003,-2.31539581933538
3.3073,49.61,2.50625,-2.3596580803601594
3.3073,49.61,2.5093750000000004,-2.41347724808827
3.3073,49.61,2.5125,-2.4810641163306215
3.3073,49.61,2.515625,-2.5519043098570275
3.3073,49.61,2.5187500000000003,-2.633440416340141
3.3073,49.61,2.521875,-2.7128793863108944
3.3073,49.61,2.5250000000000004,-2.7877340119457945
3.3073,49.61,2.528125,-2.8571796168181045
3.3073,49.61,2.53125,-2.912223381830855
3.3073,49.61,2.5343750000000003,-2.9527465628920306
3.3073,49.61,2.5375,-2.9760337757271618
3.3073,49.61,2.5406250000000004,-2.982284837632185
3.3073,49.61,2.54375,-2.9735693942757284
3.3073,49.61,2.546875,-2.9441165094250255
3.3073,49.61,2.5500000000000003,-2.896917287363609
3.3073,49.61,2.553125,-2.8381716991358896
3.3073,49.61,2.5562500000000004,-2.767986769281829
3.3073,49.61,2.559375,-2.679429427643996
3.3073,49.61,2.5625,-2.5950063653446036
3.3073,49.61,2.5656250000000003,-2.49934725007293
3.3073,49.61,2.56875,-2.4110264144041844
3.3073,49.61,2.5718750000000004,-2.3263592270908258
3.3073,49.61,2.575,-2.2534455729238996
3.3073,49.61,2.578125,-2.1922990178622954
3.3073,49.61,2.5812500000000003,-2.1488415024087413
3.3073,49.61,2.584375,-2.1224056852098037
3.3073,49.61,2.5875000000000004,-2.116371607249294
3.3073,49.61,2.590625,-2.129571735113532
3.3073,49.61,2.59375,-2.164540191273284
3.3073,49.61,2.5968750000000003,-2.217229929926052
3.3073,49.61,2.6,-2.2861005260161877
3.3073,49.61,2.6031250000000004,-2.3753526215150114
3.3073,49.61,2.60625,-2.458847755910356
3.3073,49.61,2.609375,-2.553828961982556
3.3073,49.61,2.6125000000000003,-2.640834683333096
3.3073,49.61,2.615625,-2.719891119152409
3.3073,49.61,2.6187500000000004,-2.7887057095833354
3.3073,49.61,2.621875,-2.8465552644053105
3.3073,49.61,2.625,-2.8941820724905583
3.3073,49.61,2.6281250000000003,-2.9217143591461077
3.3073,49.61,2.63125,-2.933869191803601
3.3073,49.61,2.6343750000000004,-2.932347064662041
3.3073,49.61,2.6375,-2.9135943230844514
3.3073,49.61,2.640625,-2.883466796177876
3.3073,49.61,2.6437500000000003,-2.843664321932865
3.3073,49.61,2.646875,-2.7953231657287
3.3073,49.61,2.6500000000000004,-2.7395275721214594
3.3073,49.61,2.653125,-2.685938669336849
3.3073,49.61,2.65625,-2.6240424015842785
3.3073,49.61,2.6593750000000003,-2.56287416333167
3.3073,49.61,2.6625,-2.5052845120092853
3.3073,49.61,2.6656250000000004,-2.454885420942628
3.3073,49.61,2.66875,-2.4107690337142462
3.3073,49.61,2.671875,-2.37975506466272
3.3073,49.61,2.6750000000000003,-2.3593768568449476
3.3073,49.61,2.678125,-2.3518626645679652
3.3073,49.61,2.6812500000000004,-2.362640878040441
3.3073,49.61,2.684375,-2.3888073368723486
3.3073,49.61,2.6875,-2.429725768589576
3.3073,49.61,2.6906250000000003,-2.4861033362261913
3.3073,49.61,2.69375,-2.5527442390817754
3.3073,49.61,2.6968750000000004,-2.6297673611491112
3.3073,49.61,2.7,-2.713140582168838
3.3073,49.61,2.703125,-2.8007957972945823
3.3073,49.61,2.7062500000000003,-2.8802110305879634
3.3073,49.61,2.709375,-2.9530059832170648
3.3073,49.61,2.7125000000000004,-3.0149679828531006
3.3073,49.61,2.715625,-3.062579104219611
3.3073,49.61,2.71875,-3.0952381104227533
3.3073,49.61,2.7218750000000003,-3.1116874747001892
3.3073,49.61,2.725,-3.115604704436069
3.3073,49.61,2.7281250000000004,-3.105580063851879
3.3073,49.61,2.73125,-3.081039349681705
3.3073,49.61,2.734375,-3.0461281047328925
3.3073,49.61,2.7375000000000003,-3.01662069515329
3.3073,49.61,2.740625,-2.9767299352866754
3.3073,49.61,2.7437500000000004,-2.9701360125548604
3.3073,49.61,2.746875,-2.9821431563609746
3.3073,49.61,2.75,-3.0828500182576972
3.3073,49.61,2.7531250000000003,-3.0808922984175524
3.3073,49.61,2.75625,-2.905896327230299
3.3073,49.61,2.7593750000000004,-2.7849642890758846
3.3073,49.61,2.7625,-2.701625022697675
3.3073,49.61,2.765625,-2.6403399706716013
3.3073,49.61,2.7687500000000003,-2.620167281055141
3.3073,49.61,2.771875,-2.6196445356846114
3.3073,49.61,2.7750000000000004,-2.6514343900506883
3.3073,49.61,2.778125,-2.6969180711468397
3.3073,49.61,2.78125,-2.7549052081508068
3.3073,49.61,2.7843750000000003,-2.8283583741441447
3.3073,49.61,2.7875,-2.9101259732824287
3.3073,49.61,2.7906250000000004,-2.996237683561912
3.3073,49.61,2.79375,-3.0887000395750523
3.3073,49.61,2.796875,-3.1765983743085027
3.3073,49.61,2.8000000000000003,-3.262712463073663
3.3073,49.61,2.803125,-3.3347610042494678
3.3073,49.61,2.8062500000000004,-3.3949237984553644
3.3073,49.61,2.809375,-3.4389079182839657
3.3073,49.61,2.8125,-3.468623199443643
3.3073,49.61,2.8156250000000003,-3.481526885480797
3.3073,49.61,2.81875,-3.4773386149547685
3.3073,49.61,2.8218750000000004,-3.463572028188888
3.3073,49.61,2.825,-3.433916528075262
3.3073,49.61,2.828125,-3.391787345026081
3.3073,49.61,2.8312500000000003,-3.3428157510149035
3.3073,49.61,2.834375,-3.285083543182875
3.3073,49.61,2.8375000000000004,-3.224783857972218
3.3073,49.61,2.840625,-3.1680028452888465
3.3073,49.61,2.84375,-3.1124335589516736
3.3073,49.61,2.8468750000000003,-3.0685349837048066
3.3073,49.61,2.85,-3.0276136732960905
3.3073,49.61,2.8531250000000004,-3.00697485542359
3.3073,49.61,2.85625,-3.0198844292462628
3.3073,49.61,2.859375,-3.0254891478175523
3.3073,49.61,2.8625000000000003,-3.080057403598986
3.3073,49.61,2.865625,-3.143429992011569
3.3073,49.61,2.8687500000000004,-3.1898209457716513
3.3073,49.61,2.871875,-3.2194785699408133
3.3073,49.61,2.875,-3.310638623813314
3.3073,49.61,2.8781250000000003,-3.395955409033043
3.3073,49.61,2.88125,-3.4792253825653634
3.3073,49.61,2.8843750000000004,-3.56316911465985
3.3073,49.61,2.8875,-3.6463224400562555
3.3073,49.61,2.890625,-3.719531127023629
3.3073,49.61,2.8937500000000003,-3.788300991450566
3.3073,49.61,2.896875,-3.8448712625995713
3.3073,49.61,2.9000000000000004,-3.890382670812807
3.3073,49.61,2.903125,-3.9235075407282762
3.3073,49.61,2.90625,-3.9390242039582235
3.3073,49.61,2.9093750000000003,-3.9417797436696578
3.3073,49.61,2.9125,-3.9343121679662656
3.3073,49.61,2.9156250000000004,-3.9131402686489265
3.3073,49.61,2.91875,-3.8835634695798875
3.3073,49.61,2.921875,-3.8495466523569037
3.3073,49.61,2.9250000000000003,-3.806910202138684
3.3073,49.61,2.928125,-3.756774819144757
3.3073,49.61,2.9312500000000004,-3.7042375017494376
3.3073,49.61,2.934375,-3.6495110381217244
3.3073,49.61,2.9375,-3.593967412206811
3.3073,49.61,2.9406250000000003,-3.5444208214080803
3.3073,49.61,2.94375,-3.5006886077126502
3.3073,49.61,2.9468750000000004,-3.462412121934218
3.3073,49.61,2.95,-3.4345995987497253
3.3073,49.61,2.953125,-3.4153430354790943
3.3073,49.61,2.9562500000000003,-3.4140239681739755
3.3073,49.61,2.959375,-3.425396703969214
3.3073,49.61,2.9625000000000004,-3.45059187282472
3.3073,49.61,2.965625,-3.4897023957459536
3.3073,49.61,2.96875,-3.5426151307142053
3.3073,49.61,2.9718750000000003,-3.5983754490299065
3.3073,49.61,2.975,-3.659417408496248
3.3073,49.61,2.9781250000000004,-3.7190459497603956
3.3073,49.61,2.98125,-3.7734062805595108
3.3073,49.61,2.984375,-3.81197585170433
3.3073,49.61,2.9875000000000003,-3.8408056512683144
3.3073,49.61,2.990625,-3.852202164271774
3.3073,49.61,2.9937500000000004,-3.8469157734894526
3.3073,49.61,2.996875,-3.819933371354696
3.3073,49.61,3,-3.7826890237172743
3.3073,49.61,3.0031250000000003,-3.733538972472564
3.3073,49.61,3.00625,-3.6690403039319834
3.3073,49.61,3.0093750000000004,-3.59514027146258
3.3073,49.61,3.0125,-3.5192946102504097
3.3073,49.61,3.015625,-3.440876061392479
3.3073,49.61,3.0187500000000003,-3.365152644981546
3.3073,49.61,3.021875,-3.2890455946498443
3.3073,49.61,3.0250000000000004,-3.2202802561612973
3.3073,49.61,3.028125,-3.1618058396759214
3.3073,49.61,3.03125,-3.110402549279165
3.3073,49.61,3.0343750000000003,-3.0738524139987695
3.3073,49.61,3.0375,-3.050282193350571
3.3073,49.61,3.0406250000000004,-3.0376857534560022
3.3073,49.61,3.04375,-3.04478950104071
3.3073,49.61,3.046875,-3.068911523914102
3.3073,49.61,3.0500000000000003,-3.1033831370809946
3.3073,49.61,3.053125,-3.1521279796003925
3.3073,49.61,3.0562500000000004,-3.207441703254121
3.3073,49.61,3.059375,-3.271983128219354
3.3073,49.61,3.0625,-3.341946548646364
3.3073,49.61,3.0656250000000003,-3.414936342983607
3.3073,49.61,3.06875,-3.4844858498754143
3.3073,49.61,3.0718750000000004,-3.5438884744620536
3.3073,49.61,3.075,-3.5972526820086093
3.3073,49.61,3.078125,-3.6383146561515565
3.3073,49.61,3.0812500000000003,-3.6674853326953616
3.3073,49.61,3.084375,-3.6803485208960067
3.3073,49.61,3.0875000000000004,-3.675847766565403
3.3073,49.61,3.090625,-3.6608171265920615
3.3073,49.61,3.09375,-3.638005630540767
3.3073,49.61,3.0968750000000003,-3.615981845843103
3.3073,49.61,3.1,-3.5840711215730274
3.3073,49.61,3.1031250000000004,-3.550968530949241
3.3073,49.61,3.10625,-3.4980896588809025
3.3073,49.61,3.109375,-3.4311828452398023
3.3073,49.61,3.1125000000000003,-3.3605666176081628
3.3073,49.61,3.115625,-3.277582409690418
3.3073,49.61,3.1187500000000004,-3.202748028903643
3.3073,49.61,3.121875,-3.140255319742846
3.3073,49.61,3.125,-3.0888182056723172
3.3073,49.61,3.1281250000000003,-3.0488605222066836
3.3073,49.61,3.13125,-3.0243727831983422
3.3073,49.61,3.1343750000000004,-3.0224344123803277
3.3073,49.61,3.1375,-3.0369442544680507
3.3073,49.61,3.140625,-3.0676522097454226
3.3073,49.61,3.1437500000000003,-3.112695955545162
3.3073,49.61,3.146875,-3.1737883338421353
3.3073,49.61,3.1500000000000004,-3.2417108961452556
3.3073,49.61,3.153125,-3.318628345097216
3.3073,49.61,3.15625,-3.3953603852118412
3.3073,49.61,3.1593750000000003,-3.4762209550402328
3.3073,49.61,3.1625,-3.549201456181947
3.3073,49.61,3.1656250000000004,-3.61435336165675
3.3073,49.61,3.16875,-3.6646354170833884
3.3073,49.61,3.171875,-3.702195169911665
3.3073,49.61,3.1750000000000003,-3.7258933668091556
3.3073,49.61,3.178125,-3.735018550425566
3.3073,49.61,3.1812500000000004,-3.7271560780069364
3.3073,49.61,3.184375,-3.7122832487505253
3.3073,49.61,3.1875,-3.6818115636134023
3.3073,49.61,3.1906250000000003,-3.644504218915563
3.3073,49.61,3.19375,-3.599217105934726
3.3073,49.61,3.1968750000000004,-3.54440951967198
3.3073,49.61,3.2,-3.493342616907155
3.3073,49.61,3.203125,-3.439280239235982
3.3073,49.61,3.2062500000000003,-3.381897565740919
3.3073,49.61,3.209375,-3.330858243581078
3.3073,49.61,3.2125000000000004,-3.289611022404752
3.3073,49.61,3.215625,-3.2550281604768783
3.3073,49.61,3.21875,-3.229624377103248
3.3073,49.61,3.2218750000000003,-3.221444827085571
3.3073,49.61,3.225,-3.219059702950082
3.3073,49.61,3.2281250000000004,-3.239024282610989
3.3073,49.61,3.23125,-3.2691827630641885
3.3073,49.61,3.234375,-3.3164581110895766
3.3073,49.61,3.2375000000000003,-3.3818155210091936
3.3073,49.61,3.240625,-3.452396933588701
3.3073,49.61,3.2437500000000004,-3.528093883404893
3.3073,49.61,3.246875,-3.6063752411925583
3.3073,49.61,3.25,-3.6891222636992453
3.3073,49.61,3.2531250000000003,-3.756096659486901
3.3073,49.61,3.25625,-3.8181018190442026
3.3073,49.61,3.2593750000000004,-3.870033989563188
3.3073,49.61,3.2625,-3.9045184080474096
3.3073,49.61,3.265625,-3.9237033591583104
3.3073,49.61,3.2687500000000003,-3.924696311682945
3.3073,49.61,3.271875,-3.9226105571800254
3.3073,49.61,3.2750000000000004,-3.901637575346913
3.3073,49.61,3.278125,-3.876630320128136
3.3073,49.61,3.28125,-3.8430771729437536
3.3073,49.61,3.2843750000000003,-3.8074018610218117
3.3073,49.61,3.2875,-3.7639730996453222
3.3073,49.61,3.2906250000000004,-3.7243896505741683
3.3073,49.61,3.29375,-3.6849351568187068
3.3073,49.61,3.296875,-3.6470931842991954
3.3073,49.61,3.3000000000000003,-3.61699875125538
3.3073,49.61,3.303125,-3.5951851934823993
3.3073,49.61,3.3062500000000004,-3.5852753316488233
3.3073,49.61,3.309375,-3.5845681242080167
3.3073,49.61,3.3125,-3.591228401389322
3.3073,49.61,3.3156250000000003,-3.6094008094372096
3.3073,49.61,3.31875,-3.6393594761780372
3.3073,49.61,3.3218750000000004,-3.6825902244452067
3.3073,49.61,3.325,-3.741786857243876
3.3073,49.61,3.328125,-3.806091459224757
3.3073,49.61,3.3312500000000003,-3.878913156708644
3.3073,49.61,3.334375,-3.9563321741854844
3.3073,49.61,3.3375000000000004,-4.035454359202155
3.3073,49.61,3.340625,-4.108224296358458
3.3073,49.61,3.34375,-4.18164296624664
3.3073,49.61,3.3468750000000003,-4.245506643444591
3.3073,49.61,3.35,-4.305399633643129
3.3073,49.61,3.3531250000000004,-4.343339848730893
3.3073,49.61,3.35625,-4.377913595329817
3.3073,49.61,3.359375,-4.397371697157596
3.3073,49.61,3.3625000000000003,-4.409066884162177
3.3073,49.61,3.365625,-4.40733573622567
3.3073,49.61,3.3687500000000004,-4.399909671774061
3.3073,49.61,3.371875,-4.392346789733336
3.3073,49.61,3.375,-4.373735500208938
3.3073,49.61,3.3781250000000003,-4.360906405470642
3.3073,49.61,3.38125,-4.3482598192956035
3.3073,49.61,3.3843750000000004,-4.33351423544653
3.3073,49.61,3.3875,-4.326604200227721
3.3073,49.61,3.390625,-4.328062345256638
3.3073,49.61,3.3937500000000003,-4.338529671586249
3.3073,49.61,3.396875,-4.367998800944532
3.3073,49.61,3.4000000000000004,-4.398308585643578
3.3073,49.61,3.403125,-4.4606946909710015
3.3073,49.61,3.40625,-4.54511317962467
3.3073,49.61,3.4093750000000003,-4.64188406796873
3.3073,49.61,3.4125,-4.760917204698458
3.3073,49.61,3.4156250000000004,-4.902823638057154
3.3073,49.61,3.41875,-5.050606143255191
3.3073,49.61,3.421875,-5.2023189234925855
3.3073,49.61,3.4250000000000003,-5.361779602881266
3.3073,49.61,3.428125,-5.524298292296282
3.3073,49.61,3.4312500000000004,-5.672133183101171
3.3073,49.61,3.434375,-5.8081386645484
3.3073,49.61,3.4375,-5.9382841787414815
3.3073,49.61,3.4406250000000003,-6.052193498553472
3.3073,49.61,3.44375,-6.152666556172868
3.3073,49.61,3.4468750000000004,-6.248760790172129
3.3073,49.61,3.45,-6.325281773117302
3.3073,49.61,3.453125,-6.400633684524024
3.3073,49.61,3.4562500000000003,-6.465806138292091
3.3073,49.61,3.459375,-6.530244730169357
3.3073,49.61,3.4625000000000004,-6.592615168223842
3.3073,49.61,3.465625,-6.6426022350155645
3.3073,49.61,3.46875,-6.689598255597274
3.3073,49.61,3.4718750000000003,-6.724537022879772
3.3073,49.61,3.475,-6.750420455011104
3.3073,49.61,3.4781250000000004,-6.765417614962629
3.3073,49.61,3.48125,-6.776056399252442
3.3073,49.61,3.484375,-6.781443636011217
3.3073,49.61,3.4875000000000003,-6.792795082894672
3.3073,49.61,3.490625,-6.793942932237236
3.3073,49.61,3.4937500000000004,-6.804289323614823
3.3073,49.61,3.496875,-6.811640225101638
3.3073,49.61,3.5,-6.830856192757553
3.3073,49.61,3.5031250000000003,-6.8670856580372135
3.3073,49.61,3.50625,-6.912678082611773
3.3073,49.61,3.5093750000000004,-6.975773020640897
3.3073,49.61,3.5125,-7.035580608908337
3.3073,49.61,3.515625,-7.0773533305178224
3.3073,49.61,3.5187500000000003,-7.105082150972425
3.3073,49.61,3.521875,-7.124551261844343
3.3073,49.61,3.5250000000000004,-7.1411354951531
3.3073,49.61,3.528125,-7.1463664161581795
3.3073,49.61,3.53125,-7.135963067416448
3.3073,49.61,3.5343750000000003,-7.113105691010977
3.3073,49.61,3.5375,-7.068035155012446
3.3073,49.61,3.5406250000000004,-7.00800846150877
3.3073,49.61,3.54375,-6.926975958620455
3.3073,49.61,3.546875,-6.831864199252802
3.3073,49.61,3.5500000000000003,-6.718648652587281
3.3073,49.61,3.553125,-6.59787635501362
3.3073,49.61,3.5562500000000004,-6.464514767841404
3.3073,49.61,3.559375,-6.328743517627044
3.3073,49.61,3.5625,-6.2036217348637335
3.3073,49.61,3.5656250000000003,-6.077810462637997
3.3073,49.61,3.56875,-5.964138321163302
3.3073,49.61,3.5718750000000004,-5.860204800281142
3.3073,49.61,3.575,-5.767597420901618
3.3073,49.61,3.5781250000000004,-5.686819819179396
3.3073,49.61,3.5812500000000003,-5.624220098854284
3.3073,49.61,3.584375,-5.576729171644991
3.3073,49.61,3.5875000000000004,-5.539640053453857
3.3073,49.61,3.590625,-5.523727400996881
3.3073,49.61,3.5937500000000004,-5.516253914973628
3.3073,49.61,3.5968750000000003,-5.51879400368493
3.3073,49.61,3.6,-5.542237553984952
3.3073,49.61,3.6031250000000004,-5.577178758547841
3.3073,49.61,3.60625,-5.624350717652149
3.3073,49.61,3.6093750000000004,-5.678538954710389
3.3073,49.61,3.6125000000000003,-5.735538659895156
3.3073,49.61,3.615625,-5.790291967305969
3.3073,49.61,3.6187500000000004,-5.831056745055978
3.3073,49.61,3.621875,-5.857206064915151
3.3073,49.61,3.6250000000000004,-5.863903410018758
3.3073,49.61,3.6281250000000003,-5.86690884484543
3.3073,49.61,3.63125,-5.85729538532852
3.3073,49.61,3.6343750000000004,-5.833516680672867
3.3073,49.61,3.6375,-5.813012496701423
3.3073,49.61,3.6406250000000004,-5.7992847260337
3.3073,49.61,3.6437500000000003,-5.794032821883878
3.3073,49.61,3.646875,-5.7867439238144405
3.3073,49.61,3.6500000000000004,-5.7315955793836535
3.3073,49.61,3.653125,-5.635131146604414
3.3073,49.61,3.6562500000000004,-5.543892369956353
3.3073,49.61,3.6593750000000003,-5.473428574675774
3.3073,49.61,3.6625,-5.424005998044024
3.3073,49.61,3.6656250000000004,-5.38771861655782
3.3073,49.61,3.66875,-5.372013111809638
3.3073,49.61,3.6718750000000004,-5.372092572617783
3.3073,49.61,3.6750000000000003,-5.382432215172907
3.3073,49.61,3.678125,-5.409573221072135
3.3073,49.61,3.6812500000000004,-5.457067045199718
3.3073,49.61,3.684375,-5.520719182160798
3.3073,49.61,3.6875000000000004,-5.591739991316745
3.3073,49.61,3.6906250000000003,-5.667739397878988
3.3073,49.61,3.69375,-5.750744836287362
3.3073,49.61,3.6968750000000004,-5.852835598500138
3.3073,49.61,3.7,-5.952742070121962
3.3073,49.61,3.7031250000000004,-6.051193195859952
3.3073,49.61,3.7062500000000003,-6.153834137304354
3.3073,49.61,3.709375,-6.246387785528985
3.3073,49.61,3.7125000000000004,-6.322547645476805
3.3073,49.61,3.715625,-6.398531175272036
3.3073,49.61,3.7187500000000004,-6.4551868064814935
3.3073,49.61,3.7218750000000003,-6.49080078310967
3.3073,49.61,3.725,-6.501656729504339
3.3073,49.61,3.7281250000000004,-6.490949033895204
3.3073,49.61,3.73125,-6.457198153694675
3.3073,49.61,3.7343750000000004,-6.42569401844716
3.3073,49.61,3.7375000000000003,-6.3761693906671315
3.3073,49.61,3.740625,-6.33752020535513
3.3073,49.61,3.7437500000000004,-6.293833726269198
3.3073,49.61,3.746875,-6.249116818898962
3.3073,49.61,3.7500000000000004,-6.206248149548558
3.3073,49.61,3.7531250000000003,-6.17301656039693
3.3073,49.61,3.75625,-6.153677503690586
3.3073,49.61,3.7593750000000004,-6.142004735913707
3.3073,49.61,3.7625,-6.149963179500931
3.3073,49.61,3.7656250000000004,-6.180731034468319
3.3073,49.61,3.7687500000000003,-6.235472051786845
3.3073,49.61,3.771875,-6.313402476711754
3.3073,49.61,3.7750000000000004,-6.417722355340564
3.3073,49.61,3.778125,-6.540590955989707
3.3073,49.61,3.7812500000000004,-6.679590416617178
3.3073,49.61,3.7843750000000003,-6.829603860413859
3.3073,49.61,3.7875,-6.9764688347867985
3.3073,49.61,3.7906250000000004,-7.118430194581286
3.3073,49.61,3.79375,-7.233357264303565
3.3073,49.61,3.7968750000000004,-7.3375721301129095
3.3073,49.61,3.8000000000000003,-7.406770583654253
3.3073,49.61,3.803125,-7.450970199495432
3.3073,49.61,3.8062500000000004,-7.462004246766444
3.3073,49.61,3.809375,-7.4518491427654565
3.3073,49.61,3.8125000000000004,-7.412589956543643
3.3073,49.61,3.8156250000000003,-7.348715492174339
3.3073,49.61,3.81875,-7.284837764093809
3.3073,49.61,3.8218750000000004,-7.21387179742792
3.3073,49.61,3.825,-7.137692109201758
3.3073,49.61,3.8281250000000004,-7.077335375552682
3.3073,49.61,3.8312500000000003,-7.020926198041572
3.3073,49.61,3.834375,-6.975494309990859
3.3073,49.61,3.8375000000000004,-6.940725313864565
3.3073,49.61,3.840625,-6.925252860697703
3.3073,49.61,3.8437500000000004,-6.919893286933258
3.3073,49.61,3.8468750000000003,-6.922660340860126
3.3073,49.61,3.85,-6.939600375150543
3.3073,49.61,3.8531250000000004,-6.972758854293172
3.3073,49.61,3.85625,-7.016195599458214
3.3073,49.61,3.8593750000000004,-7.084154681596626
3.3073,49.61,3.8625000000000003,-7.164336814619049
3.3073,49.61,3.865625,-7.266021826740376
3.3073,49.61,3.8687500000000004,-7.38185137374804
3.3073,49.61,3.871875,-7.5025767309896105
3.3073,49.61,3.8750000000000004,-7.63383696258555
3.3073,49.61,3.8781250000000003,-7.767119583178904
3.3073,49.61,3.88125,-7.897866448526477
3.3073,49.61,3.8843750000000004,-8.016946402255908
3.3073,49.61,3.8875,-8.121830834487085
3.3073,49.61,3.8906250000000004,-8.200451255224886
3.3073,49.61,3.8937500000000003,-8.246290700896932
3.3073,49.61,3.896875,-8.2593908300936
3.3073,49.61,3.9000000000000004,-8.244145470553145
3.3073,49.61,3.903125,-8.191940653167757
3.3073,49.61,3.9062500000000004,-8.12122798385567
3.3073,49.61,3.9093750000000003,-8.037819281053322
3.3073,49.61,3.9125,-7.9401708825501425
3.3073,49.61,3.9156250000000004,-7.835390898664782
3.3073,49.61,3.91875,-7.72825335508422
3.3073,49.61,3.9218750000000004,-7.634225032088989
3.3073,49.61,3.9250000000000003,-7.539197008635558
3.3073,49.61,3.928125,-7.46316109520587
3.3073,49.61,3.9312500000000004,-7.407446374081798
3.3073,49.61,3.934375,-7.365571759402327
3.3073,49.61,3.9375000000000004,-7.343526701581302
3.3073,49.61,3.9406250000000003,-7.348344945987498
3.3073,49.61,3.94375,-7.376039365065995
3.3073,49.61,3.9468750000000004,-7.429239850829043
3.3073,49.61,3.95,-7.508019175763625
3.3073,49.61,3.9531250000000004,-7.61126948902573
3.3073,49.61,3.9562500000000003,-7.745298688988721
3.3073,49.61,3.959375,-7.888148055412616
3.3073,49.61,3.9625000000000004,-8.04466048705718
3.3073,49.61,3.965625,-8.211158021120749
3.3073,49.61,3.9687500000000004,-8.377056567753455
3.3073,49.61,3.9718750000000003,-8.539865315444612
3.3073,49.61,3.975,-8.678119089411105
3.3073,49.61,3.9781250000000004,-8.799764275401103
3.3073,49.61,3.98125,-8.887216746137783
3.3073,49.61,3.9843750000000004,-8.936995746255645
3.3073,49.61,3.9875000000000003,-8.955246599805832
3.3073,49.61,3.990625,-8.944425506375781
3.3073,49.61,3.9937500000000004,-8.901342382306243
3.3073,49.61,3.996875,-8.840476156314192
3.3073,49.61,4,-8.756867042215244
3.3073,49.61,4.003125,-8.672019710985143
3.3073,49.61,4.0062500000000005,-8.575087865268538
3.3073,49.61,4.009375,-8.490552888351466
3.3073,49.61,4.0125,-8.423011367387728
3.3073,49.61,4.015625,-8.359677576613764
3.3073,49.61,4.01875,-8.319786009598559
3.3073,49.61,4.0218750000000005,-8.302819600966687
3.3073,49.61,4.025,-8.306467514997719
3.3073,49.61,4.028125,-8.340038747295456
3.3073,49.61,4.03125,-8.402954922400466
3.3073,49.61,4.034375,-8.497272464908454
3.3073,49.61,4.0375000000000005,-8.61906185736162
3.3073,49.61,4.040625,-8.773948577949923
3.3073,49.61,4.04375,-8.963306143706248
3.3073,49.61,4.046875,-9.170345421395652
3.3073,49.61,4.05,-9.401920213592554
3.3073,49.61,4.0531250000000005,-9.647419838527059
3.3073,49.61,4.05625,-9.902331210191752
3.3073,49.61,4.059375,-10.143828956881247
3.3073,49.61,4.0625,-10.361376398905913
3.3073,49.61,4.065625,-10.540214274258306
3.3073,49.61,4.0687500000000005,-10.67763846185133
3.3073,49.61,4.071875,-10.760103104078285
3.3073,49.61,4.075,-10.773700847153851
3.3073,49.61,4.078125,-10.715675566994529
3.3073,49.61,4.08125,-10.564315889903401
3.3073,49.61,4.0843750000000005,-10.318932476710241
3.3073,49.61,4.0875,-10.051712311048952
3.3073,49.61,4.090625,-9.835624086381143
3.3073,49.61,4.09375,-9.654281572844557
3.3073,49.61,4.096875,-9.495982515236836
3.3073,49.61,4.1000000000000005,-9.354088950016937
3.3073,49.61,4.103125,-9.222044113020939
3.3073,49.61,4.10625,-9.113572899679006
3.3073,49.61,4.109375,-9.030616368259427
3.3073,49.61,4.1125,-8.987003139185575
3.3073,49.61,4.1156250000000005,-8.967043973080491
3.3073,49.61,4.11875,-8.98980496652467
3.3073,49.61,4.121875,-9.040808955804732
3.3073,49.61,4.125,-9.124225265941007
3.3073,49.61,4.128125,-9.242595861196182
3.3073,49.61,4.1312500000000005,-9.390377873607092
3.3073,49.61,4.134375,-9.565928203924056
3.3073,49.61,4.1375,-9.762892479633841
3.3073,49.61,4.140625,-9.973341825342924
3.3073,49.61,4.14375,-10.186460283870652
3.3073,49.61,4.1468750000000005,-10.401253804525162
3.3073,49.61,4.15,-10.59078242577538
3.3073,49.61,4.153125,-10.74813236220955
3.3073,49.61,4.15625,-10.861103794121654
3.3073,49.61,4.159375,-10.90306210409987
3.3073,49.61,4.1625000000000005,-10.891191624991304
3.3073,49.61,4.165625,-10.818379025155696
3.3073,49.61,4.16875,-10.68571176869812
3.3073,49.61,4.171875,-10.51044044375059
3.3073,49.61,4.175,-10.292209923715255
3.3073,49.61,4.1781250000000005,-10.069031511091314
3.3073,49.61,4.18125,-9.835175162088275
3.3073,49.61,4.184375,-9.601121417695781
3.3073,49.61,4.1875,-9.38981266023372
3.3073,49.61,4.190625,-9.196175673440635
3.3073,49.61,4.1937500000000005,-9.033011245898045
3.3073,49.61,4.196875,-8.89779228988441
3.3073,49.61,4.2,-8.801568791090974
3.3073,49.61,4.203125,-8.740603777936327
3.3073,49.61,4.20625,-8.708920442461135
3.3073,49.61,4.2093750000000005,-8.71777153570273
3.3073,49.61,4.2125,-8.760184421968955
3.3073,49.61,4.215625,-8.854394929249843
3.3073,49.61,4.21875,-8.963316006983153
3.3073,49.61,4.221875,-9.122426712506236
3.3073,49.61,4.2250000000000005,-9.309008839017046
3.3073,49.61,4.228125,-9.51660726251586
3.3073,49.61,4.23125,-9.747470971455444
3.3073,49.61,4.234375,-9.991796873024928
3.3073,49.61,4.2375,-10.236875008609328
3.3073,49.61,4.2406250000000005,-10.461238896285439
3.3073,49.61,4.24375,-10.64838095308386
3.3073,49.61,4.246875,-10.805320530112335
3.3073,49.61,4.25,-10.89738552167432
3.3073,49.61,4.253125,-10.924632850560073
3.3073,49.61,4.2562500000000005,-10.899450133656341
3.3073,49.61,4.259375,-10.813900585617546
3.3073,49.61,4.2625,-10.666984297717672
3.3073,49.61,4.265625,-10.49320869250743
3.3073,49.61,4.26875,-10.294320616956048
3.3073,49.61,4.2718750000000005,-10.084778418717168
3.3073,49.61,4.275,-9.875201308990377
3.3073,49.61,4.278125,-9.671500333445843
3.3073,49.61,4.28125,-9.494083351205564
3.3073,49.61,4.284375000000001,-9.330515184017234
3.3073,49.61,4.2875000000000005,-9.193941894314877
3.3073,49.61,4.290625,-9.08710497206717
3.3073,49.61,4.29375,-9.01943496145591
3.3073,49.61,4.296875,-8.976870128336389
3.3073,49.61,4.300000000000001,-8.974046174358174
3.3073,49.61,4.3031250000000005,-9.00647576060987
3.3073,49.61,4.30625,-9.070658008800605
3.3073,49.61,4.309375,-9.15929746304961
3.3073,49.61,4.3125,-9.290233009321451
3.3073,49.61,4.315625000000001,-9.43222819542816
3.3073,49.61,4.3187500000000005,-9.58632883552903
3.3073,49.61,4.321875,-9.764592929639074
3.3073,49.61,4.325,-9.93361427373239
3.3073,49.61,4.328125,-10.093623588643696
3.3073,49.61,4.331250000000001,-10.232082600511912
3.3073,49.61,4.3343750000000005,-10.315679812160482
3.3073,49.61,4.3375,-10.357738172501907
3.3073,49.61,4.340625,-10.339342993450282
3.3073,49.61,4.34375,-10.255674715625961
3.3073,49.61,4.346875000000001,-10.123615521858012
3.3073,49.61,4.3500000000000005,-9.92525923921317
3.3073,49.61,4.353125,-9.68199977065394
3.3073,49.61,4.35625,-9.412463611961229
3.3073,49.61,4.359375,-9.125685438632717
3.3073,49.61,4.362500000000001,-8.838994376626463
3.3073,49.61,4.3656250000000005,-8.545186746988387
3.3073,49.61,4.36875,-8.29085728923809
3.3073,49.61,4.371875,-8.06872912045961
3.3073,49.61,4.375,-7.9007955049149325
3.3073,49.61,4.378125000000001,-7.7680960385581335
3.3073,49.61,4.3812500000000005,-7.664702888224256
3.3073,49.61,4.384375,-7.596347027072342
3.3073,49.61,4.3875,-7.56028509068169
3.3073,49.61,4.390625,-7.565177832495528
3.3073,49.61,4.393750000000001,-7.600260084352022
3.3073,49.61,4.3968750000000005,-7.661795541081043
3.3073,49.61,4.4,-7.760833881634478
3.3073,49.61,4.403125,-7.893236164053269
3.3073,49.61,4.40625,-8.04415358285542
3.3073,49.61,4.409375000000001,-8.22132258203794
3.3073,49.61,4.4125000000000005,-8.405861008181017
3.3073,49.61,4.415625,-8.616469554674278
3.3073,49.61,4.41875,-8.810569262589073
3.3073,49.61,4.421875,-8.992263755921973
3.3073,49.61,4.425000000000001,-9.162711595114464
3.3073,49.61,4.4281250000000005,-9.294542846271916
3.3073,49.61,4.43125,-9.414318467455436
3.3073,49.61,4.434375,-9.52021944272132
3.3073,49.61,4.4375,-9.430842022984288
3.3073,49.61,4.440625000000001,-9.25499073709987
3.3073,49.61,4.4437500000000005,-9.073837613792197
3.3073,49.61,4.446875,-8.879082363682084
3.3073,49.61,4.45,-8.660839495366657
3.3073,49.61,4.453125,-8.431986755378187
3.3073,49.61,4.456250000000001,-8.214731067533567
3.3073,49.61,4.4593750000000005,-8.021147118714692
3.3073,49.61,4.4625,-7.844553310579489
3.3073,49.61,4.465625,-7.700446187613473
3.3073,49.61,4.46875,-7.579319940086694
3.3073,49.61,4.471875000000001,-7.493041293234027
3.3073,49.61,4.4750000000000005,-7.4309879159621675
3.3073,49.61,4.478125,-7.402364367806317
3.3073,49.61,4.48125,-7.400527004664845
3.3073,49.61,4.484375,-7.426669607717119
3.3073,49.61,4.487500000000001,-7.486718196598722
3.3073,49.61,4.4906250000000005,-7.570042633094217
3.3073,49.61,4.49375,-7.6830722306119785
3.3073,49.61,4.496875,-7.818249843046891
3.3073,49.61,4.5,-7.958943773056848
3.3073,49.61,4.503125000000001,-8.116091175898774
3.3073,49.61,4.5062500000000005,-8.270754836143825
3.3073,49.61,4.509375,-8.422712609712228
3.3073,49.61,4.5125,-8.542768477748302
3.3073,49.61,4.515625,-8.63976722147559
3.3073,49.61,4.518750000000001,-8.701479906267963
3.3073,49.61,4.5218750000000005,-8.712337555327247
3.3073,49.61,4.525,-8.678369673003626
3.3073,49.61,4.528125,-8.601274662177259
3.3073,49.61,4.53125,-8.487431797930622
3.3073,49.61,4.534375000000001,-8.364403734089516
3.3073,49.61,4.5375000000000005,-8.267077209147695
3.3073,49.61,4.540625,-8.192957207274091
3.3073,49.61,4.54375,-8.02527487499939
3.3073,49.61,4.546875,-7.793757099312087
3.3073,49.61,4.550000000000001,-7.561470129712795
3.3073,49.61,4.5531250000000005,-7.352967728200399
3.3073,49.61,4.55625,-7.168696919036925
3.3073,49.61,4.559375,-7.018827933268932
3.3073,49.61,4.5625,-6.8976744475017915
3.3073,49.61,4.565625000000001,-6.798562643405801
3.3073,49.61,4.5687500000000005,-6.724077645042954
3.3073,49.61,4.571875,-6.671436110364129
3.3073,49.61,4.575,-6.653458861178948
3.3073,49.61,4.578125,-6.656309992012867
3.3073,49.61,4.581250000000001,-6.687114312436551
3.3073,49.61,4.5843750000000005,-6.740369107395161
3.3073,49.61,4.5875,-6.813140119291152
3.3073,49.61,4.590625,-6.914261347679602
3.3073,49.61,4.59375,-7.032813152875112
3.3073,49.61,4.596875000000001,-7.156420480384949
3.3073,49.61,4.6000000000000005,-7.292420321396432
3.3073,49.61,4.603125,-7.427055729865705
3.3073,49.61,4.60625,-7.547754462893077
3.3073,49.61,4.609375,-7.654146946148983
3.3073,49.61,4.612500000000001,-7.735892692956895
3.3073,49.61,4.6156250000000005,-7.788120218579282
3.3073,49.61,4.61875,-7.797132979116899
3.3073,49.61,4.621875,-7.768628909487173
3.3073,49.61,4.625,-7.695957888431786
3.3073,49.61,4.628125000000001,-7.5829077536365554
3.3073,49.61,4.6312500000000005,-7.442954574859126
3.3073,49.61,4.634375,-7.279199931827708
3.3073,49.61,4.6375,-7.101880494394993
3.3073,49.61,4.640625,-6.918562728289283
3.3073,49.61,4.643750000000001,-6.729129543037732
3.3073,49.61,4.6468750000000005,-6.556608329142787
3.3073,49.61,4.65,-6.391793836084493
3.3073,49.61,4.653125,-6.243045672622963
3.3073,49.61,4.65625,-6.107402056509747
3.3073,49.61,4.659375000000001,-5.995912238472202
3.3073,49.61,4.6625000000000005,-5.903083794780558
3.3073,49.61,4.665625,-5.827021205846156
3.3073,49.61,4.66875,-5.780607888754661
3.3073,49.61,4.671875,-5.754488092064079
3.3073,49.61,4.675000000000001,-5.740865400333085
3.3073,49.61,4.6781250000000005,-5.734445717397172
3.3073,49.61,4.68125,-5.720022402514933
3.3073,49.61,4.684375,-5.788278443324036
3.3073,49.61,4.6875,-5.912019050270026
3.3073,49.61,4.690625000000001,-6.017740864963315
3.3073,49.61,4.6937500000000005,-6.109591864659036
3.3073,49.61,4.696875,-6.190494035013494
3.3073,49.61,4.7,-6.256760745385726
3.3073,49.61,4.703125,-6.296962550813379
3.3073,49.61,4.706250000000001,-6.312818358533625
3.3073,49.61,4.7093750000000005,-6.289120568376196
3.3073,49.61,4.7125,-6.233314437225105
3.3073,49.61,4.715625,-6.144200013221253
3.3073,49.61,4.71875,-6.017536122392652
3.3073,49.61,4.721875000000001,-5.869871659835848
3.3073,49.61,4.7250000000000005,-5.698789651407017
3.3073,49.61,4.728125,-5.523419761732233
3.3073,49.61,4.73125,-5.339585665062812
3.3073,49.61,4.734375,-5.1629584248785925
3.3073,49.61,4.737500000000001,-4.995455889140008
3.3073,49.61,4.7406250000000005,-4.838985069363736
3.3073,49.61,4.74375,-4.698811775167214
3.3073,49.61,4.746875,-4.580067425572208
3.3073,49.61,4.75,-4.481627669914097
3.3073,49.61,4.753125000000001,-4.4014324167481185
3.3073,49.61,4.7562500000000005,-4.342139682916865
3.3073,49.61,4.759375,-4.304382660114881
3.3073,49.61,4.7625,-4.285110817161858
3.3073,49.61,4.765625,-4.284876084102428
3.3073,49.61,4.768750000000001,-4.304641147089498
3.3073,49.61,4.7718750000000005,-4.341340228655836
3.3073,49.61,4.775,-4.39293328881539
3.3073,49.61,4.778125,-4.448792643971468
3.3073,49.61,4.78125,-4.524055120169257
3.3073,49.61,4.784375000000001,-4.61004461590872
3.3073,49.61,4.7875000000000005,-4.695229146358667
3.3073,49.61,4.790625,-4.773921894548931
3.3073,49.61,4.79375,-4.846756349038336
3.3073,49.61,4.796875,-4.912387823481211
3.3073,49.61,4.800000000000001,-4.947811176520844
3.3073,49.61,4.8031250000000005,-4.966115812145575
3.3073,49.61,4.80625,-4.964177399390264
3.3073,49.61,4.809375,-4.930512723941279
3.3073,49.61,4.8125,-4.877641598747059
3.3073,49.61,4.815625000000001,-4.81185675721035
3.3073,49.61,4.8187500000000005,-4.725075233648537
3.3073,49.61,4.821875,-4.630102798526829
3.3073,49.61,4.825,-4.531448173053704
3.3073,49.61,4.828125,-4.433383012521397
3.3073,49.61,4.831250000000001,-4.340588982032796
3.3073,49.61,4.8343750000000005,-4.253647920907772
3.3073,49.61,4.8375,-4.186279046666039
3.3073,49.61,4.840625,-4.131731298894732
3.3073,49.61,4.84375,-4.099454099092869
3.3073,49.61,4.846875000000001,-4.084665242971058
3.3073,49.61,4.8500000000000005,-4.0878867297484565
3.3073,49.61,4.853125,-4.115851240457443
3.3073,49.61,4.85625,-4.157403216734429
3.3073,49.61,4.859375,-4.225246415263857
3.3073,49.61,4.862500000000001,-4.316847222531602
3.3073,49.61,4.8656250000000005,-4.416182349012709
3.3073,49.61,4.86875,-4.540875151746207
3.3073,49.61,4.871875,-4.6748055783144125
3.3073,49.61,4.875,-4.813883497512098
3.3073,49.61,4.878125000000001,-4.957246797656982
3.3073,49.61,4.8812500000000005,-5.090528236523212
3.3073,49.61,4.884375,-5.219459815785045
3.3073,49.61,4.8875,-5.323971336100728
3.3073,49.61,4.890625,-5.397700307958368
3.3073,49.61,4.893750000000001,-5.4412123533310055
3.3073,49.61,4.8968750000000005,-5.448645412204639
3.3073,49.61,4.9,-5.419319002867663
3.3073,49.61,4.903125,-5.358829558022357
3.3073,49.61,4.90625,-5.2721384989107225
3.3073,49.61,4.909375000000001,-5.163522294082833
3.3073,49.61,4.9125000000000005,-5.042066478164404
3.3073,49.61,4.915625,-4.922887604366279
3.3073,49.61,4.91875,-4.801988208256004
3.3073,49.61,4.921875,-4.6853292182932025
3.3073,49.61,4.925000000000001,-4.584458995321905
3.3073,49.61,4.9281250000000005,-4.492462044831332
3.3073,49.61,4.93125,-4.419226469366132
3.3073,49.61,4.934375,-4.365393208364701
3.3073,49.61,4.9375,-4.331232390050617
3.3073,49.61,4.940625000000001,-4.318739764114085
3.3073,49.61,4.9437500000000005,-4.330734207285736
3.3073,49.61,4.946875,-4.358308085358646
3.3073,49.61,4.95,-4.411717605811635
3.3073,49.61,4.953125,-4.478051106391606
3.3073,49.61,4.956250000000001,-4.56842407406231
3.3073,49.61,4.9593750000000005,-4.676880669143397
3.3073,49.61,4.9625,-4.795749933026896
3.3073,49.61,4.965625,-4.932321545608533
3.3073,49.61,4.96875,-5.082615902024131
3.3073,49.61,4.971875000000001,-5.230729515171463
3.3073,49.61,4.9750000000000005,-5.3751908667646155
3.3073,49.61,4.978125,-5.508444749393115
3.3073,49.61,4.98125,-5.62430738682555
3.3073,49.61,4.984375,-5.7177847358265055
3.3073,49.61,4.987500000000001,-5.777855697848571
3.3073,49.61,4.9906250000000005,-5.8006319884231985
3.3073,49.61,4.99375,-5.787346161014711
3.3073,49.61,4.996875,-5.750779859632715
3.3073,49.61,5,-5.691606082655495
3.3073,49.61,5.003125000000001,-5.591475076716158
3.3073,49.61,5.0062500000000005,-5.503902497490515
3.3073,49.61,5.009375,-5.402645389859071
3.3073,49.61,5.0125,-5.295815896336947
3.3073,49.61,5.015625,-5.193029887068556
3.3073,49.61,5.018750000000001,-5.111250989559193
3.3073,49.61,5.0218750000000005,-5.033190075271375
3.3073,49.61,5.025,-4.982651072859305
3.3073,49.61,5.028125,-4.951055478341064
3.3073,49.61,5.03125,-4.94250886540657
3.3073,49.61,5.034375000000001,-4.955221719867709
3.3073,49.61,5.0375000000000005,-4.992943208490778
3.3073,49.61,5.040625,-5.052831428379005
3.3073,49.61,5.04375,-5.1378360064688176
3.3073,49.61,5.046875,-5.243231319909748
3.3073,49.61,5.050000000000001,-5.368247408102716
3.3073,49.61,5.0531250000000005,-5.520030864013348
3.3073,49.61,5.05625,-5.684604112798368
3.3073,49.61,5.059375,-5.858933887080929
3.3073,49.61,5.0625,-6.048136548766177
3.3073,49.61,5.065625000000001,-6.235995346717608
3.3073,49.61,5.0687500000000005,-6.426264745333854
3.3073,49.61,5.071875,-6.593623347309972
3.3073,49.61,5.075,-6.7272981326341865
3.3073,49.61,5.078125,-6.811274456713498
3.3073,49.61,5.081250000000001,-6.8351948277527566
3.3073,49.61,5.0843750000000005,-6.8154046988876535
3.3073,49.61,5.0875,-6.760371381225109
3.3073,49.61,5.090625,-6.657806898342834
3.3073,49.61,5.09375,-6.533483727962248
3.3073,49.61,5.096875000000001,-6.388651366420097
3.3073,49.61,5.1000000000000005,-6.240596183780043
3.3073,49.61,5.103125,-6.065501480181414
3.3073,49.61,5.10625,-5.886076446764678
3.3073,49.61,5.109375,-5.717527930247087
3.3073,49.61,5.112500000000001,-5.567621199933388
3.3073,49.61,5.1156250000000005,-5.440303405610258
3.3073,49.61,5.11875,-5.3400317472944705
3.3073,49.61,5.121875,-5.2666402036012885
3.3073,49.61,5.125,-5.217842669237461
3.3073,49.61,5.128125000000001,-5.19764399372246
3.3073,49.61,5.1312500000000005,-5.206065865062719
3.3073,49.61,5.134375,-5.238636880481204
3.3073,49.61,5.1375,-5.291940267489594
3.3073,49.61,5.140625,-5.37229895517198
3.3073,49.61,5.143750000000001,-5.467162476330025
3.3073,49.61,5.1468750000000005,-5.57936505385165
3.3073,49.61,5.15,-5.707442711218421
3.3073,49.61,5.153125,-5.834663199885756
3.3073,49.61,5.15625,-5.974071607209616
3.3073,49.61,5.159375000000001,-6.103934154159284
3.3073,49.61,5.1625000000000005,-6.229770123104627
3.3073,49.61,5.165625,-6.329185109800976
3.3073,49.61,5.16875,-6.4019650286923016
3.3073,49.61,5.171875,-6.448404141044812
3.3073,49.61,5.175000000000001,-6.465327761174034
3.3073,49.61,5.1781250000000005,-6.447373414801685
3.3073,49.61,5.18125,-6.396445194357283
3.3073,49.61,5.184375,-6.324967492079646
3.3073,49.61,5.1875,-6.2327139146023764
3.3073,49.61,5.190625000000001,-6.122063168191712
3.3073,49.61,5.1937500000000005,-6.007245562662345
3.3073,49.61,5.196875,-5.904944489618497
3.3073,49.61,5.2,-5.793532353688123
3.3073,49.61,5.203125,-5.703476826901701
3.3073,49.61,5.206250000000001,-5.637684242832748
3.3073,49.61,5.2093750000000005,-5.581969995910304
3.3073,49.61,5.2125,-5.536987677291878
3.3073,49.61,5.215625,-5.491782645490762
3.3073,49.61,5.21875,-5.477380239562581
3.3073,49.61,5.221875000000001,-5.491998915142856
3.3073,49.61,5.2250000000000005,-5.541541370640214
3.3073,49.61,5.228125,-5.626329690251824
3.3073,49.61,5.23125,-5.750896132312917
3.3073,49.61,5.234375,-5.908946924609464
3.3073,49.61,5.237500000000001,-6.10102462346104
3.3073,49.61,5.2406250000000005,-6.328799292798401
3.3073,49.61,5.24375,-6.601837896884022
3.3073,49.61,5.246875,-6.91358564568402
3.3073,49.61,5.25,-7.270150720690328
3.3073,49.61,5.253125000000001,-7.712426739112949
3.3073,49.61,5.2562500000000005,-8.264354089644254
3.3073,49.61,5.259375,-9.00883519601289
3.3073,49.61,5.2625,-10.129567636295928
3.3073,49.61,5.265625,-11.690433658913213
3.3073,49.61,5.268750000000001,-12.228592958844848
3.3073,49.61,5.2718750000000005,-10.60692984612746
3.3073,49.61,5.275,-9.124708573369832
3.3073,49.61,5.278125,-8.27300342989741
3.3073,49.61,5.28125,-7.750541338735765
3.3073,49.61,5.284375000000001,-7.36281902379091
3.3073,49.61,5.2875000000000005,-7.05796875653974
3.3073,49.61,5.290625,-6.790531684826818
3.3073,49.61,5.29375,-6.539725471572975
3.3073,49.61,5.296875,-6.3335322877371825
3.3073,49.61,5.300000000000001,-6.169158969192062
3.3073,49.61,5.3031250000000005,-6.035664401521272
3.3073,49.61,5.30625,-5.932844550952078
3.3073,49.61,5.309375,-5.864012414852057
3.3073,49.61,5.3125,-5.818027383976694
3.3073,49.61,5.315625000000001,-5.803651660045812
3.3073,49.61,5.3187500000000005,-5.823792399951236
3.3073,49.61,5.321875,-5.860177222212761
3.3073,49.61,5.325,-5.918107831555725
3.3073,49.61,5.328125,-6.004488172246245
3.3073,49.61,5.331250000000001,-6.100288214114714
3.3073,49.61,5.3343750000000005,-6.209218911294464
3.3073,49.61,5.3375,-6.322634499499841
3.3073,49.61,5.340625,-6.447419445197759
3.3073,49.61,5.34375,-6.58284483993693
3.3073,49.61,5.346875000000001,-6.706573582820134
3.3073,49.61,5.3500000000000005,-6.818008407780748
3.3073,49.61,5.353125,-6.91190567077842
3.3073,49.61,5.35625,-6.977683247760648
3.3073,49.61,5.359375,-6.981173814161101
3.3073,49.61,5.362500000000001,-6.966134154898934
3.3073,49.61,5.3656250000000005,-6.904594750802665
3.3073,49.61,5.36875,-6.813442773389559
3.3073,49.61,5.371875,-6.681410945946357
3.3073,49.61,5.375,-6.529578872441172
3.3073,49.61,5.378125000000001,-6.359401345847365
3.3073,49.61,5.3812500000000005,-6.180216755564805
3.3073,49.61,5.384375,-6.005812463151842
3.3073,49.61,5.3875,-5.845492363574946
3.3073,49.61,5.390625,-5.708716961651037
3.3073,49.61,5.393750000000001,-5.578877474972902
3.3073,49.61,5.3968750000000005,-5.491422693998383
3.3073,49.61,5.4,-5.422839815300677
3.3073,49.61,5.403125,-5.38774415100261
3.3073,49.61,5.40625,-5.372513311392702
3.3073,49.61,5.409375000000001,-5.398661482987224
3.3073,49.61,5.4125000000000005,-5.4407816502671205
3.3073,49.61,5.415625,-5.512281878079786
3.3073,49.61,5.41875,-5.6048002471396146
3.3073,49.61,5.421875,-5.723021998070862
3.3073,49.61,5.425000000000001,-5.858733822484639
3.3073,49.61,5.4281250000000005,-6.012930690440071
3.3073,49.61,5.43125,-6.1811625665145575
3.3073,49.61,5.434375,-6.351883965080746
3.3073,49.61,5.4375,-6.531171114519712
3.3073,49.61,5.440625000000001,-6.696255691378373
3.3073,49.61,5.4437500000000005,-6.841896817662167
3.3073,49.61,5.446875,-6.969115828154705
3.3073,49.61,5.45,-7.043295105627104
3.3073,49.61,5.453125,-7.083480432774126
3.3073,49.61,5.456250000000001,-7.068072111013168
3.3073,49.61,5.4593750000000005,-7.008207351445127
3.3073,49.61,5.4625,-6.903957512264501
3.3073,49.61,5.465625,-6.7694458581937065
3.3073,49.61,5.46875,-6.606585944714055
3.3073,49.61,5.471875000000001,-6.419482306689339
3.3073,49.61,5.4750000000000005,-6.237781462107879
3.3073,49.61,5.478125,-6.060080892356612
3.3073,49.61,5.48125,-5.887630432631506
3.3073,49.61,5.484375,-5.738932894513505
3.3073,49.61,5.487500000000001,-5.605749136932108
3.3073,49.61,5.4906250000000005,-5.505564877716521
3.3073,49.61,5.49375,-5.429456741730859
3.3073,49.61,5.496875,-5.391236739540934
3.3073,49.61,5.5,-5.376011931462647
3.3073,49.61,5.503125000000001,-5.37699007997057
3.3073,49.61,5.5062500000000005,-5.414176952810527
3.3073,49.61,5.509375,-5.473517904479499
3.3073,49.61,5.5125,-5.543824266205367
3.3073,49.61,5.515625,-5.634303188474456
3.3073,49.61,5.518750000000001,-5.7419192319967784
3.3073,49.61,5.5218750000000005,-5.844470165166053
3.3073,49.61,5.525,-5.953188419739687
3.3073,49.61,5.528125,-6.042897080711089
3.3073,49.61,5.53125,-6.129212699619892
3.3073,49.61,5.534375000000001,-6.176469098995687
3.3073,49.61,5.5375000000000005,-6.200961835781405
3.3073,49.61,5.540625,-6.184803694176112
3.3073,49.61,5.54375,-6.133023076459012
3.3073,49.61,5.546875,-6.042494143837337
3.3073,49.61,5.550000000000001,-5.92199275462608
3.3073,49.61,5.5531250000000005,-5.767565297308151
3.3073,49.61,5.55625,-5.60135216992089
3.3073,49.61,5.559375,-5.43041491391328
3.3073,49.61,5.5625,-5.249676265708959
3.3073,49.61,5.565625000000001,-5.084787984324302
3.3073,49.61,5.5687500000000005,-4.928659522143687
3.3073,49.61,5.571875,-4.799885541323366
3.3073,49.61,5.575,-4.684245254501601
3.3073,49.61,5.578125,-4.59975781626042
3.3073,49.61,5.581250000000001,-4.5432985507203885
3.3073,49.61,5.5843750000000005,-4.500612659982652
3.3073,49.61,5.5875,-4.501779496256272
3.3073,49.61,5.590625,-4.521355895677236
3.3073,49.61,5.59375,-4.56559586568166
3.3073,49.61,5.596875000000001,-4.6350690726959005
3.3073,49.61,5.6000000000000005,-4.720229722736997
3.3073,49.61,5.603125,-4.825747765463465
3.3073,49.61,5.60625,-4.946440548651795
3.3073,49.61,5.609375,-5.085272981958084
3.3073,49.61,5.612500000000001,-5.225473824962403
3.3073,49.61,5.6156250000000005,-5.366432269739744
3.3073,49.61,5.61875,-5.5085364896107825
3.3073,49.61,5.621875,-5.652750610772237
3.3073,49.61,5.625,-5.769467100525587
3.3073,49.61,5.628125000000001,-5.857194768717816
3.3073,49.61,5.6312500000000005,-5.9096146917570245
3.3073,49.61,5.634375,-5.927962079856161
3.3073,49.61,5.6375,-5.8980699916070005
3.3073,49.61,5.640625,-5.827760428990243
3.3073,49.61,5.643750000000001,-5.734769982277137
3.3073,49.61,5.6468750000000005,-5.595933088476056
3.3073,49.61,5.65,-5.442616242370489
3.3073,49.61,5.653125,-5.26681065236729
3.3073,49.61,5.65625,-5.099992093061722
3.3073,49.61,5.659375000000001,-4.941908358857336
3.3073,49.61,5.6625000000000005,-4.7923584726006645
3.3073,49.61,5.665625,-4.664828286927222
3.3073,49.61,5.66875,-4.5716037721088965
3.3073,49.61,5.671875,-4.492128628616817
3.3073,49.61,5.675000000000001,-4.437651996368274
3.3073,49.61,5.6781250000000005,-4.415399211507799
3.3073,49.61,5.68125,-4.422259778349808
3.3073,49.61,5.684375,-4.448126553391958
3.3073,49.61,5.6875,-4.501691127756472
3.3073,49.61,5.690625000000001,-4.567071788997779
3.3073,49.61,5.6937500000000005,-4.652936961249267
3.3073,49.61,5.696875,-4.745688981021812
3.3073,49.61,5.7,-4.8383280138435625
3.3073,49.61,5.703125,-4.941881968957346
3.3073,49.61,5.706250000000001,-5.024173240623931
3.3073,49.61,5.7093750000000005,-5.104417945796445
3.3073,49.61,5.7125,-5.165558415385138
3.3073,49.61,5.715625,-5.196271795689146
3.3073,49.61,5.71875,-5.2020299036381665
3.3073,49.61,5.721875000000001,-5.174711764567604
3.3073,49.61,5.7250000000000005,-5.118618885108449
3.3073,49.61,5.728125,-5.025937388950195
3.3073,49.61,5.73125,-4.907980357448408
3.3073,49.61,5.734375,-4.756500599255285
3.3073,49.61,5.737500000000001,-4.600547273823816
3.3073,49.61,5.7406250000000005,-4.433139668136969
3.3073,49.61,5.74375,-4.261540338350693
3.3073,49.61,5.746875,-4.109548329481451
3.3073,49.61,5.75,-3.955510793316231
3.3073,49.61,5.753125000000001,-3.820447372061586
3.3073,49.61,5.7562500000000005,-3.7106497076131206
3.3073,49.61,5.759375,-3.6248256491513597
3.3073,49.61,5.7625,-3.5611524826747107
3.3073,49.61,5.765625,-3.530058488826339
3.3073,49.61,5.768750000000001,-3.5167687503832594
3.3073,49.61,5.7718750000000005,-3.536672958962519
3.3073,49.61,5.775,-3.5696101407161986
3.3073,49.61,5.778125,-3.632125596972831
3.3073,49.61,5.78125,-3.7150588670130387
3.3073,49.61,5.784375000000001,-3.8096329319814277
3.3073,49.61,5.7875000000000005,-3.9190572351341273
3.3073,49.61,5.790625,-4.028833109465497
3.3073,49.61,5.79375,-4.146517086699038
3.3073,49.61,5.796875,-4.263747064679695
3.3073,49.61,5.800000000000001,-4.370183891457363
3.3073,49.61,5.8031250000000005,-4.457907838662656
3.3073,49.61,5.80625,-4.529311140763497
3.3073,49.61,5.809375,-4.56620408454662
3.3073,49.61,5.8125,-4.579291079387038
3.3073,49.61,5.815625000000001,-4.552512243551937
3.3073,49.61,5.8187500000000005,-4.503437405912988
3.3073,49.61,5.821875,-4.42189242436967
3.3073,49.61,5.825,-4.315759360696659
3.3073,49.61,5.828125,-4.194944423615597
3.3073,49.61,5.831250000000001,-4.059196697781567
3.3073,49.61,5.8343750000000005,-3.91851880181693
3.3073,49.61,5.8375,-3.7922246766695067
3.3073,49.61,5.840625,-3.6698654200080187
3.3073,49.61,5.84375,-3.559359004349514
3.3073,49.61,5.846875000000001,-3.477126123751712
3.3073,49.61,5.8500000000000005,-3.415975346069496
3.3073,49.61,5.853125,-3.383770286442947
3.3073,49.61,5.85625,-3.3666942753118194
3.3073,49.61,5.859375,-3.382418059706291
3.3073,49.61,5.862500000000001,-3.411451965891443
3.3073,49.61,5.8656250000000005,-3.4673615939967566
3.3073,49.61,5.86875,-3.5441145583315237
3.3073,49.61,5.871875,-3.627938794858634
3.3073,49.61,5.875,-3.725393035204891
3.3073,49.61,5.878125000000001,-3.822033841950143
3.3073,49.61,5.8812500000000005,-3.9179797260795235
3.3073,49.61,5.884375,-4.026473395040254
3.3073,49.61,5.8875,-4.122726863430397
3.3073,49.61,5.890625,-4.206129417388239
3.3073,49.61,5.893750000000001,-4.275074909113746
3.3073,49.61,5.8968750000000005,-4.311610099016055
3.3073,49.61,5.9,-4.320287253834245
3.3073,49.61,5.903125,-4.293954549627468
3.3073,49.61,5.90625,-4.234209891687807
3.3073,49.61,5.909375000000001,-4.130572486230392
3.3073,49.61,5.9125000000000005,-4.004283863306681
3.3073,49.61,5.915625,-3.85194114632196
3.3073,49.61,5.91875,-3.6832598591705183
3.3073,49.61,5.921875,-3.5110474803177842
3.3073,49.61,5.925000000000001,-3.3361105519039524
3.3073,49.61,5.9281250000000005,-3.183187497781519
3.3073,49.61,5.93125,-3.0363258046584116
3.3073,49.61,5.934375,-2.9076203896448334
3.3073,49.61,5.9375,-2.8221326016650967
3.3073,49.61,5.940625000000001,-2.753481304035281
3.3073,49.61,5.9437500000000005,-2.710595770578945
3.3073,49.61,5.946875,-2.6974767507067448
3.3073,49.61,5.95,-2.713923680619777
3.3073,49.61,5.953125,-2.7497542671947017
3.3073,49.61,5.956250000000001,-2.812677106334106
3.3073,49.61,5.9593750000000005,-2.9005612270990118
3.3073,49.61,5.9625,-2.9956718769969077
3.3073,49.61,5.965625,-3.1045118599700765
3.3073,49.61,5.96875,-3.229809664042207
3.3073,49.61,5.971875000000001,-3.363025132598349
3.3073,49.61,5.9750000000000005,-3.493451601253077
3.3073,49.61,5.978125,-3.626575044584335
3.3073,49.61,5.98125,-3.7523825340863954
3.3073,49.61,5.984375,-3.8556614915192613
3.3073,49.61,5.987500000000001,-3.9371450415201794
3.3073,49.61,5.9906250000000005,-3.9892648378949005
3.3073,49.61,5.99375,-4.014160575198733
3.3073,49.61,5.996875,-4.015255694727428
3.3073,49.61,6,-3.98788108896007
