"Current","Field","Frequency","Spectra"
1.972,29.58,1,-1.681788721372999
1.972,29.58,1.003125,-1.6422778343016886
1.972,29.58,1.00625,-1.6093615799806567
1.972,29.58,1.0093750000000001,-1.5883082068500085
1.972,29.58,1.0125,-1.5763593150961621
1.972,29.58,1.015625,-1.5769817325188398
1.972,29.58,1.01875,-1.5902320134569452
1.972,29.58,1.021875,-1.613645508153796
1.972,29.58,1.0250000000000001,-1.6519641666297094
1.972,29.58,1.028125,-1.7054442558725196
1.972,29.58,1.03125,-1.7671052322923717
1.972,29.58,1.034375,-1.8384234232155592
1.972,29.58,1.0375,-1.9145258615812255
1.972,29.58,1.0406250000000001,-1.9907250330515196
1.972,29.58,1.04375,-2.0660286406853263
1.972,29.58,1.046875,-2.137386444406846
1.972,29.58,1.05,-2.2090755740212815
1.972,29.58,1.053125,-2.264061446704539
1.972,29.58,1.0562500000000001,-2.3090200177316755
1.972,29.58,1.059375,-2.3424677794150535
1.972,29.58,1.0625,-2.366775524197093
1.972,29.58,1.065625,-2.3802270274136115
1.972,29.58,1.06875,-2.3774864032687004
1.972,29.58,1.0718750000000001,-2.3675849251340897
1.972,29.58,1.0750000000000002,-2.34803906870121
1.972,29.58,1.078125,-2.320020322491851
1.972,29.58,1.08125,-2.2845156286961363
1.972,29.58,1.084375,-2.2368744641535985
1.972,29.58,1.0875000000000001,-2.187822631928025
1.972,29.58,1.0906250000000002,-2.1378589539816324
1.972,29.58,1.09375,-2.094555081944573
1.972,29.58,1.096875,-2.0411068132982955
1.972,29.58,1.1,-1.9988231250417463
1.972,29.58,1.1031250000000001,-1.965525289777732
1.972,29.58,1.1062500000000002,-1.9231554988354629
1.972,29.58,1.109375,-1.8936968617806216
1.972,29.58,1.1125,-1.877073359711157
1.972,29.58,1.115625,-1.867050459555695
1.972,29.58,1.1187500000000001,-1.8663754258544396
1.972,29.58,1.1218750000000002,-1.8732285250509448
1.972,29.58,1.125,-1.8827093070483394
1.972,29.58,1.128125,-1.8975460613699267
1.972,29.58,1.13125,-1.9190382170358449
1.972,29.58,1.1343750000000001,-1.940587991131542
1.972,29.58,1.1375000000000002,-1.9721237347315557
1.972,29.58,1.140625,-1.9954161427685324
1.972,29.58,1.14375,-2.0136688289852085
1.972,29.58,1.146875,-2.03217519530775
1.972,29.58,1.1500000000000001,-2.0477589221251913
1.972,29.58,1.1531250000000002,-2.0560437814602137
1.972,29.58,1.15625,-2.0546631316466564
1.972,29.58,1.159375,-2.049451091582201
1.972,29.58,1.1625,-2.037512896069476
1.972,29.58,1.1656250000000001,-2.018786437477274
1.972,29.58,1.1687500000000002,-1.997153398991012
1.972,29.58,1.171875,-1.9680645684992373
1.972,29.58,1.175,-1.9339836672372281
1.972,29.58,1.178125,-1.8974605501966382
1.972,29.58,1.1812500000000001,-1.866636342942281
1.972,29.58,1.1843750000000002,-1.8317578038889546
1.972,29.58,1.1875,-1.8023584216036492
1.972,29.58,1.190625,-1.7816895250263314
1.972,29.58,1.19375,-1.7698941490188451
1.972,29.58,1.1968750000000001,-1.7673074402074387
1.972,29.58,1.2000000000000002,-1.7753193925969017
1.972,29.58,1.203125,-1.7986310619770898
1.972,29.58,1.20625,-1.8324884188586665
1.972,29.58,1.209375,-1.8819761808278122
1.972,29.58,1.2125000000000001,-1.9393954028130849
1.972,29.58,1.2156250000000002,-2.0022231215639903
1.972,29.58,1.21875,-2.0691937689911866
1.972,29.58,1.221875,-2.139700604997772
1.972,29.58,1.225,-2.2140157190850975
1.972,29.58,1.2281250000000001,-2.2791476742355985
1.972,29.58,1.2312500000000002,-2.338273199097883
1.972,29.58,1.234375,-2.385856317607768
1.972,29.58,1.2375,-2.4231809397122803
1.972,29.58,1.240625,-2.4479702844882034
1.972,29.58,1.2437500000000001,-2.468625034044324
1.972,29.58,1.2468750000000002,-2.4779317341015097
1.972,29.58,1.25,-2.4706434669259107
1.972,29.58,1.253125,-2.4511508809859857
1.972,29.58,1.25625,-2.4140764440544777
1.972,29.58,1.2593750000000001,-2.369839308220785
1.972,29.58,1.2625000000000002,-2.3328904352037343
1.972,29.58,1.265625,-2.2923261023800356
1.972,29.58,1.26875,-2.243221739498477
1.972,29.58,1.271875,-2.1931599737103076
1.972,29.58,1.2750000000000001,-2.13778277476058
1.972,29.58,1.2781250000000002,-2.0809779841459872
1.972,29.58,1.28125,-2.042378252155875
1.972,29.58,1.284375,-2.0161599545514877
1.972,29.58,1.2875,-1.9939253524288687
1.972,29.58,1.2906250000000001,-1.9776280293090185
1.972,29.58,1.2937500000000002,-1.9713447431695874
1.972,29.58,1.296875,-1.9753457899466729
1.972,29.58,1.3,-1.9880564249399963
1.972,29.58,1.303125,-2.0174489362235355
1.972,29.58,1.3062500000000001,-2.0549086777334264
1.972,29.58,1.3093750000000002,-2.091931841967197
1.972,29.58,1.3125,-2.13705783913646
1.972,29.58,1.315625,-2.1865688123473053
1.972,29.58,1.31875,-2.235243787217936
1.972,29.58,1.3218750000000001,-2.2775060926404667
1.972,29.58,1.3250000000000002,-2.3177611769814814
1.972,29.58,1.328125,-2.35168020422778
1.972,29.58,1.33125,-2.3720597120818616
1.972,29.58,1.334375,-2.3853375286139302
1.972,29.58,1.3375000000000001,-2.3869661105280917
1.972,29.58,1.3406250000000002,-2.381754039570733
1.972,29.58,1.34375,-2.3632669745488886
1.972,29.58,1.346875,-2.3340624841193844
1.972,29.58,1.35,-2.2998600732903576
1.972,29.58,1.3531250000000001,-2.2544099221330827
1.972,29.58,1.3562500000000002,-2.207021034487635
1.972,29.58,1.359375,-2.156656546771105
1.972,29.58,1.3625,-2.1006341921496365
1.972,29.58,1.365625,-2.0443801145257257
1.972,29.58,1.3687500000000001,-1.9895056344693527
1.972,29.58,1.3718750000000002,-1.9435701541743589
1.972,29.58,1.375,-1.9075067689162344
1.972,29.58,1.378125,-1.8755078932891946
1.972,29.58,1.38125,-1.8564418148101454
1.972,29.58,1.3843750000000001,-1.8459501887523433
1.972,29.58,1.3875000000000002,-1.8485192356596822
1.972,29.58,1.390625,-1.8677726054583283
1.972,29.58,1.39375,-1.9011796910685113
1.972,29.58,1.396875,-1.9491727095695652
1.972,29.58,1.4000000000000001,-2.01054373251011
1.972,29.58,1.4031250000000002,-2.0696529011090092
1.972,29.58,1.40625,-2.1365436136350135
1.972,29.58,1.409375,-2.204634655975922
1.972,29.58,1.4125,-2.2802175369149706
1.972,29.58,1.4156250000000001,-2.348910440489341
1.972,29.58,1.4187500000000002,-2.4144686670453197
1.972,29.58,1.421875,-2.4670825137911283
1.972,29.58,1.425,-2.509822739050458
1.972,29.58,1.428125,-2.542433164410991
1.972,29.58,1.4312500000000001,-2.5659705983556598
1.972,29.58,1.4343750000000002,-2.573830070736414
1.972,29.58,1.4375,-2.574426148630221
1.972,29.58,1.440625,-2.563496404674459
1.972,29.58,1.44375,-2.544085278340051
1.972,29.58,1.4468750000000001,-2.5133791486428683
1.972,29.58,1.4500000000000002,-2.475055862234516
1.972,29.58,1.453125,-2.4343081370657274
1.972,29.58,1.45625,-2.3848835818369496
1.972,29.58,1.459375,-2.3343668432216633
1.972,29.58,1.4625000000000001,-2.2883199263645766
1.972,29.58,1.4656250000000002,-2.2432224787693538
1.972,29.58,1.46875,-2.202379360118391
1.972,29.58,1.471875,-2.170827437060016
1.972,29.58,1.475,-2.1463258853610596
1.972,29.58,1.4781250000000001,-2.1320806064085427
1.972,29.58,1.4812500000000002,-2.1318044961062794
1.972,29.58,1.484375,-2.142004963716972
1.972,29.58,1.4875,-2.166175962983357
1.972,29.58,1.490625,-2.201203621720853
1.972,29.58,1.4937500000000001,-2.246491405139876
1.972,29.58,1.4968750000000002,-2.297633667917621
1.972,29.58,1.5,-2.3504946051227273
1.972,29.58,1.503125,-2.402872739999976
1.972,29.58,1.50625,-2.45515649482776
1.972,29.58,1.5093750000000001,-2.4992377624603037
1.972,29.58,1.5125000000000002,-2.536822188837732
1.972,29.58,1.515625,-2.565581368762273
1.972,29.58,1.51875,-2.593394643772429
1.972,29.58,1.521875,-2.601417167985959
1.972,29.58,1.5250000000000001,-2.597329726753599
1.972,29.58,1.5281250000000002,-2.586686623375813
1.972,29.58,1.53125,-2.5668448864925173
1.972,29.58,1.534375,-2.5419894804164938
1.972,29.58,1.5375,-2.512644365091012
1.972,29.58,1.5406250000000001,-2.473327342697501
1.972,29.58,1.5437500000000002,-2.4295459492304055
1.972,29.58,1.546875,-2.383714362258864
1.972,29.58,1.55,-2.333481264437181
1.972,29.58,1.553125,-2.2845942777833526
1.972,29.58,1.5562500000000001,-2.237025713384975
1.972,29.58,1.5593750000000002,-2.195821148342268
1.972,29.58,1.5625,-2.152691903656865
1.972,29.58,1.565625,-2.1200333828777325
1.972,29.58,1.56875,-2.0979705033208074
1.972,29.58,1.5718750000000001,-2.0865714076545565
1.972,29.58,1.5750000000000002,-2.0903603487257003
1.972,29.58,1.578125,-2.102788791154823
1.972,29.58,1.58125,-2.1273055075887224
1.972,29.58,1.584375,-2.165599928727758
1.972,29.58,1.5875000000000001,-2.212882163715205
1.972,29.58,1.5906250000000002,-2.273114784305364
1.972,29.58,1.59375,-2.3330723328567866
1.972,29.58,1.596875,-2.396942810566232
1.972,29.58,1.6,-2.45963586331578
1.972,29.58,1.6031250000000001,-2.5144386221384165
1.972,29.58,1.6062500000000002,-2.5627877902390117
1.972,29.58,1.609375,-2.6012060643779362
1.972,29.58,1.6125,-2.6317465391125627
1.972,29.58,1.615625,-2.649020587484412
1.972,29.58,1.6187500000000001,-2.6529026805555587
1.972,29.58,1.6218750000000002,-2.653119034849252
1.972,29.58,1.625,-2.64149881758562
1.972,29.58,1.628125,-2.623095576480993
1.972,29.58,1.63125,-2.598121230149749
1.972,29.58,1.6343750000000001,-2.5691093462548222
1.972,29.58,1.6375000000000002,-2.5415873232739594
1.972,29.58,1.640625,-2.5113317600120073
1.972,29.58,1.64375,-2.480809057773273
1.972,29.58,1.646875,-2.4527859151881164
1.972,29.58,1.6500000000000001,-2.4294396810494736
1.972,29.58,1.6531250000000002,-2.414452443613517
1.972,29.58,1.65625,-2.4059872634132824
1.972,29.58,1.659375,-2.408631939639074
1.972,29.58,1.6625,-2.416211364828014
1.972,29.58,1.6656250000000001,-2.423977763441398
1.972,29.58,1.6687500000000002,-2.4343384393019756
1.972,29.58,1.671875,-2.454299408297973
1.972,29.58,1.675,-2.481892075875637
1.972,29.58,1.678125,-2.514247847794015
1.972,29.58,1.6812500000000001,-2.5540268658508536
1.972,29.58,1.6843750000000002,-2.5903024161915984
1.972,29.58,1.6875,-2.63290121618434
1.972,29.58,1.690625,-2.670270553247727
1.972,29.58,1.69375,-2.7027017670878766
1.972,29.58,1.6968750000000001,-2.731454026307454
1.972,29.58,1.7000000000000002,-2.749356930260698
1.972,29.58,1.703125,-2.7607238415781774
1.972,29.58,1.70625,-2.767822573419214
1.972,29.58,1.709375,-2.7668146483681664
1.972,29.58,1.7125000000000001,-2.7588656801700617
1.972,29.58,1.7156250000000002,-2.7440457182818676
1.972,29.58,1.71875,-2.7194380172740162
1.972,29.58,1.721875,-2.6887628442521097
1.972,29.58,1.725,-2.6536495117043675
1.972,29.58,1.7281250000000001,-2.6127138889993233
1.972,29.58,1.7312500000000002,-2.5729779576316743
1.972,29.58,1.734375,-2.5319602297206028
1.972,29.58,1.7375,-2.4918010046483996
1.972,29.58,1.740625,-2.455109181799756
1.972,29.58,1.7437500000000001,-2.422879113116586
1.972,29.58,1.7468750000000002,-2.3995699646138586
1.972,29.58,1.75,-2.3822278293523347
1.972,29.58,1.753125,-2.376907986057262
1.972,29.58,1.75625,-2.3787176469817615
1.972,29.58,1.7593750000000001,-2.398075452251787
1.972,29.58,1.7625000000000002,-2.4204298594029456
1.972,29.58,1.765625,-2.453437367052891
1.972,29.58,1.76875,-2.492209169287294
1.972,29.58,1.771875,-2.5301947292722033
1.972,29.58,1.7750000000000001,-2.5721036190110387
1.972,29.58,1.7781250000000002,-2.6122684916721832
1.972,29.58,1.78125,-2.6446719370220464
1.972,29.58,1.784375,-2.678011326224923
1.972,29.58,1.7875,-2.7068243969093264
1.972,29.58,1.7906250000000001,-2.722019478686587
1.972,29.58,1.7937500000000002,-2.726253799531187
1.972,29.58,1.7968750000000002,-2.726197120679606
1.972,29.58,1.8,-2.7171091831217686
1.972,29.58,1.803125,-2.703527767824138
1.972,29.58,1.8062500000000001,-2.6808614222584026
1.972,29.58,1.8093750000000002,-2.6595667219071872
1.972,29.58,1.8125000000000002,-2.6301087651441506
1.972,29.58,1.815625,-2.602174512758678
1.972,29.58,1.81875,-2.5727890408257243
1.972,29.58,1.8218750000000001,-2.546164325016455
1.972,29.58,1.8250000000000002,-2.5192164913658455
1.972,29.58,1.8281250000000002,-2.496972401603027
1.972,29.58,1.83125,-2.4821095498443113
1.972,29.58,1.834375,-2.473012985856817
1.972,29.58,1.8375000000000001,-2.4741432930090226
1.972,29.58,1.8406250000000002,-2.4808569835087573
1.972,29.58,1.8437500000000002,-2.5032201179804794
1.972,29.58,1.846875,-2.530670583023171
1.972,29.58,1.85,-2.5703444833787508
1.972,29.58,1.8531250000000001,-2.6184504577479304
1.972,29.58,1.8562500000000002,-2.6737643775059983
1.972,29.58,1.8593750000000002,-2.7330621371150663
1.972,29.58,1.8625,-2.7970431756584144
1.972,29.58,1.865625,-2.858981687159985
1.972,29.58,1.8687500000000001,-2.918605799535098
1.972,29.58,1.8718750000000002,-2.9714928060076673
1.972,29.58,1.8750000000000002,-3.0170480128842234
1.972,29.58,1.878125,-3.0490339635146384
1.972,29.58,1.88125,-3.0707473085099597
1.972,29.58,1.8843750000000001,-3.0793091296894666
1.972,29.58,1.8875000000000002,-3.077442564716531
1.972,29.58,1.8906250000000002,-3.059274441343895
1.972,29.58,1.89375,-3.0310650186061023
1.972,29.58,1.896875,-2.9932632906600176
1.972,29.58,1.9000000000000001,-2.9443652252588244
1.972,29.58,1.9031250000000002,-2.886336778355302
1.972,29.58,1.9062500000000002,-2.8307898083757594
1.972,29.58,1.909375,-2.7707346953108543
1.972,29.58,1.9125,-2.708533010807666
1.972,29.58,1.9156250000000001,-2.6449567086570074
1.972,29.58,1.9187500000000002,-2.58565144979604
1.972,29.58,1.9218750000000002,-2.533536227850726
1.972,29.58,1.925,-2.4890120315503053
1.972,29.58,1.928125,-2.453796356804446
1.972,29.58,1.9312500000000001,-2.42954572365968
1.972,29.58,1.9343750000000002,-2.4170184889348185
1.972,29.58,1.9375000000000002,-2.417129032910724
1.972,29.58,1.940625,-2.4303114284210348
1.972,29.58,1.94375,-2.454637989426218
1.972,29.58,1.9468750000000001,-2.490784605028095
1.972,29.58,1.9500000000000002,-2.534539732930861
1.972,29.58,1.9531250000000002,-2.589298112485273
1.972,29.58,1.95625,-2.6461985047735723
1.972,29.58,1.959375,-2.7069847848666146
1.972,29.58,1.9625000000000001,-2.7625766050587472
1.972,29.58,1.9656250000000002,-2.81400740247936
1.972,29.58,1.9687500000000002,-2.8587035287965916
1.972,29.58,1.971875,-2.8930925032182215
1.972,29.58,1.975,-2.9144309588375608
1.972,29.58,1.9781250000000001,-2.9241316321467896
1.972,29.58,1.9812500000000002,-2.922425708789439
1.972,29.58,1.9843750000000002,-2.9088322568993696
1.972,29.58,1.9875,-2.885216816489785
1.972,29.58,1.990625,-2.854153167614088
1.972,29.58,1.9937500000000001,-2.815376331554563
1.972,29.58,1.9968750000000002,-2.768203586819558
1.972,29.58,2,-2.719952762450703
1.972,29.58,2.0031250000000003,-2.6695114969500984
1.972,29.58,2.00625,-2.621723378337522
1.972,29.58,2.009375,-2.579888939300068
1.972,29.58,2.0125,-2.5409139697635554
1.972,29.58,2.015625,-2.5085254892938873
1.972,29.58,2.0187500000000003,-2.4885232571683527
1.972,29.58,2.021875,-2.482935585233455
1.972,29.58,2.025,-2.4871317446497083
1.972,29.58,2.028125,-2.5061835513564428
1.972,29.58,2.03125,-2.5423620846061996
1.972,29.58,2.0343750000000003,-2.5917607154282676
1.972,29.58,2.0375,-2.6559883494028447
1.972,29.58,2.040625,-2.726097256623541
1.972,29.58,2.04375,-2.8026140802389277
1.972,29.58,2.046875,-2.8889325099516707
1.972,29.58,2.0500000000000003,-2.968869890401975
1.972,29.58,2.053125,-3.050202695460937
1.972,29.58,2.05625,-3.1187275704802375
1.972,29.58,2.059375,-3.1828967416933924
1.972,29.58,2.0625,-3.2311133724704817
1.972,29.58,2.0656250000000003,-3.2602434296275016
1.972,29.58,2.06875,-3.2817803315082488
1.972,29.58,2.071875,-3.279307629360087
1.972,29.58,2.075,-3.264218946972279
1.972,29.58,2.078125,-3.235258161516609
1.972,29.58,2.0812500000000003,-3.190408563361997
1.972,29.58,2.084375,-3.133218568865762
1.972,29.58,2.0875,-3.073215568297121
1.972,29.58,2.090625,-3.0007197233040896
1.972,29.58,2.09375,-2.9278728283471454
1.972,29.58,2.0968750000000003,-2.8553884478417517
1.972,29.58,2.1,-2.781805930392272
1.972,29.58,2.103125,-2.7185431788866845
1.972,29.58,2.10625,-2.6635969209042436
1.972,29.58,2.109375,-2.614793967211746
1.972,29.58,2.1125000000000003,-2.5859432813697887
1.972,29.58,2.115625,-2.5649759116226405
1.972,29.58,2.11875,-2.5633553582568784
1.972,29.58,2.121875,-2.5768273131675334
1.972,29.58,2.125,-2.612026767471426
1.972,29.58,2.1281250000000003,-2.6654026804179844
1.972,29.58,2.13125,-2.7361689158309965
1.972,29.58,2.134375,-2.824401620941761
1.972,29.58,2.1375,-2.9236693380520067
1.972,29.58,2.140625,-3.0276261559744597
1.972,29.58,2.1437500000000003,-3.134874422706589
1.972,29.58,2.146875,-3.2363151030734154
1.972,29.58,2.1500000000000004,-3.329546335081846
1.972,29.58,2.153125,-3.410564090263246
1.972,29.58,2.15625,-3.472136335327365
1.972,29.58,2.1593750000000003,-3.515400114980012
1.972,29.58,2.1625,-3.5372138956642827
1.972,29.58,2.1656250000000004,-3.5364693094425443
1.972,29.58,2.16875,-3.514405040113782
1.972,29.58,2.171875,-3.474885242121466
1.972,29.58,2.1750000000000003,-3.4168004044177094
1.972,29.58,2.178125,-3.3497365268479076
1.972,29.58,2.1812500000000004,-3.2720911879781953
1.972,29.58,2.184375,-3.1926550095312445
1.972,29.58,2.1875,-3.1048051428119576
1.972,29.58,2.1906250000000003,-3.01925297464817
1.972,29.58,2.19375,-2.9354690205869294
1.972,29.58,2.1968750000000004,-2.8609891305622064
1.972,29.58,2.2,-2.7958593229543496
1.972,29.58,2.203125,-2.742864870792847
1.972,29.58,2.2062500000000003,-2.7062704965564643
1.972,29.58,2.209375,-2.685014137451091
1.972,29.58,2.2125000000000004,-2.6816797890982924
1.972,29.58,2.215625,-2.6930086167393696
1.972,29.58,2.21875,-2.7269991146568118
1.972,29.58,2.2218750000000003,-2.7735556821251937
1.972,29.58,2.225,-2.837694817048077
1.972,29.58,2.2281250000000004,-2.910140162431662
1.972,29.58,2.23125,-2.9905470416162045
1.972,29.58,2.234375,-3.0747733310996503
1.972,29.58,2.2375000000000003,-3.1569215198719878
1.972,29.58,2.240625,-3.2321422645067264
1.972,29.58,2.2437500000000004,-3.2985367176499203
1.972,29.58,2.246875,-3.3540344211360464
1.972,29.58,2.25,-3.390922805480117
1.972,29.58,2.2531250000000003,-3.416499539233786
1.972,29.58,2.25625,-3.4211338100391626
1.972,29.58,2.2593750000000004,-3.41529643650605
1.972,29.58,2.2625,-3.38972071413664
1.972,29.58,2.265625,-3.3506996343411286
1.972,29.58,2.2687500000000003,-3.2949595269444503
1.972,29.58,2.271875,-3.234902596545874
1.972,29.58,2.2750000000000004,-3.1659490664570455
1.972,29.58,2.278125,-3.08812460060608
1.972,29.58,2.28125,-3.0098657443083003
1.972,29.58,2.2843750000000003,-2.930649749144222
1.972,29.58,2.2875,-2.8552979015131053
1.972,29.58,2.2906250000000004,-2.7765178969688775
1.972,29.58,2.29375,-2.7083787376226938
1.972,29.58,2.296875,-2.6496699275863294
1.972,29.58,2.3000000000000003,-2.5983289281432715
1.972,29.58,2.303125,-2.5640541041599323
1.972,29.58,2.3062500000000004,-2.545167253351053
1.972,29.58,2.309375,-2.539542343999796
1.972,29.58,2.3125,-2.550840468906099
1.972,29.58,2.3156250000000003,-2.5783838377686545
1.972,29.58,2.31875,-2.6190291377475043
1.972,29.58,2.3218750000000004,-2.6745203073801767
1.972,29.58,2.325,-2.738431672579523
1.972,29.58,2.328125,-2.818226386539136
1.972,29.58,2.3312500000000003,-2.8935771107723025
1.972,29.58,2.334375,-2.964773698511813
1.972,29.58,2.3375000000000004,-3.03558396066059
1.972,29.58,2.340625,-3.090695427084536
1.972,29.58,2.34375,-3.1342431693324633
1.972,29.58,2.3468750000000003,-3.1627170907332336
1.972,29.58,2.35,-3.1717103809915588
1.972,29.58,2.3531250000000004,-3.166403704621871
1.972,29.58,2.35625,-3.142116202366789
1.972,29.58,2.359375,-3.1006416641411096
1.972,29.58,2.3625000000000003,-3.0447097653629376
1.972,29.58,2.365625,-2.97661599631373
1.972,29.58,2.3687500000000004,-2.900448250660026
1.972,29.58,2.371875,-2.8160260947027327
1.972,29.58,2.375,-2.7305096502135946
1.972,29.58,2.3781250000000003,-2.642556118545693
1.972,29.58,2.38125,-2.5635470949788415
1.972,29.58,2.3843750000000004,-2.4872337487490697
1.972,29.58,2.3875,-2.4199141329746827
1.972,29.58,2.390625,-2.366273718316216
1.972,29.58,2.3937500000000003,-2.3267901765662415
1.972,29.58,2.396875,-2.306285437592596
1.972,29.58,2.4000000000000004,-2.3085693742178313
1.972,29.58,2.403125,-2.3320115214259234
1.972,29.58,2.40625,-2.3787757696496437
1.972,29.58,2.4093750000000003,-2.447772948383729
1.972,29.58,2.4125,-2.537284761832555
1.972,29.58,2.4156250000000004,-2.6454170695576993
1.972,29.58,2.41875,-2.7777680122253825
1.972,29.58,2.421875,-2.9286437181706693
1.972,29.58,2.4250000000000003,-3.135348184558808
1.972,29.58,2.428125,-3.46842652190292
1.972,29.58,2.4312500000000004,-4.197878376576016
1.972,29.58,2.434375,-4.643479510883074
1.972,29.58,2.4375,-3.879550406054606
1.972,29.58,2.4406250000000003,-3.5513623117906064
1.972,29.58,2.44375,-3.439049824699145
1.972,29.58,2.4468750000000004,-3.376974926982898
1.972,29.58,2.45,-3.3296011279227655
1.972,29.58,2.453125,-3.2743425196166913
1.972,29.58,2.4562500000000003,-3.2102298348000105
1.972,29.58,2.459375,-3.136311553063808
1.972,29.58,2.4625000000000004,-3.052339244461604
1.972,29.58,2.465625,-2.9587328853606283
1.972,29.58,2.46875,-2.8637986513784286
1.972,29.58,2.4718750000000003,-2.770549321683917
1.972,29.58,2.475,-2.680284095708263
1.972,29.58,2.4781250000000004,-2.594048707058736
1.972,29.58,2.48125,-2.5224822828665157
1.972,29.58,2.484375,-2.458412240067815
1.972,29.58,2.4875000000000003,-2.4089552392853655
1.972,29.58,2.490625,-2.379293675625343
1.972,29.58,2.4937500000000004,-2.3704073869962707
1.972,29.58,2.496875,-2.3797515736653545
1.972,29.58,2.5,-2.4136991933127407
1.972,29.58,2.5031250000000003,-2.460862959088839
1.972,29.58,2.50625,-2.533635164975842
1.972,29.58,2.5093750000000004,-2.6168956134010894
1.972,29.58,2.5125,-2.7121934548134004
1.972,29.58,2.515625,-2.811668184770781
1.972,29.58,2.5187500000000003,-2.917115827452684
1.972,29.58,2.521875,-3.0149061103371815
1.972,29.58,2.5250000000000004,-3.1080637838943947
1.972,29.58,2.528125,-3.1890491124954456
1.972,29.58,2.53125,-3.2554190945973343
1.972,29.58,2.5343750000000003,-3.297714420723663
1.972,29.58,2.5375,-3.3232212905536707
1.972,29.58,2.5406250000000004,-3.3221760900485515
1.972,29.58,2.54375,-3.3063567725351257
1.972,29.58,2.546875,-3.27349704964645
1.972,29.58,2.5500000000000003,-3.2189613347299777
1.972,29.58,2.553125,-3.154390558870756
1.972,29.58,2.5562500000000004,-3.076159971566103
1.972,29.58,2.559375,-2.98709938015857
1.972,29.58,2.5625,-2.896658319580972
1.972,29.58,2.5656250000000003,-2.802508577288117
1.972,29.58,2.56875,-2.7105604830914887
1.972,29.58,2.5718750000000004,-2.625465388733522
1.972,29.58,2.575,-2.549900607390585
1.972,29.58,2.578125,-2.4867281551058125
1.972,29.58,2.5812500000000003,-2.440673334664722
1.972,29.58,2.584375,-2.413957377486568
1.972,29.58,2.5875000000000004,-2.406787234686292
1.972,29.58,2.590625,-2.419488557421891
1.972,29.58,2.59375,-2.4551841265243373
1.972,29.58,2.5968750000000003,-2.511621419943022
1.972,29.58,2.6,-2.5867943224185383
1.972,29.58,2.6031250000000004,-2.6733687569602167
1.972,29.58,2.60625,-2.770069406050512
1.972,29.58,2.609375,-2.8713870113257838
1.972,29.58,2.6125000000000003,-2.9704901637718457
1.972,29.58,2.615625,-3.0626313724930982
1.972,29.58,2.6187500000000004,-3.1485685909642025
1.972,29.58,2.621875,-3.2174690202389202
1.972,29.58,2.625,-3.27729288166192
1.972,29.58,2.6281250000000003,-3.312351083896088
1.972,29.58,2.63125,-3.329626122043196
1.972,29.58,2.6343750000000004,-3.33372479190214
1.972,29.58,2.6375,-3.3192680560507615
1.972,29.58,2.640625,-3.2874732423773394
1.972,29.58,2.6437500000000003,-3.2480006261670447
1.972,29.58,2.646875,-3.198211313809028
1.972,29.58,2.6500000000000004,-3.1399992717627883
1.972,29.58,2.653125,-3.081119279017761
1.972,29.58,2.65625,-3.0195546037027636
1.972,29.58,2.6593750000000003,-2.955516030170606
1.972,29.58,2.6625,-2.8986087113407826
1.972,29.58,2.6656250000000004,-2.847715198424838
1.972,29.58,2.66875,-2.8006791735971825
1.972,29.58,2.671875,-2.7677639114358494
1.972,29.58,2.6750000000000003,-2.749991302884178
1.972,29.58,2.678125,-2.740746355881431
1.972,29.58,2.6812500000000004,-2.7493267984103316
1.972,29.58,2.684375,-2.7717898723594163
1.972,29.58,2.6875,-2.8051826428677358
1.972,29.58,2.6906250000000003,-2.855177865181031
1.972,29.58,2.69375,-2.9110960771122594
1.972,29.58,2.6968750000000004,-2.9800293211163047
1.972,29.58,2.7,-3.0501720424640215
1.972,29.58,2.703125,-3.1219040501470157
1.972,29.58,2.7062500000000003,-3.1942765383564673
1.972,29.58,2.709375,-3.256715203824956
1.972,29.58,2.7125000000000004,-3.313274761360402
1.972,29.58,2.715625,-3.356268282576502
1.972,29.58,2.71875,-3.387049454781522
1.972,29.58,2.7218750000000003,-3.4082335227162437
1.972,29.58,2.725,-3.4136519200753885
1.972,29.58,2.7281250000000004,-3.4117809092312203
1.972,29.58,2.73125,-3.395489464054898
1.972,29.58,2.734375,-3.370311726860205
1.972,29.58,2.7375000000000003,-3.338961465508527
1.972,29.58,2.740625,-3.3062021667451886
1.972,29.58,2.7437500000000004,-3.2815037374664113
1.972,29.58,2.746875,-3.244485459336705
1.972,29.58,2.75,-3.189334623385001
1.972,29.58,2.7531250000000003,-3.113177688248613
1.972,29.58,2.75625,-3.0529054676511196
1.972,29.58,2.7593750000000004,-2.9710804847295464
1.972,29.58,2.7625,-2.9047261110150795
1.972,29.58,2.765625,-2.8570367955298486
1.972,29.58,2.7687500000000003,-2.8315804780381635
1.972,29.58,2.771875,-2.821598142267711
1.972,29.58,2.7750000000000004,-2.838148521671111
1.972,29.58,2.778125,-2.870800365014898
1.972,29.58,2.78125,-2.917305162533685
1.972,29.58,2.7843750000000003,-2.9746331898560694
1.972,29.58,2.7875,-3.0446945217675054
1.972,29.58,2.7906250000000004,-3.1247677170022463
1.972,29.58,2.79375,-3.200318039994668
1.972,29.58,2.796875,-3.2789327561492394
1.972,29.58,2.8000000000000003,-3.348894671605132
1.972,29.58,2.803125,-3.408824429967204
1.972,29.58,2.8062500000000004,-3.4591832602428467
1.972,29.58,2.809375,-3.4911104964864155
1.972,29.58,2.8125,-3.5101134103793834
1.972,29.58,2.8156250000000003,-3.51604005682492
1.972,29.58,2.81875,-3.5055366040144342
1.972,29.58,2.8218750000000004,-3.489315287020079
1.972,29.58,2.825,-3.4563372873621114
1.972,29.58,2.828125,-3.4122369235739
1.972,29.58,2.8312500000000003,-3.362679202990515
1.972,29.58,2.834375,-3.3065268912276577
1.972,29.58,2.8375000000000004,-3.244178108376523
1.972,29.58,2.840625,-3.1879989558662354
1.972,29.58,2.84375,-3.131766711292741
1.972,29.58,2.8468750000000003,-3.0771337963946923
1.972,29.58,2.85,-3.0318318180387847
1.972,29.58,2.8531250000000004,-2.9959821375087534
1.972,29.58,2.85625,-2.9719279593852836
1.972,29.58,2.859375,-2.954787325669182
1.972,29.58,2.8625000000000003,-2.955506812461264
1.972,29.58,2.865625,-2.9709392959037983
1.972,29.58,2.8687500000000004,-3.0039043905093132
1.972,29.58,2.871875,-3.0468440747607066
1.972,29.58,2.875,-3.104275789247721
1.972,29.58,2.8781250000000003,-3.171866017285984
1.972,29.58,2.88125,-3.247125016364415
1.972,29.58,2.8843750000000004,-3.3138184759103666
1.972,29.58,2.8875,-3.3919745350853123
1.972,29.58,2.890625,-3.4585819400486444
1.972,29.58,2.8937500000000003,-3.5216115544836386
1.972,29.58,2.896875,-3.5679555794231725
1.972,29.58,2.9000000000000004,-3.607689636467134
1.972,29.58,2.903125,-3.6327641661749714
1.972,29.58,2.90625,-3.641475514873095
1.972,29.58,2.9093750000000003,-3.638268145339112
1.972,29.58,2.9125,-3.6264388359571162
1.972,29.58,2.9156250000000004,-3.602413077332403
1.972,29.58,2.91875,-3.5679340932007735
1.972,29.58,2.921875,-3.5287488168229175
1.972,29.58,2.9250000000000003,-3.482531788031478
1.972,29.58,2.928125,-3.4338251463100815
1.972,29.58,2.9312500000000004,-3.3826817426745577
1.972,29.58,2.934375,-3.3305652997252704
1.972,29.58,2.9375,-3.284022031027165
1.972,29.58,2.9406250000000003,-3.24146183646445
1.972,29.58,2.94375,-3.206804504217548
1.972,29.58,2.9468750000000004,-3.1857340448882816
1.972,29.58,2.95,-3.1726165761985463
1.972,29.58,2.953125,-3.172251491104661
1.972,29.58,2.9562500000000003,-3.1848468352020127
1.972,29.58,2.959375,-3.2100481525696996
1.972,29.58,2.9625000000000004,-3.249296996061548
1.972,29.58,2.965625,-3.301194391988819
1.972,29.58,2.96875,-3.3661405386213006
1.972,29.58,2.9718750000000003,-3.4314800982048004
1.972,29.58,2.975,-3.5010482717870905
1.972,29.58,2.9781250000000004,-3.572116136494987
1.972,29.58,2.98125,-3.631706301188532
1.972,29.58,2.984375,-3.682202371557958
1.972,29.58,2.9875000000000003,-3.7233323799982547
1.972,29.58,2.990625,-3.7505077398689752
1.972,29.58,2.9937500000000004,-3.7645826275626586
1.972,29.58,2.996875,-3.761846551949865
1.972,29.58,3,-3.747318739929548
1.972,29.58,3.0031250000000003,-3.7202271852768183
1.972,29.58,3.00625,-3.677395390774734
1.972,29.58,3.0093750000000004,-3.634664391051095
1.972,29.58,3.0125,-3.5808220661777286
1.972,29.58,3.015625,-3.5288400102553252
1.972,29.58,3.0187500000000003,-3.4740555150428474
1.972,29.58,3.021875,-3.4198436388148035
1.972,29.58,3.0250000000000004,-3.371503549989404
1.972,29.58,3.028125,-3.331460607799171
1.972,29.58,3.03125,-3.295207581292253
1.972,29.58,3.0343750000000003,-3.271857617954725
1.972,29.58,3.0375,-3.2650364936069245
1.972,29.58,3.0406250000000004,-3.2721548625479895
1.972,29.58,3.04375,-3.2906291430486085
1.972,29.58,3.046875,-3.327258559921594
1.972,29.58,3.0500000000000003,-3.376054775677198
1.972,29.58,3.053125,-3.431612099913429
1.972,29.58,3.0562500000000004,-3.497854542634231
1.972,29.58,3.059375,-3.5675606555362633
1.972,29.58,3.0625,-3.6409437009904817
1.972,29.58,3.0656250000000003,-3.7085761798650942
1.972,29.58,3.06875,-3.775113485405584
1.972,29.58,3.0718750000000004,-3.8269622526825646
1.972,29.58,3.075,-3.875202557633793
1.972,29.58,3.078125,-3.9070436747695636
1.972,29.58,3.0812500000000003,-3.926000272484252
1.972,29.58,3.084375,-3.92996157678499
1.972,29.58,3.0875000000000004,-3.9238990605319173
1.972,29.58,3.090625,-3.902047490067951
1.972,29.58,3.09375,-3.868599480662123
1.972,29.58,3.0968750000000003,-3.828871739864762
1.972,29.58,3.1,-3.784085685616063
1.972,29.58,3.1031250000000004,-3.735747190722777
1.972,29.58,3.10625,-3.675589903869398
1.972,29.58,3.109375,-3.615209250338941
1.972,29.58,3.1125000000000003,-3.558107404474507
1.972,29.58,3.115625,-3.5043208039688523
1.972,29.58,3.1187500000000004,-3.4495920327849774
1.972,29.58,3.121875,-3.396704757626054
1.972,29.58,3.125,-3.3520760332967923
1.972,29.58,3.1281250000000003,-3.3180859039208044
1.972,29.58,3.13125,-3.2972216722153647
1.972,29.58,3.1343750000000004,-3.2923616397112134
1.972,29.58,3.1375,-3.3008250541095734
1.972,29.58,3.140625,-3.32992299569669
1.972,29.58,3.1437500000000003,-3.368113102193065
1.972,29.58,3.146875,-3.427127134981747
1.972,29.58,3.1500000000000004,-3.4910718562637166
1.972,29.58,3.153125,-3.5612289229854337
1.972,29.58,3.15625,-3.6413650011723826
1.972,29.58,3.1593750000000003,-3.7145607275079575
1.972,29.58,3.1625,-3.7859353244981153
1.972,29.58,3.1656250000000004,-3.8537765639395385
1.972,29.58,3.16875,-3.90393807071899
1.972,29.58,3.171875,-3.9449425596423353
1.972,29.58,3.1750000000000003,-3.9693524202180654
1.972,29.58,3.178125,-3.9806186698615815
1.972,29.58,3.1812500000000004,-3.978949693156131
1.972,29.58,3.184375,-3.9663766155398723
1.972,29.58,3.1875,-3.9372297946267665
1.972,29.58,3.1906250000000003,-3.908168885283818
1.972,29.58,3.19375,-3.8656749016203285
1.972,29.58,3.1968750000000004,-3.817265342346726
1.972,29.58,3.2,-3.769049287813746
1.972,29.58,3.203125,-3.71631937242623
1.972,29.58,3.2062500000000003,-3.6686919015932418
1.972,29.58,3.209375,-3.62015398191398
1.972,29.58,3.2125000000000004,-3.578781386320174
1.972,29.58,3.215625,-3.546347219970016
1.972,29.58,3.21875,-3.51943883066087
1.972,29.58,3.2218750000000003,-3.501326250892975
1.972,29.58,3.225,-3.4966974029102067
1.972,29.58,3.2281250000000004,-3.5019432474332635
1.972,29.58,3.23125,-3.517419763772774
1.972,29.58,3.234375,-3.5441803718622866
1.972,29.58,3.2375000000000003,-3.5841484096107528
1.972,29.58,3.240625,-3.6235494457557578
1.972,29.58,3.2437500000000004,-3.6636505854011574
1.972,29.58,3.246875,-3.7091949211148574
1.972,29.58,3.25,-3.7571138603067986
1.972,29.58,3.2531250000000003,-3.8028308148806147
1.972,29.58,3.25625,-3.839510424687011
1.972,29.58,3.2593750000000004,-3.874622849387272
1.972,29.58,3.2625,-3.898623744784175
1.972,29.58,3.265625,-3.910261014814499
1.972,29.58,3.2687500000000003,-3.920656692442775
1.972,29.58,3.271875,-3.9201386591079226
1.972,29.58,3.2750000000000004,-3.9098718974467763
1.972,29.58,3.278125,-3.8963078974004435
1.972,29.58,3.28125,-3.8738860927755985
1.972,29.58,3.2843750000000003,-3.85031096709024
1.972,29.58,3.2875,-3.8178150420796797
1.972,29.58,3.2906250000000004,-3.790998935659729
1.972,29.58,3.29375,-3.7614620759179895
1.972,29.58,3.296875,-3.7394399863150225
1.972,29.58,3.3000000000000003,-3.7207899994439426
1.972,29.58,3.303125,-3.7070232271970345
1.972,29.58,3.3062500000000004,-3.7018941717082954
1.972,29.58,3.309375,-3.7084737660316582
1.972,29.58,3.3125,-3.7186343110295983
1.972,29.58,3.3156250000000003,-3.7410455544022883
1.972,29.58,3.31875,-3.7714088781680215
1.972,29.58,3.3218750000000004,-3.8143001535778778
1.972,29.58,3.325,-3.8595288480820904
1.972,29.58,3.328125,-3.9133013051178405
1.972,29.58,3.3312500000000003,-3.9685377785027196
1.972,29.58,3.334375,-4.02713377173766
1.972,29.58,3.3375000000000004,-4.079814480850399
1.972,29.58,3.340625,-4.127361845958559
1.972,29.58,3.34375,-4.169837285413994
1.972,29.58,3.3468750000000003,-4.204702788131923
1.972,29.58,3.35,-4.229359099751841
1.972,29.58,3.3531250000000004,-4.2335302222392786
1.972,29.58,3.35625,-4.234966352741076
1.972,29.58,3.359375,-4.225251856266452
1.972,29.58,3.3625000000000003,-4.200880869097477
1.972,29.58,3.365625,-4.1705854016737325
1.972,29.58,3.3687500000000004,-4.135747351172972
1.972,29.58,3.371875,-4.097669000263393
1.972,29.58,3.375,-4.056109294148842
1.972,29.58,3.3781250000000003,-4.01201156779461
1.972,29.58,3.38125,-3.969914229653933
1.972,29.58,3.3843750000000004,-3.9346999416676773
1.972,29.58,3.3875,-3.9049913795496223
1.972,29.58,3.390625,-3.885304390050574
1.972,29.58,3.3937500000000003,-3.8755115643975415
1.972,29.58,3.396875,-3.878101193428667
1.972,29.58,3.4000000000000004,-3.8831347635376945
1.972,29.58,3.403125,-3.9178312371559407
1.972,29.58,3.40625,-3.9721122813119436
1.972,29.58,3.4093750000000003,-4.031313402755944
1.972,29.58,3.4125,-4.110480184797075
1.972,29.58,3.4156250000000004,-4.2024777743976935
1.972,29.58,3.41875,-4.306439200464947
1.972,29.58,3.421875,-4.420359992964658
1.972,29.58,3.4250000000000003,-4.530145800053641
1.972,29.58,3.428125,-4.644874689447382
1.972,29.58,3.4312500000000004,-4.753342472936991
1.972,29.58,3.434375,-4.845185280217613
1.972,29.58,3.4375,-4.935988412409597
1.972,29.58,3.4406250000000003,-5.009652645850521
1.972,29.58,3.44375,-5.0713681056721
1.972,29.58,3.4468750000000004,-5.114051983969392
1.972,29.58,3.45,-5.150947543248597
1.972,29.58,3.453125,-5.170853279913075
1.972,29.58,3.4562500000000003,-5.186262389442841
1.972,29.58,3.459375,-5.196744087442143
1.972,29.58,3.4625000000000004,-5.200934099907863
1.972,29.58,3.465625,-5.2100191037062
1.972,29.58,3.46875,-5.21367743152073
1.972,29.58,3.4718750000000003,-5.22221902840628
1.972,29.58,3.475,-5.233972359915363
1.972,29.58,3.4781250000000004,-5.249582272740943
1.972,29.58,3.48125,-5.269969969940551
1.972,29.58,3.484375,-5.299170538315352
1.972,29.58,3.4875000000000003,-5.327733181393686
1.972,29.58,3.490625,-5.358242886433854
1.972,29.58,3.4937500000000004,-5.383850939439585
1.972,29.58,3.496875,-5.4171139762570615
1.972,29.58,3.5,-5.446576109798792
1.972,29.58,3.5031250000000003,-5.4782541178764035
1.972,29.58,3.50625,-5.513766158586247
1.972,29.58,3.5093750000000004,-5.548299096909669
1.972,29.58,3.5125,-5.576846933844463
1.972,29.58,3.515625,-5.5950225170831915
1.972,29.58,3.5187500000000003,-5.584208658404712
1.972,29.58,3.521875,-5.574480998194414
1.972,29.58,3.5250000000000004,-5.560357511862552
1.972,29.58,3.528125,-5.540103823205285
1.972,29.58,3.53125,-5.515501653776637
1.972,29.58,3.5343750000000003,-5.4848672927798265
1.972,29.58,3.5375,-5.4436280928024585
1.972,29.58,3.5406250000000004,-5.396059091980816
1.972,29.58,3.54375,-5.330407104527586
1.972,29.58,3.546875,-5.2633556479178045
1.972,29.58,3.5500000000000003,-5.188057464832893
1.972,29.58,3.553125,-5.103079699096959
1.972,29.58,3.5562500000000004,-5.012988427337042
1.972,29.58,3.559375,-4.926413753609233
1.972,29.58,3.5625,-4.834624099838512
1.972,29.58,3.5656250000000003,-4.7559624392374635
1.972,29.58,3.56875,-4.677156613902685
1.972,29.58,3.5718750000000004,-4.605010747116225
1.972,29.58,3.575,-4.5450910888686895
1.972,29.58,3.5781250000000004,-4.492246164673936
1.972,29.58,3.5812500000000003,-4.4556972619842385
1.972,29.58,3.584375,-4.434283335377778
1.972,29.58,3.5875000000000004,-4.421911996218466
1.972,29.58,3.590625,-4.417508046137365
1.972,29.58,3.5937500000000004,-4.426085607751639
1.972,29.58,3.5968750000000003,-4.444462419717359
1.972,29.58,3.6,-4.474349320729347
1.972,29.58,3.6031250000000004,-4.511448774431357
1.972,29.58,3.60625,-4.55482075454113
1.972,29.58,3.6093750000000004,-4.5983324833112516
1.972,29.58,3.6125000000000003,-4.637345648573028
1.972,29.58,3.615625,-4.6694004409582295
1.972,29.58,3.6187500000000004,-4.694242313737343
1.972,29.58,3.621875,-4.708932773248885
1.972,29.58,3.6250000000000004,-4.716623124414363
1.972,29.58,3.6281250000000003,-4.711334384218943
1.972,29.58,3.63125,-4.699507667702824
1.972,29.58,3.6343750000000004,-4.6839563405770095
1.972,29.58,3.6375,-4.676608820030585
1.972,29.58,3.6406250000000004,-4.681321628429296
1.972,29.58,3.6437500000000003,-4.6745252959055374
1.972,29.58,3.646875,-4.648993527859403
1.972,29.58,3.6500000000000004,-4.589109344598031
1.972,29.58,3.653125,-4.520863717515987
1.972,29.58,3.6562500000000004,-4.4650056078753995
1.972,29.58,3.6593750000000003,-4.420997530732032
1.972,29.58,3.6625,-4.384053527519163
1.972,29.58,3.6656250000000004,-4.357430037676459
1.972,29.58,3.66875,-4.334758639496787
1.972,29.58,3.6718750000000004,-4.325614889920005
1.972,29.58,3.6750000000000003,-4.323898509919039
1.972,29.58,3.678125,-4.3304851254730625
1.972,29.58,3.6812500000000004,-4.345945891838295
1.972,29.58,3.684375,-4.365193575685154
1.972,29.58,3.6875000000000004,-4.38214652430632
1.972,29.58,3.6906250000000003,-4.4046881553265465
1.972,29.58,3.69375,-4.431833581013162
1.972,29.58,3.6968750000000004,-4.462497262867572
1.972,29.58,3.7,-4.495194195382833
1.972,29.58,3.7031250000000004,-4.529322439542146
1.972,29.58,3.7062500000000003,-4.559450995980678
1.972,29.58,3.709375,-4.578824704354738
1.972,29.58,3.7125000000000004,-4.594824206421789
1.972,29.58,3.715625,-4.598258765440581
1.972,29.58,3.7187500000000004,-4.592634833205703
1.972,29.58,3.7218750000000003,-4.576995279822667
1.972,29.58,3.725,-4.555231619007586
1.972,29.58,3.7281250000000004,-4.539800767640711
1.972,29.58,3.73125,-4.523885439316022
1.972,29.58,3.7343750000000004,-4.5268301693449065
1.972,29.58,3.7375000000000003,-4.510545921437444
1.972,29.58,3.740625,-4.5115256241854995
1.972,29.58,3.7437500000000004,-4.506324592046384
1.972,29.58,3.746875,-4.515919635098728
1.972,29.58,3.7500000000000004,-4.541829418077979
1.972,29.58,3.7531250000000003,-4.583145182133942
1.972,29.58,3.75625,-4.650166408445468
1.972,29.58,3.7593750000000004,-4.732650451535627
1.972,29.58,3.7625,-4.8527080379872
1.972,29.58,3.7656250000000004,-4.989977140494236
1.972,29.58,3.7687500000000003,-5.147876034899515
1.972,29.58,3.771875,-5.328862790562416
1.972,29.58,3.7750000000000004,-5.528986769965303
1.972,29.58,3.778125,-5.747211609712454
1.972,29.58,3.7812500000000004,-5.972033914187158
1.972,29.58,3.7843750000000003,-6.203356318901086
1.972,29.58,3.7875,-6.423702763044195
1.972,29.58,3.7906250000000004,-6.631100732793991
1.972,29.58,3.79375,-6.810485159880693
1.972,29.58,3.7968750000000004,-6.980124165966711
1.972,29.58,3.8000000000000003,-7.110866504444038
1.972,29.58,3.803125,-7.219007375063047
1.972,29.58,3.8062500000000004,-7.283127223354634
1.972,29.58,3.809375,-7.33412195259068
1.972,29.58,3.8125000000000004,-7.367527780331118
1.972,29.58,3.8156250000000003,-7.380223025544312
1.972,29.58,3.81875,-7.409218559883724
1.972,29.58,3.8218750000000004,-7.425548924630506
1.972,29.58,3.825,-7.44429999304513
1.972,29.58,3.8281250000000004,-7.470695073256065
1.972,29.58,3.8312500000000003,-7.496330491898474
1.972,29.58,3.834375,-7.5396269856144364
1.972,29.58,3.8375000000000004,-7.586186905196176
1.972,29.58,3.840625,-7.6539365187198305
1.972,29.58,3.8437500000000004,-7.734099947301742
1.972,29.58,3.8468750000000003,-7.832340468337274
1.972,29.58,3.85,-7.947896198223905
1.972,29.58,3.8531250000000004,-8.08100946265496
1.972,29.58,3.85625,-8.233940320790364
1.972,29.58,3.8593750000000004,-8.403152266489526
1.972,29.58,3.8625000000000003,-8.588005726277391
1.972,29.58,3.865625,-8.78946524827835
1.972,29.58,3.8687500000000004,-8.997243639622376
1.972,29.58,3.871875,-9.20278262073616
1.972,29.58,3.8750000000000004,-9.408887543137665
1.972,29.58,3.8781250000000003,-9.598411516520173
1.972,29.58,3.88125,-9.75992254346149
1.972,29.58,3.8843750000000004,-9.876025507342286
1.972,29.58,3.8875,-9.952057751187166
1.972,29.58,3.8906250000000004,-9.987452966198058
1.972,29.58,3.8937500000000003,-9.972864922389991
1.972,29.58,3.896875,-9.915312196414398
1.972,29.58,3.9000000000000004,-9.825958690536021
1.972,29.58,3.903125,-9.700554628552652
1.972,29.58,3.9062500000000004,-9.560326753130408
1.972,29.58,3.9093750000000003,-9.407268557889454
1.972,29.58,3.9125,-9.259743254472237
1.972,29.58,3.9156250000000004,-9.11077466288911
1.972,29.58,3.91875,-8.977048500437613
1.972,29.58,3.9218750000000004,-8.864756043784286
1.972,29.58,3.9250000000000003,-8.768969201863515
1.972,29.58,3.928125,-8.697073440389374
1.972,29.58,3.9312500000000004,-8.655335358887108
1.972,29.58,3.934375,-8.641301911997235
1.972,29.58,3.9375000000000004,-8.650599175616827
1.972,29.58,3.9406250000000003,-8.68745840979494
1.972,29.58,3.94375,-8.758088450817507
1.972,29.58,3.9468750000000004,-8.854156747310105
1.972,29.58,3.95,-8.96481558043256
1.972,29.58,3.9531250000000004,-9.104800763336108
1.972,29.58,3.9562500000000003,-9.262396713052944
1.972,29.58,3.959375,-9.428602093016575
1.972,29.58,3.9625000000000004,-9.597638044082604
1.972,29.58,3.965625,-9.753777623399278
1.972,29.58,3.9687500000000004,-9.905368573962532
1.972,29.58,3.9718750000000003,-10.02754299633911
1.972,29.58,3.975,-10.113228441095972
1.972,29.58,3.9781250000000004,-10.165945355747485
1.972,29.58,3.98125,-10.170078875972893
1.972,29.58,3.9843750000000004,-10.129524192783466
1.972,29.58,3.9875000000000003,-10.060706970320076
1.972,29.58,3.990625,-9.958690346394137
1.972,29.58,3.9937500000000004,-9.837050859771942
1.972,29.58,3.996875,-9.712419906377708
1.972,29.58,4,-9.584393280919464
1.972,29.58,4.003125,-9.45716222410549
1.972,29.58,4.0062500000000005,-9.351832562747544
1.972,29.58,4.009375,-9.26561011209641
1.972,29.58,4.0125,-9.200771761729444
1.972,29.58,4.015625,-9.15689823617275
1.972,29.58,4.01875,-9.146483490495132
1.972,29.58,4.0218750000000005,-9.169675977400013
1.972,29.58,4.025,-9.222821736820467
1.972,29.58,4.028125,-9.303255732823727
1.972,29.58,4.03125,-9.413415861759818
1.972,29.58,4.034375,-9.559700038815953
1.972,29.58,4.0375000000000005,-9.732464436963932
1.972,29.58,4.040625,-9.927856048176743
1.972,29.58,4.04375,-10.143055297669935
1.972,29.58,4.046875,-10.367247395679406
1.972,29.58,4.05,-10.58754609835428
1.972,29.58,4.0531250000000005,-10.795583281493599
1.972,29.58,4.05625,-10.99888189368902
1.972,29.58,4.059375,-11.15645985101872
1.972,29.58,4.0625,-11.285432151627088
1.972,29.58,4.065625,-11.354948500335421
1.972,29.58,4.0687500000000005,-11.368190772149443
1.972,29.58,4.071875,-11.318472216488438
1.972,29.58,4.075,-11.215013694694377
1.972,29.58,4.078125,-11.06086907174063
1.972,29.58,4.08125,-10.862772073688639
1.972,29.58,4.0843750000000005,-10.651243894791778
1.972,29.58,4.0875,-10.431028189344687
1.972,29.58,4.090625,-10.221499566466218
1.972,29.58,4.09375,-10.02783515606973
1.972,29.58,4.096875,-9.863400641120016
1.972,29.58,4.1000000000000005,-9.730719574665159
1.972,29.58,4.103125,-9.64378559191845
1.972,29.58,4.10625,-9.577107809173242
1.972,29.58,4.109375,-9.5515437812368
1.972,29.58,4.1125,-9.57563042440815
1.972,29.58,4.1156250000000005,-9.626668510352868
1.972,29.58,4.11875,-9.721127567709187
1.972,29.58,4.121875,-9.845911623590185
1.972,29.58,4.125,-10.010369683549117
1.972,29.58,4.128125,-10.211214084500364
1.972,29.58,4.1312500000000005,-10.435948352436473
1.972,29.58,4.134375,-10.674334506261884
1.972,29.58,4.1375,-10.933942628453774
1.972,29.58,4.140625,-11.179357962516312
1.972,29.58,4.14375,-11.412385589168657
1.972,29.58,4.1468750000000005,-11.613136061608714
1.972,29.58,4.15,-11.750083637575106
1.972,29.58,4.153125,-11.827219255756933
1.972,29.58,4.15625,-11.827561677776828
1.972,29.58,4.159375,-11.767877668491407
1.972,29.58,4.1625000000000005,-11.632009661233704
1.972,29.58,4.165625,-11.448828392714665
1.972,29.58,4.16875,-11.241991131861827
1.972,29.58,4.171875,-11.005492305124369
1.972,29.58,4.175,-10.756218177670156
1.972,29.58,4.1781250000000005,-10.52370817334426
1.972,29.58,4.18125,-10.301173435597237
1.972,29.58,4.184375,-10.095909616859773
1.972,29.58,4.1875,-9.92546190504884
1.972,29.58,4.190625,-9.780952348496887
1.972,29.58,4.1937500000000005,-9.673621566568515
1.972,29.58,4.196875,-9.594626815306077
1.972,29.58,4.2,-9.560146591479523
1.972,29.58,4.203125,-9.55571811812099
1.972,29.58,4.20625,-9.595926667675487
1.972,29.58,4.2093750000000005,-9.665186169698835
1.972,29.58,4.2125,-9.774357402975733
1.972,29.58,4.215625,-9.92386201367085
1.972,29.58,4.21875,-10.103321835338814
1.972,29.58,4.221875,-10.316455934379325
1.972,29.58,4.2250000000000005,-10.564792715773558
1.972,29.58,4.228125,-10.81835266434392
1.972,29.58,4.23125,-11.077011121573916
1.972,29.58,4.234375,-11.339723475277195
1.972,29.58,4.2375,-11.577990219544034
1.972,29.58,4.2406250000000005,-11.765157625058041
1.972,29.58,4.24375,-11.90070396943806
1.972,29.58,4.246875,-11.974211416914919
1.972,29.58,4.25,-11.970268652853537
1.972,29.58,4.253125,-11.884171390605156
1.972,29.58,4.2562500000000005,-11.746774581488356
1.972,29.58,4.259375,-11.567415158727382
1.972,29.58,4.2625,-11.340769899449295
1.972,29.58,4.265625,-11.104657336764898
1.972,29.58,4.26875,-10.879028547587739
1.972,29.58,4.2718750000000005,-10.658905314636513
1.972,29.58,4.275,-10.44710016816446
1.972,29.58,4.278125,-10.267223069061757
1.972,29.58,4.28125,-10.124930075124388
1.972,29.58,4.284375000000001,-10.010123402123758
1.972,29.58,4.2875000000000005,-9.927729345594738
1.972,29.58,4.290625,-9.88730275567473
1.972,29.58,4.29375,-9.889267092195773
1.972,29.58,4.296875,-9.927194653860115
1.972,29.58,4.300000000000001,-9.993163317997375
1.972,29.58,4.3031250000000005,-10.107189945716517
1.972,29.58,4.30625,-10.247923743839069
1.972,29.58,4.309375,-10.41521743779632
1.972,29.58,4.3125,-10.602172227784374
1.972,29.58,4.315625000000001,-10.811981591249031
1.972,29.58,4.3187500000000005,-11.0291425978765
1.972,29.58,4.321875,-11.225015911080384
1.972,29.58,4.325,-11.422624048949064
1.972,29.58,4.328125,-11.572566389818924
1.972,29.58,4.331250000000001,-11.686554284072004
1.972,29.58,4.3343750000000005,-11.738287147747508
1.972,29.58,4.3375,-11.736753710047152
1.972,29.58,4.340625,-11.664643208825856
1.972,29.58,4.34375,-11.545773469725226
1.972,29.58,4.346875000000001,-11.384438421973543
1.972,29.58,4.3500000000000005,-11.168447800749988
1.972,29.58,4.353125,-10.929257245298402
1.972,29.58,4.35625,-10.648571798707419
1.972,29.58,4.359375,-10.371292715726314
1.972,29.58,4.362500000000001,-10.088095161373676
1.972,29.58,4.3656250000000005,-9.825647228366375
1.972,29.58,4.36875,-9.593405720642536
1.972,29.58,4.371875,-9.400263946998596
1.972,29.58,4.375,-9.256396857099123
1.972,29.58,4.378125000000001,-9.14640578918895
1.972,29.58,4.3812500000000005,-9.08816107515377
1.972,29.58,4.384375,-9.061241407247259
1.972,29.58,4.3875,-9.069704964963925
1.972,29.58,4.390625,-9.120022157865368
1.972,29.58,4.393750000000001,-9.207611416152707
1.972,29.58,4.3968750000000005,-9.32561924937066
1.972,29.58,4.4,-9.474244517651888
1.972,29.58,4.403125,-9.661302813248653
1.972,29.58,4.40625,-9.873860979951386
1.972,29.58,4.409375000000001,-10.089951078893158
1.972,29.58,4.4125000000000005,-10.315260756164587
1.972,29.58,4.415625,-10.542734438798938
1.972,29.58,4.41875,-10.746708063625492
1.972,29.58,4.421875,-10.909476227004472
1.972,29.58,4.425000000000001,-11.027369657426062
1.972,29.58,4.4281250000000005,-11.11738396803441
1.972,29.58,4.43125,-11.163042698756197
1.972,29.58,4.434375,-11.161066956133892
1.972,29.58,4.4375,-10.987114019350734
1.972,29.58,4.440625000000001,-10.772141234307169
1.972,29.58,4.4437500000000005,-10.553539159458651
1.972,29.58,4.446875,-10.336311449163361
1.972,29.58,4.45,-10.104938589839538
1.972,29.58,4.453125,-9.875184888850248
1.972,29.58,4.456250000000001,-9.666198423082161
1.972,29.58,4.4593750000000005,-9.471605739147995
1.972,29.58,4.4625,-9.313054968915432
1.972,29.58,4.465625,-9.176467548506299
1.972,29.58,4.46875,-9.079104874425587
1.972,29.58,4.471875000000001,-9.006394276722965
1.972,29.58,4.4750000000000005,-8.972533714196144
1.972,29.58,4.478125,-8.95744969551984
1.972,29.58,4.48125,-8.975875749756426
1.972,29.58,4.484375,-9.028139766972028
1.972,29.58,4.487500000000001,-9.099547938472202
1.972,29.58,4.4906250000000005,-9.20049710847085
1.972,29.58,4.49375,-9.326205871350702
1.972,29.58,4.496875,-9.469401336204946
1.972,29.58,4.5,-9.62916026198613
1.972,29.58,4.503125000000001,-9.78579033769023
1.972,29.58,4.5062500000000005,-9.940905360138244
1.972,29.58,4.509375,-10.07584545605817
1.972,29.58,4.5125,-10.177945796512002
1.972,29.58,4.515625,-10.235989709376977
1.972,29.58,4.518750000000001,-10.240173751406072
1.972,29.58,4.5218750000000005,-10.192039536018942
1.972,29.58,4.525,-10.082533280447743
1.972,29.58,4.528125,-9.921050575657688
1.972,29.58,4.53125,-9.720912177649389
1.972,29.58,4.534375000000001,-9.514002692173735
1.972,29.58,4.5375000000000005,-9.337522075777056
1.972,29.58,4.540625,-9.194797782666342
1.972,29.58,4.54375,-8.99419365600868
1.972,29.58,4.546875,-8.706593025223281
1.972,29.58,4.550000000000001,-8.41575977746549
1.972,29.58,4.5531250000000005,-8.153338935283795
1.972,29.58,4.55625,-7.93057692509974
1.972,29.58,4.559375,-7.7522911808752495
1.972,29.58,4.5625,-7.603514921633833
1.972,29.58,4.565625000000001,-7.488526541236672
1.972,29.58,4.5687500000000005,-7.397988785906813
1.972,29.58,4.571875,-7.34339467405526
1.972,29.58,4.575,-7.306366565347985
1.972,29.58,4.578125,-7.3107817142250076
1.972,29.58,4.581250000000001,-7.34029516988926
1.972,29.58,4.5843750000000005,-7.3983780789831055
1.972,29.58,4.5875,-7.479492960645543
1.972,29.58,4.590625,-7.579632252083525
1.972,29.58,4.59375,-7.694094470895068
1.972,29.58,4.596875000000001,-7.827123866997132
1.972,29.58,4.6000000000000005,-7.956008894822471
1.972,29.58,4.603125,-8.084933159176295
1.972,29.58,4.60625,-8.2030224796337
1.972,29.58,4.609375,-8.30172701346871
1.972,29.58,4.612500000000001,-8.372815608972825
1.972,29.58,4.6156250000000005,-8.412977432997963
1.972,29.58,4.61875,-8.41574777529404
1.972,29.58,4.621875,-8.373125070107054
1.972,29.58,4.625,-8.289043524195472
1.972,29.58,4.628125000000001,-8.16630151952743
1.972,29.58,4.6312500000000005,-8.019521723976498
1.972,29.58,4.634375,-7.84130765836918
1.972,29.58,4.6375,-7.66086255028047
1.972,29.58,4.640625,-7.471249325682814
1.972,29.58,4.643750000000001,-7.280371249445753
1.972,29.58,4.6468750000000005,-7.103112547979446
1.972,29.58,4.65,-6.936090383950406
1.972,29.58,4.653125,-6.78753453844779
1.972,29.58,4.65625,-6.661681866060103
1.972,29.58,4.659375000000001,-6.554972615553812
1.972,29.58,4.6625000000000005,-6.4759031736816794
1.972,29.58,4.665625,-6.418785325891951
1.972,29.58,4.66875,-6.386065241201317
1.972,29.58,4.671875,-6.374532896943766
1.972,29.58,4.675000000000001,-6.38669875222034
1.972,29.58,4.6781250000000005,-6.398042302285441
1.972,29.58,4.68125,-6.408521711612055
1.972,29.58,4.684375,-6.486235503096052
1.972,29.58,4.6875,-6.625307486747209
1.972,29.58,4.690625000000001,-6.7445286886124105
1.972,29.58,4.6937500000000005,-6.847862977885634
1.972,29.58,4.696875,-6.93082749008113
1.972,29.58,4.7,-6.991780159053583
1.972,29.58,4.703125,-7.0240040213156805
1.972,29.58,4.706250000000001,-7.0254712562083155
1.972,29.58,4.7093750000000005,-6.986860159363719
1.972,29.58,4.7125,-6.912721285730777
1.972,29.58,4.715625,-6.809079861092079
1.972,29.58,4.71875,-6.679251276074087
1.972,29.58,4.721875000000001,-6.5210778950638915
1.972,29.58,4.7250000000000005,-6.351128623619649
1.972,29.58,4.728125,-6.181034441850386
1.972,29.58,4.73125,-6.009093129926622
1.972,29.58,4.734375,-5.846253313686454
1.972,29.58,4.737500000000001,-5.690570255227819
1.972,29.58,4.7406250000000005,-5.552343921789421
1.972,29.58,4.74375,-5.4300622597837584
1.972,29.58,4.746875,-5.328861108021032
1.972,29.58,4.75,-5.2540131918671165
1.972,29.58,4.753125000000001,-5.196187958958111
1.972,29.58,4.7562500000000005,-5.159246930383259
1.972,29.58,4.759375,-5.141316732868102
1.972,29.58,4.7625,-5.145131234785422
1.972,29.58,4.765625,-5.1749893373987
1.972,29.58,4.768750000000001,-5.217939387731079
1.972,29.58,4.7718750000000005,-5.28305595745085
1.972,29.58,4.775,-5.36732879060648
1.972,29.58,4.778125,-5.453082377744849
1.972,29.58,4.78125,-5.555957658115656
1.972,29.58,4.784375000000001,-5.664590944955385
1.972,29.58,4.7875000000000005,-5.768812500456095
1.972,29.58,4.790625,-5.872262484294085
1.972,29.58,4.79375,-5.954812501841121
1.972,29.58,4.796875,-6.020518337162257
1.972,29.58,4.800000000000001,-6.05513346498483
1.972,29.58,4.8031250000000005,-6.064599169162662
1.972,29.58,4.80625,-6.0458232708938064
1.972,29.58,4.809375,-6.000801353209438
1.972,29.58,4.8125,-5.924040890933985
1.972,29.58,4.815625000000001,-5.832324603938229
1.972,29.58,4.8187500000000005,-5.726849673666115
1.972,29.58,4.821875,-5.610033596004836
1.972,29.58,4.825,-5.493689082592423
1.972,29.58,4.828125,-5.38451600146015
1.972,29.58,4.831250000000001,-5.285298753049639
1.972,29.58,4.8343750000000005,-5.199233943777202
1.972,29.58,4.8375,-5.123282469306973
1.972,29.58,4.840625,-5.079424784939568
1.972,29.58,4.84375,-5.045415330378287
1.972,29.58,4.846875000000001,-5.042213026213094
1.972,29.58,4.8500000000000005,-5.050477772985193
1.972,29.58,4.853125,-5.090833296960968
1.972,29.58,4.85625,-5.146830790823796
1.972,29.58,4.859375,-5.224836931170155
1.972,29.58,4.862500000000001,-5.323036654291926
1.972,29.58,4.8656250000000005,-5.438334315148437
1.972,29.58,4.86875,-5.572427646579924
1.972,29.58,4.871875,-5.716619973155944
1.972,29.58,4.875,-5.871337549875405
1.972,29.58,4.878125000000001,-6.017203743600196
1.972,29.58,4.8812500000000005,-6.15529405927998
1.972,29.58,4.884375,-6.283753301679925
1.972,29.58,4.8875,-6.387807078194041
1.972,29.58,4.890625,-6.455446347374765
1.972,29.58,4.893750000000001,-6.488195158502581
1.972,29.58,4.8968750000000005,-6.481140992303302
1.972,29.58,4.9,-6.431955741735757
1.972,29.58,4.903125,-6.350637450836176
1.972,29.58,4.90625,-6.2346118159875905
1.972,29.58,4.909375000000001,-6.097979412438793
1.972,29.58,4.9125000000000005,-5.946799013839582
1.972,29.58,4.915625,-5.789888810291556
1.972,29.58,4.91875,-5.642269453469134
1.972,29.58,4.921875,-5.498515131350226
1.972,29.58,4.925000000000001,-5.3727169867811275
1.972,29.58,4.9281250000000005,-5.259294062257418
1.972,29.58,4.93125,-5.170693885875869
1.972,29.58,4.934375,-5.1015946485702655
1.972,29.58,4.9375,-5.055850341188368
1.972,29.58,4.940625000000001,-5.040247949827791
1.972,29.58,4.9437500000000005,-5.050808018139628
1.972,29.58,4.946875,-5.077026776207569
1.972,29.58,4.95,-5.133942424774316
1.972,29.58,4.953125,-5.210319538094583
1.972,29.58,4.956250000000001,-5.302494785395931
1.972,29.58,4.9593750000000005,-5.413514953616918
1.972,29.58,4.9625,-5.5448910848791355
1.972,29.58,4.965625,-5.685267747296883
1.972,29.58,4.96875,-5.833983201096904
1.972,29.58,4.971875000000001,-5.979248862727332
1.972,29.58,4.9750000000000005,-6.12392814230023
1.972,29.58,4.978125,-6.254584484581629
1.972,29.58,4.98125,-6.372455626692388
1.972,29.58,4.984375,-6.459792767518189
1.972,29.58,4.987500000000001,-6.523845256868532
1.972,29.58,4.9906250000000005,-6.544426770568679
1.972,29.58,4.99375,-6.5297658461534835
1.972,29.58,4.996875,-6.489447561126251
1.972,29.58,5,-6.423354203951311
1.972,29.58,5.003125000000001,-6.32592658512647
1.972,29.58,5.0062500000000005,-6.234724292813683
1.972,29.58,5.009375,-6.1378323740592355
1.972,29.58,5.0125,-6.037273336922447
1.972,29.58,5.015625,-5.9437818036524455
1.972,29.58,5.018750000000001,-5.8619088895624945
1.972,29.58,5.0218750000000005,-5.7880592982933035
1.972,29.58,5.025,-5.7406439504554685
1.972,29.58,5.028125,-5.7071296172486
1.972,29.58,5.03125,-5.699538087797178
1.972,29.58,5.034375000000001,-5.715857786741871
1.972,29.58,5.0375000000000005,-5.759131469743901
1.972,29.58,5.040625,-5.8232586413103835
1.972,29.58,5.04375,-5.912687933500839
1.972,29.58,5.046875,-6.0274809017140365
1.972,29.58,5.050000000000001,-6.162064984312423
1.972,29.58,5.0531250000000005,-6.3186734376167735
1.972,29.58,5.05625,-6.479800202390896
1.972,29.58,5.059375,-6.661194630851092
1.972,29.58,5.0625,-6.847465138247479
1.972,29.58,5.065625000000001,-7.03217143320897
1.972,29.58,5.0687500000000005,-7.19664286705235
1.972,29.58,5.071875,-7.350708456293171
1.972,29.58,5.075,-7.47711045706872
1.972,29.58,5.078125,-7.561986340890746
1.972,29.58,5.081250000000001,-7.584114916551013
1.972,29.58,5.0843750000000005,-7.560870217277401
1.972,29.58,5.0875,-7.496895465124485
1.972,29.58,5.090625,-7.383281821436867
1.972,29.58,5.09375,-7.250145586672433
1.972,29.58,5.096875000000001,-7.097222817040233
1.972,29.58,5.1000000000000005,-6.946354650935423
1.972,29.58,5.103125,-6.771090015932801
1.972,29.58,5.10625,-6.595212061300895
1.972,29.58,5.109375,-6.43698491017603
1.972,29.58,5.112500000000001,-6.292216186610594
1.972,29.58,5.1156250000000005,-6.173347056803896
1.972,29.58,5.11875,-6.08834682912713
1.972,29.58,5.121875,-6.023797195698979
1.972,29.58,5.125,-5.995678996734815
1.972,29.58,5.128125000000001,-5.985916050506917
1.972,29.58,5.1312500000000005,-6.008303329138233
1.972,29.58,5.134375,-6.051728991915435
1.972,29.58,5.1375,-6.116084841363445
1.972,29.58,5.140625,-6.208954276491459
1.972,29.58,5.143750000000001,-6.316322950476506
1.972,29.58,5.1468750000000005,-6.437772137591975
1.972,29.58,5.15,-6.566906307608528
1.972,29.58,5.153125,-6.707380726921369
1.972,29.58,5.15625,-6.852124415369803
1.972,29.58,5.159375000000001,-6.986386039656541
1.972,29.58,5.1625000000000005,-7.109976158348391
1.972,29.58,5.165625,-7.214987374713687
1.972,29.58,5.16875,-7.292347574348655
1.972,29.58,5.171875,-7.343522880781032
1.972,29.58,5.175000000000001,-7.364966648656246
1.972,29.58,5.1781250000000005,-7.34081516791009
1.972,29.58,5.18125,-7.291505445694469
1.972,29.58,5.184375,-7.205202484972032
1.972,29.58,5.1875,-7.109912805570052
1.972,29.58,5.190625000000001,-6.991602324543537
1.972,29.58,5.1937500000000005,-6.876878385792969
1.972,29.58,5.196875,-6.760890992601603
1.972,29.58,5.2,-6.660357425250841
1.972,29.58,5.203125,-6.554341576522102
1.972,29.58,5.206250000000001,-6.468137420518294
1.972,29.58,5.2093750000000005,-6.385699410315713
1.972,29.58,5.2125,-6.3301901371906775
1.972,29.58,5.215625,-6.293291527055337
1.972,29.58,5.21875,-6.301904223664984
1.972,29.58,5.221875000000001,-6.34473229285855
1.972,29.58,5.2250000000000005,-6.414309001970338
1.972,29.58,5.228125,-6.51956498016412
1.972,29.58,5.23125,-6.679363800480837
1.972,29.58,5.234375,-6.853885834517301
1.972,29.58,5.237500000000001,-7.068764173335178
1.972,29.58,5.2406250000000005,-7.309882964435365
1.972,29.58,5.24375,-7.596399872261376
1.972,29.58,5.246875,-7.923067164501121
1.972,29.58,5.25,-8.279965626793299
1.972,29.58,5.253125000000001,-8.70621089406595
1.972,29.58,5.2562500000000005,-9.237149170791055
1.972,29.58,5.259375,-9.931019723801878
1.972,29.58,5.2625,-10.963156150461135
1.972,29.58,5.265625,-12.387643126391627
1.972,29.58,5.268750000000001,-12.962471507698794
1.972,29.58,5.2718750000000005,-11.426645383570705
1.972,29.58,5.275,-9.954224071697048
1.972,29.58,5.278125,-9.114628097824752
1.972,29.58,5.28125,-8.604389690100136
1.972,29.58,5.284375000000001,-8.224640918841061
1.972,29.58,5.2875000000000005,-7.900343329482025
1.972,29.58,5.290625,-7.608976915504135
1.972,29.58,5.29375,-7.355404049685303
1.972,29.58,5.296875,-7.133275503096094
1.972,29.58,5.300000000000001,-6.950342395233786
1.972,29.58,5.3031250000000005,-6.801183601045853
1.972,29.58,5.30625,-6.674746511956139
1.972,29.58,5.309375,-6.601012490479744
1.972,29.58,5.3125,-6.555000600709193
1.972,29.58,5.315625000000001,-6.542370841235084
1.972,29.58,5.3187500000000005,-6.559038499875502
1.972,29.58,5.321875,-6.6096409902767395
1.972,29.58,5.325,-6.687291909164869
1.972,29.58,5.328125,-6.783038798098921
1.972,29.58,5.331250000000001,-6.896757598294569
1.972,29.58,5.3343750000000005,-7.032997683684431
1.972,29.58,5.3375,-7.149686526387499
1.972,29.58,5.340625,-7.2947844064051806
1.972,29.58,5.34375,-7.430073537019377
1.972,29.58,5.346875000000001,-7.560333489189791
1.972,29.58,5.3500000000000005,-7.677645729231193
1.972,29.58,5.353125,-7.768133600029277
1.972,29.58,5.35625,-7.826544454265156
1.972,29.58,5.359375,-7.836982548247384
1.972,29.58,5.362500000000001,-7.803377393582519
1.972,29.58,5.3656250000000005,-7.7292260730522955
1.972,29.58,5.36875,-7.620692474321369
1.972,29.58,5.371875,-7.482041159081105
1.972,29.58,5.375,-7.310984929085223
1.972,29.58,5.378125000000001,-7.126764872141104
1.972,29.58,5.3812500000000005,-6.937109387174449
1.972,29.58,5.384375,-6.750980883723053
1.972,29.58,5.3875,-6.5914766780151615
1.972,29.58,5.390625,-6.439838557238407
1.972,29.58,5.393750000000001,-6.3091072926479
1.972,29.58,5.3968750000000005,-6.215486207106121
1.972,29.58,5.4,-6.1392402531896035
1.972,29.58,5.403125,-6.106551424914816
1.972,29.58,5.40625,-6.096829183867224
1.972,29.58,5.409375000000001,-6.116666784335882
1.972,29.58,5.4125000000000005,-6.159917879996296
1.972,29.58,5.415625,-6.227748123625786
1.972,29.58,5.41875,-6.3136567379514155
1.972,29.58,5.421875,-6.424593568516372
1.972,29.58,5.425000000000001,-6.562427394123929
1.972,29.58,5.4281250000000005,-6.714432220357127
1.972,29.58,5.43125,-6.8731417816754625
1.972,29.58,5.434375,-7.043789031226887
1.972,29.58,5.4375,-7.220154653123285
1.972,29.58,5.440625000000001,-7.377479523615925
1.972,29.58,5.4437500000000005,-7.523753637947761
1.972,29.58,5.446875,-7.651259763004411
1.972,29.58,5.45,-7.726516208541957
1.972,29.58,5.453125,-7.760035437612103
1.972,29.58,5.456250000000001,-7.750497346402182
1.972,29.58,5.4593750000000005,-7.685991449737158
1.972,29.58,5.4625,-7.587033146501989
1.972,29.58,5.465625,-7.434186463105846
1.972,29.58,5.46875,-7.26668838054789
1.972,29.58,5.471875000000001,-7.077968621258314
1.972,29.58,5.4750000000000005,-6.887668909448648
1.972,29.58,5.478125,-6.697731696040022
1.972,29.58,5.48125,-6.521084364170581
1.972,29.58,5.484375,-6.36249483671424
1.972,29.58,5.487500000000001,-6.230332851916253
1.972,29.58,5.4906250000000005,-6.125837837088321
1.972,29.58,5.49375,-6.048000424498876
1.972,29.58,5.496875,-6.004328720134532
1.972,29.58,5.5,-5.9861046024783775
1.972,29.58,5.503125000000001,-5.991709952001054
1.972,29.58,5.5062500000000005,-6.0195702581397885
1.972,29.58,5.509375,-6.070789585852267
1.972,29.58,5.5125,-6.1415431615626135
1.972,29.58,5.515625,-6.217335990216847
1.972,29.58,5.518750000000001,-6.3136984576179245
1.972,29.58,5.5218750000000005,-6.410466351021622
1.972,29.58,5.525,-6.50221545782051
1.972,29.58,5.528125,-6.586946470553033
1.972,29.58,5.53125,-6.652299231560269
1.972,29.58,5.534375000000001,-6.689661059014117
1.972,29.58,5.5375000000000005,-6.697446842951095
1.972,29.58,5.540625,-6.6797507038699475
1.972,29.58,5.54375,-6.612646754738668
1.972,29.58,5.546875,-6.521259581509062
1.972,29.58,5.550000000000001,-6.400170691423516
1.972,29.58,5.5531250000000005,-6.240082288850103
1.972,29.58,5.55625,-6.081529931390128
1.972,29.58,5.559375,-5.902932699813094
1.972,29.58,5.5625,-5.723150498467088
1.972,29.58,5.565625000000001,-5.5558421684173895
1.972,29.58,5.5687500000000005,-5.3952782659870016
1.972,29.58,5.571875,-5.252856053917578
1.972,29.58,5.575,-5.133995814479312
1.972,29.58,5.578125,-5.046944905601205
1.972,29.58,5.581250000000001,-4.982365993003153
1.972,29.58,5.5843750000000005,-4.944898260921979
1.972,29.58,5.5875,-4.932804695781123
1.972,29.58,5.590625,-4.947722149394631
1.972,29.58,5.59375,-4.984196934369263
1.972,29.58,5.596875000000001,-5.049974421781864
1.972,29.58,5.6000000000000005,-5.141955705333599
1.972,29.58,5.603125,-5.244727757080009
1.972,29.58,5.60625,-5.370315071817523
1.972,29.58,5.609375,-5.506175158055577
1.972,29.58,5.612500000000001,-5.662043539123348
1.972,29.58,5.6156250000000005,-5.7993606077037105
1.972,29.58,5.61875,-5.930487961812548
1.972,29.58,5.621875,-6.057032843238236
1.972,29.58,5.625,-6.162806140096379
1.972,29.58,5.628125000000001,-6.236463085834495
1.972,29.58,5.6312500000000005,-6.282721830217259
1.972,29.58,5.634375,-6.289712031348515
1.972,29.58,5.6375,-6.254338927777696
1.972,29.58,5.640625,-6.181575815217002
1.972,29.58,5.643750000000001,-6.07439869041235
1.972,29.58,5.6468750000000005,-5.939619003632346
1.972,29.58,5.65,-5.786140469852821
1.972,29.58,5.653125,-5.623282984178154
1.972,29.58,5.65625,-5.459627863714668
1.972,29.58,5.659375000000001,-5.302420930963157
1.972,29.58,5.6625000000000005,-5.160934306259137
1.972,29.58,5.665625,-5.040640183522056
1.972,29.58,5.66875,-4.944327851379427
1.972,29.58,5.671875,-4.8808062360369044
1.972,29.58,5.675000000000001,-4.8306575708497625
1.972,29.58,5.6781250000000005,-4.805675042984946
1.972,29.58,5.68125,-4.8113738101595835
1.972,29.58,5.684375,-4.843596464407717
1.972,29.58,5.6875,-4.8876287098332805
1.972,29.58,5.690625000000001,-4.961470959975055
1.972,29.58,5.6937500000000005,-5.046203642614881
1.972,29.58,5.696875,-5.1378772611804475
1.972,29.58,5.7,-5.227814605128078
1.972,29.58,5.703125,-5.326994455812715
1.972,29.58,5.706250000000001,-5.419915310425221
1.972,29.58,5.7093750000000005,-5.493469884191121
1.972,29.58,5.7125,-5.546868555866093
1.972,29.58,5.715625,-5.575634260222397
1.972,29.58,5.71875,-5.577109935493883
1.972,29.58,5.721875000000001,-5.54765391384159
1.972,29.58,5.7250000000000005,-5.48015963403658
1.972,29.58,5.728125,-5.387295381880264
1.972,29.58,5.73125,-5.261616128778057
1.972,29.58,5.734375,-5.117262025526904
1.972,29.58,5.737500000000001,-4.952888424029593
1.972,29.58,5.7406250000000005,-4.7849419873913925
1.972,29.58,5.74375,-4.6154437334378855
1.972,29.58,5.746875,-4.462287110013859
1.972,29.58,5.75,-4.315104715969582
1.972,29.58,5.753125000000001,-4.1868225963322265
1.972,29.58,5.7562500000000005,-4.086488471264294
1.972,29.58,5.759375,-3.999045652740361
1.972,29.58,5.7625,-3.945844547521946
1.972,29.58,5.765625,-3.9164135894151197
1.972,29.58,5.768750000000001,-3.9151219102929646
1.972,29.58,5.7718750000000005,-3.9404134231492236
1.972,29.58,5.775,-3.9784376479999843
1.972,29.58,5.778125,-4.0511934640744665
1.972,29.58,5.78125,-4.135605397456154
1.972,29.58,5.784375000000001,-4.231363170204152
1.972,29.58,5.7875000000000005,-4.337864255420294
1.972,29.58,5.790625,-4.452654806099101
1.972,29.58,5.79375,-4.568671847241379
1.972,29.58,5.796875,-4.675571976336218
1.972,29.58,5.800000000000001,-4.778273841265525
1.972,29.58,5.8031250000000005,-4.85715308976806
1.972,29.58,5.80625,-4.9232192383916225
1.972,29.58,5.809375,-4.954008893411144
1.972,29.58,5.8125,-4.9628790986200455
1.972,29.58,5.815625000000001,-4.938087003349701
1.972,29.58,5.8187500000000005,-4.886675365490136
1.972,29.58,5.821875,-4.803003527652791
1.972,29.58,5.825,-4.704413513986243
1.972,29.58,5.828125,-4.585169606687243
1.972,29.58,5.831250000000001,-4.452760777054687
1.972,29.58,5.8343750000000005,-4.3220757874375595
1.972,29.58,5.8375,-4.186663323093405
1.972,29.58,5.840625,-4.07028336578459
1.972,29.58,5.84375,-3.9706413990571034
1.972,29.58,5.846875000000001,-3.8860419759715765
1.972,29.58,5.8500000000000005,-3.826215053617301
1.972,29.58,5.853125,-3.791934416383418
1.972,29.58,5.85625,-3.788568510254879
1.972,29.58,5.859375,-3.8029795689655566
1.972,29.58,5.862500000000001,-3.8442989623975077
1.972,29.58,5.8656250000000005,-3.9032692796087547
1.972,29.58,5.86875,-3.9817978365147617
1.972,29.58,5.871875,-4.073813789838172
1.972,29.58,5.875,-4.17486560595705
1.972,29.58,5.878125000000001,-4.26919892572447
1.972,29.58,5.8812500000000005,-4.377043247126348
1.972,29.58,5.884375,-4.473571747309729
1.972,29.58,5.8875,-4.56579002029487
1.972,29.58,5.890625,-4.637761506761845
1.972,29.58,5.893750000000001,-4.69665314567761
1.972,29.58,5.8968750000000005,-4.727085682845902
1.972,29.58,5.9,-4.722316313958121
1.972,29.58,5.903125,-4.6810801777645
1.972,29.58,5.90625,-4.60853385530233
1.972,29.58,5.909375000000001,-4.502377625533244
1.972,29.58,5.9125000000000005,-4.365413397903882
1.972,29.58,5.915625,-4.216852793499999
1.972,29.58,5.91875,-4.047921527898877
1.972,29.58,5.921875,-3.878718213691074
1.972,29.58,5.925000000000001,-3.716266149340988
1.972,29.58,5.9281250000000005,-3.5631431668805407
1.972,29.58,5.93125,-3.419877700129565
1.972,29.58,5.934375,-3.30721829881709
1.972,29.58,5.9375,-3.221368897977264
1.972,29.58,5.940625000000001,-3.1633188392321854
1.972,29.58,5.9437500000000005,-3.1242541107958806
1.972,29.58,5.946875,-3.118422516386885
1.972,29.58,5.95,-3.1322950689545785
1.972,29.58,5.953125,-3.1773262460847818
1.972,29.58,5.956250000000001,-3.2412051441997027
1.972,29.58,5.9593750000000005,-3.329600332829303
1.972,29.58,5.9625,-3.4258811053826284
1.972,29.58,5.965625,-3.5343998131271626
1.972,29.58,5.96875,-3.6562280095758752
1.972,29.58,5.971875000000001,-3.7900606023182526
1.972,29.58,5.9750000000000005,-3.913272091444373
1.972,29.58,5.978125,-4.046965961134395
1.972,29.58,5.98125,-4.177777289465158
1.972,29.58,5.984375,-4.285494507682182
1.972,29.58,5.987500000000001,-4.374849497008025
1.972,29.58,5.9906250000000005,-4.413866704363235
1.972,29.58,5.99375,-4.424603758654634
1.972,29.58,5.996875,-4.420352577934827
1.972,29.58,6,-4.386344473931695
