t	Voltage
365	6.858535
365	6.469808
365	6.282405
365	6.171237
365	6.112467
365	6.087271
365	6.078796
365	6.082144
365	6.091425
365	6.104269
365	6.117005
365	6.128417
365	6.134896
365	6.136535
365	6.132632
365	6.120284
365	6.100722
365	6.074153
365	6.040473
365	5.998011
365	5.948781
365	5.891821
365	5.829674
365	5.763058
365	5.691705
365	5.613464
365	5.536886
365	5.458359
365	5.378496
365	5.298818
365	5.218532
365	5.142601
365	5.071515
365	5.005822
365	4.942203
365	4.88906
365	4.84375
365	4.806635
365	4.778413
365	4.758864
365	4.750966
365	4.75365
365	4.765993
365	4.789124
365	4.823279
365	4.865253
365	4.915798
365	4.975318
365	5.041564
365	5.113698
365	5.19071
365	5.270359
365	5.352671
365	5.4351
365	5.52107
365	5.5994
365	5.674535
365	5.745181
365	5.809435
365	5.869722
365	5.92044
365	5.96181
365	5.993462
365	6.017467
365	6.031418
365	6.033352
365	6.026818
365	6.010528
365	5.985425
365	5.951972
365	5.910232
365	5.860834
365	5.804602
365	5.740146
365	5.673476
365	5.602818
365	5.52875
365	5.453011
365	5.373703
365	5.295393
365	5.220898
365	5.14874
365	5.075867
365	5.012538
365	4.954687
365	4.903116
365	4.859007
365	4.820748
365	4.794382
365	4.77803
365	4.771137
365	4.77505
365	4.788131
365	4.812162
365	4.846568
365	4.890094
365	4.944
365	5.004012
365	5.070885
365	5.143308
365	5.220785
365	5.304792
365	5.386109
365	5.468261
365	5.550099
365	5.629574
365	5.708169
365	5.779413
365	5.843447
365	5.901315
365	5.953562
365	5.995907
365	6.027151
365	6.049479
365	6.063575
365	6.065803
365	6.059384
365	6.043044
365	6.018417
365	5.984253
365	5.94222
365	5.892986
365	5.836872
365	5.775008
365	5.707259
365	5.636345
365	5.562284
365	5.486551
365	5.40629
365	5.330331
365	5.255783
365	5.183674
365	5.114601
365	5.047964
365	4.989874
365	4.938442
365	4.894273
365	4.856113
365	4.829774
365	4.813704
365	4.807054
365	4.811273
365	4.824601
365	4.848883
365	4.883425
365	4.927145
365	4.981044
365	5.041045
365	5.108088
365	5.181026
365	5.258499
365	5.341222
365	5.423794
365	5.506123
365	5.587997
365	5.670799
365	5.745858
365	5.816539
365	5.880404
365	5.937728
365	5.989537
365	6.030779
365	6.06188
365	6.08357
365	6.09756
365	6.100092
365	6.093476
365	6.076773
365	6.051158
365	6.017345
365	5.975458
365	5.925973
365	5.869754
365	5.805351
365	5.739117
365	5.6687
365	5.595201
365	5.519887
365	5.440817
365	5.362787
365	5.288618
365	5.216578
365	5.147171
365	5.081224
365	5.023577
365	4.972163
365	4.928157
365	4.890511
365	4.863742
365	4.847323
365	4.841008
365	4.845153
365	4.858332
365	4.8826
365	4.917208
365	4.960961
365	5.014703
365	5.073913
365	5.141013
365	5.214009
365	5.291702
365	5.3743
365	5.456771
365	5.539233
365	5.620812
365	5.703289
365	5.780117
365	5.85009
365	5.913701
365	5.973922
365	6.023671
365	6.064354
365	6.095575
365	6.118672
365	6.131266
365	6.133272
365	6.126338
365	6.109707
365	6.084167
365	6.05042
365	6.008266
365	5.958599
365	5.902065
365	5.838608
365	5.770746
365	5.700344
365	5.626425
365	5.547182
365	5.47119
365	5.393221
365	5.318924
365	5.246829
365	5.174419
365	5.111218
365	5.053695
365	5.002164
365	4.957972
365	4.920307
365	4.893908
365	4.877666
365	4.871097
365	4.874744
365	4.888377
365	4.912627
365	4.946899
365	4.990362
365	5.043231
365	5.103724
365	5.170965
365	5.243459
365	5.324516
365	5.403841
365	5.486036
365	5.568466
365	5.650481
365	5.732897
365	5.80871
365	5.879081
365	5.943629
365	6.004111
365	6.053004
365	6.093991
365	6.125228
365	6.14728
365	6.161365
365	6.16329
365	6.156435
365	6.139772
365	6.113977
365	6.079874
365	6.037467
365	5.987783
365	5.931272
365	5.867771
365	5.800669
365	5.729805
365	5.655353
365	5.576134
365	5.500428
365	5.423595
365	5.348749
365	5.276358
365	5.204226
365	5.140259
365	5.082303
365	5.030626
365	4.983922
365	4.948657
365	4.92208
365	4.905538
365	4.898827
365	4.901994
365	4.915376
365	4.939636
365	4.97393
365	5.01766
365	5.070451
365	5.131384
365	5.198545
365	5.271143
365	5.352454
365	5.43187
365	5.514459
365	5.596853
365	5.678878
365	5.761462
365	5.837145
365	5.907448
365	5.971232
365	6.031748
365	6.080429
365	6.121431
365	6.15254
365	6.174551
365	6.189062
365	6.191544
365	6.184801
365	6.168143
365	6.142291
365	6.108209
365	6.065924
365	6.016019
365	5.959272
365	5.895504
365	5.827297
365	5.756754
365	5.682588
365	5.60323
365	5.527505
365	5.450771
365	5.375869
365	5.303738
365	5.231526
365	5.166025
365	5.108042
365	5.056213
365	5.009372
365	4.974203
365	4.947885
365	4.93165
365	4.924787
365	4.928019
365	4.94141
365	4.965814
365	5.000245
365	5.045362
365	5.096829
365	5.157349
365	5.224284
365	5.297106
365	5.37847
365	5.457952
365	5.540396
365	5.623079
365	5.704714
365	5.787372
365	5.863321
365	5.933433
365	5.997422
365	6.058433
365	6.107172
365	6.148314
365	6.179191
365	6.201036
365	6.215257
365	6.217165
365	6.210217
365	6.193285
365	6.167343
365	6.133212
365	6.090827
365	6.040849
365	5.984061
365	5.919168
365	5.852429
365	5.781509
365	5.706581
365	5.630193
365	5.549417
365	5.472974
365	5.398242
365	5.32572
365	5.256186
365	5.189084
365	5.130502
365	5.078654
365	5.034456
365	4.996397
365	4.970081
365	4.953662
365	4.946941
365	4.950861
365	4.963886
365	4.988101
365	5.022377
365	5.06583
365	5.119808
365	5.179944
365	5.246973
365	5.319886
365	5.397612
365	5.48065
365	5.564512
365	5.646515
365	5.728029
365	5.811121
365	5.886376
365	5.956609
365	6.020621
365	6.078011
365	6.129073
365	6.170345
365	6.201329
365	6.222951
365	6.236829
365	6.238779
365	6.231922
365	6.214956
365	6.189737
365	6.154837
365	6.112449
365	6.062462
365	6.005732
365	5.941803
365	5.873527
365	5.802625
365	5.727644
365	5.648981
365	5.570646
365	5.49359
365	5.418164
365	5.342721
365	5.271772
365	5.208088
365	5.149874
365	5.095052
365	5.051383
365	5.015934
365	4.989241
365	4.972451
365	4.964248
365	4.96804
365	4.98175
365	5.006055
365	5.041461
365	5.084615
365	5.13607
365	5.196413
365	5.263804
365	5.33878
365	5.416845
365	5.496964
365	5.579367
365	5.664876
365	5.748441
365	5.827203
365	5.902661
365	5.97708
365	6.040851
365	6.098053
365	6.147121
365	6.188236
365	6.221302
365	6.243021
365	6.256062
365	6.258202
365	6.251388
365	6.234469
365	6.209164
365	6.174517
365	6.131732
365	6.080754
365	6.024127
365	5.961736
365	5.893744
365	5.819487
365	5.745727
365	5.669485
365	5.591952
365	5.514332
365	5.435242
365	5.362982
365	5.293809
365	5.229653
365	5.170949
365	5.115798
365	5.072043
365	5.036084
365	5.009354
365	4.992561
365	4.983958
365	4.987686
365	5.001336
365	5.025698
365	5.061424
365	5.104439
365	5.155951
365	5.216498
365	5.28389
365	5.358861
365	5.437739
