t	Voltage
369	1.907677
369	1.913176
369	1.918467
369	1.923432
369	1.928058
369	1.932271
369	1.936045
369	1.93934
369	1.942112
369	1.944379
369	1.946072
369	1.947194
369	1.947745
369	1.94769
369	1.947049
369	1.945834
369	1.944045
369	1.941697
369	1.938825
369	1.935443
369	1.931592
369	1.927307
369	1.922611
369	1.917571
369	1.912207
369	1.906589
369	1.900742
369	1.894764
369	1.888669
369	1.882571
369	1.876534
369	1.870648
369	1.865061
369	1.85992
369	1.855403
369	1.85174
369	1.849165
369	1.847808
369	1.847839
369	1.849257
369	1.851894
369	1.85561
369	1.860183
369	1.865368
369	1.870995
369	1.876907
369	1.882973
369	1.889088
369	1.895187
369	1.901161
369	1.906999
369	1.912597
369	1.917931
369	1.92293
369	1.927581
369	1.931819
369	1.935604
369	1.93892
369	1.941725
369	1.944
369	1.945708
369	1.946835
369	1.947398
369	1.947361
369	1.94672
369	1.945513
369	1.943734
369	1.941393
369	1.938526
369	1.935152
369	1.931299
369	1.92702
369	1.922328
369	1.917292
369	1.911935
369	1.906316
369	1.900466
369	1.894499
369	1.888402
369	1.882314
369	1.876273
369	1.87039
369	1.864806
369	1.85967
369	1.855156
369	1.851497
369	1.848921
369	1.847573
369	1.847604
369	1.849025
369	1.851664
369	1.855387
369	1.859962
369	1.86515
369	1.87078
369	1.876692
369	1.882765
369	1.888881
369	1.894982
369	1.90096
369	1.9068
369	1.9124
369	1.917728
369	1.922742
369	1.927394
369	1.931632
369	1.935427
369	1.938742
369	1.941542
369	1.943818
369	1.945527
369	1.946658
369	1.94722
369	1.947181
369	1.946545
369	1.945339
369	1.943557
369	1.941217
369	1.93835
369	1.93498
369	1.931127
369	1.926848
369	1.922155
369	1.91712
369	1.911761
369	1.906144
369	1.900301
369	1.894325
369	1.888236
369	1.882137
369	1.876098
369	1.870216
369	1.864638
369	1.859498
369	1.854979
369	1.851316
369	1.848744
369	1.847396
369	1.847432
369	1.848852
369	1.851498
369	1.855221
369	1.859798
369	1.864988
369	1.870621
369	1.876538
369	1.882611
369	1.888733
369	1.894837
369	1.900815
369	1.906656
369	1.912258
369	1.917595
369	1.922602
369	1.927256
369	1.931494
369	1.935291
369	1.938607
369	1.941411
369	1.943679
369	1.945394
369	1.94653
369	1.947093
369	1.947056
369	1.946414
369	1.945212
369	1.94343
369	1.941088
369	1.938226
369	1.93485
369	1.931
369	1.926711
369	1.922024
369	1.916986
369	1.911633
369	1.906016
369	1.900171
369	1.894206
369	1.888109
369	1.882009
369	1.875971
369	1.870089
369	1.864506
369	1.859368
369	1.85485
369	1.851189
369	1.848615
369	1.847263
369	1.847302
369	1.848718
369	1.85137
369	1.855097
369	1.859673
369	1.864866
369	1.8705
369	1.876419
369	1.882491
369	1.888613
369	1.89472
369	1.900699
369	1.906544
369	1.912148
369	1.917484
369	1.922496
369	1.927145
369	1.931388
369	1.935184
369	1.938501
369	1.941305
369	1.943577
369	1.945291
369	1.946422
369	1.946991
369	1.946952
369	1.946316
369	1.945114
369	1.943335
369	1.940992
369	1.938129
369	1.934756
369	1.930908
369	1.926628
369	1.921942
369	1.9169
369	1.91154
369	1.905925
369	1.900079
369	1.894108
369	1.888019
369	1.88192
369	1.875879
369	1.870003
369	1.864414
369	1.859277
369	1.85476
369	1.851104
369	1.848529
369	1.84718
369	1.847214
369	1.848638
369	1.851287
369	1.855015
369	1.859591
369	1.864787
369	1.870421
369	1.876346
369	1.882418
369	1.888539
369	1.894649
369	1.900633
369	1.906476
369	1.912082
369	1.917418
369	1.92243
369	1.927088
369	1.931327
369	1.935126
369	1.938442
369	1.941249
369	1.943524
369	1.945233
369	1.946368
369	1.946934
369	1.946899
369	1.946263
369	1.945061
369	1.943281
369	1.940939
369	1.938076
369	1.934697
369	1.930853
369	1.926569
369	1.92188
369	1.916846
369	1.911485
369	1.90587
369	1.900026
369	1.894047
369	1.887956
369	1.881858
369	1.875819
369	1.86994
369	1.86435
369	1.859218
369	1.8547
369	1.85104
369	1.848468
369	1.847119
369	1.847159
369	1.84858
369	1.851232
369	1.854958
369	1.859544
369	1.864739
369	1.870373
369	1.876298
369	1.882372
369	1.8885
369	1.89461
369	1.900594
369	1.90644
369	1.912048
369	1.917388
369	1.922403
369	1.92706
369	1.931296
369	1.935103
369	1.938422
369	1.941228
369	1.943509
369	1.94522
369	1.946358
369	1.946919
369	1.946891
369	1.946252
369	1.945051
369	1.943271
369	1.940932
369	1.938071
369	1.934698
369	1.930848
369	1.926568
369	1.921881
369	1.916841
369	1.91148
369	1.905864
369	1.900023
369	1.894047
369	1.887961
369	1.881857
369	1.875816
369	1.869938
369	1.864353
369	1.859218
369	1.854697
369	1.851041
369	1.848463
369	1.847118
369	1.847154
369	1.84858
369	1.851228
369	1.854953
369	1.859537
369	1.864731
369	1.870368
369	1.876292
369	1.882369
369	1.888492
369	1.894602
369	1.900586
369	1.906433
369	1.91204
369	1.917382
369	1.922385
369	1.927048
369	1.931289
369	1.935089
369	1.93841
369	1.941212
369	1.943487
369	1.945206
369	1.946339
369	1.946901
369	1.946869
369	1.946233
369	1.945028
369	1.943254
369	1.940909
369	1.938045
369	1.934672
369	1.930823
369	1.926549
369	1.921854
369	1.916817
369	1.91146
369	1.905843
369	1.899995
369	1.894019
369	1.887932
369	1.881832
369	1.875797
369	1.869914
369	1.864325
369	1.859186
369	1.854668
369	1.851012
369	1.848431
369	1.847085
369	1.847125
369	1.848547
369	1.851199
369	1.854924
369	1.859501
369	1.864696
369	1.870335
369	1.87626
369	1.882331
369	1.888456
369	1.894564
369	1.900544
369	1.906393
369	1.911997
369	1.917334
369	1.922344
369	1.927004
369	1.931243
369	1.935038
369	1.938358
369	1.941165
369	1.94344
369	1.945153
369	1.946286
369	1.946852
369	1.946818
369	1.946182
369	1.94498
369	1.943199
369	1.940859
369	1.937989
369	1.93462
369	1.93077
369	1.926493
369	1.9218
369	1.916765
369	1.911401
369	1.905786
369	1.89994
369	1.893965
369	1.887876
369	1.881773
369	1.875733
369	1.869852
369	1.864273
369	1.859129
369	1.854605
369	1.85095
369	1.848375
369	1.847027
369	1.847062
369	1.848482
369	1.851133
369	1.854857
369	1.859441
369	1.864632
369	1.870271
369	1.876192
369	1.882269
369	1.888395
369	1.894503
369	1.900489
369	1.906327
369	1.911935
369	1.917278
369	1.922287
369	1.926945
369	1.931185
369	1.93498
369	1.938303
369	1.941109
369	1.94338
369	1.945096
369	1.946228
369	1.946794
369	1.946758
369	1.946122
369	1.944915
369	1.943136
369	1.940796
369	1.937933
369	1.934558
369	1.930709
369	1.926428
369	1.921739
369	1.916702
369	1.911338
369	1.905721
369	1.899877
369	1.8939
369	1.88781
369	1.881711
369	1.875667
369	1.869789
369	1.864205
369	1.859066
369	1.854546
369	1.850884
369	1.848314
369	1.846961
369	1.846998
369	1.84842
369	1.85107
369	1.854799
369	1.85938
369	1.864577
369	1.870217
369	1.876135
369	1.882214
369	1.888337
369	1.894451
369	1.900436
369	1.906283
