t	Voltage
423	1.910948
423	1.916261
423	1.921331
423	1.926095
423	1.93053
423	1.934597
423	1.938236
423	1.941413
423	1.944112
423	1.946298
423	1.947949
423	1.949035
423	1.949567
423	1.949533
423	1.948927
423	1.947774
423	1.946055
423	1.943806
423	1.941046
423	1.937812
423	1.934123
423	1.930011
423	1.925547
423	1.920749
423	1.915658
423	1.910342
423	1.904851
423	1.899256
423	1.893614
423	1.887993
423	1.88251
423	1.877235
423	1.872273
423	1.867811
423	1.863951
423	1.860875
423	1.858728
423	1.857652
423	1.857685
423	1.85883
423	1.861048
423	1.864189
423	1.868106
423	1.872625
423	1.877627
423	1.882942
423	1.888469
423	1.89411
423	1.899767
423	1.905369
423	1.910858
423	1.916164
423	1.921237
423	1.926007
423	1.930436
423	1.93451
423	1.938149
423	1.941335
423	1.944037
423	1.946219
423	1.947871
423	1.948962
423	1.949491
423	1.94946
423	1.948854
423	1.947699
423	1.945977
423	1.94373
423	1.940969
423	1.937737
423	1.93405
423	1.929932
423	1.925466
423	1.920671
423	1.915583
423	1.910263
423	1.904774
423	1.899178
423	1.89354
423	1.887919
423	1.882433
423	1.87715
423	1.8722
423	1.867739
423	1.863878
423	1.860804
423	1.858655
423	1.857584
423	1.857621
423	1.858768
423	1.860985
423	1.864125
423	1.868045
423	1.872563
423	1.877566
423	1.882887
423	1.888409
423	1.894058
423	1.89971
423	1.905313
423	1.910804
423	1.91611
423	1.921183
423	1.925954
423	1.930388
423	1.934461
423	1.938101
423	1.941281
423	1.943982
423	1.946168
423	1.947821
423	1.948908
423	1.949445
423	1.949408
423	1.948806
423	1.947648
423	1.945929
423	1.943679
423	1.940921
423	1.937689
423	1.934001
423	1.929889
423	1.925421
423	1.920623
423	1.915541
423	1.910224
423	1.904734
423	1.899141
423	1.893511
423	1.887887
423	1.882404
423	1.877122
423	1.872169
423	1.867709
423	1.863853
423	1.86078
423	1.858627
423	1.857563
423	1.8576
423	1.858748
423	1.860967
423	1.864109
423	1.868029
423	1.872551
423	1.877554
423	1.882877
423	1.888394
423	1.894045
423	1.899698
423	1.905302
423	1.910797
423	1.916104
423	1.921174
423	1.925948
423	1.930382
423	1.934451
423	1.938097
423	1.941277
423	1.94398
423	1.946166
423	1.947816
423	1.948909
423	1.949442
423	1.94941
423	1.948803
423	1.94765
423	1.945934
423	1.943687
423	1.940924
423	1.93769
423	1.934
423	1.92989
423	1.925423
423	1.920627
423	1.915534
423	1.91022
423	1.904728
423	1.899134
423	1.8935
423	1.887877
423	1.882394
423	1.877116
423	1.87216
423	1.867696
423	1.863841
423	1.860765
423	1.858621
423	1.857546
423	1.857584
423	1.858729
423	1.860945
423	1.864092
423	1.86801
423	1.87253
423	1.877532
423	1.882859
423	1.888375
423	1.894026
423	1.899687
423	1.905291
423	1.910779
423	1.916091
423	1.921165
423	1.925935
423	1.930378
423	1.934447
423	1.938095
423	1.941278
423	1.943978
423	1.946168
423	1.947824
423	1.948913
423	1.949448
423	1.949413
423	1.948811
423	1.94766
423	1.945942
423	1.943695
423	1.940937
423	1.937705
423	1.934017
423	1.929911
423	1.925435
423	1.92064
423	1.915555
423	1.910237
423	1.904745
423	1.899157
423	1.893518
423	1.887897
423	1.882418
423	1.877135
423	1.872182
423	1.867721
423	1.863864
423	1.86079
423	1.858641
423	1.857569
423	1.857609
423	1.858758
423	1.860977
423	1.864119
423	1.868041
423	1.87256
423	1.877565
423	1.882889
423	1.88841
423	1.894054
423	1.899714
423	1.905317
423	1.910808
423	1.916117
423	1.921189
423	1.925963
423	1.930393
423	1.934466
423	1.938108
423	1.941289
423	1.943991
423	1.94618
423	1.94783
423	1.948917
423	1.949451
423	1.949421
423	1.948816
423	1.94766
423	1.945944
423	1.943695
423	1.940939
423	1.937708
423	1.934014
423	1.929907
423	1.925438
423	1.92064
423	1.915557
423	1.910242
423	1.904753
423	1.899158
423	1.893519
423	1.887898
423	1.882416
423	1.877131
423	1.872176
423	1.867718
423	1.863859
423	1.860782
423	1.858634
423	1.857557
423	1.8576
423	1.858745
423	1.86096
423	1.864102
423	1.868028
423	1.872545
423	1.87755
423	1.882875
423	1.888393
423	1.894041
423	1.899701
423	1.905303
423	1.910795
423	1.916103
423	1.92118
423	1.925948
423	1.930387
423	1.934455
423	1.938099
423	1.941287
423	1.94399
423	1.946174
423	1.947826
423	1.948922
423	1.949456
423	1.949425
423	1.94882
423	1.947667
423	1.945949
423	1.943704
423	1.940941
423	1.937714
423	1.934026
423	1.929914
423	1.92545
423	1.920651
423	1.915562
423	1.910252
423	1.904756
423	1.899172
423	1.893533
423	1.887913
423	1.882429
423	1.877155
423	1.872196
423	1.867736
423	1.86388
423	1.860803
423	1.858661
423	1.857584
423	1.857621
423	1.858769
423	1.86099
423	1.864134
423	1.868056
423	1.872576
423	1.877582
423	1.882907
423	1.888426
423	1.894074
423	1.899734
423	1.905337
423	1.910824
423	1.916138
423	1.921211
423	1.925984
423	1.930419
423	1.934491
423	1.938137
423	1.941318
423	1.944017
423	1.94621
423	1.947864
423	1.948955
423	1.949491
423	1.949457
423	1.948855
423	1.947701
423	1.945982
423	1.943738
423	1.94098
423	1.937749
423	1.934061
423	1.929954
423	1.925488
423	1.92069
423	1.915607
423	1.910291
423	1.904799
423	1.899209
423	1.893569
423	1.887949
423	1.882468
423	1.877188
423	1.872236
423	1.867773
423	1.863922
423	1.860848
423	1.858699
423	1.857629
423	1.857663
423	1.858814
423	1.861032
423	1.864173
423	1.868094
423	1.872609
423	1.877617
423	1.882939
423	1.888463
423	1.894106
423	1.899765
423	1.905371
423	1.910862
423	1.916167
423	1.921239
423	1.926012
423	1.93045
423	1.934524
423	1.938162
423	1.94134
423	1.944046
423	1.946234
423	1.947882
423	1.948975
423	1.949508
423	1.949475
423	1.948871
423	1.947715
423	1.945996
423	1.943746
423	1.94099
423	1.937757
423	1.934068
423	1.929955
423	1.925481
423	1.920691
423	1.915603
423	1.910285
423	1.90479
423	1.899202
423	1.893567
423	1.887945
423	1.882461
423	1.877179
423	1.872224
423	1.867766
423	1.863907
423	1.860832
423	1.858679
423	1.857616
423	1.857651
423	1.858794
423	1.861017
423	1.864155
423	1.868078
423	1.872596
423	1.877602
423	1.88292
423	1.888442
423	1.894088
423	1.899747
423	1.90535
423	1.910835
423	1.916144
423	1.921218
423	1.925992
423	1.930423
423	1.934496
423	1.938139
423	1.941321
423	1.944021
423	1.946211
423	1.947861
423	1.94895
423	1.949486
423	1.949452
423	1.948844
423	1.94769
423	1.945973
423	1.943725
423	1.940967
423	1.937733
423	1.934044
423	1.92993
423	1.925469
423	1.920663
423	1.91558
423	1.910261
423	1.904774
423	1.899184
423	1.893546
423	1.887926
423	1.88244
423	1.877162
423	1.872204
423	1.867746
423	1.863884
423	1.86081
423	1.858659
423	1.857589
423	1.857625
423	1.858767
423	1.86099
423	1.864131
423	1.868052
423	1.872569
423	1.877575
423	1.882895
423	1.888417
423	1.894066
423	1.899721
423	1.905327
423	1.910817
