t	Voltage
437	-1.897976
437	-1.89244
437	-1.88742
437	-1.882279
437	-1.877879
437	-1.873348
437	-1.869241
437	-1.864729
437	-1.861599
437	-1.858124
437	-1.855453
437	-1.853018
437	-1.8506
437	-1.849062
437	-1.846646
437	-1.844071
437	-1.842152
437	-1.841355
437	-1.843265
437	-1.847789
437	-1.854179
437	-1.861225
437	-1.86799
437	-1.873933
437	-1.878857
437	-1.882745
437	-1.88578
437	-1.888025
437	-1.889704
437	-1.890836
437	-1.891629
437	-1.892048
437	-1.892118
437	-1.891897
437	-1.891461
437	-1.891126
437	-1.891225
437	-1.892059
437	-1.893649
437	-1.895846
437	-1.898221
437	-1.900231
437	-1.901502
437	-1.901869
437	-1.901471
437	-1.90045
437	-1.89903
437	-1.897342
437	-1.895581
437	-1.893873
437	-1.892305
437	-1.890997
437	-1.889951
437	-1.889073
437	-1.888116
437	-1.886746
437	-1.884753
437	-1.882026
437	-1.878665
437	-1.875002
437	-1.871333
437	-1.867946
437	-1.864997
437	-1.862728
437	-1.861257
437	-1.860642
437	-1.860887
437	-1.861883
437	-1.863482
437	-1.865466
437	-1.867686
437	-1.870039
437	-1.872629
437	-1.875574
437	-1.878972
437	-1.88272
437	-1.886564
437	-1.890133
437	-1.893189
437	-1.895689
437	-1.897661
437	-1.899189
437	-1.900451
437	-1.901539
437	-1.902561
437	-1.90362
437	-1.904724
437	-1.905865
437	-1.907026
437	-1.908137
437	-1.909143
437	-1.909899
437	-1.910145
437	-1.909633
437	-1.908162
437	-1.905755
437	-1.902533
437	-1.898772
437	-1.894656
437	-1.890331
437	-1.885924
437	-1.881473
437	-1.877012
437	-1.872584
437	-1.868144
437	-1.863721
437	-1.859341
437	-1.85501
437	-1.8508
437	-1.846731
437	-1.842918
437	-1.839526
437	-1.836858
437	-1.835281
437	-1.835169
437	-1.837074
437	-1.841091
437	-1.846962
437	-1.854023
437	-1.86131
437	-1.868138
437	-1.874082
437	-1.878869
437	-1.882594
437	-1.885291
437	-1.887075
437	-1.888106
437	-1.888486
437	-1.888363
437	-1.887844
437	-1.887094
437	-1.886293
437	-1.885649
437	-1.885443
437	-1.885903
437	-1.8872
437	-1.889331
437	-1.892062
437	-1.894912
437	-1.897349
437	-1.898986
437	-1.899751
437	-1.899834
437	-1.899415
437	-1.898823
437	-1.898218
437	-1.897783
437	-1.897592
437	-1.897668
437	-1.897975
437	-1.898398
437	-1.898754
437	-1.89881
437	-1.898291
437	-1.896973
437	-1.894722
437	-1.891656
437	-1.888068
437	-1.88428
437	-1.880614
437	-1.877275
437	-1.874328
437	-1.871873
437	-1.869801
437	-1.868013
437	-1.866402
437	-1.864874
437	-1.863304
437	-1.861707
437	-1.860161
437	-1.858798
437	-1.857935
437	-1.857909
437	-1.859157
437	-1.861883
437	-1.865974
437	-1.870849
437	-1.875934
437	-1.880741
437	-1.885044
437	-1.888776
437	-1.891982
437	-1.894669
437	-1.896907
437	-1.898741
437	-1.900227
437	-1.901344
437	-1.902197
437	-1.90283
437	-1.903334
437	-1.903845
437	-1.904509
437	-1.905434
437	-1.906572
437	-1.907755
437	-1.908537
437	-1.908563
437	-1.907595
437	-1.905648
437	-1.902823
437	-1.899346
437	-1.895393
437	-1.891138
437	-1.886722
437	-1.882282
437	-1.877934
437	-1.873709
437	-1.869622
437	-1.865661
437	-1.86177
437	-1.857865
437	-1.853944
437	-1.850039
437	-1.846311
437	-1.842883
437	-1.840089
437	-1.83818
437	-1.83765
437	-1.838864
437	-1.842193
437	-1.847475
437	-1.854089
437	-1.861168
437	-1.867921
437	-1.873904
437	-1.878886
437	-1.882855
437	-1.885865
437	-1.888021
437	-1.889382
437	-1.890093
437	-1.890249
437	-1.889989
437	-1.889407
437	-1.888747
437	-1.888158
437	-1.887902
437	-1.888224
437	-1.889327
437	-1.891207
437	-1.893668
437	-1.896339
437	-1.898589
437	-1.900047
437	-1.900569
437	-1.900275
437	-1.899447
437	-1.898341
437	-1.897134
437	-1.896038
437	-1.895191
437	-1.894642
437	-1.894379
437	-1.8943
437	-1.894249
437	-1.893944
437	-1.893111
437	-1.891539
437	-1.889091
437	-1.885882
437	-1.882283
437	-1.878539
437	-1.875037
437	-1.871967
437	-1.869501
437	-1.867666
437	-1.866469
437	-1.865801
437	-1.865526
437	-1.865453
437	-1.865451
437	-1.865475
437	-1.865547
437	-1.86588
437	-1.866713
437	-1.868348
437	-1.871072
437	-1.874782
437	-1.879042
437	-1.883346
437	-1.887303
437	-1.890767
437	-1.89368
437	-1.89615
437	-1.898254
437	-1.900089
437	-1.901668
437	-1.903054
437	-1.904318
437	-1.905434
437	-1.906439
437	-1.907359
437	-1.908264
437	-1.909187
437	-1.910081
437	-1.910731
437	-1.910828
437	-1.91008
437	-1.908346
437	-1.905713
437	-1.902337
437	-1.898401
437	-1.894059
437	-1.88945
437	-1.88467
437	-1.879844
437	-1.875009
437	-1.870248
437	-1.86556
437	-1.860976
437	-1.856505
437	-1.85215
437	-1.84792
437	-1.843845
437	-1.840072
437	-1.836801
437	-1.834303
437	-1.832884
437	-1.833115
437	-1.835436
437	-1.840026
437	-1.846569
437	-1.854089
437	-1.861661
437	-1.868493
437	-1.874203
437	-1.878703
437	-1.882071
437	-1.884435
437	-1.885922
437	-1.886679
437	-1.886837
437	-1.886489
437	-1.885804
437	-1.884934
437	-1.884039
437	-1.883379
437	-1.883191
437	-1.883789
437	-1.885283
437	-1.887655
437	-1.890617
437	-1.893654
437	-1.896215
437	-1.898013
437	-1.898991
437	-1.899372
437	-1.899392
437	-1.899226
437	-1.899111
437	-1.899176
437	-1.899456
437	-1.899948
437	-1.900612
437	-1.901307
437	-1.90191
437	-1.902176
437	-1.901892
437	-1.900774
437	-1.898674
437	-1.8957
437	-1.892152
437	-1.888344
437	-1.884566
437	-1.880979
437	-1.877662
437	-1.874641
437	-1.871878
437	-1.869252
437	-1.866686
437	-1.86413
437	-1.861521
437	-1.858893
437	-1.856314
437	-1.853907
437	-1.851907
437	-1.850671
437	-1.850664
437	-1.852234
437	-1.855492
437	-1.860184
437	-1.865652
437	-1.8713
437	-1.87664
437	-1.881477
437	-1.885636
437	-1.889147
437	-1.892019
437	-1.894312
437	-1.896027
437	-1.897249
437	-1.898032
437	-1.898445
437	-1.898619
437	-1.898668
437	-1.898818
437	-1.899213
437	-1.900046
437	-1.901373
437	-1.902995
437	-1.904546
437	-1.905573
437	-1.90571
437	-1.904799
437	-1.90293
437	-1.900289
437	-1.897111
437	-1.893632
437	-1.890003
437	-1.886403
437	-1.882967
437	-1.87973
437	-1.876702
437	-1.873826
437	-1.870932
437	-1.867884
437	-1.864618
437	-1.861081
437	-1.85741
437	-1.853846
437	-1.850588
437	-1.847987
437	-1.846327
437	-1.846017
437	-1.847343
437	-1.850355
437	-1.85489
437	-1.860326
437	-1.866217
437	-1.871966
437	-1.877311
437	-1.882032
437	-1.886086
437	-1.889418
437	-1.891996
437	-1.893877
437	-1.895093
437	-1.895744
437	-1.895933
437	-1.895832
437	-1.89561
437	-1.89545
437	-1.895565
437	-1.896159
437	-1.897316
437	-1.89896
437	-1.900904
437	-1.90267
437	-1.903824
437	-1.903977
437	-1.903115
437	-1.901279
437	-1.898827
437	-1.895949
437	-1.892958
437	-1.889976
437	-1.887219
437	-1.88471
437	-1.882482
437	-1.880453
437	-1.878475
437	-1.876287
437	-1.873766
437	-1.870763
437	-1.867351
437	-1.863764
437	-1.860192
437	-1.856979
437	-1.854404
437	-1.852817
437	-1.852495
437	-1.853586
437	-1.85607
437	-1.859703
437	-1.864056
437	-1.868753
437	-1.873502
437	-1.878075
437	-1.882439
437	-1.886434
437	-1.889986
437	-1.893032
437	-1.895469
437	-1.897256
437	-1.898462
437	-1.899189
437	-1.899582
437	-1.899795
437	-1.900018
437	-1.900452
437	-1.901166
437	-1.902256
437	-1.903649
437	-1.905117
437	-1.906323
437	-1.906996
437	-1.906764
437	-1.905489
437	-1.903216
437	-1.900161
437	-1.896561
437	-1.892658
437	-1.888699
437	-1.884801
437	-1.881057
437	-1.877501
437	-1.87411
437	-1.870777
437	-1.867395
437	-1.863872
437	-1.860194
437	-1.85641
437	-1.852644
437	-1.84905
437	-1.845889
437	-1.843432
437	-1.842114
437	-1.84232
437	-1.844362
437	-1.848303
437	-1.853764
437	-1.860017
437	-1.866394
437	-1.87241
437	-1.877767
437	-1.882348
437	-1.886086
437	-1.88899
437	-1.891095
437	-1.892489
437	-1.893246
437	-1.893462
437	-1.893317
437	-1.89289
437	-1.892421
437	-1.892174
437	-1.892279
437	-1.89299
437	-1.894396
437	-1.896379
437	-1.898632
437	-1.90065
437	-1.901965
437	-1.902306
437	-1.901612
437	-1.900166
437	-1.898155
437	-1.895927
437	-1.893674
437	-1.891559
437	-1.889752
437	-1.888243
437	-1.887031
437	-1.885934
437	-1.884787
437	-1.883362
437	-1.881332
437	-1.878664
437	-1.875394
437	-1.871807
437	-1.868182
437	-1.864877
437	-1.862181
437	-1.860313
437	-1.859483
437	-1.859737
437	-1.861045
437	-1.86316
437	-1.86582
437	-1.868784
437	-1.871875
437	-1.875048
437	-1.878247
437	-1.881601
437	-1.885094
437	-1.888581
437	-1.89188
437	-1.89472
437	-1.897059
437	-1.898817
437	-1.900133
437	-1.901163
437	-1.902038
437	-1.902903
437	-1.903857
437	-1.90493
437	-1.906088
437	-1.907244
437	-1.90834
437	-1.9092
437	-1.909615
437	-1.909397
437	-1.90834
437	-1.90633
437	-1.903418
437	-1.899827
437	-1.895729
437	-1.89141
437	-1.886981
437	-1.882526
437	-1.878143
437	-1.873764
437	-1.869431
437	-1.865101
437	-1.860782
437	-1.856488
437	-1.85229
437	-1.848207
437	-1.844332
437	-1.84086
437	-1.837941
437	-1.835962
437	-1.835316
437	-1.836527
437	-1.839866
437	-1.845254
437	-1.852044
437	-1.859297
437	-1.866302
437	-1.872461
437	-1.877598
437	-1.881653
437	-1.88466
437	-1.88672
437	-1.888004
437	-1.888604
437	-1.888662
437	-1.888266
437	-1.887597
437	-1.886801
437	-1.886101
437	-1.885738
437	-1.885978
437	-1.887007
437	-1.888884
437	-1.891481
437	-1.894298
437	-1.896864
437	-1.898706
437	-1.899621
437	-1.899768
437	-1.899376
437	-1.898695
437	-1.897954
437	-1.897345
437	-1.896955
437	-1.896871
437	-1.897028
437	-1.89734
437	-1.897649
437	-1.89776
437	-1.89737
437	-1.89623
437	-1.894173
437	-1.891263
437	-1.887739
437	-1.883982
437	-1.880292
437	-1.876914
437	-1.873959
437	-1.871487
437	-1.869488
437	-1.867868
437	-1.866472
437	-1.865209
437	-1.863935
437	-1.862651
437	-1.861374
437	-1.860233
437	-1.859471
437	-1.859521
437	-1.860739
437	-1.863371
437	-1.867296
437	-1.872036
437	-1.876954
437	-1.881633
437	-1.885803
437	-1.889421
437	-1.892522
437	-1.895145
437	-1.897337
437	-1.899167
437	-1.900652
437	-1.901845
437	-1.902778
437	-1.903521
437	-1.90413
437	-1.904742
437	-1.90547
437	-1.906411
437	-1.907516
437	-1.908536
437	-1.909117
437	-1.908849
437	-1.907594
437	-1.905378
437	-1.902343
437	-1.89869
437	-1.894578
437	-1.89016
437	-1.885618
437	-1.881043
437	-1.876537
437	-1.872152
437	-1.867875
437	-1.863741
437	-1.859646
437	-1.855617
437	-1.851618
437	-1.847684
437	-1.843949
437	-1.840633
437	-1.83794
437	-1.836267
437	-1.836045
437	-1.837724
437	-1.841585
437	-1.847369
437	-1.85438
437	-1.861625
437	-1.868407
437	-1.874247
437	-1.879005
437	-1.882744
437	-1.885499
437	-1.88738
437	-1.888493
437	-1.888993
437	-1.888974
437	-1.888525
437	-1.887859
437	-1.887098
437	-1.886494
437	-1.886302
437	-1.886719
437	-1.888005
437	-1.890084
437	-1.892754
437	-1.895529
437	-1.897834
437	-1.899313
437	-1.899924
437	-1.89982
437	-1.899206
437	-1.89838
437	-1.897549
437	-1.896852
437	-1.896411
437	-1.89626
437	-1.896343
437	-1.89658
437	-1.896747
437	-1.896669
437	-1.895982
437	-1.894497
437	-1.892084
437	-1.888896
437	-1.88527
437	-1.881515
437	-1.877926
437	-1.874728
437	-1.872022
437	-1.869845
437	-1.868154
437	-1.866859
437	-1.86581
437	-1.864839
437	-1.863924
437	-1.862929
437	-1.862061
437	-1.861398
437	-1.861236
437	-1.862013
437	-1.864036
437	-1.867376
437	-1.871702
437	-1.876463
437	-1.881135
437	-1.885371
437	-1.889074
437	-1.892227
437	-1.894908
437	-1.89717
437	-1.899068
437	-1.900678
437	-1.90204
437	-1.903122
437	-1.904021
437	-1.9048
437	-1.905471
437	-1.906216
437	-1.907118
437	-1.908135
437	-1.909117
437	-1.909689
437	-1.909478
437	-1.9083
437	-1.906159
437	-1.903189
437	-1.899546
437	-1.89543
437	-1.891024
437	-1.886407
437	-1.881729
437	-1.877088
437	-1.872535
437	-1.868074
437	-1.863755
437	-1.859509
437	-1.855348
437	-1.851249
437	-1.847203
437	-1.843382
437	-1.83998
437	-1.837144
437	-1.835295
437	-1.834807
437	-1.836194
437	-1.839757
437	-1.845436
437	-1.852443
437	-1.85988
437	-1.866849
437	-1.872924
437	-1.877881
437	-1.881709
437	-1.884554
437	-1.886494
437	-1.887657
437	-1.888165
437	-1.888107
437	-1.887681
437	-1.886968
437	-1.886139
437	-1.885465
437	-1.885116
437	-1.88543
437	-1.886573
437	-1.888565
437	-1.891239
437	-1.894121
437	-1.896684
437	-1.898496
437	-1.899423
437	-1.89965
437	-1.899337
437	-1.898795
437	-1.898215
437	-1.897747
437	-1.897531
437	-1.897561
437	-1.89785
437	-1.898265
437	-1.898625
437	-1.898787
437	-1.898438
437	-1.897303
437	-1.895236
437	-1.892287
437	-1.88875
437	-1.884991
437	-1.881273
437	-1.87783
437	-1.874789
437	-1.872188
437	-1.869974
437	-1.868106
437	-1.866432
437	-1.864813
437	-1.863208
437	-1.861563
437	-1.859938
437	-1.858486
437	-1.857423
437	-1.85715
437	-1.858062
437	-1.860464
437	-1.864318
437	-1.86912
437	-1.874222
437	-1.879154
437	-1.883615
437	-1.887533
437	-1.890878
437	-1.893692
437	-1.896053
437	-1.897972
437	-1.899506
437	-1.900713
437	-1.901604
437	-1.90225
437	-1.902744
437	-1.903213
437	-1.903823
437	-1.904673
437	-1.905799
437	-1.90704
437	-1.908009
437	-1.9083
437	-1.907639
437	-1.905972
437	-1.903412
437	-1.900115
437	-1.89631
437	-1.892153
437	-1.887804
437	-1.883422
437	-1.879059
437	-1.874858
437	-1.870806
437	-1.866866
437	-1.86301
437	-1.859137
437	-1.855272
437	-1.851384
437	-1.847572
437	-1.844085
437	-1.841054
437	-1.838864
437	-1.837878
437	-1.838564
437	-1.841211
437	-1.845929
437	-1.852201
437	-1.859163
437	-1.866042
437	-1.872248
437	-1.877502
437	-1.881782
437	-1.885088
437	-1.887516
437	-1.889117
437	-1.890046
437	-1.890369
437	-1.89025
437	-1.889767
437	-1.889153
437	-1.888517
437	-1.888166
437	-1.888306
437	-1.889173
437	-1.890818
437	-1.893153
437	-1.895767
437	-1.898138
437	-1.899803
437	-1.900524
437	-1.900368
437	-1.899579
437	-1.898417
437	-1.897112
437	-1.895899
437	-1.894859
437	-1.894122
437	-1.893689
437	-1.89349
437	-1.893359
437	-1.893081
437	-1.892343
437	-1.890915
437	-1.888644
437	-1.885596
437	-1.882025
437	-1.878304
437	-1.874732
437	-1.871589
437	-1.869033
437	-1.867118
437	-1.865933
437	-1.865332
437	-1.865209
437	-1.865331
437	-1.865602
437	-1.865944
437	-1.866298
437	-1.866838
437	-1.867821
437	-1.869534
437	-1.872168
437	-1.875749
437	-1.8799
437	-1.884077
437	-1.887932
437	-1.891274
437	-1.894084
437	-1.896467
437	-1.898481
437	-1.900223
437	-1.901782
437	-1.903169
437	-1.90441
437	-1.905573
437	-1.906608
437	-1.907578
437	-1.90852
437	-1.909434
437	-1.910279
437	-1.910816
437	-1.910728
