t	Voltage
241	-1.902491
241	-1.898534
241	-1.895016
241	-1.891517
241	-1.888559
241	-1.885595
241	-1.882996
241	-1.880195
241	-1.878295
241	-1.876236
241	-1.874696
241	-1.873316
241	-1.871984
241	-1.871166
241	-1.869878
241	-1.868552
241	-1.867606
241	-1.867206
241	-1.868151
241	-1.870463
241	-1.873925
241	-1.877967
241	-1.88208
241	-1.885842
241	-1.889045
241	-1.891632
241	-1.893668
241	-1.895205
241	-1.89636
241	-1.897135
241	-1.897676
241	-1.897968
241	-1.898008
241	-1.897862
241	-1.897557
241	-1.897316
241	-1.89737
241	-1.897933
241	-1.899046
241	-1.900589
241	-1.902267
241	-1.903669
241	-1.904597
241	-1.904852
241	-1.904544
241	-1.903809
241	-1.902776
241	-1.9016
241	-1.900358
241	-1.899143
241	-1.898064
241	-1.897142
241	-1.896403
241	-1.895798
241	-1.895122
241	-1.894191
241	-1.892821
241	-1.890973
241	-1.888762
241	-1.886342
241	-1.883978
241	-1.881827
241	-1.880017
241	-1.878649
241	-1.877758
241	-1.877391
241	-1.877537
241	-1.878136
241	-1.879083
241	-1.880298
241	-1.881643
241	-1.88312
241	-1.884797
241	-1.886663
241	-1.888882
241	-1.891387
241	-1.893971
241	-1.896432
241	-1.898549
241	-1.900288
241	-1.901679
241	-1.902761
241	-1.903638
241	-1.904425
241	-1.905158
241	-1.905897
241	-1.906676
241	-1.907505
241	-1.908343
241	-1.909161
241	-1.909865
241	-1.910414
241	-1.910599
241	-1.910198
241	-1.909144
241	-1.907409
241	-1.905083
241	-1.902411
241	-1.899498
241	-1.896479
241	-1.893451
241	-1.890431
241	-1.887491
241	-1.884619
241	-1.881804
241	-1.879085
241	-1.876477
241	-1.873991
241	-1.871656
241	-1.86951
241	-1.867573
241	-1.865924
241	-1.864711
241	-1.86397
241	-1.86394
241	-1.864786
241	-1.866707
241	-1.869676
241	-1.873466
241	-1.877663
241	-1.881805
241	-1.885554
241	-1.888697
241	-1.891182
241	-1.892978
241	-1.894206
241	-1.894915
241	-1.895185
241	-1.895091
241	-1.894715
241	-1.894207
241	-1.89366
241	-1.893225
241	-1.893079
241	-1.893385
241	-1.894285
241	-1.895737
241	-1.897632
241	-1.899619
241	-1.901334
241	-1.902504
241	-1.903044
241	-1.903084
241	-1.902797
241	-1.902368
241	-1.901951
241	-1.901654
241	-1.901498
241	-1.901563
241	-1.901782
241	-1.902059
241	-1.902333
241	-1.902341
241	-1.902012
241	-1.901078
241	-1.89949
241	-1.897346
241	-1.894848
241	-1.892278
241	-1.889818
241	-1.88761
241	-1.885705
241	-1.884107
241	-1.8828
241	-1.881692
241	-1.88071
241	-1.87976
241	-1.878814
241	-1.877832
241	-1.876942
241	-1.876137
241	-1.875636
241	-1.875633
241	-1.876368
241	-1.87799
241	-1.880459
241	-1.883492
241	-1.88677
241	-1.889927
241	-1.892817
241	-1.895379
241	-1.897576
241	-1.899468
241	-1.901021
241	-1.902335
241	-1.903385
241	-1.904194
241	-1.90481
241	-1.905255
241	-1.905618
241	-1.905978
241	-1.906459
241	-1.907131
241	-1.907971
241	-1.908812
241	-1.909365
241	-1.909384
241	-1.908696
241	-1.907278
241	-1.905259
241	-1.902779
241	-1.899989
241	-1.897012
241	-1.893969
241	-1.890955
241	-1.888062
241	-1.885302
241	-1.882719
241	-1.880226
241	-1.87789
241	-1.875614
241	-1.873389
241	-1.87124
241	-1.869286
241	-1.867556
241	-1.866183
241	-1.86529
241	-1.865032
241	-1.865595
241	-1.867247
241	-1.869924
241	-1.873511
241	-1.877575
241	-1.881688
241	-1.885479
241	-1.888739
241	-1.891376
241	-1.893394
241	-1.894865
241	-1.895822
241	-1.896317
241	-1.896438
241	-1.896234
241	-1.895843
241	-1.895375
241	-1.89498
241	-1.894781
241	-1.895017
241	-1.895752
241	-1.89707
241	-1.898802
241	-1.900673
241	-1.902258
241	-1.903294
241	-1.903669
241	-1.90348
241	-1.902884
241	-1.90208
241	-1.90121
241	-1.90045
241	-1.89987
241	-1.899485
241	-1.899303
241	-1.899259
241	-1.899212
241	-1.899012
241	-1.898404
241	-1.897317
241	-1.895623
241	-1.893428
241	-1.890982
241	-1.888503
241	-1.886211
241	-1.884221
241	-1.882649
241	-1.881524
241	-1.880777
241	-1.88037
241	-1.880199
241	-1.88016
241	-1.880167
241	-1.880168
241	-1.880228
241	-1.880417
241	-1.880939
241	-1.881954
241	-1.883667
241	-1.886027
241	-1.888823
241	-1.891705
241	-1.894392
241	-1.896756
241	-1.898785
241	-1.900551
241	-1.902022
241	-1.903311
241	-1.904452
241	-1.90545
241	-1.906319
241	-1.907128
241	-1.907867
241	-1.908544
241	-1.909194
241	-1.909865
241	-1.910503
241	-1.91098
241	-1.91105
241	-1.910501
241	-1.909258
241	-1.907347
241	-1.904914
241	-1.902115
241	-1.899042
241	-1.895833
241	-1.892581
241	-1.88933
241	-1.886153
241	-1.883095
241	-1.88018
241	-1.877415
241	-1.87483
241	-1.872371
241	-1.870078
241	-1.868028
241	-1.866185
241	-1.864629
241	-1.863492
241	-1.862886
241	-1.862984
241	-1.864013
241	-1.866168
241	-1.869432
241	-1.873487
241	-1.877865
241	-1.882027
241	-1.885647
241	-1.888596
241	-1.890826
241	-1.892431
241	-1.893444
241	-1.893957
241	-1.894054
241	-1.893815
241	-1.89337
241	-1.892764
241	-1.892174
241	-1.891709
241	-1.891597
241	-1.891985
241	-1.893011
241	-1.894624
241	-1.896672
241	-1.898784
241	-1.900569
241	-1.901826
241	-1.902532
241	-1.902801
241	-1.902812
241	-1.9027
241	-1.902643
241	-1.902647
241	-1.902857
241	-1.903209
241	-1.903672
241	-1.904179
241	-1.904588
241	-1.904796
241	-1.904603
241	-1.9038
241	-1.90229
241	-1.900205
241	-1.897719
241	-1.895081
241	-1.8925
241	-1.890078
241	-1.887883
241	-1.885915
241	-1.884129
241	-1.882488
241	-1.880891
241	-1.879299
241	-1.877732
241	-1.876182
241	-1.874685
241	-1.873372
241	-1.872247
241	-1.871565
241	-1.871568
241	-1.872432
241	-1.87427
241	-1.876956
241	-1.880275
241	-1.883798
241	-1.887245
241	-1.890427
241	-1.893234
241	-1.895643
241	-1.89764
241	-1.899222
241	-1.900443
241	-1.901307
241	-1.901854
241	-1.902149
241	-1.902274
241	-1.902304
241	-1.902403
241	-1.902702
241	-1.903301
241	-1.90423
241	-1.905387
241	-1.906489
241	-1.907254
241	-1.907354
241	-1.90671
241	-1.905352
241	-1.903468
241	-1.901213
241	-1.898754
241	-1.89625
241	-1.893796
241	-1.891435
241	-1.889258
241	-1.887273
241	-1.885398
241	-1.883535
241	-1.88165
241	-1.879624
241	-1.877486
241	-1.875356
241	-1.873319
241	-1.871541
241	-1.870147
241	-1.869274
241	-1.869146
241	-1.869833
241	-1.871452
241	-1.873918
241	-1.877097
241	-1.88061
241	-1.884215
241	-1.887672
241	-1.890813
241	-1.893544
241	-1.895836
241	-1.897634
241	-1.898943
241	-1.899794
241	-1.900239
241	-1.900371
241	-1.900311
241	-1.900151
241	-1.900061
241	-1.900137
241	-1.900528
241	-1.901358
241	-1.902532
241	-1.903909
241	-1.905156
241	-1.905997
241	-1.906122
241	-1.905484
241	-1.904195
241	-1.902438
241	-1.90041
241	-1.898297
241	-1.896231
241	-1.894327
241	-1.892637
241	-1.891137
241	-1.88976
241	-1.888438
241	-1.887012
241	-1.885353
241	-1.883459
241	-1.881334
241	-1.879114
241	-1.876994
241	-1.87511
241	-1.873647
241	-1.872786
241	-1.872597
241	-1.873198
241	-1.874616
241	-1.876685
241	-1.879308
241	-1.882201
241	-1.885218
241	-1.888206
241	-1.891096
241	-1.893805
241	-1.896266
241	-1.898375
241	-1.900068
241	-1.90134
241	-1.902189
241	-1.902693
241	-1.902968
241	-1.903121
241	-1.903297
241	-1.9036
241	-1.9041
241	-1.904883
241	-1.905867
241	-1.906933
241	-1.907835
241	-1.908307
241	-1.908132
241	-1.907213
241	-1.905595
241	-1.903372
241	-1.900858
241	-1.898109
241	-1.895363
241	-1.892686
241	-1.890166
241	-1.887809
241	-1.885585
241	-1.883475
241	-1.881351
241	-1.879198
241	-1.876988
241	-1.87479
241	-1.872688
241	-1.87072
241	-1.869074
241	-1.867836
241	-1.867167
241	-1.867262
241	-1.868331
241	-1.870358
241	-1.873326
241	-1.876889
241	-1.880745
241	-1.884497
241	-1.887995
241	-1.891041
241	-1.893565
241	-1.895561
241	-1.897031
241	-1.898
241	-1.898492
241	-1.89868
241	-1.89854
241	-1.898259
241	-1.897962
241	-1.897743
241	-1.89783
241	-1.898332
241	-1.899317
241	-1.900685
241	-1.902291
241	-1.903746
241	-1.904667
241	-1.904888
241	-1.904403
241	-1.903357
241	-1.901965
241	-1.900375
241	-1.89878
241	-1.897328
241	-1.896072
241	-1.895031
241	-1.894181
241	-1.893452
241	-1.892668
241	-1.891712
241	-1.890354
241	-1.888558
241	-1.886415
241	-1.884116
241	-1.881845
241	-1.879783
241	-1.87816
241	-1.877072
241	-1.876582
241	-1.87674
241	-1.87751
241	-1.878767
241	-1.880398
241	-1.882235
241	-1.884187
241	-1.886227
241	-1.888343
241	-1.890556
241	-1.892911
241	-1.895302
241	-1.897588
241	-1.899587
241	-1.901204
241	-1.902449
241	-1.903381
241	-1.90413
241	-1.904746
241	-1.905366
241	-1.906048
241	-1.90681
241	-1.907652
241	-1.908493
241	-1.909284
241	-1.909901
241	-1.910224
241	-1.910048
241	-1.909298
241	-1.907836
241	-1.905741
241	-1.90316
241	-1.90028
241	-1.897244
241	-1.894185
241	-1.891171
241	-1.888221
241	-1.885386
241	-1.88263
241	-1.879917
241	-1.877346
241	-1.874858
241	-1.872501
241	-1.870289
241	-1.868299
241	-1.866576
241	-1.865166
241	-1.864273
241	-1.863978
241	-1.864551
241	-1.866146
241	-1.868791
241	-1.872404
241	-1.876513
241	-1.880727
241	-1.884584
241	-1.887925
241	-1.890587
241	-1.892625
241	-1.894036
241	-1.894918
241	-1.895336
241	-1.895354
241	-1.8951
241	-1.894626
241	-1.89408
241	-1.893608
241	-1.893368
241	-1.893505
241	-1.894225
241	-1.895522
241	-1.897302
241	-1.899295
241	-1.901096
241	-1.902348
241	-1.903018
241	-1.903135
241	-1.90285
241	-1.902364
241	-1.901866
241	-1.901414
241	-1.901144
241	-1.90107
241	-1.901187
241	-1.901395
241	-1.901627
241	-1.901727
241	-1.901441
241	-1.900629
241	-1.899196
241	-1.897168
241	-1.894716
241	-1.89216
241	-1.889671
241	-1.887457
241	-1.885536
241	-1.883928
241	-1.882711
241	-1.881686
241	-1.880828
241	-1.880035
241	-1.879274
241	-1.878478
241	-1.87772
241	-1.877035
241	-1.876613
241	-1.87665
241	-1.877355
241	-1.878921
241	-1.881335
241	-1.884301
241	-1.88749
241	-1.890586
241	-1.893417
241	-1.895891
241	-1.898042
241	-1.899881
241	-1.901431
241	-1.9027
241	-1.903787
241	-1.904648
241	-1.905313
241	-1.905834
241	-1.906271
241	-1.906719
241	-1.90724
241	-1.907921
241	-1.908709
241	-1.90946
241	-1.909867
241	-1.909685
241	-1.908766
241	-1.907177
241	-1.904993
241	-1.902368
241	-1.899496
241	-1.896393
241	-1.893289
241	-1.890208
241	-1.887218
241	-1.884375
241	-1.881665
241	-1.87912
241	-1.876708
241	-1.874388
241	-1.872165
241	-1.870064
241	-1.86813
241	-1.866489
241	-1.86521
241	-1.86443
241	-1.864362
241	-1.865145
241	-1.866996
241	-1.869916
241	-1.873736
241	-1.877921
241	-1.882057
241	-1.885764
241	-1.888885
241	-1.891369
241	-1.893239
241	-1.894512
241	-1.895299
241	-1.895629
241	-1.895606
241	-1.895308
241	-1.894855
241	-1.894329
241	-1.893923
241	-1.893804
241	-1.894081
241	-1.894956
241	-1.896387
241	-1.898255
241	-1.900179
241	-1.901804
241	-1.902868
241	-1.903291
241	-1.903208
241	-1.902772
241	-1.902192
241	-1.901587
241	-1.901105
241	-1.900798
241	-1.90067
241	-1.900741
241	-1.900904
241	-1.901037
241	-1.900959
241	-1.900478
241	-1.899423
241	-1.897763
241	-1.895543
241	-1.893061
241	-1.890514
241	-1.888138
241	-1.886028
241	-1.884292
241	-1.882922
241	-1.881869
241	-1.881067
241	-1.880404
241	-1.879817
241	-1.879256
241	-1.878678
241	-1.878152
241	-1.877746
241	-1.877668
241	-1.878115
241	-1.879339
241	-1.881372
241	-1.884124
241	-1.887179
241	-1.890277
241	-1.893133
241	-1.895658
241	-1.89786
241	-1.899721
241	-1.901315
241	-1.902661
241	-1.903798
241	-1.904774
241	-1.905562
241	-1.906196
241	-1.906741
241	-1.907261
241	-1.90778
241	-1.908446
241	-1.909167
241	-1.909885
241	-1.910297
241	-1.910159
241	-1.909298
241	-1.907753
241	-1.905603
241	-1.90301
241	-1.900094
241	-1.897016
241	-1.893823
241	-1.890667
241	-1.887593
241	-1.8846
241	-1.881806
241	-1.879132
241	-1.876631
241	-1.874236
241	-1.871943
241	-1.869797
241	-1.867872
241	-1.866166
241	-1.864849
241	-1.863991
241	-1.86377
241	-1.864424
241	-1.866122
241	-1.868915
241	-1.872658
241	-1.876879
241	-1.881093
241	-1.884912
241	-1.888134
241	-1.890688
241	-1.8926
241	-1.893917
241	-1.894707
241	-1.895039
241	-1.89502
241	-1.894717
241	-1.894243
241	-1.893695
241	-1.893232
241	-1.892992
241	-1.893202
241	-1.893979
241	-1.895327
241	-1.897203
241	-1.899211
241	-1.901009
241	-1.902285
241	-1.902951
241	-1.903127
241	-1.902901
241	-1.902502
241	-1.902086
241	-1.901768
241	-1.901623
241	-1.901642
241	-1.901834
241	-1.90212
241	-1.902403
241	-1.902505
241	-1.902272
241	-1.901466
241	-1.9
241	-1.897952
241	-1.895501
241	-1.89291
241	-1.890408
241	-1.888119
241	-1.886146
241	-1.884475
241	-1.883078
241	-1.881897
241	-1.880875
241	-1.879905
241	-1.878931
241	-1.877937
241	-1.876978
241	-1.876119
241	-1.875527
241	-1.875375
241	-1.87589
241	-1.877325
241	-1.879629
241	-1.882575
241	-1.885849
241	-1.889089
241	-1.892074
241	-1.894722
241	-1.89704
241	-1.899001
241	-1.900653
241	-1.902013
241	-1.903124
241	-1.903966
241	-1.904606
241	-1.905078
241	-1.905414
241	-1.905766
241	-1.906187
241	-1.906809
241	-1.907611
241	-1.908498
241	-1.909196
241	-1.90943
241	-1.908953
241	-1.907752
241	-1.9059
241	-1.903555
241	-1.900848
241	-1.897947
241	-1.89494
241	-1.891942
241	-1.889031
241	-1.886267
241	-1.883645
241	-1.881196
241	-1.878831
241	-1.876544
241	-1.874315
241	-1.872161
241	-1.870123
241	-1.86832
241	-1.86682
241	-1.865764
241	-1.865312
241	-1.865637
241	-1.866921
241	-1.869295
241	-1.872623
241	-1.876579
241	-1.880704
241	-1.884595
241	-1.887989
241	-1.890845
241	-1.893059
241	-1.894696
241	-1.895809
241	-1.896454
241	-1.896683
241	-1.89659
241	-1.896259
241	-1.895819
241	-1.895384
241	-1.895141
241	-1.895235
241	-1.895827
241	-1.896985
241	-1.898602
241	-1.900429
241	-1.9021
241	-1.903257
241	-1.903773
241	-1.903689
241	-1.903123
241	-1.902283
241	-1.901359
241	-1.900499
241	-1.899771
241	-1.89926
241	-1.89897
241	-1.898833
241	-1.898707
241	-1.898507
241	-1.898027
241	-1.897019
241	-1.895439
241	-1.893366
241	-1.890939
241	-1.888464
241	-1.886128
241	-1.884113
241	-1.882469
241	-1.881313
241	-1.880568
241	-1.880207
241	-1.880117
241	-1.880211
241	-1.880388
241	-1.880582
241	-1.880786
241	-1.881154
241	-1.881737
241	-1.882798
241	-1.884482
241	-1.886776
241	-1.889523
241	-1.892318
241	-1.894953
241	-1.897259
241	-1.899233
241	-1.900909
241	-1.902328
241	-1.903572
241	-1.90468
241	-1.905672
241	-1.906587
241	-1.907399
241	-1.908144
241	-1.908871
241	-1.909557
241	-1.910227
241	-1.910826
241	-1.911218
241	-1.911156
