ScanID,Current,Field,Frequency,Spectra
392,12.1906,182.859,1.0,-0.9336540707751256
392,12.1906,182.859,1.003125,-0.8990892828048795
392,12.1906,182.859,1.00625,-0.8699846754173066
392,12.1906,182.859,1.0093750000000001,-0.8452148763389424
392,12.1906,182.859,1.0125,-0.8275996769513925
392,12.1906,182.859,1.015625,-0.8193987935798642
392,12.1906,182.859,1.01875,-0.8223042594617148
392,12.1906,182.859,1.021875,-0.8314654349238528
392,12.1906,182.859,1.0250000000000001,-0.8524825398913466
392,12.1906,182.859,1.028125,-0.8825423650760489
392,12.1906,182.859,1.03125,-0.9194058501742469
392,12.1906,182.859,1.034375,-0.960993116754371
392,12.1906,182.859,1.0375,-1.00937615832197
392,12.1906,182.859,1.0406250000000001,-1.058308835194444
392,12.1906,182.859,1.04375,-1.1129776742673276
392,12.1906,182.859,1.046875,-1.164168148855749
392,12.1906,182.859,1.05,-1.2167404375378612
392,12.1906,182.859,1.053125,-1.2669046500555472
392,12.1906,182.859,1.0562500000000001,-1.3116837266474262
392,12.1906,182.859,1.059375,-1.3533352169583257
392,12.1906,182.859,1.0625,-1.385277535778282
392,12.1906,182.859,1.065625,-1.4121803450655792
392,12.1906,182.859,1.06875,-1.4259830774041187
392,12.1906,182.859,1.0718750000000001,-1.4318737705909297
392,12.1906,182.859,1.0750000000000002,-1.426319446129113
392,12.1906,182.859,1.078125,-1.410172170609851
392,12.1906,182.859,1.08125,-1.3825292196396033
392,12.1906,182.859,1.084375,-1.3401501448937854
392,12.1906,182.859,1.0875000000000001,-1.292149800779368
392,12.1906,182.859,1.0906250000000002,-1.234015888979705
392,12.1906,182.859,1.09375,-1.1738309062549848
392,12.1906,182.859,1.096875,-1.1094240315061321
392,12.1906,182.859,1.1,-1.049423340726107
392,12.1906,182.859,1.1031250000000001,-0.9925650784115212
392,12.1906,182.859,1.1062500000000002,-0.943801948149803
392,12.1906,182.859,1.109375,-0.8988053032789975
392,12.1906,182.859,1.1125,-0.8729111527645088
392,12.1906,182.859,1.115625,-0.8565202660662903
392,12.1906,182.859,1.1187500000000001,-0.8562473905144723
392,12.1906,182.859,1.1218750000000002,-0.8675701086100778
392,12.1906,182.859,1.125,-0.8934263901054971
392,12.1906,182.859,1.128125,-0.9247418703982271
392,12.1906,182.859,1.13125,-0.9634010760178342
392,12.1906,182.859,1.1343750000000001,-1.0053863256452213
392,12.1906,182.859,1.1375000000000002,-1.048656985373542
392,12.1906,182.859,1.140625,-1.0893002198674329
392,12.1906,182.859,1.14375,-1.128599315078774
392,12.1906,182.859,1.146875,-1.1599374229976394
392,12.1906,182.859,1.1500000000000001,-1.182452301078061
392,12.1906,182.859,1.1531250000000002,-1.1968153228609948
392,12.1906,182.859,1.15625,-1.20411545720069
392,12.1906,182.859,1.159375,-1.202179262970914
392,12.1906,182.859,1.1625,-1.1914402773443031
392,12.1906,182.859,1.1656250000000001,-1.1714178026873858
392,12.1906,182.859,1.1687500000000002,-1.1501129559099887
392,12.1906,182.859,1.171875,-1.122293799829501
392,12.1906,182.859,1.175,-1.0889590779238119
392,12.1906,182.859,1.178125,-1.0542271670823882
392,12.1906,182.859,1.1812500000000001,-1.0166126116768677
392,12.1906,182.859,1.1843750000000002,-0.9765423375393646
392,12.1906,182.859,1.1875,-0.9405154724702168
392,12.1906,182.859,1.190625,-0.9058754181340847
392,12.1906,182.859,1.19375,-0.8742181265897913
392,12.1906,182.859,1.1968750000000001,-0.8474426104673537
392,12.1906,182.859,1.2000000000000002,-0.8257025022673764
392,12.1906,182.859,1.203125,-0.8166488804622358
392,12.1906,182.859,1.20625,-0.8131304901359808
392,12.1906,182.859,1.209375,-0.8236704802457928
392,12.1906,182.859,1.2125000000000001,-0.8436157163864056
392,12.1906,182.859,1.2156250000000002,-0.876372734504002
392,12.1906,182.859,1.21875,-0.9196141558134213
392,12.1906,182.859,1.221875,-0.9754019870470965
392,12.1906,182.859,1.225,-1.0361483050859974
392,12.1906,182.859,1.2281250000000001,-1.1041848233793106
392,12.1906,182.859,1.2312500000000002,-1.1727626211895186
392,12.1906,182.859,1.234375,-1.242431243406908
392,12.1906,182.859,1.2375,-1.3156268600957375
392,12.1906,182.859,1.240625,-1.3815745799364574
392,12.1906,182.859,1.2437500000000001,-1.439442108695809
392,12.1906,182.859,1.2468750000000002,-1.483666057662603
392,12.1906,182.859,1.25,-1.511172943264142
392,12.1906,182.859,1.253125,-1.533815750205402
392,12.1906,182.859,1.25625,-1.538492180870004
392,12.1906,182.859,1.2593750000000001,-1.5283811091631339
392,12.1906,182.859,1.2625000000000002,-1.5047107680788638
392,12.1906,182.859,1.265625,-1.4686706095125925
392,12.1906,182.859,1.26875,-1.4221229577781287
392,12.1906,182.859,1.271875,-1.370051221660375
392,12.1906,182.859,1.2750000000000001,-1.3101420377197521
392,12.1906,182.859,1.2781250000000002,-1.2504075037048554
392,12.1906,182.859,1.28125,-1.1934604434103573
392,12.1906,182.859,1.284375,-1.1359079076809195
392,12.1906,182.859,1.2875,-1.0897286228711947
392,12.1906,182.859,1.2906250000000001,-1.050936996750018
392,12.1906,182.859,1.2937500000000002,-1.0243495665048123
392,12.1906,182.859,1.296875,-1.0098133999658419
392,12.1906,182.859,1.3,-1.0068795332987164
392,12.1906,182.859,1.303125,-1.0174981564585515
392,12.1906,182.859,1.3062500000000001,-1.0392054829445838
392,12.1906,182.859,1.3093750000000002,-1.0744156781096057
392,12.1906,182.859,1.3125,-1.1147594863399073
392,12.1906,182.859,1.315625,-1.1625017357042746
392,12.1906,182.859,1.31875,-1.2122437983552454
392,12.1906,182.859,1.3218750000000001,-1.2628850504115823
392,12.1906,182.859,1.3250000000000002,-1.3094723430450723
392,12.1906,182.859,1.328125,-1.3478126057397757
392,12.1906,182.859,1.33125,-1.3761854569422276
392,12.1906,182.859,1.334375,-1.3977800686819044
392,12.1906,182.859,1.3375000000000001,-1.4086576806366455
392,12.1906,182.859,1.3406250000000002,-1.411798726320265
392,12.1906,182.859,1.34375,-1.4032227819934526
392,12.1906,182.859,1.346875,-1.3886230930858159
392,12.1906,182.859,1.35,-1.3638307685072366
392,12.1906,182.859,1.3531250000000001,-1.337427409434625
392,12.1906,182.859,1.3562500000000002,-1.300221274404039
392,12.1906,182.859,1.359375,-1.2605654260737853
392,12.1906,182.859,1.3625,-1.2142517212219983
392,12.1906,182.859,1.365625,-1.1671649310088754
392,12.1906,182.859,1.3687500000000001,-1.1222504153365775
392,12.1906,182.859,1.3718750000000002,-1.0736417002120084
392,12.1906,182.859,1.375,-1.0277094501488666
392,12.1906,182.859,1.378125,-0.984481617063193
392,12.1906,182.859,1.38125,-0.9457518207715616
392,12.1906,182.859,1.3843750000000001,-0.9167444160740752
392,12.1906,182.859,1.3875000000000002,-0.895000870755333
392,12.1906,182.859,1.390625,-0.8863825393706615
392,12.1906,182.859,1.39375,-0.8962351195970908
392,12.1906,182.859,1.396875,-0.921006162282199
392,12.1906,182.859,1.4000000000000001,-0.9619804218562872
392,12.1906,182.859,1.4031250000000002,-1.018143107714897
392,12.1906,182.859,1.40625,-1.089532933754965
392,12.1906,182.859,1.409375,-1.1682129618240442
392,12.1906,182.859,1.4125,-1.2532825415999735
392,12.1906,182.859,1.4156250000000001,-1.3401824927020087
392,12.1906,182.859,1.4187500000000002,-1.4236803184717806
392,12.1906,182.859,1.421875,-1.4989628465752411
392,12.1906,182.859,1.425,-1.563171656123166
392,12.1906,182.859,1.428125,-1.6118456605763032
392,12.1906,182.859,1.4312500000000001,-1.6449881273510083
392,12.1906,182.859,1.4343750000000002,-1.6607678638041565
392,12.1906,182.859,1.4375,-1.66592589915055
392,12.1906,182.859,1.440625,-1.6546706504738249
392,12.1906,182.859,1.44375,-1.633536563145288
392,12.1906,182.859,1.4468750000000001,-1.6031523189272123
392,12.1906,182.859,1.4500000000000002,-1.5659000610818228
392,12.1906,182.859,1.453125,-1.5247153220694827
392,12.1906,182.859,1.45625,-1.4789994961670478
392,12.1906,182.859,1.459375,-1.4295564220300365
392,12.1906,182.859,1.4625000000000001,-1.381178086661383
392,12.1906,182.859,1.4656250000000002,-1.338639099275303
392,12.1906,182.859,1.46875,-1.2972108175256183
392,12.1906,182.859,1.471875,-1.260094854544043
392,12.1906,182.859,1.475,-1.231249417051556
392,12.1906,182.859,1.4781250000000001,-1.2086353982272617
392,12.1906,182.859,1.4812500000000002,-1.1910464348734844
392,12.1906,182.859,1.484375,-1.187372385212976
392,12.1906,182.859,1.4875,-1.1907457380831215
392,12.1906,182.859,1.490625,-1.2091964372952932
392,12.1906,182.859,1.4937500000000001,-1.2373139955347552
392,12.1906,182.859,1.4968750000000002,-1.2754760045344211
392,12.1906,182.859,1.5,-1.322017164834299
392,12.1906,182.859,1.503125,-1.374977065115682
392,12.1906,182.859,1.50625,-1.4335061421505895
392,12.1906,182.859,1.5093750000000001,-1.49172227993802
392,12.1906,182.859,1.5125000000000002,-1.548660344797481
392,12.1906,182.859,1.515625,-1.6021105743057324
392,12.1906,182.859,1.51875,-1.6444338014258784
392,12.1906,182.859,1.521875,-1.672735767049328
392,12.1906,182.859,1.5250000000000001,-1.6918980356269322
392,12.1906,182.859,1.5281250000000002,-1.6904103197315192
392,12.1906,182.859,1.53125,-1.6796359464153376
392,12.1906,182.859,1.534375,-1.650477616046471
392,12.1906,182.859,1.5375,-1.609195950795728
392,12.1906,182.859,1.5406250000000001,-1.5554735266152009
392,12.1906,182.859,1.5437500000000002,-1.4925137467355292
392,12.1906,182.859,1.546875,-1.4216418890961877
392,12.1906,182.859,1.55,-1.347766401621007
392,12.1906,182.859,1.553125,-1.2722717682480968
392,12.1906,182.859,1.5562500000000001,-1.2013854698880724
392,12.1906,182.859,1.5593750000000002,-1.1337761886072686
392,12.1906,182.859,1.5625,-1.0786491634688569
392,12.1906,182.859,1.565625,-1.0333200799884943
392,12.1906,182.859,1.56875,-1.0061969908161643
392,12.1906,182.859,1.5718750000000001,-0.9927438552015794
392,12.1906,182.859,1.5750000000000002,-0.9944520495669273
392,12.1906,182.859,1.578125,-1.0101175413677945
392,12.1906,182.859,1.58125,-1.0434282926163272
392,12.1906,182.859,1.584375,-1.0907051867693796
392,12.1906,182.859,1.5875000000000001,-1.1514846256371762
392,12.1906,182.859,1.5906250000000002,-1.219711989664735
392,12.1906,182.859,1.59375,-1.293144196941574
392,12.1906,182.859,1.596875,-1.3712368569039122
392,12.1906,182.859,1.6,-1.4477927077418284
392,12.1906,182.859,1.6031250000000001,-1.518904565564625
392,12.1906,182.859,1.6062500000000002,-1.5847403054290674
392,12.1906,182.859,1.609375,-1.6441235459253436
392,12.1906,182.859,1.6125,-1.6941431687881332
392,12.1906,182.859,1.615625,-1.7326802291302823
392,12.1906,182.859,1.6187500000000001,-1.7589219487642462
392,12.1906,182.859,1.6218750000000002,-1.7685949281633608
392,12.1906,182.859,1.625,-1.7660336333152675
392,12.1906,182.859,1.628125,-1.7495984798716169
392,12.1906,182.859,1.63125,-1.724058506071676
392,12.1906,182.859,1.6343750000000001,-1.6861169956505881
392,12.1906,182.859,1.6375000000000002,-1.6363447113889649
392,12.1906,182.859,1.640625,-1.5821381356084934
392,12.1906,182.859,1.64375,-1.5231264903129924
392,12.1906,182.859,1.646875,-1.458674851947035
392,12.1906,182.859,1.6500000000000001,-1.4013067312553875
392,12.1906,182.859,1.6531250000000002,-1.3407956318376055
392,12.1906,182.859,1.65625,-1.2895266142953687
392,12.1906,182.859,1.659375,-1.249220562464659
392,12.1906,182.859,1.6625,-1.2231536881412743
392,12.1906,182.859,1.6656250000000001,-1.2137015087895047
392,12.1906,182.859,1.6687500000000002,-1.2232137602939992
392,12.1906,182.859,1.671875,-1.2470031249148112
392,12.1906,182.859,1.675,-1.285644179919302
392,12.1906,182.859,1.678125,-1.3381487625008115
392,12.1906,182.859,1.6812500000000001,-1.4002490480593976
392,12.1906,182.859,1.6843750000000002,-1.4688275580952488
392,12.1906,182.859,1.6875,-1.5443387460816218
392,12.1906,182.859,1.690625,-1.6186018094836563
392,12.1906,182.859,1.69375,-1.6866896206976547
392,12.1906,182.859,1.6968750000000001,-1.7464991823625926
392,12.1906,182.859,1.7000000000000002,-1.797095533941807
392,12.1906,182.859,1.703125,-1.8343516216819453
392,12.1906,182.859,1.70625,-1.8604858130615725
392,12.1906,182.859,1.709375,-1.8707500292794976
392,12.1906,182.859,1.7125000000000001,-1.8669382770551994
392,12.1906,182.859,1.7156250000000002,-1.8527681147306212
392,12.1906,182.859,1.71875,-1.8264282264998353
392,12.1906,182.859,1.721875,-1.7871249352001726
392,12.1906,182.859,1.725,-1.738127761999557
392,12.1906,182.859,1.7281250000000001,-1.6840666376726985
392,12.1906,182.859,1.7312500000000002,-1.6200520612612976
392,12.1906,182.859,1.734375,-1.5519748607427912
392,12.1906,182.859,1.7375,-1.478254095944624
392,12.1906,182.859,1.740625,-1.4069788888131973
392,12.1906,182.859,1.7437500000000001,-1.335383347115156
392,12.1906,182.859,1.7468750000000002,-1.2703333871976414
392,12.1906,182.859,1.75,-1.2098733032418698
392,12.1906,182.859,1.753125,-1.1593832586380597
392,12.1906,182.859,1.75625,-1.1230225233973798
392,12.1906,182.859,1.7593750000000001,-1.099770428645141
392,12.1906,182.859,1.7625000000000002,-1.0965325229786207
392,12.1906,182.859,1.765625,-1.112020601044079
392,12.1906,182.859,1.76875,-1.144723341511692
392,12.1906,182.859,1.771875,-1.1974234716579408
392,12.1906,182.859,1.7750000000000001,-1.2614263108114931
392,12.1906,182.859,1.7781250000000002,-1.3411258896276024
392,12.1906,182.859,1.78125,-1.4260613029641669
392,12.1906,182.859,1.784375,-1.5158603520688296
392,12.1906,182.859,1.7875,-1.603376561690192
392,12.1906,182.859,1.7906250000000001,-1.6873165996119923
392,12.1906,182.859,1.7937500000000002,-1.759800829708629
392,12.1906,182.859,1.7968750000000002,-1.8157240290406813
392,12.1906,182.859,1.8,-1.8568888369654348
392,12.1906,182.859,1.803125,-1.8813242327078492
392,12.1906,182.859,1.8062500000000001,-1.8856887597467646
392,12.1906,182.859,1.8093750000000002,-1.8740686352149298
392,12.1906,182.859,1.8125000000000002,-1.8509666545477859
392,12.1906,182.859,1.815625,-1.8121116015000902
392,12.1906,182.859,1.81875,-1.7614642740429995
392,12.1906,182.859,1.8218750000000001,-1.7044195463402176
392,12.1906,182.859,1.8250000000000002,-1.6427496553266876
392,12.1906,182.859,1.8281250000000002,-1.5774167713639047
392,12.1906,182.859,1.83125,-1.516867292625773
392,12.1906,182.859,1.834375,-1.4582287658960973
392,12.1906,182.859,1.8375000000000001,-1.4080065801665642
392,12.1906,182.859,1.8406250000000002,-1.3620438726314212
392,12.1906,182.859,1.8437500000000002,-1.3288589147054408
392,12.1906,182.859,1.846875,-1.3068814669962217
392,12.1906,182.859,1.85,-1.298308003558291
392,12.1906,182.859,1.8531250000000001,-1.3016413120671158
392,12.1906,182.859,1.8562500000000002,-1.3204257488714497
392,12.1906,182.859,1.8593750000000002,-1.3571896687568188
392,12.1906,182.859,1.8625,-1.405133548061106
392,12.1906,182.859,1.865625,-1.4668229585905033
392,12.1906,182.859,1.8687500000000001,-1.5348250669436994
392,12.1906,182.859,1.8718750000000002,-1.613259330519023
392,12.1906,182.859,1.8750000000000002,-1.6916607920373745
392,12.1906,182.859,1.878125,-1.770390471173255
392,12.1906,182.859,1.88125,-1.843576379145346
392,12.1906,182.859,1.8843750000000001,-1.9113735029219088
392,12.1906,182.859,1.8875000000000002,-1.9676161177716487
392,12.1906,182.859,1.8906250000000002,-2.0071755231196278
392,12.1906,182.859,1.89375,-2.0320845595422106
392,12.1906,182.859,1.896875,-2.0418603356148295
392,12.1906,182.859,1.9000000000000001,-2.0303428679933013
392,12.1906,182.859,1.9031250000000002,-1.9978013179812104
392,12.1906,182.859,1.9062500000000002,-1.952150821690878
392,12.1906,182.859,1.909375,-1.8942724618836537
392,12.1906,182.859,1.9125,-1.8266988967512838
392,12.1906,182.859,1.9156250000000001,-1.74800253480675
392,12.1906,182.859,1.9187500000000002,-1.662420074360327
392,12.1906,182.859,1.9218750000000002,-1.5759656040008587
392,12.1906,182.859,1.925,-1.4909803911544184
392,12.1906,182.859,1.928125,-1.4070641969646553
392,12.1906,182.859,1.9312500000000001,-1.3333923554766491
392,12.1906,182.859,1.9343750000000002,-1.2683837502448527
392,12.1906,182.859,1.9375000000000002,-1.2179743849138276
392,12.1906,182.859,1.940625,-1.1790677765008768
392,12.1906,182.859,1.94375,-1.159791639145789
392,12.1906,182.859,1.9468750000000001,-1.1554675685464098
392,12.1906,182.859,1.9500000000000002,-1.170817496221022
392,12.1906,182.859,1.9531250000000002,-1.2025370416997703
392,12.1906,182.859,1.95625,-1.2569635751641197
392,12.1906,182.859,1.959375,-1.3203207221987676
392,12.1906,182.859,1.9625000000000001,-1.4012827181203755
392,12.1906,182.859,1.9656250000000002,-1.4862821706642562
392,12.1906,182.859,1.9687500000000002,-1.57499493549907
392,12.1906,182.859,1.971875,-1.6644629350015783
392,12.1906,182.859,1.975,-1.7444088398513549
392,12.1906,182.859,1.9781250000000001,-1.8154572473183164
392,12.1906,182.859,1.9812500000000002,-1.871175201720119
392,12.1906,182.859,1.9843750000000002,-1.913726995761965
392,12.1906,182.859,1.9875,-1.9371607736038754
392,12.1906,182.859,1.990625,-1.9430277351434797
392,12.1906,182.859,1.9937500000000001,-1.9301889079677945
392,12.1906,182.859,1.9968750000000002,-1.9008397682029845
392,12.1906,182.859,2.0,-1.8567167467453352
392,12.1906,182.859,2.0031250000000003,-1.7958964540043385
392,12.1906,182.859,2.00625,-1.7302035442497008
392,12.1906,182.859,2.009375,-1.6576014068146825
392,12.1906,182.859,2.0125,-1.5817178318425613
392,12.1906,182.859,2.015625,-1.5026103117052825
392,12.1906,182.859,2.0187500000000003,-1.4311187428457253
392,12.1906,182.859,2.021875,-1.360260407750202
392,12.1906,182.859,2.025,-1.3003255080039104
392,12.1906,182.859,2.028125,-1.2536266178763353
392,12.1906,182.859,2.03125,-1.2214149522880238
392,12.1906,182.859,2.0343750000000003,-1.206068243159092
392,12.1906,182.859,2.0375,-1.2100826771776416
392,12.1906,182.859,2.040625,-1.2338404378077348
392,12.1906,182.859,2.04375,-1.2742787781115996
392,12.1906,182.859,2.046875,-1.331992930116794
392,12.1906,182.859,2.0500000000000003,-1.4039346643419903
392,12.1906,182.859,2.053125,-1.4887445131786394
392,12.1906,182.859,2.05625,-1.5804347263885845
392,12.1906,182.859,2.059375,-1.6748851936715603
392,12.1906,182.859,2.0625,-1.7684247315917294
392,12.1906,182.859,2.0656250000000003,-1.8576444554692386
392,12.1906,182.859,2.06875,-1.9348211809342495
392,12.1906,182.859,2.071875,-1.996988128494076
392,12.1906,182.859,2.075,-2.041203251375274
392,12.1906,182.859,2.078125,-2.071179991628815
392,12.1906,182.859,2.0812500000000003,-2.08205761374942
392,12.1906,182.859,2.084375,-2.075081093783231
392,12.1906,182.859,2.0875,-2.053144545556447
392,12.1906,182.859,2.090625,-2.0131433620988566
392,12.1906,182.859,2.09375,-1.9590902231183638
392,12.1906,182.859,2.0968750000000003,-1.892869570504435
392,12.1906,182.859,2.1,-1.8162210193982997
392,12.1906,182.859,2.103125,-1.730697368358503
392,12.1906,182.859,2.10625,-1.6431672150967394
392,12.1906,182.859,2.109375,-1.5565712751772034
392,12.1906,182.859,2.1125000000000003,-1.469940335634051
392,12.1906,182.859,2.115625,-1.3899778916534558
392,12.1906,182.859,2.11875,-1.3128259062829553
392,12.1906,182.859,2.121875,-1.2493754620149056
392,12.1906,182.859,2.125,-1.1999650832270718
392,12.1906,182.859,2.1281250000000003,-1.1694074917937924
392,12.1906,182.859,2.13125,-1.153668725822075
392,12.1906,182.859,2.134375,-1.1624197925583595
392,12.1906,182.859,2.1375,-1.1911710369249275
392,12.1906,182.859,2.140625,-1.2419194416396917
392,12.1906,182.859,2.1437500000000003,-1.3061096437432496
392,12.1906,182.859,2.146875,-1.3842487105825447
392,12.1906,182.859,2.1500000000000004,-1.4775198171525101
392,12.1906,182.859,2.153125,-1.5689709731716015
392,12.1906,182.859,2.15625,-1.6662967374274196
392,12.1906,182.859,2.1593750000000003,-1.7566249825118558
392,12.1906,182.859,2.1625,-1.8395216529749128
392,12.1906,182.859,2.1656250000000004,-1.9013626343972727
392,12.1906,182.859,2.16875,-1.943422636267079
392,12.1906,182.859,2.171875,-1.9671628182839673
392,12.1906,182.859,2.1750000000000003,-1.9707813589655476
392,12.1906,182.859,2.178125,-1.9520934006919526
392,12.1906,182.859,2.1812500000000004,-1.917172659490391
392,12.1906,182.859,2.184375,-1.8662468417219047
392,12.1906,182.859,2.1875,-1.8004820871880574
392,12.1906,182.859,2.1906250000000003,-1.7250367315274395
392,12.1906,182.859,2.19375,-1.6426572867577007
392,12.1906,182.859,2.1968750000000004,-1.5583656807415147
392,12.1906,182.859,2.2,-1.4725853215607683
392,12.1906,182.859,2.203125,-1.3927816504789836
392,12.1906,182.859,2.2062500000000003,-1.3197519323741547
392,12.1906,182.859,2.209375,-1.256148354070422
392,12.1906,182.859,2.2125000000000004,-1.205716295014904
392,12.1906,182.859,2.215625,-1.1687664924507868
392,12.1906,182.859,2.21875,-1.144060962033582
392,12.1906,182.859,2.2218750000000003,-1.1400719517595013
392,12.1906,182.859,2.225,-1.1535869962577758
392,12.1906,182.859,2.2281250000000004,-1.1914308267389813
392,12.1906,182.859,2.23125,-1.2411797157217288
392,12.1906,182.859,2.234375,-1.3132134923494831
392,12.1906,182.859,2.2375000000000003,-1.3949000425506282
392,12.1906,182.859,2.240625,-1.4877858525473582
392,12.1906,182.859,2.2437500000000004,-1.5863666619584416
392,12.1906,182.859,2.246875,-1.6829996047748383
392,12.1906,182.859,2.25,-1.7809657376270096
392,12.1906,182.859,2.2531250000000003,-1.8665879022109304
392,12.1906,182.859,2.25625,-1.9421848833545683
392,12.1906,182.859,2.2593750000000004,-2.0035096956393086
392,12.1906,182.859,2.2625,-2.0468215614641823
392,12.1906,182.859,2.265625,-2.0712266771938523
392,12.1906,182.859,2.2687500000000003,-2.0756783037886555
392,12.1906,182.859,2.271875,-2.058787537059709
392,12.1906,182.859,2.2750000000000004,-2.0246139041364764
392,12.1906,182.859,2.278125,-1.9769700897463283
392,12.1906,182.859,2.28125,-1.9126548622990978
392,12.1906,182.859,2.2843750000000003,-1.8382558010120507
392,12.1906,182.859,2.2875,-1.747981521536285
392,12.1906,182.859,2.2906250000000004,-1.6552895280057065
392,12.1906,182.859,2.29375,-1.560517337840719
392,12.1906,182.859,2.296875,-1.4667747137007119
392,12.1906,182.859,2.3000000000000003,-1.378500609778823
392,12.1906,182.859,2.303125,-1.3009069539330342
392,12.1906,182.859,2.3062500000000004,-1.2364533743591202
392,12.1906,182.859,2.309375,-1.183329440620965
392,12.1906,182.859,2.3125,-1.1501267944196454
392,12.1906,182.859,2.3156250000000003,-1.1304292179995892
392,12.1906,182.859,2.31875,-1.129013712053096
392,12.1906,182.859,2.3218750000000004,-1.1500252951776735
392,12.1906,182.859,2.325,-1.1868814327354613
392,12.1906,182.859,2.328125,-1.244217463575475
392,12.1906,182.859,2.3312500000000003,-1.3180258808401737
392,12.1906,182.859,2.334375,-1.4051327783387846
392,12.1906,182.859,2.3375000000000004,-1.5062046845940062
392,12.1906,182.859,2.340625,-1.6050827339006035
392,12.1906,182.859,2.34375,-1.7059228469815881
392,12.1906,182.859,2.3468750000000003,-1.8045427021837304
392,12.1906,182.859,2.35,-1.9047641766290566
392,12.1906,182.859,2.3531250000000004,-1.997590258786375
392,12.1906,182.859,2.35625,-2.0553462481789726
392,12.1906,182.859,2.359375,-2.0642177668064545
392,12.1906,182.859,2.3625000000000003,-2.0496730880692624
392,12.1906,182.859,2.365625,-2.0203614637609455
392,12.1906,182.859,2.3687500000000004,-1.9816247556966569
392,12.1906,182.859,2.371875,-1.9273548777167742
392,12.1906,182.859,2.375,-1.8699825395564393
392,12.1906,182.859,2.3781250000000003,-1.799098915124845
392,12.1906,182.859,2.38125,-1.7374987793042713
392,12.1906,182.859,2.3843750000000004,-1.6538974784557945
392,12.1906,182.859,2.3875,-1.5462894150026472
392,12.1906,182.859,2.390625,-1.4292653015645693
392,12.1906,182.859,2.3937500000000003,-1.324125081439576
392,12.1906,182.859,2.396875,-1.237551311215324
392,12.1906,182.859,2.4000000000000004,-1.1651148894582244
392,12.1906,182.859,2.403125,-1.1130662359047485
392,12.1906,182.859,2.40625,-1.0866092109300072
392,12.1906,182.859,2.4093750000000003,-1.0818170984313698
392,12.1906,182.859,2.4125,-1.1030463500632686
392,12.1906,182.859,2.4156250000000004,-1.145094495689749
392,12.1906,182.859,2.41875,-1.212098679577388
392,12.1906,182.859,2.421875,-1.297238899029482
392,12.1906,182.859,2.4250000000000003,-1.3969884085951843
392,12.1906,182.859,2.428125,-1.5154091671148981
392,12.1906,182.859,2.4312500000000004,-1.6394567785689342
392,12.1906,182.859,2.434375,-1.7656614276222156
392,12.1906,182.859,2.4375,-1.8913875296559923
392,12.1906,182.859,2.4406250000000003,-2.0126387832001753
392,12.1906,182.859,2.44375,-2.1470372547915066
392,12.1906,182.859,2.4468750000000004,-2.3311304654784486
392,12.1906,182.859,2.45,-2.738062038999937
392,12.1906,182.859,2.453125,-3.147306075129097
392,12.1906,182.859,2.4562500000000003,-2.539985876881827
392,12.1906,182.859,2.459375,-2.245997693619556
392,12.1906,182.859,2.4625000000000004,-2.111318748699759
392,12.1906,182.859,2.465625,-2.009509378670513
392,12.1906,182.859,2.46875,-1.9140587828045175
392,12.1906,182.859,2.4718750000000003,-1.8198528279014998
392,12.1906,182.859,2.475,-1.7225937294403015
392,12.1906,182.859,2.4781250000000004,-1.6264827643560873
392,12.1906,182.859,2.48125,-1.5321520298011182
392,12.1906,182.859,2.484375,-1.447544501015853
392,12.1906,182.859,2.4875000000000003,-1.367647107672606
392,12.1906,182.859,2.490625,-1.2981302338190663
392,12.1906,182.859,2.4937500000000004,-1.2427733225452309
392,12.1906,182.859,2.496875,-1.2017567373190208
392,12.1906,182.859,2.5,-1.1765857249584188
392,12.1906,182.859,2.5031250000000003,-1.1758180593185124
392,12.1906,182.859,2.50625,-1.1930901547295099
392,12.1906,182.859,2.5093750000000004,-1.229212585410016
392,12.1906,182.859,2.5125,-1.283443117700449
392,12.1906,182.859,2.515625,-1.3581121021855915
392,12.1906,182.859,2.5187500000000003,-1.441184276098816
392,12.1906,182.859,2.521875,-1.5403793083882311
392,12.1906,182.859,2.5250000000000004,-1.6410060790836631
392,12.1906,182.859,2.528125,-1.7445622241214584
392,12.1906,182.859,2.53125,-1.842644011610721
392,12.1906,182.859,2.5343750000000003,-1.9320038152475312
392,12.1906,182.859,2.5375,-2.0052197611655673
392,12.1906,182.859,2.5406250000000004,-2.060562247186176
392,12.1906,182.859,2.54375,-2.0940625454934274
392,12.1906,182.859,2.546875,-2.1049106459174616
392,12.1906,182.859,2.5500000000000003,-2.089386081389245
392,12.1906,182.859,2.553125,-2.0575038639276753
392,12.1906,182.859,2.5562500000000004,-2.003564775625217
392,12.1906,182.859,2.559375,-1.9305565851532547
392,12.1906,182.859,2.5625,-1.8444147929579044
392,12.1906,182.859,2.5656250000000003,-1.7422485679952135
392,12.1906,182.859,2.56875,-1.642939854253256
392,12.1906,182.859,2.5718750000000004,-1.5361352503751853
392,12.1906,182.859,2.575,-1.4403068244571802
392,12.1906,182.859,2.578125,-1.3484693661453178
392,12.1906,182.859,2.5812500000000003,-1.2696891751283377
392,12.1906,182.859,2.584375,-1.2071819543208857
392,12.1906,182.859,2.5875000000000004,-1.1643342870612754
392,12.1906,182.859,2.590625,-1.1429152695470752
392,12.1906,182.859,2.59375,-1.143467721000076
392,12.1906,182.859,2.5968750000000003,-1.171118682288871
392,12.1906,182.859,2.6,-1.225070461832613
392,12.1906,182.859,2.6031250000000004,-1.297939432764982
392,12.1906,182.859,2.60625,-1.3895654874944734
392,12.1906,182.859,2.609375,-1.4935801095232013
392,12.1906,182.859,2.6125000000000003,-1.605861528354354
392,12.1906,182.859,2.615625,-1.7207394214303806
392,12.1906,182.859,2.6187500000000004,-1.8313010139857546
392,12.1906,182.859,2.621875,-1.9342289356483076
392,12.1906,182.859,2.625,-2.023646057738949
392,12.1906,182.859,2.6281250000000003,-2.0989052527182146
392,12.1906,182.859,2.63125,-2.1504986271300144
392,12.1906,182.859,2.6343750000000004,-2.181896329049788
392,12.1906,182.859,2.6375,-2.190742015073986
392,12.1906,182.859,2.640625,-2.1772677845715815
392,12.1906,182.859,2.6437500000000003,-2.1459782975806303
392,12.1906,182.859,2.646875,-2.1020993644921613
392,12.1906,182.859,2.6500000000000004,-2.03928713470048
392,12.1906,182.859,2.653125,-1.9644922010596328
392,12.1906,182.859,2.65625,-1.8808059708050644
392,12.1906,182.859,2.6593750000000003,-1.7907182679737268
392,12.1906,182.859,2.6625,-1.7014259882614509
392,12.1906,182.859,2.6656250000000004,-1.6094470219227106
392,12.1906,182.859,2.66875,-1.5252295136173095
392,12.1906,182.859,2.671875,-1.449492362340325
392,12.1906,182.859,2.6750000000000003,-1.381143306402184
392,12.1906,182.859,2.678125,-1.3319986893005429
392,12.1906,182.859,2.6812500000000004,-1.30004245186407
392,12.1906,182.859,2.684375,-1.2875514493969615
392,12.1906,182.859,2.6875,-1.2933658424472974
392,12.1906,182.859,2.6906250000000003,-1.3203234382973619
392,12.1906,182.859,2.69375,-1.3746231493516277
392,12.1906,182.859,2.6968750000000004,-1.4474092633807292
392,12.1906,182.859,2.7,-1.5349970230981582
392,12.1906,182.859,2.703125,-1.639015388247485
392,12.1906,182.859,2.7062500000000003,-1.7512660786335663
392,12.1906,182.859,2.709375,-1.8672364929482388
392,12.1906,182.859,2.7125000000000004,-1.9761425378693862
392,12.1906,182.859,2.715625,-2.0801029927511365
392,12.1906,182.859,2.71875,-2.1700187964269135
392,12.1906,182.859,2.7218750000000003,-2.2400067743504453
392,12.1906,182.859,2.725,-2.2873298575322116
392,12.1906,182.859,2.7281250000000004,-2.3182589868437917
392,12.1906,182.859,2.73125,-2.323423231362149
392,12.1906,182.859,2.734375,-2.3091561208082734
392,12.1906,182.859,2.7375000000000003,-2.271690028115777
392,12.1906,182.859,2.740625,-2.21828445485929
392,12.1906,182.859,2.7437500000000004,-2.157825510913121
392,12.1906,182.859,2.746875,-2.0802400036035444
392,12.1906,182.859,2.75,-2.0148916253786546
392,12.1906,182.859,2.7531250000000003,-2.0156002471493366
392,12.1906,182.859,2.75625,-2.1804180690370503
392,12.1906,182.859,2.7593750000000004,-2.0924603859843094
392,12.1906,182.859,2.7625,-1.8103186838226393
392,12.1906,182.859,2.765625,-1.644948631846044
392,12.1906,182.859,2.7687500000000003,-1.5391174847880382
392,12.1906,182.859,2.771875,-1.4704202000199307
392,12.1906,182.859,2.7750000000000004,-1.428198326358456
392,12.1906,182.859,2.778125,-1.4167513604317974
392,12.1906,182.859,2.78125,-1.4281708125792223
392,12.1906,182.859,2.7843750000000003,-1.4680966558097337
392,12.1906,182.859,2.7875,-1.5280963390379565
392,12.1906,182.859,2.7906250000000004,-1.612243554875913
392,12.1906,182.859,2.79375,-1.72079566221278
392,12.1906,182.859,2.796875,-1.8365342340962045
392,12.1906,182.859,2.8000000000000003,-1.958934369319776
392,12.1906,182.859,2.803125,-2.076863039664056
392,12.1906,182.859,2.8062500000000004,-2.1902486245968933
392,12.1906,182.859,2.809375,-2.2929197729640416
392,12.1906,182.859,2.8125,-2.3743477807370112
392,12.1906,182.859,2.8156250000000003,-2.439558205977336
392,12.1906,182.859,2.81875,-2.4816071982189896
392,12.1906,182.859,2.8218750000000004,-2.499220418596264
392,12.1906,182.859,2.825,-2.4911413278005545
392,12.1906,182.859,2.828125,-2.463186848902606
392,12.1906,182.859,2.8312500000000003,-2.4123710264200926
392,12.1906,182.859,2.834375,-2.347759466030761
392,12.1906,182.859,2.8375000000000004,-2.2683850078000285
392,12.1906,182.859,2.840625,-2.1817168875428075
392,12.1906,182.859,2.84375,-2.0882432076409634
392,12.1906,182.859,2.8468750000000003,-1.9930289824320435
392,12.1906,182.859,2.85,-1.9052229714145064
392,12.1906,182.859,2.8531250000000004,-1.8245020575085373
392,12.1906,182.859,2.85625,-1.7490721271217622
392,12.1906,182.859,2.859375,-1.6895049595900582
392,12.1906,182.859,2.8625000000000003,-1.6423358482486827
392,12.1906,182.859,2.865625,-1.6188449714383042
392,12.1906,182.859,2.8687500000000004,-1.6122707869088067
392,12.1906,182.859,2.871875,-1.6301781120312397
392,12.1906,182.859,2.875,-1.6705521122088107
392,12.1906,182.859,2.8781250000000003,-1.7289083530184788
392,12.1906,182.859,2.88125,-1.8057611243941043
392,12.1906,182.859,2.8843750000000004,-1.9000625376511526
392,12.1906,182.859,2.8875,-2.0038945422509014
392,12.1906,182.859,2.890625,-2.119558471636472
392,12.1906,182.859,2.8937500000000003,-2.235706253537984
392,12.1906,182.859,2.896875,-2.345014282031061
392,12.1906,182.859,2.9000000000000004,-2.4450676188941443
392,12.1906,182.859,2.903125,-2.536520322781248
392,12.1906,182.859,2.90625,-2.612245374565481
392,12.1906,182.859,2.9093750000000003,-2.6660924761017246
392,12.1906,182.859,2.9125,-2.7015435109257573
392,12.1906,182.859,2.9156250000000004,-2.7183299207953047
392,12.1906,182.859,2.91875,-2.72194702825675
392,12.1906,182.859,2.921875,-2.697085236837387
392,12.1906,182.859,2.9250000000000003,-2.6564517345134475
392,12.1906,182.859,2.928125,-2.5881494558876157
392,12.1906,182.859,2.9312500000000004,-2.507715344221237
392,12.1906,182.859,2.934375,-2.416407830337993
392,12.1906,182.859,2.9375,-2.320600854523231
392,12.1906,182.859,2.9406250000000003,-2.2197578608740147
392,12.1906,182.859,2.94375,-2.127732318290646
392,12.1906,182.859,2.9468750000000004,-2.0393396465298332
392,12.1906,182.859,2.95,-1.9626706269453045
392,12.1906,182.859,2.953125,-1.902749742455985
392,12.1906,182.859,2.9562500000000003,-1.8642978190252066
392,12.1906,182.859,2.959375,-1.8453232088574112
392,12.1906,182.859,2.9625000000000004,-1.8508205132643418
392,12.1906,182.859,2.965625,-1.882841558897986
392,12.1906,182.859,2.96875,-1.9408473697149222
392,12.1906,182.859,2.9718750000000003,-2.0232336123472674
392,12.1906,182.859,2.975,-2.1271636855565794
392,12.1906,182.859,2.9781250000000004,-2.245008713939216
392,12.1906,182.859,2.98125,-2.372773261818946
392,12.1906,182.859,2.984375,-2.5033576204261947
392,12.1906,182.859,2.9875000000000003,-2.6274161673759666
392,12.1906,182.859,2.990625,-2.7400693215429994
392,12.1906,182.859,2.9937500000000004,-2.8342258083613676
392,12.1906,182.859,2.996875,-2.906963203255754
392,12.1906,182.859,3.0,-2.9542111353503424
392,12.1906,182.859,3.0031250000000003,-2.9780111603628976
392,12.1906,182.859,3.00625,-2.973764697229166
392,12.1906,182.859,3.0093750000000004,-2.9439171080072164
392,12.1906,182.859,3.0125,-2.890361952306854
392,12.1906,182.859,3.015625,-2.822547417467321
392,12.1906,182.859,3.0187500000000003,-2.7404492289949696
392,12.1906,182.859,3.021875,-2.6480794052738603
392,12.1906,182.859,3.0250000000000004,-2.5526766122614863
392,12.1906,182.859,3.028125,-2.4511779392381587
392,12.1906,182.859,3.03125,-2.3543055516065405
392,12.1906,182.859,3.0343750000000003,-2.2613715959028493
392,12.1906,182.859,3.0375,-2.178787482093878
392,12.1906,182.859,3.0406250000000004,-2.1092985355308578
392,12.1906,182.859,3.04375,-2.053275476351702
392,12.1906,182.859,3.046875,-2.0167684889049573
392,12.1906,182.859,3.0500000000000003,-2.002041694732291
392,12.1906,182.859,3.053125,-2.009971480655662
392,12.1906,182.859,3.0562500000000004,-2.0385940851903057
392,12.1906,182.859,3.059375,-2.092132191404434
392,12.1906,182.859,3.0625,-2.1646564568962794
392,12.1906,182.859,3.0656250000000003,-2.253571957316395
392,12.1906,182.859,3.06875,-2.3613832964761543
392,12.1906,182.859,3.0718750000000004,-2.4757049516907017
392,12.1906,182.859,3.075,-2.59679818858493
392,12.1906,182.859,3.078125,-2.71187356436885
392,12.1906,182.859,3.0812500000000003,-2.818919923012952
392,12.1906,182.859,3.084375,-2.914987638972582
392,12.1906,182.859,3.0875000000000004,-2.9873972523531926
392,12.1906,182.859,3.090625,-3.0488629124699536
392,12.1906,182.859,3.09375,-3.0833264002013556
392,12.1906,182.859,3.0968750000000003,-3.0929395480434523
392,12.1906,182.859,3.1,-3.0786297668296974
392,12.1906,182.859,3.1031250000000004,-3.044886374042063
392,12.1906,182.859,3.10625,-2.9909587972503138
392,12.1906,182.859,3.109375,-2.9203271768338253
392,12.1906,182.859,3.1125000000000003,-2.8353109325206054
392,12.1906,182.859,3.115625,-2.7425930329215054
392,12.1906,182.859,3.1187500000000004,-2.6432289969708576
392,12.1906,182.859,3.121875,-2.545715936877828
392,12.1906,182.859,3.125,-2.450574215184841
392,12.1906,182.859,3.1281250000000003,-2.358917438846306
392,12.1906,182.859,3.13125,-2.2803496180069995
392,12.1906,182.859,3.1343750000000004,-2.2160368602487726
392,12.1906,182.859,3.1375,-2.17083815723444
392,12.1906,182.859,3.140625,-2.14686743765091
392,12.1906,182.859,3.1437500000000003,-2.1497389588085407
392,12.1906,182.859,3.146875,-2.1832065852612175
392,12.1906,182.859,3.1500000000000004,-2.2529215219813152
392,12.1906,182.859,3.153125,-2.3500101193380933
392,12.1906,182.859,3.15625,-2.453882386563724
392,12.1906,182.859,3.1593750000000003,-2.5724626142707274
392,12.1906,182.859,3.1625,-2.700468495320684
392,12.1906,182.859,3.1656250000000004,-2.8336881427627967
392,12.1906,182.859,3.16875,-2.9649852449451553
392,12.1906,182.859,3.171875,-3.014110858843578
392,12.1906,182.859,3.1750000000000003,-3.099914666640064
392,12.1906,182.859,3.178125,-3.1851246047273873
392,12.1906,182.859,3.1812500000000004,-3.2468200409974335
392,12.1906,182.859,3.184375,-3.295295028115243
392,12.1906,182.859,3.1875,-3.3249103596597456
392,12.1906,182.859,3.1906250000000003,-3.30441230021413
392,12.1906,182.859,3.19375,-3.2676006750136812
392,12.1906,182.859,3.1968750000000004,-3.211686213614162
392,12.1906,182.859,3.2,-3.1385366369192393
392,12.1906,182.859,3.203125,-3.0567099162839027
392,12.1906,182.859,3.2062500000000003,-2.956946220632193
392,12.1906,182.859,3.209375,-2.8527202784625705
392,12.1906,182.859,3.2125000000000004,-2.7452504197955605
392,12.1906,182.859,3.215625,-2.64148450055951
392,12.1906,182.859,3.21875,-2.541751596701297
392,12.1906,182.859,3.2218750000000003,-2.4573522036847524
392,12.1906,182.859,3.225,-2.385787192605452
392,12.1906,182.859,3.2281250000000004,-2.3294899805177733
392,12.1906,182.859,3.23125,-2.2931898570499354
392,12.1906,182.859,3.234375,-2.2849592638442333
392,12.1906,182.859,3.2375000000000003,-2.3042261996614557
392,12.1906,182.859,3.240625,-2.348050494805403
392,12.1906,182.859,3.2437500000000004,-2.408814545376642
392,12.1906,182.859,3.246875,-2.474669111917043
392,12.1906,182.859,3.25,-2.5603305478005383
392,12.1906,182.859,3.2531250000000003,-2.6612254202271233
392,12.1906,182.859,3.25625,-2.770936599654691
392,12.1906,182.859,3.2593750000000004,-2.8798193766004934
392,12.1906,182.859,3.2625,-2.983842471091791
392,12.1906,182.859,3.265625,-3.0794977556085263
392,12.1906,182.859,3.2687500000000003,-3.1597165440702795
392,12.1906,182.859,3.271875,-3.226338529236919
392,12.1906,182.859,3.2750000000000004,-3.2676802992405802
392,12.1906,182.859,3.278125,-3.2874587999000044
392,12.1906,182.859,3.28125,-3.282643545061079
392,12.1906,182.859,3.2843750000000003,-3.2607084679590064
392,12.1906,182.859,3.2875,-3.216918937931894
392,12.1906,182.859,3.2906250000000004,-3.1569287143616744
392,12.1906,182.859,3.29375,-3.080282651004505
392,12.1906,182.859,3.296875,-2.9987368672761416
392,12.1906,182.859,3.3000000000000003,-2.908748332824807
392,12.1906,182.859,3.303125,-2.815440329937206
392,12.1906,182.859,3.3062500000000004,-2.7195562171464087
392,12.1906,182.859,3.309375,-2.626928465322468
392,12.1906,182.859,3.3125,-2.5351872034300977
392,12.1906,182.859,3.3156250000000003,-2.4552852918044583
392,12.1906,182.859,3.31875,-2.3891769283227657
392,12.1906,182.859,3.3218750000000004,-2.3393830319510602
392,12.1906,182.859,3.325,-2.308208790005539
392,12.1906,182.859,3.328125,-2.2996793078989306
392,12.1906,182.859,3.3312500000000003,-2.3074503151545906
392,12.1906,182.859,3.334375,-2.3387686892586643
392,12.1906,182.859,3.3375000000000004,-2.3923992313335267
392,12.1906,182.859,3.340625,-2.4652469262125445
392,12.1906,182.859,3.34375,-2.5559024325183293
392,12.1906,182.859,3.3468750000000003,-2.672766363654241
392,12.1906,182.859,3.35,-2.798392061356635
392,12.1906,182.859,3.3531250000000004,-2.933389029809228
392,12.1906,182.859,3.35625,-3.0689490400164243
392,12.1906,182.859,3.359375,-3.2007873956814556
392,12.1906,182.859,3.3625000000000003,-3.315233759615343
392,12.1906,182.859,3.365625,-3.420247077085752
392,12.1906,182.859,3.3687500000000004,-3.498980231069044
392,12.1906,182.859,3.371875,-3.5523940101694347
392,12.1906,182.859,3.375,-3.5726520012940997
392,12.1906,182.859,3.3781250000000003,-3.561041672481857
392,12.1906,182.859,3.38125,-3.5094048927464523
392,12.1906,182.859,3.3843750000000004,-3.427641458448514
392,12.1906,182.859,3.3875,-3.3088233455794445
392,12.1906,182.859,3.390625,-3.173360309965047
392,12.1906,182.859,3.3937500000000003,-3.024853622231864
392,12.1906,182.859,3.396875,-2.8669990753576484
392,12.1906,182.859,3.4000000000000004,-2.715581356046053
392,12.1906,182.859,3.403125,-2.568738898537349
392,12.1906,182.859,3.40625,-2.438664153219325
392,12.1906,182.859,3.4093750000000003,-2.333974355685113
392,12.1906,182.859,3.4125,-2.249222112303099
392,12.1906,182.859,3.4156250000000004,-2.1891492919686546
392,12.1906,182.859,3.41875,-2.1583222818342325
392,12.1906,182.859,3.421875,-2.1557139304987563
392,12.1906,182.859,3.4250000000000003,-2.177505373584664
392,12.1906,182.859,3.428125,-2.2309654880860847
392,12.1906,182.859,3.4312500000000004,-2.3046202293147684
392,12.1906,182.859,3.434375,-2.397218695768278
392,12.1906,182.859,3.4375,-2.5077809153328996
392,12.1906,182.859,3.4406250000000003,-2.6227737867414636
392,12.1906,182.859,3.44375,-2.742506356951801
392,12.1906,182.859,3.4468750000000004,-2.854690369279535
392,12.1906,182.859,3.45,-2.961069303468416
392,12.1906,182.859,3.453125,-3.0539453683681512
392,12.1906,182.859,3.4562500000000003,-3.126595758274491
392,12.1906,182.859,3.459375,-3.1821734474120547
392,12.1906,182.859,3.4625000000000004,-3.2181432202838693
392,12.1906,182.859,3.465625,-3.2347436524333375
392,12.1906,182.859,3.46875,-3.233021520974162
392,12.1906,182.859,3.4718750000000003,-3.2146640977002527
392,12.1906,182.859,3.475,-3.181382486118972
392,12.1906,182.859,3.4781250000000004,-3.132976084898147
392,12.1906,182.859,3.48125,-3.0792814755831035
392,12.1906,182.859,3.484375,-3.0321610245022947
392,12.1906,182.859,3.4875000000000003,-2.9876407800986646
392,12.1906,182.859,3.490625,-2.9538114889690315
392,12.1906,182.859,3.4937500000000004,-2.93712512693247
392,12.1906,182.859,3.496875,-2.939746945043487
392,12.1906,182.859,3.5,-2.969441301005573
392,12.1906,182.859,3.5031250000000003,-3.0294164697372628
392,12.1906,182.859,3.50625,-3.115525962429345
392,12.1906,182.859,3.5093750000000004,-3.2163250600269686
392,12.1906,182.859,3.5125,-3.320486405169304
392,12.1906,182.859,3.515625,-3.4153132963121458
392,12.1906,182.859,3.5187500000000003,-3.485154866036141
392,12.1906,182.859,3.521875,-3.5257885120845085
392,12.1906,182.859,3.5250000000000004,-3.549819171807442
392,12.1906,182.859,3.528125,-3.559804905604828
392,12.1906,182.859,3.53125,-3.5636633168634817
392,12.1906,182.859,3.5343750000000003,-3.5779365732970208
392,12.1906,182.859,3.5375,-3.6026728203178013
392,12.1906,182.859,3.5406250000000004,-3.6349436899070113
392,12.1906,182.859,3.54375,-3.658201935631416
392,12.1906,182.859,3.546875,-3.6466760489954253
392,12.1906,182.859,3.5500000000000003,-3.616350128120131
392,12.1906,182.859,3.553125,-3.574702709653673
392,12.1906,182.859,3.5562500000000004,-3.5189910687106436
392,12.1906,182.859,3.559375,-3.450342105500845
392,12.1906,182.859,3.5625,-3.3688088883117207
392,12.1906,182.859,3.5656250000000003,-3.27547737675828
392,12.1906,182.859,3.56875,-3.1620085129550346
392,12.1906,182.859,3.5718750000000004,-3.040102470474742
392,12.1906,182.859,3.575,-2.9144275124430936
392,12.1906,182.859,3.5781250000000004,-2.781535773868915
392,12.1906,182.859,3.5812500000000003,-2.653330305423668
392,12.1906,182.859,3.584375,-2.5281392806529865
392,12.1906,182.859,3.5875000000000004,-2.411787854467398
392,12.1906,182.859,3.590625,-2.307837543489197
392,12.1906,182.859,3.5937500000000004,-2.215626478040375
392,12.1906,182.859,3.5968750000000003,-2.149292384860581
392,12.1906,182.859,3.6,-2.104531304177746
392,12.1906,182.859,3.6031250000000004,-2.089199753887114
392,12.1906,182.859,3.60625,-2.1016675556283775
392,12.1906,182.859,3.6093750000000004,-2.1484963010829743
392,12.1906,182.859,3.6125000000000003,-2.213547332783465
392,12.1906,182.859,3.615625,-2.286134478735057
392,12.1906,182.859,3.6187500000000004,-2.360282875673477
392,12.1906,182.859,3.621875,-2.441108477702972
392,12.1906,182.859,3.6250000000000004,-2.531625764779397
392,12.1906,182.859,3.6281250000000003,-2.6274936642201503
392,12.1906,182.859,3.63125,-2.7227011474720983
392,12.1906,182.859,3.6343750000000004,-2.8189348719723544
392,12.1906,182.859,3.6375,-2.9022671367429895
392,12.1906,182.859,3.6406250000000004,-2.967036184723785
392,12.1906,182.859,3.6437500000000003,-3.028621638074047
392,12.1906,182.859,3.646875,-3.0797998481872693
392,12.1906,182.859,3.6500000000000004,-3.1054867610239527
392,12.1906,182.859,3.653125,-3.0532268718569484
392,12.1906,182.859,3.6562500000000004,-2.968434006401357
392,12.1906,182.859,3.6593750000000003,-2.884339113053711
392,12.1906,182.859,3.6625,-2.7994708532748107
392,12.1906,182.859,3.6656250000000004,-2.7055144915333402
392,12.1906,182.859,3.66875,-2.6125080630000803
392,12.1906,182.859,3.6718750000000004,-2.5198529737463584
392,12.1906,182.859,3.6750000000000003,-2.435234733645249
392,12.1906,182.859,3.678125,-2.3623923585518187
392,12.1906,182.859,3.6812500000000004,-2.327081886279745
392,12.1906,182.859,3.684375,-2.3849740434841973
392,12.1906,182.859,3.6875000000000004,-2.523943477637708
392,12.1906,182.859,3.6906250000000003,-2.2854175763921014
392,12.1906,182.859,3.69375,-2.1659967410294962
392,12.1906,182.859,3.6968750000000004,-2.1465841994238395
392,12.1906,182.859,3.7,-2.1790497151187695
392,12.1906,182.859,3.7031250000000004,-2.242764919797429
392,12.1906,182.859,3.7062500000000003,-2.3312813849566023
392,12.1906,182.859,3.709375,-2.44775627987915
392,12.1906,182.859,3.7125000000000004,-2.574364165289734
392,12.1906,182.859,3.715625,-2.7112135649526197
392,12.1906,182.859,3.7187500000000004,-2.8531992161427366
392,12.1906,182.859,3.7218750000000003,-2.984859666974906
392,12.1906,182.859,3.725,-3.107057992481654
392,12.1906,182.859,3.7281250000000004,-3.2071817708730133
392,12.1906,182.859,3.73125,-3.290956234525972
392,12.1906,182.859,3.7343750000000004,-3.3493280827860334
392,12.1906,182.859,3.7375000000000003,-3.3728030341448205
392,12.1906,182.859,3.740625,-3.387078355403881
392,12.1906,182.859,3.7437500000000004,-3.367663384012158
392,12.1906,182.859,3.746875,-3.332035778257787
392,12.1906,182.859,3.7500000000000004,-3.2774506141085413
392,12.1906,182.859,3.7531250000000003,-3.2030457139493156
392,12.1906,182.859,3.75625,-3.1204384971894026
392,12.1906,182.859,3.7593750000000004,-3.030822129318458
392,12.1906,182.859,3.7625,-2.9428149863249784
392,12.1906,182.859,3.7656250000000004,-2.862285540587738
392,12.1906,182.859,3.7687500000000003,-2.788211811106567
392,12.1906,182.859,3.771875,-2.7317198343394478
392,12.1906,182.859,3.7750000000000004,-2.6950787362551027
392,12.1906,182.859,3.778125,-2.685459896292886
392,12.1906,182.859,3.7812500000000004,-2.707137690620081
392,12.1906,182.859,3.7843750000000003,-2.7605947962677
392,12.1906,182.859,3.7875,-2.8459861044845174
392,12.1906,182.859,3.7906250000000004,-2.960456200256912
392,12.1906,182.859,3.79375,-3.1013031263558153
392,12.1906,182.859,3.7968750000000004,-3.267096286864874
392,12.1906,182.859,3.8000000000000003,-3.4405550366359345
392,12.1906,182.859,3.803125,-3.6289672618226283
392,12.1906,182.859,3.8062500000000004,-3.8103482860690607
392,12.1906,182.859,3.809375,-3.9823997205407946
392,12.1906,182.859,3.8125000000000004,-4.136225570865119
392,12.1906,182.859,3.8156250000000003,-4.25994139774747
392,12.1906,182.859,3.81875,-4.354615733039307
392,12.1906,182.859,3.8218750000000004,-4.416849465731115
392,12.1906,182.859,3.825,-4.443617188643182
392,12.1906,182.859,3.8281250000000004,-4.441604256340063
392,12.1906,182.859,3.8312500000000003,-4.408319382170304
392,12.1906,182.859,3.834375,-4.3594825804769135
392,12.1906,182.859,3.8375000000000004,-4.291706856092382
392,12.1906,182.859,3.840625,-4.20513968246172
392,12.1906,182.859,3.8437500000000004,-4.1128990565301295
392,12.1906,182.859,3.8468750000000003,-4.018776379083873
392,12.1906,182.859,3.85,-3.933326253303653
392,12.1906,182.859,3.8531250000000004,-3.861044979151364
392,12.1906,182.859,3.85625,-3.7995220686380877
392,12.1906,182.859,3.8593750000000004,-3.7581902833277177
392,12.1906,182.859,3.8625000000000003,-3.7356577422583777
392,12.1906,182.859,3.865625,-3.739343476644448
392,12.1906,182.859,3.8687500000000004,-3.768640767246737
392,12.1906,182.859,3.871875,-3.8274981511407633
392,12.1906,182.859,3.8750000000000004,-3.9149663790734395
392,12.1906,182.859,3.8781250000000003,-4.03431158998857
392,12.1906,182.859,3.88125,-4.180167169388841
392,12.1906,182.859,3.8843750000000004,-4.3537657434641535
392,12.1906,182.859,3.8875,-4.540553194121072
392,12.1906,182.859,3.8906250000000004,-4.739517493993856
392,12.1906,182.859,3.8937500000000003,-4.943767680293242
392,12.1906,182.859,3.896875,-5.145356155458307
392,12.1906,182.859,3.9000000000000004,-5.3316115563921365
392,12.1906,182.859,3.903125,-5.506440975232753
392,12.1906,182.859,3.9062500000000004,-5.6555194775991
392,12.1906,182.859,3.9093750000000003,-5.779091625746593
392,12.1906,182.859,3.9125,-5.862527529684725
392,12.1906,182.859,3.9156250000000004,-5.911935619921419
392,12.1906,182.859,3.91875,-5.9280159574617155
392,12.1906,182.859,3.9218750000000004,-5.907419818858932
392,12.1906,182.859,3.9250000000000003,-5.847572310350888
392,12.1906,182.859,3.928125,-5.770928666803029
392,12.1906,182.859,3.9312500000000004,-5.6672254269484075
392,12.1906,182.859,3.934375,-5.549481594278895
392,12.1906,182.859,3.9375000000000004,-5.415919616243132
392,12.1906,182.859,3.9406250000000003,-5.278328072421265
392,12.1906,182.859,3.94375,-5.149073433076023
392,12.1906,182.859,3.9468750000000004,-5.024306375913847
392,12.1906,182.859,3.95,-4.910375302951829
392,12.1906,182.859,3.9531250000000004,-4.813496492978996
392,12.1906,182.859,3.9562500000000003,-4.732858296851196
392,12.1906,182.859,3.959375,-4.680763573115166
392,12.1906,182.859,3.9625000000000004,-4.65110256889059
392,12.1906,182.859,3.965625,-4.641208620845421
392,12.1906,182.859,3.9687500000000004,-4.650179918174269
392,12.1906,182.859,3.9718750000000003,-4.69063242994297
392,12.1906,182.859,3.975,-4.7429474260802476
392,12.1906,182.859,3.9781250000000004,-4.814086256033006
392,12.1906,182.859,3.98125,-4.896286058287231
392,12.1906,182.859,3.9843750000000004,-4.99058911122911
392,12.1906,182.859,3.9875000000000003,-5.077391686845506
392,12.1906,182.859,3.990625,-5.157547345940631
392,12.1906,182.859,3.9937500000000004,-5.229770662216517
392,12.1906,182.859,3.996875,-5.282401223294791
392,12.1906,182.859,4.0,-5.316972210672554
392,12.1906,182.859,4.003125,-5.321672671489521
392,12.1906,182.859,4.0062500000000005,-5.302490007339024
392,12.1906,182.859,4.009375,-5.265237804230699
392,12.1906,182.859,4.0125,-5.206214635960578
392,12.1906,182.859,4.015625,-5.1343564889500115
392,12.1906,182.859,4.01875,-5.051250411091096
392,12.1906,182.859,4.0218750000000005,-4.961230065465835
392,12.1906,182.859,4.025,-4.873003258325446
392,12.1906,182.859,4.028125,-4.787887243495869
392,12.1906,182.859,4.03125,-4.714944607230685
392,12.1906,182.859,4.034375,-4.65407856157819
392,12.1906,182.859,4.0375000000000005,-4.613448117253026
392,12.1906,182.859,4.040625,-4.598392637718692
392,12.1906,182.859,4.04375,-4.606854837455849
392,12.1906,182.859,4.046875,-4.647687822222572
392,12.1906,182.859,4.05,-4.71996697452343
392,12.1906,182.859,4.0531250000000005,-4.820361253460638
392,12.1906,182.859,4.05625,-4.954084112357159
392,12.1906,182.859,4.059375,-5.10806061830115
392,12.1906,182.859,4.0625,-5.27728224834548
392,12.1906,182.859,4.065625,-5.460091263838881
392,12.1906,182.859,4.0687500000000005,-5.637372321318807
392,12.1906,182.859,4.071875,-5.812556357821035
392,12.1906,182.859,4.075,-5.971327737806462
392,12.1906,182.859,4.078125,-6.1132937649864285
392,12.1906,182.859,4.08125,-6.235802096433968
392,12.1906,182.859,4.0843750000000005,-6.329993103970613
392,12.1906,182.859,4.0875,-6.394493732891144
392,12.1906,182.859,4.090625,-6.435668310695335
392,12.1906,182.859,4.09375,-6.450829644179389
392,12.1906,182.859,4.096875,-6.428489202787974
392,12.1906,182.859,4.1000000000000005,-6.2758834124096765
392,12.1906,182.859,4.103125,-5.974267861603387
392,12.1906,182.859,4.10625,-5.793567962091155
392,12.1906,182.859,4.109375,-5.705699325136014
392,12.1906,182.859,4.1125,-5.638353021681403
392,12.1906,182.859,4.1156250000000005,-5.573759281523797
392,12.1906,182.859,4.11875,-5.511394035613528
392,12.1906,182.859,4.121875,-5.463658733211711
392,12.1906,182.859,4.125,-5.425244994657019
392,12.1906,182.859,4.128125,-5.401296304934464
392,12.1906,182.859,4.1312500000000005,-5.395606631885385
392,12.1906,182.859,4.134375,-5.412122338552104
392,12.1906,182.859,4.1375,-5.446638240481478
392,12.1906,182.859,4.140625,-5.511073558997012
392,12.1906,182.859,4.14375,-5.6006987918081546
392,12.1906,182.859,4.1468750000000005,-5.707333716540436
392,12.1906,182.859,4.15,-5.840818521572197
392,12.1906,182.859,4.153125,-5.989926597440245
392,12.1906,182.859,4.15625,-6.148638059936643
392,12.1906,182.859,4.159375,-6.307860592157118
392,12.1906,182.859,4.1625000000000005,-6.453723827337957
392,12.1906,182.859,4.165625,-6.590398485759974
392,12.1906,182.859,4.16875,-6.707541030066549
392,12.1906,182.859,4.171875,-6.798306719344907
392,12.1906,182.859,4.175,-6.846633393731593
392,12.1906,182.859,4.1781250000000005,-6.869833738948716
392,12.1906,182.859,4.18125,-6.860450599840721
392,12.1906,182.859,4.184375,-6.8243620432212015
392,12.1906,182.859,4.1875,-6.766066649413808
392,12.1906,182.859,4.190625,-6.698505856985011
392,12.1906,182.859,4.1937500000000005,-6.6287601037608015
392,12.1906,182.859,4.196875,-6.5566683541042
392,12.1906,182.859,4.2,-6.489662287683444
392,12.1906,182.859,4.203125,-6.4408044749013005
392,12.1906,182.859,4.20625,-6.404433166621214
392,12.1906,182.859,4.2093750000000005,-6.400224257866231
392,12.1906,182.859,4.2125,-6.420503551584707
392,12.1906,182.859,4.215625,-6.479211807741131
392,12.1906,182.859,4.21875,-6.572867863597006
392,12.1906,182.859,4.221875,-6.696154360998011
392,12.1906,182.859,4.2250000000000005,-6.872722448388496
392,12.1906,182.859,4.228125,-7.07902148469528
392,12.1906,182.859,4.23125,-7.326614000151691
392,12.1906,182.859,4.234375,-7.604331364459131
392,12.1906,182.859,4.2375,-7.904374543407289
392,12.1906,182.859,4.2406250000000005,-8.221818979032756
392,12.1906,182.859,4.24375,-8.548248206678322
392,12.1906,182.859,4.246875,-8.865237324449835
392,12.1906,182.859,4.25,-9.16146707474751
392,12.1906,182.859,4.253125,-9.440407095312235
392,12.1906,182.859,4.2562500000000005,-9.664147381805272
392,12.1906,182.859,4.259375,-9.833261325655082
392,12.1906,182.859,4.2625,-9.94722145076057
392,12.1906,182.859,4.265625,-9.98372061093179
392,12.1906,182.859,4.26875,-9.979791143613495
392,12.1906,182.859,4.2718750000000005,-9.951877416443786
392,12.1906,182.859,4.275,-9.892639624835262
392,12.1906,182.859,4.278125,-9.806317275939856
392,12.1906,182.859,4.28125,-9.716905080250767
392,12.1906,182.859,4.284375000000001,-9.645100718936689
392,12.1906,182.859,4.2875000000000005,-9.592495707577637
392,12.1906,182.859,4.290625,-9.564451441381475
392,12.1906,182.859,4.29375,-9.575867357676561
392,12.1906,182.859,4.296875,-9.646264157983182
392,12.1906,182.859,4.300000000000001,-9.766204859019355
392,12.1906,182.859,4.3031250000000005,-9.964779902374142
392,12.1906,182.859,4.30625,-10.220457632269117
392,12.1906,182.859,4.309375,-10.555231492436231
392,12.1906,182.859,4.3125,-10.965967054672634
392,12.1906,182.859,4.315625000000001,-11.435130031572879
392,12.1906,182.859,4.3187500000000005,-11.956485182310406
392,12.1906,182.859,4.321875,-12.507468347462051
392,12.1906,182.859,4.325,-13.080630415153554
392,12.1906,182.859,4.328125,-13.650925054839323
392,12.1906,182.859,4.331250000000001,-14.201672603525157
392,12.1906,182.859,4.3343750000000005,-14.746993739778135
392,12.1906,182.859,4.3375,-15.236081895109406
392,12.1906,182.859,4.340625,-15.694225650752953
392,12.1906,182.859,4.34375,-16.0805298407748
392,12.1906,182.859,4.346875000000001,-16.37169867617082
392,12.1906,182.859,4.3500000000000005,-16.531707316254064
392,12.1906,182.859,4.353125,-16.518144630798965
392,12.1906,182.859,4.35625,-16.31200635042586
392,12.1906,182.859,4.359375,-16.081263490329647
392,12.1906,182.859,4.362500000000001,-15.979764079878096
392,12.1906,182.859,4.3656250000000005,-16.07222049813064
392,12.1906,182.859,4.36875,-15.886938148954723
392,12.1906,182.859,4.371875,-15.685378319916186
392,12.1906,182.859,4.375,-15.329516522426898
392,12.1906,182.859,4.378125000000001,-14.779666568838877
392,12.1906,182.859,4.3812500000000005,-14.46524275514593
392,12.1906,182.859,4.384375,-14.11299846484553
392,12.1906,182.859,4.3875,-13.739339056527234
392,12.1906,182.859,4.390625,-13.350829327335624
392,12.1906,182.859,4.393750000000001,-12.950844944253703
392,12.1906,182.859,4.3968750000000005,-12.543564798885312
392,12.1906,182.859,4.4,-12.151798651757872
392,12.1906,182.859,4.403125,-11.773702230871372
392,12.1906,182.859,4.40625,-11.422175739587797
392,12.1906,182.859,4.409375000000001,-11.077068464385153
392,12.1906,182.859,4.4125000000000005,-10.77187573710862
392,12.1906,182.859,4.415625,-10.470906407923557
392,12.1906,182.859,4.41875,-9.902191894488894
392,12.1906,182.859,4.421875,-9.657701270816027
392,12.1906,182.859,4.425000000000001,-9.47090885632567
392,12.1906,182.859,4.4281250000000005,-9.324490581412878
392,12.1906,182.859,4.43125,-9.219816023038076
392,12.1906,182.859,4.434375,-9.15721228392233
392,12.1906,182.859,4.4375,-9.149627593436193
392,12.1906,182.859,4.440625000000001,-9.145610988315498
392,12.1906,182.859,4.4437500000000005,-9.123809641511043
392,12.1906,182.859,4.446875,-9.075674274046285
392,12.1906,182.859,4.45,-9.040981744336088
392,12.1906,182.859,4.453125,-8.995533885996071
392,12.1906,182.859,4.456250000000001,-8.937194535802771
392,12.1906,182.859,4.4593750000000005,-8.83300395952529
392,12.1906,182.859,4.4625,-8.694372209820756
392,12.1906,182.859,4.465625,-8.523529964275236
392,12.1906,182.859,4.46875,-8.329121917775478
392,12.1906,182.859,4.471875000000001,-8.111721687518473
392,12.1906,182.859,4.4750000000000005,-7.874300292619278
392,12.1906,182.859,4.478125,-7.633353964067019
392,12.1906,182.859,4.48125,-7.386410662093377
392,12.1906,182.859,4.484375,-7.150555902451105
392,12.1906,182.859,4.487500000000001,-6.921490147400644
392,12.1906,182.859,4.4906250000000005,-6.705700718269021
392,12.1906,182.859,4.49375,-6.501862186591429
392,12.1906,182.859,4.496875,-6.322925299579821
392,12.1906,182.859,4.5,-6.173995510453683
392,12.1906,182.859,4.503125000000001,-6.047453889315223
392,12.1906,182.859,4.5062500000000005,-5.960809978827627
392,12.1906,182.859,4.509375,-5.91387566488647
392,12.1906,182.859,4.5125,-5.9308555350982575
392,12.1906,182.859,4.515625,-6.026030972984017
392,12.1906,182.859,4.518750000000001,-6.1545244458328145
392,12.1906,182.859,4.5218750000000005,-6.146108912552501
392,12.1906,182.859,4.525,-6.241381321422194
392,12.1906,182.859,4.528125,-6.338983484442769
392,12.1906,182.859,4.53125,-6.430046986082607
392,12.1906,182.859,4.534375000000001,-6.524308249256635
392,12.1906,182.859,4.5375000000000005,-6.6091296723292325
392,12.1906,182.859,4.540625,-6.69541373172739
392,12.1906,182.859,4.54375,-6.760915437938647
392,12.1906,182.859,4.546875,-6.813638951805848
392,12.1906,182.859,4.550000000000001,-6.837029321621046
392,12.1906,182.859,4.5531250000000005,-6.831652532712102
392,12.1906,182.859,4.55625,-6.795524359711596
392,12.1906,182.859,4.559375,-6.725888031772684
392,12.1906,182.859,4.5625,-6.636738566528192
392,12.1906,182.859,4.565625000000001,-6.524245550341866
392,12.1906,182.859,4.5687500000000005,-6.391162101429993
392,12.1906,182.859,4.571875,-6.245176275974174
392,12.1906,182.859,4.575,-6.085613123781068
392,12.1906,182.859,4.578125,-5.921731246591438
392,12.1906,182.859,4.581250000000001,-5.76069084011042
392,12.1906,182.859,4.5843750000000005,-5.615996263884653
392,12.1906,182.859,4.5875,-5.502678840898892
392,12.1906,182.859,4.590625,-5.411482238117622
392,12.1906,182.859,4.59375,-5.351072094355929
392,12.1906,182.859,4.596875000000001,-5.3226584880839685
392,12.1906,182.859,4.6000000000000005,-5.32761879599458
392,12.1906,182.859,4.603125,-5.380053393811109
392,12.1906,182.859,4.60625,-5.461964324125698
392,12.1906,182.859,4.609375,-5.588180028066842
392,12.1906,182.859,4.612500000000001,-5.7644543438247995
392,12.1906,182.859,4.6156250000000005,-5.9770943965835235
392,12.1906,182.859,4.61875,-6.23247542679255
392,12.1906,182.859,4.621875,-6.515219718128588
392,12.1906,182.859,4.625,-6.81451784705367
392,12.1906,182.859,4.628125000000001,-7.111740235576405
392,12.1906,182.859,4.6312500000000005,-7.391767021922126
392,12.1906,182.859,4.634375,-7.626157157900994
392,12.1906,182.859,4.6375,-7.809570567999389
392,12.1906,182.859,4.640625,-7.929108607833881
392,12.1906,182.859,4.643750000000001,-7.9828943825847665
392,12.1906,182.859,4.6468750000000005,-7.966119331434487
392,12.1906,182.859,4.65,-7.8607848526375745
392,12.1906,182.859,4.653125,-7.665600703370653
392,12.1906,182.859,4.65625,-7.457766700759366
392,12.1906,182.859,4.659375000000001,-7.2183120014934605
392,12.1906,182.859,4.6625000000000005,-6.962184149252003
392,12.1906,182.859,4.665625,-6.709533704424635
392,12.1906,182.859,4.66875,-6.461824885239848
392,12.1906,182.859,4.671875,-6.229602822897728
392,12.1906,182.859,4.675000000000001,-5.997295151631096
392,12.1906,182.859,4.6781250000000005,-5.7681712736529
392,12.1906,182.859,4.68125,-5.549193555998429
392,12.1906,182.859,4.684375,-5.320614773210428
392,12.1906,182.859,4.6875,-5.166936235667978
392,12.1906,182.859,4.690625000000001,-5.070460091330025
392,12.1906,182.859,4.6937500000000005,-4.967410557279769
392,12.1906,182.859,4.696875,-4.877909445148288
392,12.1906,182.859,4.7,-4.804409556156293
392,12.1906,182.859,4.703125,-4.765878242937438
392,12.1906,182.859,4.706250000000001,-4.746750073214285
392,12.1906,182.859,4.7093750000000005,-4.756733927204591
392,12.1906,182.859,4.7125,-4.7953939664172225
392,12.1906,182.859,4.715625,-4.847242638171249
392,12.1906,182.859,4.71875,-4.917794100925157
392,12.1906,182.859,4.721875000000001,-4.983911523090828
392,12.1906,182.859,4.7250000000000005,-5.04323337201199
392,12.1906,182.859,4.728125,-5.094403453078496
392,12.1906,182.859,4.73125,-5.125974623923328
392,12.1906,182.859,4.734375,-5.143125705160726
392,12.1906,182.859,4.737500000000001,-5.141081610580805
392,12.1906,182.859,4.7406250000000005,-5.119629392790665
392,12.1906,182.859,4.74375,-5.088899318115283
392,12.1906,182.859,4.746875,-5.035884757874502
392,12.1906,182.859,4.75,-4.968891436382576
392,12.1906,182.859,4.753125000000001,-4.878494951167251
392,12.1906,182.859,4.7562500000000005,-4.770761174866526
392,12.1906,182.859,4.759375,-4.651967245989647
392,12.1906,182.859,4.7625,-4.5266936351070814
392,12.1906,182.859,4.765625,-4.40232144576721
392,12.1906,182.859,4.768750000000001,-4.278155719238301
392,12.1906,182.859,4.7718750000000005,-4.161081188427527
392,12.1906,182.859,4.775,-4.056645158096392
392,12.1906,182.859,4.778125,-3.958931974723802
392,12.1906,182.859,4.78125,-3.8746991949888154
392,12.1906,182.859,4.784375000000001,-3.8043852551866686
392,12.1906,182.859,4.7875000000000005,-3.7468994104345703
392,12.1906,182.859,4.790625,-3.7150184814007465
392,12.1906,182.859,4.79375,-3.699551255737559
392,12.1906,182.859,4.796875,-3.7107417327272625
392,12.1906,182.859,4.800000000000001,-3.741994428719197
392,12.1906,182.859,4.8031250000000005,-3.8003019151968056
392,12.1906,182.859,4.80625,-3.8733633989104077
392,12.1906,182.859,4.809375,-3.9614810747254414
392,12.1906,182.859,4.8125,-4.061937053307487
392,12.1906,182.859,4.815625000000001,-4.163435164875081
392,12.1906,182.859,4.8187500000000005,-4.264713750894317
392,12.1906,182.859,4.821875,-4.3619139748152485
392,12.1906,182.859,4.825,-4.451108319502819
392,12.1906,182.859,4.828125,-4.52259359164438
392,12.1906,182.859,4.831250000000001,-4.573614902150542
392,12.1906,182.859,4.8343750000000005,-4.616059838700613
392,12.1906,182.859,4.8375,-4.635642275435217
392,12.1906,182.859,4.840625,-4.630356944010762
392,12.1906,182.859,4.84375,-4.611985786518037
392,12.1906,182.859,4.846875000000001,-4.579498594167076
392,12.1906,182.859,4.8500000000000005,-4.53396807755479
392,12.1906,182.859,4.853125,-4.477831956360702
392,12.1906,182.859,4.85625,-4.40979573969174
392,12.1906,182.859,4.859375,-4.338959986049421
392,12.1906,182.859,4.862500000000001,-4.271920059342701
392,12.1906,182.859,4.8656250000000005,-4.209716543649215
392,12.1906,182.859,4.86875,-4.15244896239021
392,12.1906,182.859,4.871875,-4.106317426064272
392,12.1906,182.859,4.875,-4.069444304721797
392,12.1906,182.859,4.878125000000001,-4.0594801085051655
392,12.1906,182.859,4.8812500000000005,-4.061061995722359
392,12.1906,182.859,4.884375,-4.078997006347119
392,12.1906,182.859,4.8875,-4.121091562781631
392,12.1906,182.859,4.890625,-4.179999356115891
392,12.1906,182.859,4.893750000000001,-4.257365465993202
392,12.1906,182.859,4.8968750000000005,-4.349071029869529
392,12.1906,182.859,4.9,-4.442492729427393
392,12.1906,182.859,4.903125,-4.539458053326478
392,12.1906,182.859,4.90625,-4.629726087018359
392,12.1906,182.859,4.909375000000001,-4.715375338859222
392,12.1906,182.859,4.9125000000000005,-4.78616255392791
392,12.1906,182.859,4.915625,-4.838625020537012
392,12.1906,182.859,4.91875,-4.875655303083746
392,12.1906,182.859,4.921875,-4.893442916948947
392,12.1906,182.859,4.925000000000001,-4.8904023030388295
392,12.1906,182.859,4.9281250000000005,-4.869366732236311
392,12.1906,182.859,4.93125,-4.829649292536706
392,12.1906,182.859,4.934375,-4.7753079549972615
392,12.1906,182.859,4.9375,-4.708728626411176
392,12.1906,182.859,4.940625000000001,-4.6345226094420635
392,12.1906,182.859,4.9437500000000005,-4.554992791667713
392,12.1906,182.859,4.946875,-4.46888664354319
392,12.1906,182.859,4.95,-4.3834419627085275
392,12.1906,182.859,4.953125,-4.299431686706815
392,12.1906,182.859,4.956250000000001,-4.219838462170676
392,12.1906,182.859,4.9593750000000005,-4.148638188198166
392,12.1906,182.859,4.9625,-4.1018406447061935
392,12.1906,182.859,4.965625,-4.068211149529619
392,12.1906,182.859,4.96875,-4.050861068929462
392,12.1906,182.859,4.971875000000001,-4.046807734073562
392,12.1906,182.859,4.9750000000000005,-4.0511738788833735
392,12.1906,182.859,4.978125,-4.093815049696657
392,12.1906,182.859,4.98125,-4.154083139680696
392,12.1906,182.859,4.984375,-4.241389811809288
392,12.1906,182.859,4.987500000000001,-4.3481075816033625
392,12.1906,182.859,4.9906250000000005,-4.476612656889124
392,12.1906,182.859,4.99375,-4.61606207698033
392,12.1906,182.859,4.996875,-4.774087553771599
392,12.1906,182.859,5.0,-4.942001906734491
392,12.1906,182.859,5.003125000000001,-5.087254551686517
392,12.1906,182.859,5.0062500000000005,-5.2201961139601885
392,12.1906,182.859,5.009375,-5.318294214159632
392,12.1906,182.859,5.0125,-5.38585114129241
392,12.1906,182.859,5.015625,-5.439693939479774
392,12.1906,182.859,5.018750000000001,-5.476954189907918
392,12.1906,182.859,5.0218750000000005,-5.507999909578954
392,12.1906,182.859,5.025,-5.528169287410303
392,12.1906,182.859,5.028125,-5.537685919451777
392,12.1906,182.859,5.03125,-5.535446428846178
392,12.1906,182.859,5.034375000000001,-5.529977545209128
392,12.1906,182.859,5.0375000000000005,-5.516078130392657
392,12.1906,182.859,5.040625,-5.500761120971922
392,12.1906,182.859,5.04375,-5.484023956481698
392,12.1906,182.859,5.046875,-5.469957154286444
392,12.1906,182.859,5.050000000000001,-5.463713222190494
392,12.1906,182.859,5.0531250000000005,-5.466461956486616
392,12.1906,182.859,5.05625,-5.4767729269186045
392,12.1906,182.859,5.059375,-5.504652312421986
392,12.1906,182.859,5.0625,-5.540763766576259
392,12.1906,182.859,5.065625000000001,-5.59542986648518
392,12.1906,182.859,5.0687500000000005,-5.6576655914222975
392,12.1906,182.859,5.071875,-5.733007851929123
392,12.1906,182.859,5.075,-5.826719358171014
392,12.1906,182.859,5.078125,-5.929039689824228
392,12.1906,182.859,5.081250000000001,-6.059165542034797
392,12.1906,182.859,5.0843750000000005,-6.202634739757256
392,12.1906,182.859,5.0875,-6.3428498624127485
392,12.1906,182.859,5.090625,-6.441106444688578
392,12.1906,182.859,5.09375,-6.513559196276525
392,12.1906,182.859,5.096875000000001,-6.575084748847293
392,12.1906,182.859,5.1000000000000005,-6.6263761045380445
392,12.1906,182.859,5.103125,-6.659752735930871
392,12.1906,182.859,5.10625,-6.676364998657726
392,12.1906,182.859,5.109375,-6.670166208459477
392,12.1906,182.859,5.112500000000001,-6.639196091301729
392,12.1906,182.859,5.1156250000000005,-6.586425662288341
392,12.1906,182.859,5.11875,-6.516494396708162
392,12.1906,182.859,5.121875,-6.446308958401968
392,12.1906,182.859,5.125,-6.360346081208345
392,12.1906,182.859,5.128125000000001,-6.271317438747116
392,12.1906,182.859,5.1312500000000005,-6.177600433273966
392,12.1906,182.859,5.134375,-6.089052544623855
392,12.1906,182.859,5.1375,-6.000320319536826
392,12.1906,182.859,5.140625,-5.921002618334738
392,12.1906,182.859,5.143750000000001,-5.842157701682055
392,12.1906,182.859,5.1468750000000005,-5.783095168146744
392,12.1906,182.859,5.15,-5.739419261656442
392,12.1906,182.859,5.153125,-5.704781284524893
392,12.1906,182.859,5.15625,-5.686828924150264
392,12.1906,182.859,5.159375000000001,-5.682035686197055
392,12.1906,182.859,5.1625000000000005,-5.695994188105402
392,12.1906,182.859,5.165625,-5.723787973989737
392,12.1906,182.859,5.16875,-5.771627208665237
392,12.1906,182.859,5.171875,-5.825212872479701
392,12.1906,182.859,5.175000000000001,-5.889750009536919
392,12.1906,182.859,5.1781250000000005,-5.959985298024347
392,12.1906,182.859,5.18125,-6.033217234483379
392,12.1906,182.859,5.184375,-6.115205352408908
392,12.1906,182.859,5.1875,-6.172017915508656
392,12.1906,182.859,5.190625000000001,-6.252521401735967
392,12.1906,182.859,5.1937500000000005,-6.297207547567498
392,12.1906,182.859,5.196875,-6.351366416283532
392,12.1906,182.859,5.2,-6.40258299060099
392,12.1906,182.859,5.203125,-6.459384302704793
392,12.1906,182.859,5.206250000000001,-6.509570110416489
392,12.1906,182.859,5.2093750000000005,-6.571589333857154
392,12.1906,182.859,5.2125,-6.583727354741596
392,12.1906,182.859,5.215625,-6.55167533873305
392,12.1906,182.859,5.21875,-6.5452128116535295
392,12.1906,182.859,5.221875000000001,-6.502239276503694
392,12.1906,182.859,5.2250000000000005,-6.48460072246619
392,12.1906,182.859,5.228125,-6.486758069754489
392,12.1906,182.859,5.23125,-6.488449143927259
392,12.1906,182.859,5.234375,-6.51996656957217
392,12.1906,182.859,5.237500000000001,-6.5771158264160645
392,12.1906,182.859,5.2406250000000005,-6.658478325964008
392,12.1906,182.859,5.24375,-6.775884928012175
392,12.1906,182.859,5.246875,-6.954056624130104
392,12.1906,182.859,5.25,-7.212651288225355
392,12.1906,182.859,5.253125000000001,-7.604879010245416
392,12.1906,182.859,5.2562500000000005,-8.180260221325339
392,12.1906,182.859,5.259375,-9.102440145875413
392,12.1906,182.859,5.2625,-10.44950943834559
392,12.1906,182.859,5.265625,-11.319010883649876
392,12.1906,182.859,5.268750000000001,-10.139806531714585
392,12.1906,182.859,5.2718750000000005,-8.66995241139054
392,12.1906,182.859,5.275,-7.92188935875914
392,12.1906,182.859,5.278125,-7.639303913051437
392,12.1906,182.859,5.28125,-7.538914516923891
392,12.1906,182.859,5.284375000000001,-7.5169506183907
392,12.1906,182.859,5.2875000000000005,-7.511842876778636
392,12.1906,182.859,5.290625,-7.513528928536197
392,12.1906,182.859,5.29375,-7.487857788065595
392,12.1906,182.859,5.296875,-7.465495033864645
392,12.1906,182.859,5.300000000000001,-7.429348405613919
392,12.1906,182.859,5.3031250000000005,-7.373081154271597
392,12.1906,182.859,5.30625,-7.306854099525806
392,12.1906,182.859,5.309375,-7.236718424159484
392,12.1906,182.859,5.3125,-7.159028309455308
392,12.1906,182.859,5.315625000000001,-7.071522957807629
392,12.1906,182.859,5.3187500000000005,-6.991044050603899
392,12.1906,182.859,5.321875,-6.898935155103199
392,12.1906,182.859,5.325,-6.818226694398533
392,12.1906,182.859,5.328125,-6.735536907074739
392,12.1906,182.859,5.331250000000001,-6.655870498931344
392,12.1906,182.859,5.3343750000000005,-6.590531399389469
392,12.1906,182.859,5.3375,-6.521562577610101
392,12.1906,182.859,5.340625,-6.473329089668919
392,12.1906,182.859,5.34375,-6.4242579573528955
392,12.1906,182.859,5.346875000000001,-6.379133317121547
392,12.1906,182.859,5.3500000000000005,-6.3343693576623
392,12.1906,182.859,5.353125,-6.294535553254448
392,12.1906,182.859,5.35625,-6.263884723086244
392,12.1906,182.859,5.359375,-6.25406794449712
392,12.1906,182.859,5.362500000000001,-6.271953074846804
392,12.1906,182.859,5.3656250000000005,-6.286238245603689
392,12.1906,182.859,5.36875,-6.312571224242188
392,12.1906,182.859,5.371875,-6.338737121447674
392,12.1906,182.859,5.375,-6.358980349108506
392,12.1906,182.859,5.378125000000001,-6.368239948918463
392,12.1906,182.859,5.3812500000000005,-6.375244667034527
392,12.1906,182.859,5.384375,-6.375048699979703
392,12.1906,182.859,5.3875,-6.365042604989824
392,12.1906,182.859,5.390625,-6.339589967815527
392,12.1906,182.859,5.393750000000001,-6.312255129297486
392,12.1906,182.859,5.3968750000000005,-6.258023825610033
392,12.1906,182.859,5.4,-6.214321608113633
392,12.1906,182.859,5.403125,-6.170482073352037
392,12.1906,182.859,5.40625,-6.130988504746834
392,12.1906,182.859,5.409375000000001,-6.0858462074618505
392,12.1906,182.859,5.4125000000000005,-6.053302289555454
392,12.1906,182.859,5.415625,-6.020731146923809
392,12.1906,182.859,5.41875,-5.991776494374802
392,12.1906,182.859,5.421875,-5.974627064946242
392,12.1906,182.859,5.425000000000001,-5.965086444164031
392,12.1906,182.859,5.4281250000000005,-5.96960395612995
392,12.1906,182.859,5.43125,-5.988053438660237
392,12.1906,182.859,5.434375,-6.0175916523907444
392,12.1906,182.859,5.4375,-6.05812652753345
392,12.1906,182.859,5.440625000000001,-6.12178540482708
392,12.1906,182.859,5.4437500000000005,-6.18864751429772
392,12.1906,182.859,5.446875,-6.2734001470039535
392,12.1906,182.859,5.45,-6.357421086046088
392,12.1906,182.859,5.453125,-6.457919980804809
392,12.1906,182.859,5.456250000000001,-6.553897841699049
392,12.1906,182.859,5.4593750000000005,-6.657074369501381
392,12.1906,182.859,5.4625,-6.74487976063097
392,12.1906,182.859,5.465625,-6.821514306844346
392,12.1906,182.859,5.46875,-6.899721869713491
392,12.1906,182.859,5.471875000000001,-6.95265953969638
392,12.1906,182.859,5.4750000000000005,-6.99165075233116
392,12.1906,182.859,5.478125,-7.016887224539506
392,12.1906,182.859,5.48125,-7.027099372116329
392,12.1906,182.859,5.484375,-7.007989521159068
392,12.1906,182.859,5.487500000000001,-6.978959522453891
392,12.1906,182.859,5.4906250000000005,-6.931054338683023
392,12.1906,182.859,5.49375,-6.877369874036516
392,12.1906,182.859,5.496875,-6.817353531421656
392,12.1906,182.859,5.5,-6.748117762616291
392,12.1906,182.859,5.503125000000001,-6.658414071615688
392,12.1906,182.859,5.5062500000000005,-6.5606161278457575
392,12.1906,182.859,5.509375,-6.464394670856478
392,12.1906,182.859,5.5125,-6.368904401252886
392,12.1906,182.859,5.515625,-6.27647734583324
392,12.1906,182.859,5.518750000000001,-6.189546381881006
392,12.1906,182.859,5.5218750000000005,-6.1104161950995675
392,12.1906,182.859,5.525,-6.050507215682908
392,12.1906,182.859,5.528125,-6.002744005975674
392,12.1906,182.859,5.53125,-5.9544279266625475
392,12.1906,182.859,5.534375000000001,-5.910920915409158
392,12.1906,182.859,5.5375000000000005,-5.860981331669237
392,12.1906,182.859,5.540625,-5.815241538823074
392,12.1906,182.859,5.54375,-5.783376330081243
392,12.1906,182.859,5.546875,-5.753984054617492
392,12.1906,182.859,5.550000000000001,-5.738043516521046
392,12.1906,182.859,5.5531250000000005,-5.712513745910535
392,12.1906,182.859,5.55625,-5.686018673693015
392,12.1906,182.859,5.559375,-5.66017003906341
392,12.1906,182.859,5.5625,-5.631773317108136
392,12.1906,182.859,5.565625000000001,-5.600990398910599
392,12.1906,182.859,5.5687500000000005,-5.5682705424412395
392,12.1906,182.859,5.571875,-5.527827209923364
392,12.1906,182.859,5.575,-5.490088079145985
392,12.1906,182.859,5.578125,-5.44666198868671
392,12.1906,182.859,5.581250000000001,-5.400904007712503
392,12.1906,182.859,5.5843750000000005,-5.3590871937338385
392,12.1906,182.859,5.5875,-5.305303325251397
392,12.1906,182.859,5.590625,-5.253683458063182
392,12.1906,182.859,5.59375,-5.196090814664717
392,12.1906,182.859,5.596875000000001,-5.141727162649433
392,12.1906,182.859,5.6000000000000005,-5.085890145209271
392,12.1906,182.859,5.603125,-5.033892277651795
392,12.1906,182.859,5.60625,-4.983363826392454
392,12.1906,182.859,5.609375,-4.932319814600925
392,12.1906,182.859,5.612500000000001,-4.895616419310257
392,12.1906,182.859,5.6156250000000005,-4.859065691201613
392,12.1906,182.859,5.61875,-4.830302137064674
392,12.1906,182.859,5.621875,-4.81583409863823
392,12.1906,182.859,5.625,-4.812256270030727
392,12.1906,182.859,5.628125000000001,-4.814814279234033
392,12.1906,182.859,5.6312500000000005,-4.844328703401534
392,12.1906,182.859,5.634375,-4.881838459541342
392,12.1906,182.859,5.6375,-4.932225748759084
392,12.1906,182.859,5.640625,-4.992599651398605
392,12.1906,182.859,5.643750000000001,-5.060547636272759
392,12.1906,182.859,5.6468750000000005,-5.123174159389867
392,12.1906,182.859,5.65,-5.1838929387384045
392,12.1906,182.859,5.653125,-5.249571814560331
392,12.1906,182.859,5.65625,-5.30445686352559
392,12.1906,182.859,5.659375000000001,-5.3433097198800255
392,12.1906,182.859,5.6625000000000005,-5.371080827073335
392,12.1906,182.859,5.665625,-5.386132882579375
392,12.1906,182.859,5.66875,-5.386573339958912
392,12.1906,182.859,5.671875,-5.381008086574833
392,12.1906,182.859,5.675000000000001,-5.356703881492741
392,12.1906,182.859,5.6781250000000005,-5.327699479266489
392,12.1906,182.859,5.68125,-5.283043311638215
392,12.1906,182.859,5.684375,-5.233402157216448
392,12.1906,182.859,5.6875,-5.172999579249939
392,12.1906,182.859,5.690625000000001,-5.108527510926021
392,12.1906,182.859,5.6937500000000005,-5.026170139447314
392,12.1906,182.859,5.696875,-4.951792817760577
392,12.1906,182.859,5.7,-4.863686736090783
392,12.1906,182.859,5.703125,-4.7803858763498726
392,12.1906,182.859,5.706250000000001,-4.692067085989337
392,12.1906,182.859,5.7093750000000005,-4.597335304623222
392,12.1906,182.859,5.7125,-4.5109840296583315
392,12.1906,182.859,5.715625,-4.427569261787793
392,12.1906,182.859,5.71875,-4.3556475583439145
392,12.1906,182.859,5.721875000000001,-4.290624275287728
392,12.1906,182.859,5.7250000000000005,-4.240667962841277
392,12.1906,182.859,5.728125,-4.200542936243398
392,12.1906,182.859,5.73125,-4.172415603583371
392,12.1906,182.859,5.734375,-4.159137104697726
392,12.1906,182.859,5.737500000000001,-4.143193031878237
392,12.1906,182.859,5.7406250000000005,-4.138005848944455
392,12.1906,182.859,5.74375,-4.137759398361725
392,12.1906,182.859,5.746875,-4.14002857143831
392,12.1906,182.859,5.75,-4.132968561506189
392,12.1906,182.859,5.753125000000001,-4.1323473803788895
392,12.1906,182.859,5.7562500000000005,-4.113301735190121
392,12.1906,182.859,5.759375,-4.095478373766644
392,12.1906,182.859,5.7625,-4.066924749582437
392,12.1906,182.859,5.765625,-4.031736742665144
392,12.1906,182.859,5.768750000000001,-3.9897691166429206
392,12.1906,182.859,5.7718750000000005,-3.9417192062668964
392,12.1906,182.859,5.775,-3.8815195890476506
392,12.1906,182.859,5.778125,-3.824890119744535
392,12.1906,182.859,5.78125,-3.756033156387591
392,12.1906,182.859,5.784375000000001,-3.682625038847039
392,12.1906,182.859,5.7875000000000005,-3.609837077090074
392,12.1906,182.859,5.790625,-3.5346833346210422
392,12.1906,182.859,5.79375,-3.4666906047546915
392,12.1906,182.859,5.796875,-3.3934456466638037
392,12.1906,182.859,5.800000000000001,-3.33251001667544
392,12.1906,182.859,5.8031250000000005,-3.2817742128377123
392,12.1906,182.859,5.80625,-3.2315526242602166
392,12.1906,182.859,5.809375,-3.2044145634272816
392,12.1906,182.859,5.8125,-3.1885634897370423
392,12.1906,182.859,5.815625000000001,-3.1854232526877646
392,12.1906,182.859,5.8187500000000005,-3.202157799015893
392,12.1906,182.859,5.821875,-3.234269858579565
392,12.1906,182.859,5.825,-3.2748081237651
392,12.1906,182.859,5.828125,-3.323453530033078
392,12.1906,182.859,5.831250000000001,-3.382344953325074
392,12.1906,182.859,5.8343750000000005,-3.4392039948331306
392,12.1906,182.859,5.8375,-3.49634323209653
392,12.1906,182.859,5.840625,-3.548813639327213
392,12.1906,182.859,5.84375,-3.6031569694751315
392,12.1906,182.859,5.846875000000001,-3.6412435129528213
392,12.1906,182.859,5.8500000000000005,-3.6679559211054813
392,12.1906,182.859,5.853125,-3.687802520948538
392,12.1906,182.859,5.85625,-3.6962410763452027
392,12.1906,182.859,5.859375,-3.6959770998316173
392,12.1906,182.859,5.862500000000001,-3.6906216066870954
392,12.1906,182.859,5.8656250000000005,-3.6748879998409887
392,12.1906,182.859,5.86875,-3.6437210112405127
392,12.1906,182.859,5.871875,-3.60235154833612
392,12.1906,182.859,5.875,-3.5454967163851077
392,12.1906,182.859,5.878125000000001,-3.487985280713323
392,12.1906,182.859,5.8812500000000005,-3.4146503592333954
392,12.1906,182.859,5.884375,-3.341648218454916
392,12.1906,182.859,5.8875,-3.2640486193654903
392,12.1906,182.859,5.890625,-3.1832627034172067
392,12.1906,182.859,5.893750000000001,-3.109031161930766
392,12.1906,182.859,5.8968750000000005,-3.048188378260388
392,12.1906,182.859,5.9,-2.9926038891160003
392,12.1906,182.859,5.903125,-2.956777399007175
392,12.1906,182.859,5.90625,-2.930313298610025
392,12.1906,182.859,5.909375000000001,-2.92556655026773
392,12.1906,182.859,5.9125000000000005,-2.9349123602665466
392,12.1906,182.859,5.915625,-2.9440071420346037
392,12.1906,182.859,5.91875,-2.9715016075361254
392,12.1906,182.859,5.921875,-2.995499060517053
392,12.1906,182.859,5.925000000000001,-3.0174256300458917
392,12.1906,182.859,5.9281250000000005,-3.0437355977658793
392,12.1906,182.859,5.93125,-3.0521789207442507
392,12.1906,182.859,5.934375,-3.0686183533755966
392,12.1906,182.859,5.9375,-3.0665908367117707
392,12.1906,182.859,5.940625000000001,-3.0625278881751172
392,12.1906,182.859,5.9437500000000005,-3.051304241562727
392,12.1906,182.859,5.946875,-3.031728390284379
392,12.1906,182.859,5.95,-3.005788133560837
392,12.1906,182.859,5.953125,-2.963872212601644
392,12.1906,182.859,5.956250000000001,-2.927338266911974
392,12.1906,182.859,5.9593750000000005,-2.879634192051732
392,12.1906,182.859,5.9625,-2.824429108921402
392,12.1906,182.859,5.965625,-2.7628633262748714
392,12.1906,182.859,5.96875,-2.69469584168872
392,12.1906,182.859,5.971875000000001,-2.624677687630881
392,12.1906,182.859,5.9750000000000005,-2.5506036442807134
392,12.1906,182.859,5.978125,-2.4800830873464177
392,12.1906,182.859,5.98125,-2.404127187784083
392,12.1906,182.859,5.984375,-2.3426059324778894
392,12.1906,182.859,5.987500000000001,-2.2850314973845673
392,12.1906,182.859,5.9906250000000005,-2.24650007027258
392,12.1906,182.859,5.99375,-2.2243524259496152
392,12.1906,182.859,5.996875,-2.2253105165443863
392,12.1906,182.859,6.0,-2.246538377780574
