ScanID,Current,Field,Frequency,Spectra
91,12.2599,183.899,1.0,-0.932516761012635
91,12.2599,183.899,1.003125,-0.8980915970790602
91,12.2599,183.899,1.00625,-0.870184601250476
91,12.2599,183.899,1.0093750000000001,-0.8435300259625135
91,12.2599,183.899,1.0125,-0.8281844465743939
91,12.2599,183.899,1.015625,-0.8195732767370412
91,12.2599,183.899,1.01875,-0.8203697081167377
91,12.2599,183.899,1.021875,-0.8296956018757822
91,12.2599,183.899,1.0250000000000001,-0.8504627457832746
91,12.2599,183.899,1.028125,-0.8790636749711456
91,12.2599,183.899,1.03125,-0.9175176948838788
91,12.2599,183.899,1.034375,-0.9594762217547372
91,12.2599,183.899,1.0375,-1.005188008070655
91,12.2599,183.899,1.0406250000000001,-1.056380530194938
91,12.2599,183.899,1.04375,-1.1115446217632636
91,12.2599,183.899,1.046875,-1.1631026921843501
91,12.2599,183.899,1.05,-1.2176687629377836
91,12.2599,183.899,1.053125,-1.266170786632943
91,12.2599,183.899,1.0562500000000001,-1.3121710964109603
91,12.2599,183.899,1.059375,-1.3519847817857802
91,12.2599,183.899,1.0625,-1.385840812743708
91,12.2599,183.899,1.065625,-1.4146194112841566
91,12.2599,183.899,1.06875,-1.4288302907171604
91,12.2599,183.899,1.0718750000000001,-1.432010577432494
91,12.2599,183.899,1.0750000000000002,-1.4247080468334483
91,12.2599,183.899,1.078125,-1.4088549194313793
91,12.2599,183.899,1.08125,-1.3805298508664687
91,12.2599,183.899,1.084375,-1.3401570326317476
91,12.2599,183.899,1.0875000000000001,-1.2892061783941702
91,12.2599,183.899,1.0906250000000002,-1.2321903556716016
91,12.2599,183.899,1.09375,-1.1734451412000382
91,12.2599,183.899,1.096875,-1.1102055621947948
91,12.2599,183.899,1.1,-1.0509947362464676
91,12.2599,183.899,1.1031250000000001,-0.9937485211154161
91,12.2599,183.899,1.1062500000000002,-0.9420183718586783
91,12.2599,183.899,1.109375,-0.9027175889750985
91,12.2599,183.899,1.1125,-0.873614205482761
91,12.2599,183.899,1.115625,-0.8584539290163924
91,12.2599,183.899,1.1187500000000001,-0.8571941987185812
91,12.2599,183.899,1.1218750000000002,-0.8684846199036246
91,12.2599,183.899,1.125,-0.8929238226301718
91,12.2599,183.899,1.128125,-0.9222728713313735
91,12.2599,183.899,1.13125,-0.9592973202875623
91,12.2599,183.899,1.1343750000000001,-1.0016774179082122
91,12.2599,183.899,1.1375000000000002,-1.044726758941466
91,12.2599,183.899,1.140625,-1.0877146166839644
91,12.2599,183.899,1.14375,-1.1253729652962727
91,12.2599,183.899,1.146875,-1.1553344614175347
91,12.2599,183.899,1.1500000000000001,-1.1818931422897565
91,12.2599,183.899,1.1531250000000002,-1.1961601480678428
91,12.2599,183.899,1.15625,-1.2021554262874001
91,12.2599,183.899,1.159375,-1.201537783752851
91,12.2599,183.899,1.1625,-1.1911080659553104
91,12.2599,183.899,1.1656250000000001,-1.1732986608810818
91,12.2599,183.899,1.1687500000000002,-1.1513542370753123
91,12.2599,183.899,1.171875,-1.122042589743771
91,12.2599,183.899,1.175,-1.0906514265786118
91,12.2599,183.899,1.178125,-1.0558172902027527
91,12.2599,183.899,1.1812500000000001,-1.018091250358031
91,12.2599,183.899,1.1843750000000002,-0.9783336425600242
91,12.2599,183.899,1.1875,-0.9407391779496889
91,12.2599,183.899,1.190625,-0.9054406145117841
91,12.2599,183.899,1.19375,-0.8737266725422177
91,12.2599,183.899,1.1968750000000001,-0.847728179852276
91,12.2599,183.899,1.2000000000000002,-0.8281497772561801
91,12.2599,183.899,1.203125,-0.8133777243606208
91,12.2599,183.899,1.20625,-0.8135320828733104
91,12.2599,183.899,1.209375,-0.820965149846195
91,12.2599,183.899,1.2125000000000001,-0.8410219972053995
91,12.2599,183.899,1.2156250000000002,-0.8754097055346226
91,12.2599,183.899,1.21875,-0.918015812274031
91,12.2599,183.899,1.221875,-0.9740454939863925
91,12.2599,183.899,1.225,-1.0368198028541473
91,12.2599,183.899,1.2281250000000001,-1.1033576038016675
91,12.2599,183.899,1.2312500000000002,-1.1740730836756819
91,12.2599,183.899,1.234375,-1.2474709494418685
91,12.2599,183.899,1.2375,-1.316873370023828
91,12.2599,183.899,1.240625,-1.3811810781238785
91,12.2599,183.899,1.2437500000000001,-1.4405886789584583
91,12.2599,183.899,1.2468750000000002,-1.4841043596697183
91,12.2599,183.899,1.25,-1.5101349502447872
91,12.2599,183.899,1.253125,-1.535368036538959
91,12.2599,183.899,1.25625,-1.5388253473383808
91,12.2599,183.899,1.2593750000000001,-1.5241068756602538
91,12.2599,183.899,1.2625000000000002,-1.5038718124253212
91,12.2599,183.899,1.265625,-1.4679809878739145
91,12.2599,183.899,1.26875,-1.423400232692652
91,12.2599,183.899,1.271875,-1.3683519620607902
91,12.2599,183.899,1.2750000000000001,-1.3076769190603317
91,12.2599,183.899,1.2781250000000002,-1.2502804979444704
91,12.2599,183.899,1.28125,-1.1919271473676039
91,12.2599,183.899,1.284375,-1.1355171797151684
91,12.2599,183.899,1.2875,-1.090375352629108
91,12.2599,183.899,1.2906250000000001,-1.048809912650253
91,12.2599,183.899,1.2937500000000002,-1.024409709354723
91,12.2599,183.899,1.296875,-1.0105329749202137
91,12.2599,183.899,1.3,-1.0055324138135444
91,12.2599,183.899,1.303125,-1.0163125035390577
91,12.2599,183.899,1.3062500000000001,-1.036819978313858
91,12.2599,183.899,1.3093750000000002,-1.0702317389300067
91,12.2599,183.899,1.3125,-1.1134076435752356
91,12.2599,183.899,1.315625,-1.1629299307820475
91,12.2599,183.899,1.31875,-1.211201498548827
91,12.2599,183.899,1.3218750000000001,-1.260183993450972
91,12.2599,183.899,1.3250000000000002,-1.3083453317290328
91,12.2599,183.899,1.328125,-1.3454794584049328
91,12.2599,183.899,1.33125,-1.3733413353595836
91,12.2599,183.899,1.334375,-1.395011578761902
91,12.2599,183.899,1.3375000000000001,-1.407226284170509
91,12.2599,183.899,1.3406250000000002,-1.4106987412210892
91,12.2599,183.899,1.34375,-1.4030125978975851
91,12.2599,183.899,1.346875,-1.3878172478764847
91,12.2599,183.899,1.35,-1.36416806250527
91,12.2599,183.899,1.3531250000000001,-1.3353581555549687
91,12.2599,183.899,1.3562500000000002,-1.300967497544593
91,12.2599,183.899,1.359375,-1.2590119530111774
91,12.2599,183.899,1.3625,-1.2138612390084293
91,12.2599,183.899,1.365625,-1.1680855618242123
91,12.2599,183.899,1.3687500000000001,-1.1207762683813507
91,12.2599,183.899,1.3718750000000002,-1.0753352250584949
91,12.2599,183.899,1.375,-1.0294522152043304
91,12.2599,183.899,1.378125,-0.9842254149813979
91,12.2599,183.899,1.38125,-0.944833208075989
91,12.2599,183.899,1.3843750000000001,-0.9148962281901878
91,12.2599,183.899,1.3875000000000002,-0.894673096115055
91,12.2599,183.899,1.390625,-0.8864798313461036
91,12.2599,183.899,1.39375,-0.8958933091809363
91,12.2599,183.899,1.396875,-0.9192364977575134
91,12.2599,183.899,1.4000000000000001,-0.9609151751270018
91,12.2599,183.899,1.4031250000000002,-1.015958003803978
91,12.2599,183.899,1.40625,-1.085561773450767
91,12.2599,183.899,1.409375,-1.1667756973364276
91,12.2599,183.899,1.4125,-1.2504104686999373
91,12.2599,183.899,1.4156250000000001,-1.3378841076270918
91,12.2599,183.899,1.4187500000000002,-1.4214542338976033
91,12.2599,183.899,1.421875,-1.494549701446344
91,12.2599,183.899,1.425,-1.5593177075302327
91,12.2599,183.899,1.428125,-1.606797058623513
91,12.2599,183.899,1.4312500000000001,-1.6411129116587742
91,12.2599,183.899,1.4343750000000002,-1.660502214916
91,12.2599,183.899,1.4375,-1.6614054459439838
91,12.2599,183.899,1.440625,-1.6508522362167868
91,12.2599,183.899,1.44375,-1.6324491671868002
91,12.2599,183.899,1.4468750000000001,-1.6039801017541455
91,12.2599,183.899,1.4500000000000002,-1.56415518854941
91,12.2599,183.899,1.453125,-1.5236928809702575
91,12.2599,183.899,1.45625,-1.4758561143018443
91,12.2599,183.899,1.459375,-1.4286568931076684
91,12.2599,183.899,1.4625000000000001,-1.3806215024636805
91,12.2599,183.899,1.4656250000000002,-1.3371145484823888
91,12.2599,183.899,1.46875,-1.2965208215514328
91,12.2599,183.899,1.471875,-1.2592222565215399
91,12.2599,183.899,1.475,-1.228606837994989
91,12.2599,183.899,1.4781250000000001,-1.204243531808966
91,12.2599,183.899,1.4812500000000002,-1.1892289598597494
91,12.2599,183.899,1.484375,-1.1833011700882077
91,12.2599,183.899,1.4875,-1.1880225937401032
91,12.2599,183.899,1.490625,-1.2061928732505929
91,12.2599,183.899,1.4937500000000001,-1.2346345313019746
91,12.2599,183.899,1.4968750000000002,-1.2746859510386037
91,12.2599,183.899,1.5,-1.3223802697971245
91,12.2599,183.899,1.503125,-1.3751730065016856
91,12.2599,183.899,1.50625,-1.4321306109130736
91,12.2599,183.899,1.5093750000000001,-1.4905756666843488
91,12.2599,183.899,1.5125000000000002,-1.5481021847168734
91,12.2599,183.899,1.515625,-1.5995920498590308
91,12.2599,183.899,1.51875,-1.6431629537942571
91,12.2599,183.899,1.521875,-1.6719686858221028
91,12.2599,183.899,1.5250000000000001,-1.6879725077029408
91,12.2599,183.899,1.5281250000000002,-1.68881540965186
91,12.2599,183.899,1.53125,-1.6781956056520668
91,12.2599,183.899,1.534375,-1.6492128867435367
91,12.2599,183.899,1.5375,-1.606681186909666
91,12.2599,183.899,1.5406250000000001,-1.5543873702934632
91,12.2599,183.899,1.5437500000000002,-1.491079746021911
91,12.2599,183.899,1.546875,-1.420343726262807
91,12.2599,183.899,1.55,-1.3483290844765872
91,12.2599,183.899,1.553125,-1.2740603056375657
91,12.2599,183.899,1.5562500000000001,-1.2001806152575738
91,12.2599,183.899,1.5593750000000002,-1.1345239682883759
91,12.2599,183.899,1.5625,-1.0782502897995705
91,12.2599,183.899,1.565625,-1.0358589982831607
91,12.2599,183.899,1.56875,-1.004973344984562
91,12.2599,183.899,1.5718750000000001,-0.9914113105442288
91,12.2599,183.899,1.5750000000000002,-0.9922687659332935
91,12.2599,183.899,1.578125,-1.0079467093689014
91,12.2599,183.899,1.58125,-1.0420944729850854
91,12.2599,183.899,1.584375,-1.0887262973254805
91,12.2599,183.899,1.5875000000000001,-1.1470662629394615
91,12.2599,183.899,1.5906250000000002,-1.2150591979527412
91,12.2599,183.899,1.59375,-1.2889715125995806
91,12.2599,183.899,1.596875,-1.3669890130815967
91,12.2599,183.899,1.6,-1.4450377071185532
91,12.2599,183.899,1.6031250000000001,-1.5167759701373418
91,12.2599,183.899,1.6062500000000002,-1.5844430751369523
91,12.2599,183.899,1.609375,-1.6408657110080769
91,12.2599,183.899,1.6125,-1.692949527837371
91,12.2599,183.899,1.615625,-1.73078783830964
91,12.2599,183.899,1.6187500000000001,-1.7568963714356631
91,12.2599,183.899,1.6218750000000002,-1.7695431342679402
91,12.2599,183.899,1.625,-1.764500799191758
91,12.2599,183.899,1.628125,-1.748510659496061
91,12.2599,183.899,1.63125,-1.7211526308637215
91,12.2599,183.899,1.6343750000000001,-1.6823877096319322
91,12.2599,183.899,1.6375000000000002,-1.636153218912903
91,12.2599,183.899,1.640625,-1.5793495568350822
91,12.2599,183.899,1.64375,-1.518985930843737
91,12.2599,183.899,1.646875,-1.4577389608463975
91,12.2599,183.899,1.6500000000000001,-1.3964942352017053
91,12.2599,183.899,1.6531250000000002,-1.338554825709104
91,12.2599,183.899,1.65625,-1.2870264790280959
91,12.2599,183.899,1.659375,-1.2486923087885646
91,12.2599,183.899,1.6625,-1.2219830881500633
91,12.2599,183.899,1.6656250000000001,-1.2129713889189881
91,12.2599,183.899,1.6687500000000002,-1.2199408583069118
91,12.2599,183.899,1.671875,-1.2441676360828087
91,12.2599,183.899,1.675,-1.2826259990333553
91,12.2599,183.899,1.678125,-1.3368177981039098
91,12.2599,183.899,1.6812500000000001,-1.4010558226544498
91,12.2599,183.899,1.6843750000000002,-1.4664885249531165
91,12.2599,183.899,1.6875,-1.5440319747111788
91,12.2599,183.899,1.690625,-1.6162539801606024
91,12.2599,183.899,1.69375,-1.6846204445740627
91,12.2599,183.899,1.6968750000000001,-1.7458269989153465
91,12.2599,183.899,1.7000000000000002,-1.7920481923764056
91,12.2599,183.899,1.703125,-1.8313003219343678
91,12.2599,183.899,1.70625,-1.8556971531971902
91,12.2599,183.899,1.709375,-1.8675200804666447
91,12.2599,183.899,1.7125000000000001,-1.8653087911229662
91,12.2599,183.899,1.7156250000000002,-1.8521816432568605
91,12.2599,183.899,1.71875,-1.8241856704911172
91,12.2599,183.899,1.721875,-1.7852392736619491
91,12.2599,183.899,1.725,-1.7356106707935628
91,12.2599,183.899,1.7281250000000001,-1.6785566384375785
91,12.2599,183.899,1.7312500000000002,-1.6107691421775123
91,12.2599,183.899,1.734375,-1.5457172954206213
91,12.2599,183.899,1.7375,-1.4730890727562074
91,12.2599,183.899,1.740625,-1.4018578212415242
91,12.2599,183.899,1.7437500000000001,-1.3334360774592433
91,12.2599,183.899,1.7468750000000002,-1.266720792775342
91,12.2599,183.899,1.75,-1.2092908762867773
91,12.2599,183.899,1.753125,-1.163094039553518
91,12.2599,183.899,1.75625,-1.1296598696927642
91,12.2599,183.899,1.7593750000000001,-1.1111010571161164
91,12.2599,183.899,1.7625000000000002,-1.1096130190844402
91,12.2599,183.899,1.765625,-1.1255597936501969
91,12.2599,183.899,1.76875,-1.1597918523671082
91,12.2599,183.899,1.771875,-1.2100386875702944
91,12.2599,183.899,1.7750000000000001,-1.2714194121121758
91,12.2599,183.899,1.7781250000000002,-1.3480560015377094
91,12.2599,183.899,1.78125,-1.4303525230252028
91,12.2599,183.899,1.784375,-1.5173374000429778
91,12.2599,183.899,1.7875,-1.602628444382559
91,12.2599,183.899,1.7906250000000001,-1.6867117670068845
91,12.2599,183.899,1.7937500000000002,-1.757122325409777
91,12.2599,183.899,1.7968750000000002,-1.8143375201990994
91,12.2599,183.899,1.8,-1.8551566552947354
91,12.2599,183.899,1.803125,-1.8800069880574881
91,12.2599,183.899,1.8062500000000001,-1.8854581443589655
91,12.2599,183.899,1.8093750000000002,-1.876198623820811
91,12.2599,183.899,1.8125000000000002,-1.8503216897740131
91,12.2599,183.899,1.815625,-1.811524860167216
91,12.2599,183.899,1.81875,-1.7605054791416452
91,12.2599,183.899,1.8218750000000001,-1.7023723170695984
91,12.2599,183.899,1.8250000000000002,-1.6407396618254044
91,12.2599,183.899,1.8281250000000002,-1.5762278292349452
91,12.2599,183.899,1.83125,-1.512881144164526
91,12.2599,183.899,1.834375,-1.456618052488615
91,12.2599,183.899,1.8375000000000001,-1.4039224884962094
91,12.2599,183.899,1.8406250000000002,-1.3597019011016949
91,12.2599,183.899,1.8437500000000002,-1.3249916784054165
91,12.2599,183.899,1.846875,-1.3019611253579084
91,12.2599,183.899,1.85,-1.293889697946998
91,12.2599,183.899,1.8531250000000001,-1.2983999687194676
91,12.2599,183.899,1.8562500000000002,-1.3171883371942679
91,12.2599,183.899,1.8593750000000002,-1.3545246281981782
91,12.2599,183.899,1.8625,-1.4009272814965266
91,12.2599,183.899,1.865625,-1.4644483410725981
91,12.2599,183.899,1.8687500000000001,-1.5341565979285054
91,12.2599,183.899,1.8718750000000002,-1.6104895190982205
91,12.2599,183.899,1.8750000000000002,-1.6906663943192444
91,12.2599,183.899,1.878125,-1.769602123402447
91,12.2599,183.899,1.88125,-1.843074699815693
91,12.2599,183.899,1.8843750000000001,-1.9089389143139313
91,12.2599,183.899,1.8875000000000002,-1.9650039095575036
91,12.2599,183.899,1.8906250000000002,-2.0059805043677796
91,12.2599,183.899,1.89375,-2.027900903742469
91,12.2599,183.899,1.896875,-2.037250485963108
91,12.2599,183.899,1.9000000000000001,-2.0315725501798667
91,12.2599,183.899,1.9031250000000002,-1.9939802870268266
91,12.2599,183.899,1.9062500000000002,-1.9507255385598696
91,12.2599,183.899,1.909375,-1.8911559885920672
91,12.2599,183.899,1.9125,-1.8229278252695915
91,12.2599,183.899,1.9156250000000001,-1.7449148584704202
91,12.2599,183.899,1.9187500000000002,-1.6618932542176081
91,12.2599,183.899,1.9218750000000002,-1.573286199248502
91,12.2599,183.899,1.925,-1.4907204456809016
91,12.2599,183.899,1.928125,-1.4069161471056617
91,12.2599,183.899,1.9312500000000001,-1.3319149987207233
91,12.2599,183.899,1.9343750000000002,-1.267106340990373
91,12.2599,183.899,1.9375000000000002,-1.2163143061624444
91,12.2599,183.899,1.940625,-1.181435665273398
91,12.2599,183.899,1.94375,-1.159953946777329
91,12.2599,183.899,1.9468750000000001,-1.1563237552787233
91,12.2599,183.899,1.9500000000000002,-1.1709648242586126
91,12.2599,183.899,1.9531250000000002,-1.2042566220136885
91,12.2599,183.899,1.95625,-1.2534329790499987
91,12.2599,183.899,1.959375,-1.3181670701565293
91,12.2599,183.899,1.9625000000000001,-1.3979572825398112
91,12.2599,183.899,1.9656250000000002,-1.4838743493961581
91,12.2599,183.899,1.9687500000000002,-1.5759777425669297
91,12.2599,183.899,1.971875,-1.6615041722673682
91,12.2599,183.899,1.975,-1.7440994017877696
91,12.2599,183.899,1.9781250000000001,-1.8129664155133485
91,12.2599,183.899,1.9812500000000002,-1.8702064448133986
91,12.2599,183.899,1.9843750000000002,-1.9125208155654396
91,12.2599,183.899,1.9875,-1.9363334957555554
91,12.2599,183.899,1.990625,-1.9409669158866132
91,12.2599,183.899,1.9937500000000001,-1.929558809737987
91,12.2599,183.899,1.9968750000000002,-1.8980894623051447
91,12.2599,183.899,2.0,-1.8529763425061216
91,12.2599,183.899,2.0031250000000003,-1.795170593258055
91,12.2599,183.899,2.00625,-1.7276379753500692
91,12.2599,183.899,2.009375,-1.6552795134241693
91,12.2599,183.899,2.0125,-1.5813195289800854
91,12.2599,183.899,2.015625,-1.5011307120534176
91,12.2599,183.899,2.0187500000000003,-1.4295910933537535
91,12.2599,183.899,2.021875,-1.3600588060770629
91,12.2599,183.899,2.025,-1.2992710160504068
91,12.2599,183.899,2.028125,-1.2496361930426367
91,12.2599,183.899,2.03125,-1.2187682390964796
91,12.2599,183.899,2.0343750000000003,-1.2073305230783389
91,12.2599,183.899,2.0375,-1.2106422879368997
91,12.2599,183.899,2.040625,-1.2314457759258934
91,12.2599,183.899,2.04375,-1.2726440039742513
91,12.2599,183.899,2.046875,-1.330148895208727
91,12.2599,183.899,2.0500000000000003,-1.4009873076030812
91,12.2599,183.899,2.053125,-1.4871928692646552
91,12.2599,183.899,2.05625,-1.5786743148585225
91,12.2599,183.899,2.059375,-1.671867175669798
91,12.2599,183.899,2.0625,-1.767877013568745
91,12.2599,183.899,2.0656250000000003,-1.855640447304463
91,12.2599,183.899,2.06875,-1.9342145972982958
91,12.2599,183.899,2.071875,-1.9966207316757312
91,12.2599,183.899,2.075,-2.0411023026553967
91,12.2599,183.899,2.078125,-2.071441753696229
91,12.2599,183.899,2.0812500000000003,-2.0828572281857882
91,12.2599,183.899,2.084375,-2.0750446686645
91,12.2599,183.899,2.0875,-2.0510391480311903
91,12.2599,183.899,2.090625,-2.0107641268765915
91,12.2599,183.899,2.09375,-1.9547220329527049
91,12.2599,183.899,2.0968750000000003,-1.8869154980128446
91,12.2599,183.899,2.1,-1.8090620380764504
91,12.2599,183.899,2.103125,-1.7269920269315184
91,12.2599,183.899,2.10625,-1.6420338354621582
91,12.2599,183.899,2.109375,-1.556157185082717
91,12.2599,183.899,2.1125000000000003,-1.472306324854227
91,12.2599,183.899,2.115625,-1.3886703862019716
91,12.2599,183.899,2.11875,-1.3146293689851316
91,12.2599,183.899,2.121875,-1.2522681797057367
91,12.2599,183.899,2.125,-1.200052960772623
91,12.2599,183.899,2.1281250000000003,-1.1695109528495304
91,12.2599,183.899,2.13125,-1.1546941292907174
91,12.2599,183.899,2.134375,-1.1653289074541169
91,12.2599,183.899,2.1375,-1.1929328779178276
91,12.2599,183.899,2.140625,-1.242285044278662
91,12.2599,183.899,2.1437500000000003,-1.3072814985971144
91,12.2599,183.899,2.146875,-1.3856496873147175
91,12.2599,183.899,2.1500000000000004,-1.4796586229047113
91,12.2599,183.899,2.153125,-1.575230191384362
91,12.2599,183.899,2.15625,-1.6726819894421365
91,12.2599,183.899,2.1593750000000003,-1.7642279672479582
91,12.2599,183.899,2.1625,-1.842085105612816
91,12.2599,183.899,2.1656250000000004,-1.90543966394418
91,12.2599,183.899,2.16875,-1.9489295475443629
91,12.2599,183.899,2.171875,-1.9720328586863092
91,12.2599,183.899,2.1750000000000003,-1.972651778770622
91,12.2599,183.899,2.178125,-1.9549034377890109
91,12.2599,183.899,2.1812500000000004,-1.9180842191765803
91,12.2599,183.899,2.184375,-1.8665012762222886
91,12.2599,183.899,2.1875,-1.8000024191756958
91,12.2599,183.899,2.1906250000000003,-1.7255556594153703
91,12.2599,183.899,2.19375,-1.6443681293785295
91,12.2599,183.899,2.1968750000000004,-1.556886442486801
91,12.2599,183.899,2.2,-1.4729212271440464
91,12.2599,183.899,2.203125,-1.39266392505575
91,12.2599,183.899,2.2062500000000003,-1.317221603047555
91,12.2599,183.899,2.209375,-1.2558171347451408
91,12.2599,183.899,2.2125000000000004,-1.2022342226866978
91,12.2599,183.899,2.215625,-1.166577703562146
91,12.2599,183.899,2.21875,-1.1423820394779611
91,12.2599,183.899,2.2218750000000003,-1.1380747076900488
91,12.2599,183.899,2.225,-1.151428768089648
91,12.2599,183.899,2.2281250000000004,-1.190935630620547
91,12.2599,183.899,2.23125,-1.2494638413992523
91,12.2599,183.899,2.234375,-1.316872396513976
91,12.2599,183.899,2.2375000000000003,-1.4007711265819054
91,12.2599,183.899,2.240625,-1.4906159160274415
91,12.2599,183.899,2.2437500000000004,-1.588187434809488
91,12.2599,183.899,2.246875,-1.6873979391789427
91,12.2599,183.899,2.25,-1.7807463324722699
91,12.2599,183.899,2.2531250000000003,-1.8673305908793194
91,12.2599,183.899,2.25625,-1.942710466752853
91,12.2599,183.899,2.2593750000000004,-2.000396452842652
91,12.2599,183.899,2.2625,-2.045988803594145
91,12.2599,183.899,2.265625,-2.0698950140767187
91,12.2599,183.899,2.2687500000000003,-2.0737583904283596
91,12.2599,183.899,2.271875,-2.056780412002486
91,12.2599,183.899,2.2750000000000004,-2.024379872113324
91,12.2599,183.899,2.278125,-1.9751542722212925
91,12.2599,183.899,2.28125,-1.9093862756135873
91,12.2599,183.899,2.2843750000000003,-1.8311324392848871
91,12.2599,183.899,2.2875,-1.7462209666410269
91,12.2599,183.899,2.2906250000000004,-1.6524658407621353
91,12.2599,183.899,2.29375,-1.5567186910287014
91,12.2599,183.899,2.296875,-1.4626807865211109
91,12.2599,183.899,2.3000000000000003,-1.3780556532385215
91,12.2599,183.899,2.303125,-1.2975330476847067
91,12.2599,183.899,2.3062500000000004,-1.2311371515210554
91,12.2599,183.899,2.309375,-1.1782542398852476
91,12.2599,183.899,2.3125,-1.1426787322272443
91,12.2599,183.899,2.3156250000000003,-1.1246443392705467
91,12.2599,183.899,2.31875,-1.1240556819609933
91,12.2599,183.899,2.3218750000000004,-1.1452470445483747
91,12.2599,183.899,2.325,-1.183971452132036
91,12.2599,183.899,2.328125,-1.2419511820863494
91,12.2599,183.899,2.3312500000000003,-1.3158577811499508
91,12.2599,183.899,2.334375,-1.4026069351245933
91,12.2599,183.899,2.3375000000000004,-1.4935379727165863
91,12.2599,183.899,2.340625,-1.593537034626351
91,12.2599,183.899,2.34375,-1.6991007446486668
91,12.2599,183.899,2.3468750000000003,-1.8009288495667874
91,12.2599,183.899,2.35,-1.9045154769765862
91,12.2599,183.899,2.3531250000000004,-2.0023558288895953
91,12.2599,183.899,2.35625,-2.061234445152998
91,12.2599,183.899,2.359375,-2.072659767181115
91,12.2599,183.899,2.3625000000000003,-2.0575824385056696
91,12.2599,183.899,2.365625,-2.025975993474623
91,12.2599,183.899,2.3687500000000004,-1.9858910541474155
91,12.2599,183.899,2.371875,-1.9356738601682695
91,12.2599,183.899,2.375,-1.871609650807723
91,12.2599,183.899,2.3781250000000003,-1.80585758611594
91,12.2599,183.899,2.38125,-1.7388040695403972
91,12.2599,183.899,2.3843750000000004,-1.6602209955496168
91,12.2599,183.899,2.3875,-1.5483759192566724
91,12.2599,183.899,2.390625,-1.4288380515313037
91,12.2599,183.899,2.3937500000000003,-1.3218557441607315
91,12.2599,183.899,2.396875,-1.2334439287439873
91,12.2599,183.899,2.4000000000000004,-1.167284774202101
91,12.2599,183.899,2.403125,-1.1151137805889126
91,12.2599,183.899,2.40625,-1.0822835291615611
91,12.2599,183.899,2.4093750000000003,-1.0822271675185207
91,12.2599,183.899,2.4125,-1.1022373416448625
91,12.2599,183.899,2.4156250000000004,-1.1468633450949146
91,12.2599,183.899,2.41875,-1.2143774047295308
91,12.2599,183.899,2.421875,-1.302933854376347
91,12.2599,183.899,2.4250000000000003,-1.4107060122580797
91,12.2599,183.899,2.428125,-1.5321226978367295
91,12.2599,183.899,2.4312500000000004,-1.6624011904806755
91,12.2599,183.899,2.434375,-1.7982254527442385
91,12.2599,183.899,2.4375,-1.9385094077483953
91,12.2599,183.899,2.4406250000000003,-2.089469443799214
91,12.2599,183.899,2.44375,-2.213341349208285
91,12.2599,183.899,2.4468750000000004,-2.345740140502204
91,12.2599,183.899,2.45,-2.672024477427022
91,12.2599,183.899,2.453125,-3.039300339020184
91,12.2599,183.899,2.4562500000000003,-2.584201710254637
91,12.2599,183.899,2.459375,-2.264490862122081
91,12.2599,183.899,2.4625000000000004,-2.117865513611174
91,12.2599,183.899,2.465625,-2.01324427062299
91,12.2599,183.899,2.46875,-1.9180280431727095
91,12.2599,183.899,2.4718750000000003,-1.8193991216191026
91,12.2599,183.899,2.475,-1.7247399881751155
91,12.2599,183.899,2.4781250000000004,-1.6274866082551467
91,12.2599,183.899,2.48125,-1.5346550266958934
91,12.2599,183.899,2.484375,-1.4472907954956513
91,12.2599,183.899,2.4875000000000003,-1.3669925048286724
91,12.2599,183.899,2.490625,-1.295951229816169
91,12.2599,183.899,2.4937500000000004,-1.2399011683184382
91,12.2599,183.899,2.496875,-1.196109179721707
91,12.2599,183.899,2.5,-1.1731430135083796
91,12.2599,183.899,2.5031250000000003,-1.1731707785526804
91,12.2599,183.899,2.50625,-1.1918794922721723
91,12.2599,183.899,2.5093750000000004,-1.2253435681403115
91,12.2599,183.899,2.5125,-1.2824279548884834
91,12.2599,183.899,2.515625,-1.3523217072757991
91,12.2599,183.899,2.5187500000000003,-1.4395855025841164
91,12.2599,183.899,2.521875,-1.5362941411174205
91,12.2599,183.899,2.5250000000000004,-1.6355698899561197
91,12.2599,183.899,2.528125,-1.742113852185332
91,12.2599,183.899,2.53125,-1.8422717213640971
91,12.2599,183.899,2.5343750000000003,-1.9316192813070896
91,12.2599,183.899,2.5375,-2.0046538053599194
91,12.2599,183.899,2.5406250000000004,-2.0597072788873874
91,12.2599,183.899,2.54375,-2.092136055341339
91,12.2599,183.899,2.546875,-2.1028024665027387
91,12.2599,183.899,2.5500000000000003,-2.0914095552195335
91,12.2599,183.899,2.553125,-2.0579298731569833
91,12.2599,183.899,2.5562500000000004,-2.00419338161442
91,12.2599,183.899,2.559375,-1.9319248736222316
91,12.2599,183.899,2.5625,-1.8431347007871277
91,12.2599,183.899,2.5656250000000003,-1.7453257557335116
91,12.2599,183.899,2.56875,-1.640253382470649
91,12.2599,183.899,2.5718750000000004,-1.5401225953656807
91,12.2599,183.899,2.575,-1.4387815834446847
91,12.2599,183.899,2.578125,-1.3460666201404625
91,12.2599,183.899,2.5812500000000003,-1.268576081250037
91,12.2599,183.899,2.584375,-1.2062606621488785
91,12.2599,183.899,2.5875000000000004,-1.1605198988422103
91,12.2599,183.899,2.590625,-1.140721785032471
91,12.2599,183.899,2.59375,-1.1408242326962257
91,12.2599,183.899,2.5968750000000003,-1.1705067146007693
91,12.2599,183.899,2.6,-1.2205963587208242
91,12.2599,183.899,2.6031250000000004,-1.2927171885202995
91,12.2599,183.899,2.60625,-1.380964577480245
91,12.2599,183.899,2.609375,-1.4899723885438578
91,12.2599,183.899,2.6125000000000003,-1.6002383692384872
91,12.2599,183.899,2.615625,-1.7157604325186027
91,12.2599,183.899,2.6187500000000004,-1.8273784966827242
91,12.2599,183.899,2.621875,-1.9302824563709815
91,12.2599,183.899,2.625,-2.02049862191965
91,12.2599,183.899,2.6281250000000003,-2.0953191131792384
91,12.2599,183.899,2.63125,-2.1505545561554666
91,12.2599,183.899,2.6343750000000004,-2.1810097007584286
91,12.2599,183.899,2.6375,-2.1887982059313242
91,12.2599,183.899,2.640625,-2.1782548113825255
91,12.2599,183.899,2.6437500000000003,-2.147587636418684
91,12.2599,183.899,2.646875,-2.0992582349905304
91,12.2599,183.899,2.6500000000000004,-2.04003556856523
91,12.2599,183.899,2.653125,-1.963906445309661
91,12.2599,183.899,2.65625,-1.8811532153941448
91,12.2599,183.899,2.6593750000000003,-1.790869653607148
91,12.2599,183.899,2.6625,-1.6988876133071202
91,12.2599,183.899,2.6656250000000004,-1.6078460776677794
91,12.2599,183.899,2.66875,-1.523334042189085
91,12.2599,183.899,2.671875,-1.4454934549103602
91,12.2599,183.899,2.6750000000000003,-1.3800435493245926
91,12.2599,183.899,2.678125,-1.3296720672116473
91,12.2599,183.899,2.6812500000000004,-1.2980948635228549
91,12.2599,183.899,2.684375,-1.2838564462425406
91,12.2599,183.899,2.6875,-1.2895750017326713
91,12.2599,183.899,2.6906250000000003,-1.315979356687055
91,12.2599,183.899,2.69375,-1.3676422724233168
91,12.2599,183.899,2.6968750000000004,-1.4398360578496991
91,12.2599,183.899,2.7,-1.5308815387422594
91,12.2599,183.899,2.703125,-1.632376803082742
91,12.2599,183.899,2.7062500000000003,-1.7437702822831849
91,12.2599,183.899,2.709375,-1.8563375352743183
91,12.2599,183.899,2.7125000000000004,-1.9663823546182932
91,12.2599,183.899,2.715625,-2.0690609639641218
91,12.2599,183.899,2.71875,-2.159175468804468
91,12.2599,183.899,2.7218750000000003,-2.2359017800037826
91,12.2599,183.899,2.725,-2.288188361217985
91,12.2599,183.899,2.7281250000000004,-2.3208504941175425
91,12.2599,183.899,2.73125,-2.3287671499392966
91,12.2599,183.899,2.734375,-2.3166352194555713
91,12.2599,183.899,2.7375000000000003,-2.2859961937963518
91,12.2599,183.899,2.740625,-2.2326901493555673
91,12.2599,183.899,2.7437500000000004,-2.165924036661367
91,12.2599,183.899,2.746875,-2.1100699419406843
91,12.2599,183.899,2.75,-2.0778795610074536
91,12.2599,183.899,2.7531250000000003,-2.1384930644114557
91,12.2599,183.899,2.75625,-2.246556900613303
91,12.2599,183.899,2.7593750000000004,-1.9567783187834977
91,12.2599,183.899,2.7625,-1.7415264344952284
91,12.2599,183.899,2.765625,-1.6071662379519238
91,12.2599,183.899,2.7687500000000003,-1.5138536889774503
91,12.2599,183.899,2.771875,-1.4517120387465074
91,12.2599,183.899,2.7750000000000004,-1.4137844950027545
91,12.2599,183.899,2.778125,-1.3984314723399116
91,12.2599,183.899,2.78125,-1.4129831987503758
91,12.2599,183.899,2.7843750000000003,-1.4480176560707188
91,12.2599,183.899,2.7875,-1.510262951106891
91,12.2599,183.899,2.7906250000000004,-1.5932737289356376
91,12.2599,183.899,2.79375,-1.6933284625118248
91,12.2599,183.899,2.796875,-1.8090040604604765
91,12.2599,183.899,2.8000000000000003,-1.931541103959341
91,12.2599,183.899,2.803125,-2.0532895413904515
91,12.2599,183.899,2.8062500000000004,-2.1675958954203303
91,12.2599,183.899,2.809375,-2.268598093628357
91,12.2599,183.899,2.8125,-2.3533804527109545
91,12.2599,183.899,2.8156250000000003,-2.4185856113791777
91,12.2599,183.899,2.81875,-2.4608489421157005
91,12.2599,183.899,2.8218750000000004,-2.480114368957562
91,12.2599,183.899,2.825,-2.473708196719479
91,12.2599,183.899,2.828125,-2.4453340034665114
91,12.2599,183.899,2.8312500000000003,-2.3973548617846734
91,12.2599,183.899,2.834375,-2.3323706871205423
91,12.2599,183.899,2.8375000000000004,-2.253925774946165
91,12.2599,183.899,2.840625,-2.1647272807993208
91,12.2599,183.899,2.84375,-2.0723880776554533
91,12.2599,183.899,2.8468750000000003,-1.9806485450504892
91,12.2599,183.899,2.85,-1.8907685407322592
91,12.2599,183.899,2.8531250000000004,-1.8108917445844366
91,12.2599,183.899,2.85625,-1.7340705280170787
91,12.2599,183.899,2.859375,-1.673483690276162
91,12.2599,183.899,2.8625000000000003,-1.6280835668781548
91,12.2599,183.899,2.865625,-1.6020806946510668
91,12.2599,183.899,2.8687500000000004,-1.5959192776965214
91,12.2599,183.899,2.871875,-1.6102258020901443
91,12.2599,183.899,2.875,-1.6499785500245114
91,12.2599,183.899,2.8781250000000003,-1.7075523946716118
91,12.2599,183.899,2.88125,-1.7861086188956243
91,12.2599,183.899,2.8843750000000004,-1.877640750067239
91,12.2599,183.899,2.8875,-1.9833572481874264
91,12.2599,183.899,2.890625,-2.0943492911360986
91,12.2599,183.899,2.8937500000000003,-2.211693434379216
91,12.2599,183.899,2.896875,-2.328972214544969
91,12.2599,183.899,2.9000000000000004,-2.429318432592836
91,12.2599,183.899,2.903125,-2.5207386664106806
91,12.2599,183.899,2.90625,-2.5992956729290246
91,12.2599,183.899,2.9093750000000003,-2.6567365864803967
91,12.2599,183.899,2.9125,-2.6926472253772986
91,12.2599,183.899,2.9156250000000004,-2.7083447283279023
91,12.2599,183.899,2.91875,-2.7000211242380487
91,12.2599,183.899,2.921875,-2.6714531362974747
91,12.2599,183.899,2.9250000000000003,-2.624957080435661
91,12.2599,183.899,2.928125,-2.5604261542424336
91,12.2599,183.899,2.9312500000000004,-2.4843094288162177
91,12.2599,183.899,2.934375,-2.395437161505432
91,12.2599,183.899,2.9375,-2.3006064167039932
91,12.2599,183.899,2.9406250000000003,-2.2046440246980117
91,12.2599,183.899,2.94375,-2.1094495529219297
91,12.2599,183.899,2.9468750000000004,-2.024266585442437
91,12.2599,183.899,2.95,-1.9491906421117258
91,12.2599,183.899,2.953125,-1.8858587401987759
91,12.2599,183.899,2.9562500000000003,-1.8425531216638231
91,12.2599,183.899,2.959375,-1.8215044625432038
91,12.2599,183.899,2.9625000000000004,-1.8260033660755495
91,12.2599,183.899,2.965625,-1.8575697926406376
91,12.2599,183.899,2.96875,-1.9093885136901665
91,12.2599,183.899,2.9718750000000003,-1.9902491756935063
91,12.2599,183.899,2.975,-2.0953420766515927
91,12.2599,183.899,2.9781250000000004,-2.2144325350867278
91,12.2599,183.899,2.98125,-2.3425231773029047
91,12.2599,183.899,2.984375,-2.470534853562815
91,12.2599,183.899,2.9875000000000003,-2.595581401216292
91,12.2599,183.899,2.990625,-2.708896423435419
91,12.2599,183.899,2.9937500000000004,-2.806825218004195
91,12.2599,183.899,2.996875,-2.8807015204953057
91,12.2599,183.899,3.0,-2.9310324598564437
91,12.2599,183.899,3.0031250000000003,-2.9525321667788718
91,12.2599,183.899,3.00625,-2.9474514679130643
91,12.2599,183.899,3.0093750000000004,-2.9215925227097865
91,12.2599,183.899,3.0125,-2.8713270108990607
91,12.2599,183.899,3.015625,-2.8034750280854066
91,12.2599,183.899,3.0187500000000003,-2.7195896064574363
91,12.2599,183.899,3.021875,-2.6305209129521505
91,12.2599,183.899,3.0250000000000004,-2.5341597587540883
91,12.2599,183.899,3.028125,-2.434270410065372
91,12.2599,183.899,3.03125,-2.3357335415280573
91,12.2599,183.899,3.0343750000000003,-2.240712191240817
91,12.2599,183.899,3.0375,-2.157510624701891
91,12.2599,183.899,3.0406250000000004,-2.086189555057064
91,12.2599,183.899,3.04375,-2.0353360868802692
91,12.2599,183.899,3.046875,-1.997291651818487
91,12.2599,183.899,3.0500000000000003,-1.982303483990397
91,12.2599,183.899,3.053125,-1.9879758601704527
91,12.2599,183.899,3.0562500000000004,-2.0171017409944234
91,12.2599,183.899,3.059375,-2.067995430889428
91,12.2599,183.899,3.0625,-2.1428465989721177
91,12.2599,183.899,3.0656250000000003,-2.2337045168273812
91,12.2599,183.899,3.06875,-2.3372490945157627
91,12.2599,183.899,3.0718750000000004,-2.4586677024173706
91,12.2599,183.899,3.075,-2.5774999136940653
91,12.2599,183.899,3.078125,-2.693679540180038
91,12.2599,183.899,3.0812500000000003,-2.801715099608137
91,12.2599,183.899,3.084375,-2.893796311916174
91,12.2599,183.899,3.0875000000000004,-2.973472277433115
91,12.2599,183.899,3.090625,-3.032464093239086
91,12.2599,183.899,3.09375,-3.068074653292569
91,12.2599,183.899,3.0968750000000003,-3.078309157151222
91,12.2599,183.899,3.1,-3.0678859445164792
91,12.2599,183.899,3.1031250000000004,-3.035183923605654
91,12.2599,183.899,3.10625,-2.979107244596559
91,12.2599,183.899,3.109375,-2.910205974170176
91,12.2599,183.899,3.1125000000000003,-2.8289327618560076
91,12.2599,183.899,3.115625,-2.7394782894216196
91,12.2599,183.899,3.1187500000000004,-2.64756264023531
91,12.2599,183.899,3.121875,-2.552848147805477
91,12.2599,183.899,3.125,-2.4612000184305862
91,12.2599,183.899,3.1281250000000003,-2.3615710662727554
91,12.2599,183.899,3.13125,-2.280879943167158
91,12.2599,183.899,3.1343750000000004,-2.208357548903737
91,12.2599,183.899,3.1375,-2.152591098787201
91,12.2599,183.899,3.140625,-2.125892978862103
91,12.2599,183.899,3.1437500000000003,-2.128629380261245
91,12.2599,183.899,3.146875,-2.1641918233340864
91,12.2599,183.899,3.1500000000000004,-2.2316997253189936
91,12.2599,183.899,3.153125,-2.3290921099150412
91,12.2599,183.899,3.15625,-2.4397646977253413
91,12.2599,183.899,3.1593750000000003,-2.5542469002294075
91,12.2599,183.899,3.1625,-2.6816625559706737
91,12.2599,183.899,3.1656250000000004,-2.8142609218886445
91,12.2599,183.899,3.16875,-2.9369170209658364
91,12.2599,183.899,3.171875,-3.0556204336387918
91,12.2599,183.899,3.1750000000000003,-3.152070036503823
91,12.2599,183.899,3.178125,-3.226181972635282
91,12.2599,183.899,3.1812500000000004,-3.275817122946788
91,12.2599,183.899,3.184375,-3.305904742682881
91,12.2599,183.899,3.1875,-3.3118447901792654
91,12.2599,183.899,3.1906250000000003,-3.2949348211270015
91,12.2599,183.899,3.19375,-3.258433383694383
91,12.2599,183.899,3.1968750000000004,-3.2006351888133566
91,12.2599,183.899,3.2,-3.126209624986786
91,12.2599,183.899,3.203125,-3.039985669499301
91,12.2599,183.899,3.2062500000000003,-2.9401847897945528
91,12.2599,183.899,3.209375,-2.8363142732560305
91,12.2599,183.899,3.2125000000000004,-2.7278472760025094
91,12.2599,183.899,3.215625,-2.62566629074743
91,12.2599,183.899,3.21875,-2.527334661295877
91,12.2599,183.899,3.2218750000000003,-2.4408735550960032
91,12.2599,183.899,3.225,-2.3697183607399737
91,12.2599,183.899,3.2281250000000004,-2.3122679472261125
91,12.2599,183.899,3.23125,-2.2796226855103527
91,12.2599,183.899,3.234375,-2.2697767162380202
91,12.2599,183.899,3.2375000000000003,-2.2843921005249754
91,12.2599,183.899,3.240625,-2.328817652146378
91,12.2599,183.899,3.2437500000000004,-2.3896020892031116
91,12.2599,183.899,3.246875,-2.4557738879089785
91,12.2599,183.899,3.25,-2.5412626745400324
91,12.2599,183.899,3.2531250000000003,-2.6414807802222287
91,12.2599,183.899,3.25625,-2.7467175420326835
91,12.2599,183.899,3.2593750000000004,-2.854519704980839
91,12.2599,183.899,3.2625,-2.9663205122544363
91,12.2599,183.899,3.265625,-3.0581499817310447
91,12.2599,183.899,3.2687500000000003,-3.140548169075441
91,12.2599,183.899,3.271875,-3.205554654865847
91,12.2599,183.899,3.2750000000000004,-3.2502032686304965
91,12.2599,183.899,3.278125,-3.268554766354612
91,12.2599,183.899,3.28125,-3.2673200305844463
91,12.2599,183.899,3.2843750000000003,-3.243157272200779
91,12.2599,183.899,3.2875,-3.202902927280947
91,12.2599,183.899,3.2906250000000004,-3.1449072949870347
91,12.2599,183.899,3.29375,-3.0707451405533086
91,12.2599,183.899,3.296875,-2.983058066143892
91,12.2599,183.899,3.3000000000000003,-2.895658636332405
91,12.2599,183.899,3.303125,-2.797472908714094
91,12.2599,183.899,3.3062500000000004,-2.7018394093644997
91,12.2599,183.899,3.309375,-2.6083181081461726
91,12.2599,183.899,3.3125,-2.521300418922838
91,12.2599,183.899,3.3156250000000003,-2.443726325286816
91,12.2599,183.899,3.31875,-2.380260628986975
91,12.2599,183.899,3.3218750000000004,-2.3312843281792257
91,12.2599,183.899,3.325,-2.3006947695399993
91,12.2599,183.899,3.328125,-2.292554415520646
91,12.2599,183.899,3.3312500000000003,-2.3056746379929165
91,12.2599,183.899,3.334375,-2.341418782109817
91,12.2599,183.899,3.3375000000000004,-2.3981108932943376
91,12.2599,183.899,3.340625,-2.479457137468248
91,12.2599,183.899,3.34375,-2.5772193126304637
91,12.2599,183.899,3.3468750000000003,-2.6889100666519457
91,12.2599,183.899,3.35,-2.812862330532504
91,12.2599,183.899,3.3531250000000004,-2.9367239367994036
91,12.2599,183.899,3.35625,-3.049826248379077
91,12.2599,183.899,3.359375,-3.1518595965139227
91,12.2599,183.899,3.3625000000000003,-3.2317807274197414
91,12.2599,183.899,3.365625,-3.288626463176851
91,12.2599,183.899,3.3687500000000004,-3.323510072071966
91,12.2599,183.899,3.371875,-3.3340270144915642
91,12.2599,183.899,3.375,-3.3259800730455042
91,12.2599,183.899,3.3781250000000003,-3.293873064809228
91,12.2599,183.899,3.38125,-3.2486421178750824
91,12.2599,183.899,3.3843750000000004,-3.185775952292789
91,12.2599,183.899,3.3875,-3.1205724351119555
91,12.2599,183.899,3.390625,-3.0499258692450044
91,12.2599,183.899,3.3937500000000003,-2.9773129441954627
91,12.2599,183.899,3.396875,-2.9069435060184876
91,12.2599,183.899,3.4000000000000004,-2.841434720222778
91,12.2599,183.899,3.403125,-2.773020136656623
91,12.2599,183.899,3.40625,-2.704054376031506
91,12.2599,183.899,3.4093750000000003,-2.6355129866650593
91,12.2599,183.899,3.4125,-2.563078581069962
91,12.2599,183.899,3.4156250000000004,-2.4968609142281957
91,12.2599,183.899,3.41875,-2.44446130377809
91,12.2599,183.899,3.421875,-2.4070096532829166
91,12.2599,183.899,3.4250000000000003,-2.3893244695530735
91,12.2599,183.899,3.428125,-2.4019284827345495
91,12.2599,183.899,3.4312500000000004,-2.432229552126331
91,12.2599,183.899,3.434375,-2.489327058777146
91,12.2599,183.899,3.4375,-2.5626649237350922
91,12.2599,183.899,3.4406250000000003,-2.650906021990524
91,12.2599,183.899,3.44375,-2.744397341897287
91,12.2599,183.899,3.4468750000000004,-2.841753423083529
91,12.2599,183.899,3.45,-2.9262302867931
91,12.2599,183.899,3.453125,-3.0012799562850843
91,12.2599,183.899,3.4562500000000003,-3.0637348022669353
91,12.2599,183.899,3.459375,-3.1063263045496265
91,12.2599,183.899,3.4625000000000004,-3.1274302827960145
91,12.2599,183.899,3.465625,-3.1288949936243493
91,12.2599,183.899,3.46875,-3.1088781616397956
91,12.2599,183.899,3.4718750000000003,-3.070503361314263
91,12.2599,183.899,3.475,-3.017964080324833
91,12.2599,183.899,3.4781250000000004,-2.9454956742783738
91,12.2599,183.899,3.48125,-2.8684404183114047
91,12.2599,183.899,3.484375,-2.784679245255402
91,12.2599,183.899,3.4875000000000003,-2.6980927313688325
91,12.2599,183.899,3.490625,-2.6198555342068297
91,12.2599,183.899,3.4937500000000004,-2.5430444956798626
91,12.2599,183.899,3.496875,-2.4799194254483377
91,12.2599,183.899,3.5,-2.4322621514690623
91,12.2599,183.899,3.5031250000000003,-2.409694689577729
91,12.2599,183.899,3.50625,-2.4117088147587338
91,12.2599,183.899,3.5093750000000004,-2.4461356001846
91,12.2599,183.899,3.5125,-2.512853786182143
91,12.2599,183.899,3.515625,-2.6272116401315775
91,12.2599,183.899,3.5187500000000003,-2.7727355210083173
91,12.2599,183.899,3.521875,-2.9587174614126783
91,12.2599,183.899,3.5250000000000004,-3.1754161936222185
91,12.2599,183.899,3.528125,-3.4210462952723573
91,12.2599,183.899,3.53125,-3.679504387553431
91,12.2599,183.899,3.5343750000000003,-3.936876456325256
91,12.2599,183.899,3.5375,-4.17719162706425
91,12.2599,183.899,3.5406250000000004,-4.372758045120749
91,12.2599,183.899,3.54375,-4.496470506565559
91,12.2599,183.899,3.546875,-4.526470802194159
91,12.2599,183.899,3.5500000000000003,-4.467511041503266
91,12.2599,183.899,3.553125,-4.385645361396026
91,12.2599,183.899,3.5562500000000004,-4.270150894746321
91,12.2599,183.899,3.559375,-4.121270708089909
91,12.2599,183.899,3.5625,-3.9585358800963375
91,12.2599,183.899,3.5656250000000003,-3.789315788387469
91,12.2599,183.899,3.56875,-3.6102527575170185
91,12.2599,183.899,3.5718750000000004,-3.433391394109048
91,12.2599,183.899,3.575,-3.2656596099813715
91,12.2599,183.899,3.5781250000000004,-3.0955054180027277
91,12.2599,183.899,3.5812500000000003,-2.9359600334073797
91,12.2599,183.899,3.584375,-2.7872628542793665
91,12.2599,183.899,3.5875000000000004,-2.6462506245095523
91,12.2599,183.899,3.590625,-2.5308247169310762
91,12.2599,183.899,3.5937500000000004,-2.423895399866988
91,12.2599,183.899,3.5968750000000003,-2.3374789822002824
91,12.2599,183.899,3.6,-2.2759889469515935
91,12.2599,183.899,3.6031250000000004,-2.24647024067617
91,12.2599,183.899,3.60625,-2.2516176991642616
91,12.2599,183.899,3.6093750000000004,-2.2870353778859656
91,12.2599,183.899,3.6125000000000003,-2.3420164151473246
91,12.2599,183.899,3.615625,-2.400653079036836
91,12.2599,183.899,3.6187500000000004,-2.4682326304361415
91,12.2599,183.899,3.621875,-2.5384409514204336
91,12.2599,183.899,3.6250000000000004,-2.6208520530828867
91,12.2599,183.899,3.6281250000000003,-2.709769086381394
91,12.2599,183.899,3.63125,-2.7979953853539725
91,12.2599,183.899,3.6343750000000004,-2.883404326373954
91,12.2599,183.899,3.6375,-2.9571174311229127
91,12.2599,183.899,3.6406250000000004,-3.0216091164164505
91,12.2599,183.899,3.6437500000000003,-3.072751367067444
91,12.2599,183.899,3.646875,-3.1196593717644197
91,12.2599,183.899,3.6500000000000004,-3.1396334879830494
91,12.2599,183.899,3.653125,-3.0803686518072952
91,12.2599,183.899,3.6562500000000004,-2.9900893836119655
91,12.2599,183.899,3.6593750000000003,-2.9045776404823154
91,12.2599,183.899,3.6625,-2.8106340164429167
91,12.2599,183.899,3.6656250000000004,-2.715782334215637
91,12.2599,183.899,3.66875,-2.614681488418152
91,12.2599,183.899,3.6718750000000004,-2.5221963315085896
91,12.2599,183.899,3.6750000000000003,-2.4392213599896677
91,12.2599,183.899,3.678125,-2.367702074281513
91,12.2599,183.899,3.6812500000000004,-2.3504871639731166
91,12.2599,183.899,3.684375,-2.4600133060855294
91,12.2599,183.899,3.6875000000000004,-2.440312323387239
91,12.2599,183.899,3.6906250000000003,-2.210554666470403
91,12.2599,183.899,3.69375,-2.1374553643644503
91,12.2599,183.899,3.6968750000000004,-2.1312523734035214
91,12.2599,183.899,3.7,-2.1591602213464105
91,12.2599,183.899,3.7031250000000004,-2.215085114422514
91,12.2599,183.899,3.7062500000000003,-2.2993837846299883
91,12.2599,183.899,3.709375,-2.3989441998601726
91,12.2599,183.899,3.7125000000000004,-2.52031405089482
91,12.2599,183.899,3.715625,-2.6438498023340733
91,12.2599,183.899,3.7187500000000004,-2.772395372190613
91,12.2599,183.899,3.7218750000000003,-2.899983197301859
91,12.2599,183.899,3.725,-3.0092291974720613
91,12.2599,183.899,3.7281250000000004,-3.1048633928284666
91,12.2599,183.899,3.73125,-3.182757396930838
91,12.2599,183.899,3.7343750000000004,-3.2375482220497593
91,12.2599,183.899,3.7375000000000003,-3.261923068504396
91,12.2599,183.899,3.740625,-3.274280293366428
91,12.2599,183.899,3.7437500000000004,-3.259879334083955
91,12.2599,183.899,3.746875,-3.2171611161002502
91,12.2599,183.899,3.7500000000000004,-3.16375068403124
91,12.2599,183.899,3.7531250000000003,-3.088155885848818
91,12.2599,183.899,3.75625,-3.000623721315072
91,12.2599,183.899,3.7593750000000004,-2.9105973092629323
91,12.2599,183.899,3.7625,-2.819561437565921
91,12.2599,183.899,3.7656250000000004,-2.731751443099388
91,12.2599,183.899,3.7687500000000003,-2.6548500412996696
91,12.2599,183.899,3.771875,-2.58991622435159
91,12.2599,183.899,3.7750000000000004,-2.5446356237702625
91,12.2599,183.899,3.778125,-2.5235815774931467
91,12.2599,183.899,3.7812500000000004,-2.5284669682765455
91,12.2599,183.899,3.7843750000000003,-2.558187010823589
91,12.2599,183.899,3.7875,-2.620685111733608
91,12.2599,183.899,3.7906250000000004,-2.7119870436639646
91,12.2599,183.899,3.79375,-2.8226017413843936
91,12.2599,183.899,3.7968750000000004,-2.958193715036037
91,12.2599,183.899,3.8000000000000003,-3.1059561973484535
91,12.2599,183.899,3.803125,-3.263798826801888
91,12.2599,183.899,3.8062500000000004,-3.4261872635690613
91,12.2599,183.899,3.809375,-3.579104854271256
91,12.2599,183.899,3.8125000000000004,-3.72044454533323
91,12.2599,183.899,3.8156250000000003,-3.8477005003343594
91,12.2599,183.899,3.81875,-3.9518769457849086
91,12.2599,183.899,3.8218750000000004,-4.03582146966282
91,12.2599,183.899,3.825,-4.094073135401503
91,12.2599,183.899,3.8281250000000004,-4.135319869865209
91,12.2599,183.899,3.8312500000000003,-4.160381537998827
91,12.2599,183.899,3.834375,-4.175245768728154
91,12.2599,183.899,3.8375000000000004,-4.159842445309032
91,12.2599,183.899,3.840625,-4.127200495750596
91,12.2599,183.899,3.8437500000000004,-4.080871789204977
91,12.2599,183.899,3.8468750000000003,-4.028964128585176
91,12.2599,183.899,3.85,-3.9627691634692868
91,12.2599,183.899,3.8531250000000004,-3.9017029240390686
91,12.2599,183.899,3.85625,-3.83445504988297
91,12.2599,183.899,3.8593750000000004,-3.7745721887429866
91,12.2599,183.899,3.8625000000000003,-3.720577538831895
91,12.2599,183.899,3.865625,-3.683025832411629
91,12.2599,183.899,3.8687500000000004,-3.671652280734317
91,12.2599,183.899,3.871875,-3.687980775294873
91,12.2599,183.899,3.8750000000000004,-3.7356569917872866
91,12.2599,183.899,3.8781250000000003,-3.815236868722289
91,12.2599,183.899,3.88125,-3.9283746201110596
91,12.2599,183.899,3.8843750000000004,-4.063493526445935
91,12.2599,183.899,3.8875,-4.226322913209242
91,12.2599,183.899,3.8906250000000004,-4.397234368607498
91,12.2599,183.899,3.8937500000000003,-4.58326221664998
91,12.2599,183.899,3.896875,-4.769417115175326
91,12.2599,183.899,3.9000000000000004,-4.947278491174758
91,12.2599,183.899,3.903125,-5.104809635252934
91,12.2599,183.899,3.9062500000000004,-5.243313085154677
91,12.2599,183.899,3.9093750000000003,-5.355886081497648
91,12.2599,183.899,3.9125,-5.439480795920334
91,12.2599,183.899,3.9156250000000004,-5.487048674578751
91,12.2599,183.899,3.91875,-5.510824377410275
91,12.2599,183.899,3.9218750000000004,-5.505494408400961
91,12.2599,183.899,3.9250000000000003,-5.480351602271777
91,12.2599,183.899,3.928125,-5.449275751493202
91,12.2599,183.899,3.9312500000000004,-5.406894542405153
91,12.2599,183.899,3.934375,-5.363069975280368
91,12.2599,183.899,3.9375000000000004,-5.317649203184654
91,12.2599,183.899,3.9406250000000003,-5.27601179582316
91,12.2599,183.899,3.94375,-5.237660068831276
91,12.2599,183.899,3.9468750000000004,-5.206540140465766
91,12.2599,183.899,3.95,-5.182133150471666
91,12.2599,183.899,3.9531250000000004,-5.160167817009331
91,12.2599,183.899,3.9562500000000003,-5.152079527936103
91,12.2599,183.899,3.959375,-5.147273808671072
91,12.2599,183.899,3.9625000000000004,-5.155074603106474
91,12.2599,183.899,3.965625,-5.176076656684717
91,12.2599,183.899,3.9687500000000004,-5.211921993721726
91,12.2599,183.899,3.9718750000000003,-5.253232991939387
91,12.2599,183.899,3.975,-5.316862796271668
91,12.2599,183.899,3.9781250000000004,-5.384784567514753
91,12.2599,183.899,3.98125,-5.459531122416004
91,12.2599,183.899,3.9843750000000004,-5.540171928811599
91,12.2599,183.899,3.9875000000000003,-5.60574417806245
91,12.2599,183.899,3.990625,-5.655760882517189
91,12.2599,183.899,3.9937500000000004,-5.690737694961754
91,12.2599,183.899,3.996875,-5.704487395124211
91,12.2599,183.899,4.0,-5.691102102491582
91,12.2599,183.899,4.003125,-5.645839443524658
91,12.2599,183.899,4.0062500000000005,-5.585260328744762
91,12.2599,183.899,4.009375,-5.506128068474306
91,12.2599,183.899,4.0125,-5.40595690766395
91,12.2599,183.899,4.015625,-5.291994102553581
91,12.2599,183.899,4.01875,-5.173592780054496
91,12.2599,183.899,4.0218750000000005,-5.056740046988779
91,12.2599,183.899,4.025,-4.937622136989026
91,12.2599,183.899,4.028125,-4.831562701088796
91,12.2599,183.899,4.03125,-4.733142597274634
91,12.2599,183.899,4.034375,-4.648985719349636
91,12.2599,183.899,4.0375000000000005,-4.584689520007355
91,12.2599,183.899,4.040625,-4.546561377701652
91,12.2599,183.899,4.04375,-4.534907413254795
91,12.2599,183.899,4.046875,-4.5497571737678975
91,12.2599,183.899,4.05,-4.593753783193129
91,12.2599,183.899,4.0531250000000005,-4.67580892367899
91,12.2599,183.899,4.05625,-4.7920818251716835
91,12.2599,183.899,4.059375,-4.937927033397763
91,12.2599,183.899,4.0625,-5.103551417455141
91,12.2599,183.899,4.065625,-5.2911438171236505
91,12.2599,183.899,4.0687500000000005,-5.485316371789834
91,12.2599,183.899,4.071875,-5.671879129652277
91,12.2599,183.899,4.075,-5.859213225413228
91,12.2599,183.899,4.078125,-6.041019532357089
91,12.2599,183.899,4.08125,-6.199720354270578
91,12.2599,183.899,4.0843750000000005,-6.321285540085255
91,12.2599,183.899,4.0875,-6.4134257006805
91,12.2599,183.899,4.090625,-6.46545311317751
91,12.2599,183.899,4.09375,-6.460991846458393
91,12.2599,183.899,4.096875,-6.40212717905682
91,12.2599,183.899,4.1000000000000005,-6.259549391723592
91,12.2599,183.899,4.103125,-5.943248983833119
91,12.2599,183.899,4.10625,-5.732430854328524
91,12.2599,183.899,4.109375,-5.613416667710032
91,12.2599,183.899,4.1125,-5.508006905166393
91,12.2599,183.899,4.1156250000000005,-5.40084287701038
91,12.2599,183.899,4.11875,-5.300932298578585
91,12.2599,183.899,4.121875,-5.2192547843919455
91,12.2599,183.899,4.125,-5.148093285751997
91,12.2599,183.899,4.128125,-5.103934682583002
91,12.2599,183.899,4.1312500000000005,-5.081739623254846
91,12.2599,183.899,4.134375,-5.078029128129838
91,12.2599,183.899,4.1375,-5.113612562932888
91,12.2599,183.899,4.140625,-5.177420021357692
91,12.2599,183.899,4.14375,-5.271789263991044
91,12.2599,183.899,4.1468750000000005,-5.391874826016839
91,12.2599,183.899,4.15,-5.531831800933336
91,12.2599,183.899,4.153125,-5.692840441037902
91,12.2599,183.899,4.15625,-5.861368128799796
91,12.2599,183.899,4.159375,-6.02153691549937
91,12.2599,183.899,4.1625000000000005,-6.179004454424916
91,12.2599,183.899,4.165625,-6.318609203266529
91,12.2599,183.899,4.16875,-6.440396178069159
91,12.2599,183.899,4.171875,-6.524016507148814
91,12.2599,183.899,4.175,-6.5865354559467235
91,12.2599,183.899,4.1781250000000005,-6.611278606526313
91,12.2599,183.899,4.18125,-6.605999078673841
91,12.2599,183.899,4.184375,-6.571259181555151
91,12.2599,183.899,4.1875,-6.519325847942232
91,12.2599,183.899,4.190625,-6.445384897228086
91,12.2599,183.899,4.1937500000000005,-6.368517153745894
91,12.2599,183.899,4.196875,-6.282679664837556
91,12.2599,183.899,4.2,-6.193523494935862
91,12.2599,183.899,4.203125,-6.114271958668381
91,12.2599,183.899,4.20625,-6.04198948640669
91,12.2599,183.899,4.2093750000000005,-5.98586062385261
91,12.2599,183.899,4.2125,-5.950284948140647
91,12.2599,183.899,4.215625,-5.941357938124735
91,12.2599,183.899,4.21875,-5.960761881492644
91,12.2599,183.899,4.221875,-6.011781601095176
91,12.2599,183.899,4.2250000000000005,-6.093338531889696
91,12.2599,183.899,4.228125,-6.2186555142570965
91,12.2599,183.899,4.23125,-6.37598991163256
91,12.2599,183.899,4.234375,-6.567527569044408
91,12.2599,183.899,4.2375,-6.789557252215673
91,12.2599,183.899,4.2406250000000005,-7.035647604487137
91,12.2599,183.899,4.24375,-7.307725371159117
91,12.2599,183.899,4.246875,-7.585685284223843
91,12.2599,183.899,4.25,-7.866773513256083
91,12.2599,183.899,4.253125,-8.138824483689099
91,12.2599,183.899,4.2562500000000005,-8.381352132944022
91,12.2599,183.899,4.259375,-8.59645089623003
91,12.2599,183.899,4.2625,-8.768156425989131
91,12.2599,183.899,4.265625,-8.895776189009363
91,12.2599,183.899,4.26875,-8.977282600479166
91,12.2599,183.899,4.2718750000000005,-9.01789139524336
91,12.2599,183.899,4.275,-9.022491910226615
91,12.2599,183.899,4.278125,-8.984353368165117
91,12.2599,183.899,4.28125,-8.92293745316331
91,12.2599,183.899,4.284375000000001,-8.843209058279161
91,12.2599,183.899,4.2875000000000005,-8.760076098102054
91,12.2599,183.899,4.290625,-8.659584528938142
91,12.2599,183.899,4.29375,-8.557447016143422
91,12.2599,183.899,4.296875,-8.475359129163259
91,12.2599,183.899,4.300000000000001,-8.423610085741295
91,12.2599,183.899,4.3031250000000005,-8.40459540537278
91,12.2599,183.899,4.30625,-8.432579932329215
91,12.2599,183.899,4.309375,-8.509898965208695
91,12.2599,183.899,4.3125,-8.644108670287896
91,12.2599,183.899,4.315625000000001,-8.833902022300348
91,12.2599,183.899,4.3187500000000005,-9.089127784614023
91,12.2599,183.899,4.321875,-9.398313462127557
91,12.2599,183.899,4.325,-9.782330880276815
91,12.2599,183.899,4.328125,-10.197610763698503
91,12.2599,183.899,4.331250000000001,-10.663907746266135
91,12.2599,183.899,4.3343750000000005,-11.16398105727724
91,12.2599,183.899,4.3375,-11.683533887036464
91,12.2599,183.899,4.340625,-12.202055753197559
91,12.2599,183.899,4.34375,-12.686187071933094
91,12.2599,183.899,4.346875000000001,-13.123845118700586
91,12.2599,183.899,4.3500000000000005,-13.444643875786364
91,12.2599,183.899,4.353125,-13.611098573317367
91,12.2599,183.899,4.35625,-13.728875166389496
91,12.2599,183.899,4.359375,-13.684810684831792
91,12.2599,183.899,4.362500000000001,-13.675176227753958
91,12.2599,183.899,4.3656250000000005,-13.642766476252854
91,12.2599,183.899,4.36875,-13.602809507222961
91,12.2599,183.899,4.371875,-13.561314273559814
91,12.2599,183.899,4.375,-13.490679034503557
91,12.2599,183.899,4.378125000000001,-13.407293883917257
91,12.2599,183.899,4.3812500000000005,-13.316945406949404
91,12.2599,183.899,4.384375,-13.237651941602856
91,12.2599,183.899,4.3875,-13.167573661034877
91,12.2599,183.899,4.390625,-13.11391954789137
91,12.2599,183.899,4.393750000000001,-13.052910810578622
91,12.2599,183.899,4.3968750000000005,-12.998803933295749
91,12.2599,183.899,4.4,-12.96071188040699
91,12.2599,183.899,4.403125,-12.902012992452448
91,12.2599,183.899,4.40625,-12.854861622997236
91,12.2599,183.899,4.409375000000001,-12.775320153051894
91,12.2599,183.899,4.4125000000000005,-12.707323343449053
91,12.2599,183.899,4.415625,-12.62608724951846
91,12.2599,183.899,4.41875,-12.538715643573898
91,12.2599,183.899,4.421875,-12.410064841481228
91,12.2599,183.899,4.425000000000001,-12.200356074770298
91,12.2599,183.899,4.4281250000000005,-11.968356798969657
91,12.2599,183.899,4.43125,-11.835762622957242
91,12.2599,183.899,4.434375,-11.752401159144979
91,12.2599,183.899,4.4375,-11.695772975197173
91,12.2599,183.899,4.440625000000001,-11.62686222928049
91,12.2599,183.899,4.4437500000000005,-11.522342524101221
91,12.2599,183.899,4.446875,-11.398591012429755
91,12.2599,183.899,4.45,-11.24998578143974
91,12.2599,183.899,4.453125,-11.046232237028137
91,12.2599,183.899,4.456250000000001,-10.814773848465586
91,12.2599,183.899,4.4593750000000005,-10.550189912914405
91,12.2599,183.899,4.4625,-10.266345816326936
91,12.2599,183.899,4.465625,-9.95948226406844
91,12.2599,183.899,4.46875,-9.648978515731734
91,12.2599,183.899,4.471875000000001,-9.336922204694275
91,12.2599,183.899,4.4750000000000005,-9.01495255148415
91,12.2599,183.899,4.478125,-8.701425719588665
91,12.2599,183.899,4.48125,-8.389042951141763
91,12.2599,183.899,4.484375,-8.09198074620966
91,12.2599,183.899,4.487500000000001,-7.806525398397255
91,12.2599,183.899,4.4906250000000005,-7.524484601059152
91,12.2599,183.899,4.49375,-7.269787066370005
91,12.2599,183.899,4.496875,-7.035101805492997
91,12.2599,183.899,4.5,-6.81352188412116
91,12.2599,183.899,4.503125000000001,-6.6189467953732954
91,12.2599,183.899,4.5062500000000005,-6.451022020559034
91,12.2599,183.899,4.509375,-6.314859023043404
91,12.2599,183.899,4.5125,-6.232995741418143
91,12.2599,183.899,4.515625,-6.20644687434881
91,12.2599,183.899,4.518750000000001,-6.230470177083162
91,12.2599,183.899,4.5218750000000005,-6.274912458836485
91,12.2599,183.899,4.525,-6.317533434502939
91,12.2599,183.899,4.528125,-6.347317511081255
91,12.2599,183.899,4.53125,-6.377828125272275
91,12.2599,183.899,4.534375000000001,-6.411473885435913
91,12.2599,183.899,4.5375000000000005,-6.444255573638074
91,12.2599,183.899,4.540625,-6.469676613759031
91,12.2599,183.899,4.54375,-6.490609304431154
91,12.2599,183.899,4.546875,-6.5646249964288454
91,12.2599,183.899,4.550000000000001,-6.580276981352325
91,12.2599,183.899,4.5531250000000005,-6.560029072287551
91,12.2599,183.899,4.55625,-6.518903846410757
91,12.2599,183.899,4.559375,-6.437408322475251
91,12.2599,183.899,4.5625,-6.341636824419262
91,12.2599,183.899,4.565625000000001,-6.2418504214090555
91,12.2599,183.899,4.5687500000000005,-6.1409981560844695
91,12.2599,183.899,4.571875,-6.044210858711424
91,12.2599,183.899,4.575,-5.946723612114171
91,12.2599,183.899,4.578125,-5.850360625567542
91,12.2599,183.899,4.581250000000001,-5.756358610231524
91,12.2599,183.899,4.5843750000000005,-5.6632224129497075
91,12.2599,183.899,4.5875,-5.569061711365331
91,12.2599,183.899,4.590625,-5.481107061755446
91,12.2599,183.899,4.59375,-5.3972204603918525
91,12.2599,183.899,4.596875000000001,-5.333902483026076
91,12.2599,183.899,4.6000000000000005,-5.284511145845212
91,12.2599,183.899,4.603125,-5.2564251944408085
91,12.2599,183.899,4.60625,-5.257856270363811
91,12.2599,183.899,4.609375,-5.285317477453749
91,12.2599,183.899,4.612500000000001,-5.340766440052419
91,12.2599,183.899,4.6156250000000005,-5.428327259640097
91,12.2599,183.899,4.61875,-5.539284943439275
91,12.2599,183.899,4.621875,-5.658380292802071
91,12.2599,183.899,4.625,-5.80669988237082
91,12.2599,183.899,4.628125000000001,-5.969431761434628
91,12.2599,183.899,4.6312500000000005,-6.147005837680725
91,12.2599,183.899,4.634375,-6.338782735286836
91,12.2599,183.899,4.6375,-6.537249929222702
91,12.2599,183.899,4.640625,-6.729919026142676
91,12.2599,183.899,4.643750000000001,-6.893874634597995
91,12.2599,183.899,4.6468750000000005,-7.07017990786654
91,12.2599,183.899,4.65,-7.2418601779356955
91,12.2599,183.899,4.653125,-7.395911957624546
91,12.2599,183.899,4.65625,-7.528325345521672
91,12.2599,183.899,4.659375000000001,-7.625983638497134
91,12.2599,183.899,4.6625000000000005,-7.6814000530024025
91,12.2599,183.899,4.665625,-7.683680001251768
91,12.2599,183.899,4.66875,-7.62817094466155
91,12.2599,183.899,4.671875,-7.517781449679451
91,12.2599,183.899,4.675000000000001,-7.347102542853645
91,12.2599,183.899,4.6781250000000005,-7.129616283890288
91,12.2599,183.899,4.68125,-6.8606516378424365
91,12.2599,183.899,4.684375,-6.55261986183025
91,12.2599,183.899,4.6875,-6.280463269823652
91,12.2599,183.899,4.690625000000001,-6.074609613039453
91,12.2599,183.899,4.6937500000000005,-5.872885448054776
91,12.2599,183.899,4.696875,-5.686717374033136
91,12.2599,183.899,4.7,-5.518286645887485
91,12.2599,183.899,4.703125,-5.389579452250297
91,12.2599,183.899,4.706250000000001,-5.286632730272791
91,12.2599,183.899,4.7093750000000005,-5.216726776736953
91,12.2599,183.899,4.7125,-5.1678095097557915
91,12.2599,183.899,4.715625,-5.140811177417385
91,12.2599,183.899,4.71875,-5.133462380450455
91,12.2599,183.899,4.721875000000001,-5.124611359215106
91,12.2599,183.899,4.7250000000000005,-5.114326507393912
91,12.2599,183.899,4.728125,-5.108778723685994
91,12.2599,183.899,4.73125,-5.094972154005405
91,12.2599,183.899,4.734375,-5.069740974827246
91,12.2599,183.899,4.737500000000001,-5.039038820975083
91,12.2599,183.899,4.7406250000000005,-4.999005041495952
91,12.2599,183.899,4.74375,-4.951771285070121
91,12.2599,183.899,4.746875,-4.88712873974797
91,12.2599,183.899,4.75,-4.818032338060567
91,12.2599,183.899,4.753125000000001,-4.736959833565252
91,12.2599,183.899,4.7562500000000005,-4.646263289742109
91,12.2599,183.899,4.759375,-4.553571097118107
91,12.2599,183.899,4.7625,-4.4602501356584465
91,12.2599,183.899,4.765625,-4.36819505253303
91,12.2599,183.899,4.768750000000001,-4.276239951898179
91,12.2599,183.899,4.7718750000000005,-4.192332847406478
91,12.2599,183.899,4.775,-4.111969445865722
91,12.2599,183.899,4.778125,-4.040229708563048
91,12.2599,183.899,4.78125,-3.9700955330754066
91,12.2599,183.899,4.784375000000001,-3.905938720265669
91,12.2599,183.899,4.7875000000000005,-3.852432201741661
91,12.2599,183.899,4.790625,-3.8162779396047863
91,12.2599,183.899,4.79375,-3.8000488340314846
91,12.2599,183.899,4.796875,-3.8086492681759725
91,12.2599,183.899,4.800000000000001,-3.8441010081732596
91,12.2599,183.899,4.8031250000000005,-3.899544516180751
91,12.2599,183.899,4.80625,-3.9726064151401626
91,12.2599,183.899,4.809375,-4.057015214755563
91,12.2599,183.899,4.8125,-4.149505766633232
91,12.2599,183.899,4.815625000000001,-4.245981386498696
91,12.2599,183.899,4.8187500000000005,-4.345375708127585
91,12.2599,183.899,4.821875,-4.442943570664613
91,12.2599,183.899,4.825,-4.5285204491658195
91,12.2599,183.899,4.828125,-4.59945656444112
91,12.2599,183.899,4.831250000000001,-4.657488429799991
91,12.2599,183.899,4.8343750000000005,-4.692122724365891
91,12.2599,183.899,4.8375,-4.714024112720693
91,12.2599,183.899,4.840625,-4.714003774188103
91,12.2599,183.899,4.84375,-4.695887711393497
91,12.2599,183.899,4.846875000000001,-4.6581988903548215
91,12.2599,183.899,4.8500000000000005,-4.610144136905972
91,12.2599,183.899,4.853125,-4.554934272857101
91,12.2599,183.899,4.85625,-4.490561062311762
91,12.2599,183.899,4.859375,-4.4198962841464
91,12.2599,183.899,4.862500000000001,-4.353120370864198
91,12.2599,183.899,4.8656250000000005,-4.28958970746791
91,12.2599,183.899,4.86875,-4.232378325357528
91,12.2599,183.899,4.871875,-4.190297717925429
91,12.2599,183.899,4.875,-4.157696183295381
91,12.2599,183.899,4.878125000000001,-4.143930290245871
91,12.2599,183.899,4.8812500000000005,-4.144697216652766
91,12.2599,183.899,4.884375,-4.164565844737168
91,12.2599,183.899,4.8875,-4.204692683119667
91,12.2599,183.899,4.890625,-4.265363866830411
91,12.2599,183.899,4.893750000000001,-4.342794633683325
91,12.2599,183.899,4.8968750000000005,-4.433437989325943
91,12.2599,183.899,4.9,-4.525057276059163
91,12.2599,183.899,4.903125,-4.622537403716921
91,12.2599,183.899,4.90625,-4.7137019123418185
91,12.2599,183.899,4.909375000000001,-4.793714390422871
91,12.2599,183.899,4.9125000000000005,-4.860338975628417
91,12.2599,183.899,4.915625,-4.91002380169482
91,12.2599,183.899,4.91875,-4.948650191285472
91,12.2599,183.899,4.921875,-4.959904402048284
91,12.2599,183.899,4.925000000000001,-4.957857155177825
91,12.2599,183.899,4.9281250000000005,-4.933156055020265
91,12.2599,183.899,4.93125,-4.892182083029885
91,12.2599,183.899,4.934375,-4.839148628767761
91,12.2599,183.899,4.9375,-4.771535700904553
91,12.2599,183.899,4.940625000000001,-4.694589922962601
91,12.2599,183.899,4.9437500000000005,-4.613730979546855
91,12.2599,183.899,4.946875,-4.525554890911913
91,12.2599,183.899,4.95,-4.44106676990224
91,12.2599,183.899,4.953125,-4.354718518249175
91,12.2599,183.899,4.956250000000001,-4.272159629457977
91,12.2599,183.899,4.9593750000000005,-4.198742317875938
91,12.2599,183.899,4.9625,-4.141535848463686
91,12.2599,183.899,4.965625,-4.097125428134505
91,12.2599,183.899,4.96875,-4.087876977946639
91,12.2599,183.899,4.971875000000001,-4.10812225694983
91,12.2599,183.899,4.9750000000000005,-4.161553027284089
91,12.2599,183.899,4.978125,-4.22691779677058
91,12.2599,183.899,4.98125,-4.294492506223245
91,12.2599,183.899,4.984375,-4.363445455872624
91,12.2599,183.899,4.987500000000001,-4.444146693843708
91,12.2599,183.899,4.9906250000000005,-4.548278911984289
91,12.2599,183.899,4.99375,-4.665399441260845
91,12.2599,183.899,4.996875,-4.792620452023576
91,12.2599,183.899,5.0,-4.927500218591426
91,12.2599,183.899,5.003125000000001,-5.041687126741157
91,12.2599,183.899,5.0062500000000005,-5.160620206114982
91,12.2599,183.899,5.009375,-5.269048984690359
91,12.2599,183.899,5.0125,-5.357322026080662
91,12.2599,183.899,5.015625,-5.426991513257612
91,12.2599,183.899,5.018750000000001,-5.481959135632869
91,12.2599,183.899,5.0218750000000005,-5.523646856245705
91,12.2599,183.899,5.025,-5.544026993097728
91,12.2599,183.899,5.028125,-5.557486126129901
91,12.2599,183.899,5.03125,-5.56178268963928
91,12.2599,183.899,5.034375000000001,-5.553485236965967
91,12.2599,183.899,5.0375000000000005,-5.540367556801641
91,12.2599,183.899,5.040625,-5.527238506545318
91,12.2599,183.899,5.04375,-5.5128299093744735
91,12.2599,183.899,5.046875,-5.49871579503967
91,12.2599,183.899,5.050000000000001,-5.4901850281341495
91,12.2599,183.899,5.0531250000000005,-5.493416804552542
91,12.2599,183.899,5.05625,-5.503994871973813
91,12.2599,183.899,5.059375,-5.528244816434666
91,12.2599,183.899,5.0625,-5.573994793306979
91,12.2599,183.899,5.065625000000001,-5.628582730771107
91,12.2599,183.899,5.0687500000000005,-5.696377685165635
91,12.2599,183.899,5.071875,-5.768408618965191
91,12.2599,183.899,5.075,-5.859562825783681
91,12.2599,183.899,5.078125,-5.967598835985907
91,12.2599,183.899,5.081250000000001,-6.0670613797871855
91,12.2599,183.899,5.0843750000000005,-6.1885237095078445
91,12.2599,183.899,5.0875,-6.310554366393978
91,12.2599,183.899,5.090625,-6.426490307638763
91,12.2599,183.899,5.09375,-6.529722494390874
91,12.2599,183.899,5.096875000000001,-6.596966846793984
91,12.2599,183.899,5.1000000000000005,-6.6471498838633
91,12.2599,183.899,5.103125,-6.686889774592558
91,12.2599,183.899,5.10625,-6.70286073426618
91,12.2599,183.899,5.109375,-6.6911716043696305
91,12.2599,183.899,5.112500000000001,-6.664218901690341
91,12.2599,183.899,5.1156250000000005,-6.616177033579927
91,12.2599,183.899,5.11875,-6.551074334079004
91,12.2599,183.899,5.121875,-6.474906273903923
91,12.2599,183.899,5.125,-6.39020340518702
91,12.2599,183.899,5.128125000000001,-6.299055599554853
91,12.2599,183.899,5.1312500000000005,-6.208702032911364
91,12.2599,183.899,5.134375,-6.116354258521194
91,12.2599,183.899,5.1375,-6.025670120485955
91,12.2599,183.899,5.140625,-5.9455061736114185
91,12.2599,183.899,5.143750000000001,-5.8759127843792065
91,12.2599,183.899,5.1468750000000005,-5.816129679251
91,12.2599,183.899,5.15,-5.762959925179867
91,12.2599,183.899,5.153125,-5.728348361628211
91,12.2599,183.899,5.15625,-5.708573225476865
91,12.2599,183.899,5.159375000000001,-5.711938367540737
91,12.2599,183.899,5.1625000000000005,-5.722903953915682
91,12.2599,183.899,5.165625,-5.753314641714087
91,12.2599,183.899,5.16875,-5.790514169129693
91,12.2599,183.899,5.171875,-5.8420891020053
91,12.2599,183.899,5.175000000000001,-5.908607646883802
91,12.2599,183.899,5.1781250000000005,-5.978169009182123
91,12.2599,183.899,5.18125,-6.049437718806122
91,12.2599,183.899,5.184375,-6.134644919316614
91,12.2599,183.899,5.1875,-6.211239142055419
91,12.2599,183.899,5.190625000000001,-6.273150997983174
91,12.2599,183.899,5.1937500000000005,-6.351734830040375
91,12.2599,183.899,5.196875,-6.410903288049289
91,12.2599,183.899,5.2,-6.475939137075153
91,12.2599,183.899,5.203125,-6.548897839279103
91,12.2599,183.899,5.206250000000001,-6.594488537066492
91,12.2599,183.899,5.2093750000000005,-6.623614014757065
91,12.2599,183.899,5.2125,-6.611983163148451
91,12.2599,183.899,5.215625,-6.572181128506588
91,12.2599,183.899,5.21875,-6.535157344799073
91,12.2599,183.899,5.221875000000001,-6.5130845775761586
91,12.2599,183.899,5.2250000000000005,-6.5020218210813425
91,12.2599,183.899,5.228125,-6.4980407374760265
91,12.2599,183.899,5.23125,-6.511318397598219
91,12.2599,183.899,5.234375,-6.54012999948132
91,12.2599,183.899,5.237500000000001,-6.597560678925715
91,12.2599,183.899,5.2406250000000005,-6.681902319934759
91,12.2599,183.899,5.24375,-6.7968055924597595
91,12.2599,183.899,5.246875,-6.980880128431698
91,12.2599,183.899,5.25,-7.234988060377824
91,12.2599,183.899,5.253125000000001,-7.609167716065427
91,12.2599,183.899,5.2562500000000005,-8.195365556625267
91,12.2599,183.899,5.259375,-9.098690610592318
91,12.2599,183.899,5.2625,-10.44143003908606
91,12.2599,183.899,5.265625,-11.385488232214547
91,12.2599,183.899,5.268750000000001,-10.235981055869136
91,12.2599,183.899,5.2718750000000005,-8.710746047464653
91,12.2599,183.899,5.275,-7.934355433353316
91,12.2599,183.899,5.278125,-7.643663247480685
91,12.2599,183.899,5.28125,-7.550794492454221
91,12.2599,183.899,5.284375000000001,-7.530398774254685
91,12.2599,183.899,5.2875000000000005,-7.53536134270557
91,12.2599,183.899,5.290625,-7.5364581070175305
91,12.2599,183.899,5.29375,-7.528559795723285
91,12.2599,183.899,5.296875,-7.503774873118863
91,12.2599,183.899,5.300000000000001,-7.455829316236844
91,12.2599,183.899,5.3031250000000005,-7.403881426071893
91,12.2599,183.899,5.30625,-7.337964221486434
91,12.2599,183.899,5.309375,-7.260824414794178
91,12.2599,183.899,5.3125,-7.184018745578347
91,12.2599,183.899,5.315625000000001,-7.097464125986487
91,12.2599,183.899,5.3187500000000005,-7.01156215667977
91,12.2599,183.899,5.321875,-6.926777126944178
91,12.2599,183.899,5.325,-6.841470624124931
91,12.2599,183.899,5.328125,-6.757483993392595
91,12.2599,183.899,5.331250000000001,-6.679421261636691
91,12.2599,183.899,5.3343750000000005,-6.60334301577902
91,12.2599,183.899,5.3375,-6.541037169338086
91,12.2599,183.899,5.340625,-6.484265590635561
91,12.2599,183.899,5.34375,-6.431338437075179
91,12.2599,183.899,5.346875000000001,-6.394096823064883
91,12.2599,183.899,5.3500000000000005,-6.34947880070658
91,12.2599,183.899,5.353125,-6.304667590439999
91,12.2599,183.899,5.35625,-6.287490010880671
91,12.2599,183.899,5.359375,-6.278522203599886
91,12.2599,183.899,5.362500000000001,-6.285065619879257
91,12.2599,183.899,5.3656250000000005,-6.303257393161667
91,12.2599,183.899,5.36875,-6.330805478418078
91,12.2599,183.899,5.371875,-6.353704406831167
91,12.2599,183.899,5.375,-6.3735168176205335
91,12.2599,183.899,5.378125000000001,-6.387953690893332
91,12.2599,183.899,5.3812500000000005,-6.391300000957076
91,12.2599,183.899,5.384375,-6.381684162650142
91,12.2599,183.899,5.3875,-6.371090816889914
91,12.2599,183.899,5.390625,-6.346565547127213
91,12.2599,183.899,5.393750000000001,-6.3166558368001935
91,12.2599,183.899,5.3968750000000005,-6.273282072290714
91,12.2599,183.899,5.4,-6.227078476759878
91,12.2599,183.899,5.403125,-6.187672552085849
91,12.2599,183.899,5.40625,-6.146327639420822
91,12.2599,183.899,5.409375000000001,-6.104962111129929
91,12.2599,183.899,5.4125000000000005,-6.069089073101596
91,12.2599,183.899,5.415625,-6.035625411892162
91,12.2599,183.899,5.41875,-6.008311408978219
91,12.2599,183.899,5.421875,-5.992583890277286
91,12.2599,183.899,5.425000000000001,-5.982999360991669
91,12.2599,183.899,5.4281250000000005,-5.985247359051174
91,12.2599,183.899,5.43125,-6.003037906666172
91,12.2599,183.899,5.434375,-6.035326711333857
91,12.2599,183.899,5.4375,-6.07160808590262
91,12.2599,183.899,5.440625000000001,-6.126016637386175
91,12.2599,183.899,5.4437500000000005,-6.1983252659855665
91,12.2599,183.899,5.446875,-6.273967904623841
91,12.2599,183.899,5.45,-6.372196011623191
91,12.2599,183.899,5.453125,-6.46498098977521
91,12.2599,183.899,5.456250000000001,-6.56424266670032
91,12.2599,183.899,5.4593750000000005,-6.665785412229575
91,12.2599,183.899,5.4625,-6.760303731234024
91,12.2599,183.899,5.465625,-6.837620659981495
91,12.2599,183.899,5.46875,-6.919093853604372
91,12.2599,183.899,5.471875000000001,-6.965728971302444
91,12.2599,183.899,5.4750000000000005,-7.004215569410776
91,12.2599,183.899,5.478125,-7.026446629806382
91,12.2599,183.899,5.48125,-7.03512950274643
91,12.2599,183.899,5.484375,-7.018660103960521
91,12.2599,183.899,5.487500000000001,-6.985475752954283
91,12.2599,183.899,5.4906250000000005,-6.941418450391651
91,12.2599,183.899,5.49375,-6.8834203274396195
91,12.2599,183.899,5.496875,-6.824647757329972
91,12.2599,183.899,5.5,-6.760943326570957
91,12.2599,183.899,5.503125000000001,-6.684347893876471
91,12.2599,183.899,5.5062500000000005,-6.584397976525638
91,12.2599,183.899,5.509375,-6.483631790025219
91,12.2599,183.899,5.5125,-6.3810206040387225
91,12.2599,183.899,5.515625,-6.285085983200794
91,12.2599,183.899,5.518750000000001,-6.204263344544307
91,12.2599,183.899,5.5218750000000005,-6.128915380258997
91,12.2599,183.899,5.525,-6.065189034857708
91,12.2599,183.899,5.528125,-6.0202183489464485
91,12.2599,183.899,5.53125,-5.974987958813323
91,12.2599,183.899,5.534375000000001,-5.914542697694119
91,12.2599,183.899,5.5375000000000005,-5.864169366472211
91,12.2599,183.899,5.540625,-5.828364017896722
91,12.2599,183.899,5.54375,-5.797500669244643
91,12.2599,183.899,5.546875,-5.769115053273936
91,12.2599,183.899,5.550000000000001,-5.743240775694377
91,12.2599,183.899,5.5531250000000005,-5.719993044611325
91,12.2599,183.899,5.55625,-5.695481593301311
91,12.2599,183.899,5.559375,-5.666271299349629
91,12.2599,183.899,5.5625,-5.644835016058451
91,12.2599,183.899,5.565625000000001,-5.613647506458451
91,12.2599,183.899,5.5687500000000005,-5.575809364090702
91,12.2599,183.899,5.571875,-5.544231569219459
91,12.2599,183.899,5.575,-5.495878261468748
91,12.2599,183.899,5.578125,-5.457079366609928
91,12.2599,183.899,5.581250000000001,-5.411786792272746
91,12.2599,183.899,5.5843750000000005,-5.362433510080339
91,12.2599,183.899,5.5875,-5.312545572475091
91,12.2599,183.899,5.590625,-5.25789836868014
91,12.2599,183.899,5.59375,-5.203712065122459
91,12.2599,183.899,5.596875000000001,-5.145991606015166
91,12.2599,183.899,5.6000000000000005,-5.092074937468577
91,12.2599,183.899,5.603125,-5.040293324772555
91,12.2599,183.899,5.60625,-4.985750156709672
91,12.2599,183.899,5.609375,-4.9372587194790265
91,12.2599,183.899,5.612500000000001,-4.903056143950884
91,12.2599,183.899,5.6156250000000005,-4.867737598242306
91,12.2599,183.899,5.61875,-4.83996297245085
91,12.2599,183.899,5.621875,-4.826435762427146
91,12.2599,183.899,5.625,-4.822779996341497
91,12.2599,183.899,5.628125000000001,-4.834673351414118
91,12.2599,183.899,5.6312500000000005,-4.8598570599153845
91,12.2599,183.899,5.634375,-4.8966198337712115
91,12.2599,183.899,5.6375,-4.946191154076459
91,12.2599,183.899,5.640625,-5.008987819490075
91,12.2599,183.899,5.643750000000001,-5.072657853235196
91,12.2599,183.899,5.6468750000000005,-5.140948685430021
91,12.2599,183.899,5.65,-5.207334085473244
91,12.2599,183.899,5.653125,-5.265644726480304
91,12.2599,183.899,5.65625,-5.320381552122885
91,12.2599,183.899,5.659375000000001,-5.357560375177048
91,12.2599,183.899,5.6625000000000005,-5.390192020710788
91,12.2599,183.899,5.665625,-5.407229293295707
91,12.2599,183.899,5.66875,-5.410320287243138
91,12.2599,183.899,5.671875,-5.40040129200079
91,12.2599,183.899,5.675000000000001,-5.382734762518061
91,12.2599,183.899,5.6781250000000005,-5.353446209988874
91,12.2599,183.899,5.68125,-5.313973361198885
91,12.2599,183.899,5.684375,-5.2619438076730995
91,12.2599,183.899,5.6875,-5.196898863766118
91,12.2599,183.899,5.690625000000001,-5.1331832866657905
91,12.2599,183.899,5.6937500000000005,-5.05802510989648
91,12.2599,183.899,5.696875,-4.972011320190041
91,12.2599,183.899,5.7,-4.891303125220994
91,12.2599,183.899,5.703125,-4.8054648976869085
91,12.2599,183.899,5.706250000000001,-4.708876373208945
91,12.2599,183.899,5.7093750000000005,-4.62379116994047
91,12.2599,183.899,5.7125,-4.537377050347868
91,12.2599,183.899,5.715625,-4.445629677286962
91,12.2599,183.899,5.71875,-4.369260780371293
91,12.2599,183.899,5.721875000000001,-4.310318367444184
91,12.2599,183.899,5.7250000000000005,-4.254613318596078
91,12.2599,183.899,5.728125,-4.215592904563005
91,12.2599,183.899,5.73125,-4.185938213766234
91,12.2599,183.899,5.734375,-4.1719529152219765
91,12.2599,183.899,5.737500000000001,-4.156465520658164
91,12.2599,183.899,5.7406250000000005,-4.150361952045591
91,12.2599,183.899,5.74375,-4.1492457530615665
91,12.2599,183.899,5.746875,-4.1480537096319665
91,12.2599,183.899,5.75,-4.148264597462628
91,12.2599,183.899,5.753125000000001,-4.140065338924549
91,12.2599,183.899,5.7562500000000005,-4.126296098983267
91,12.2599,183.899,5.759375,-4.105830545966186
91,12.2599,183.899,5.7625,-4.076098989989388
91,12.2599,183.899,5.765625,-4.037042063050455
91,12.2599,183.899,5.768750000000001,-3.9970067784939003
91,12.2599,183.899,5.7718750000000005,-3.9487338152396303
91,12.2599,183.899,5.775,-3.895035446161904
91,12.2599,183.899,5.778125,-3.8315718414694357
91,12.2599,183.899,5.78125,-3.767467854080795
91,12.2599,183.899,5.784375000000001,-3.694974655486744
91,12.2599,183.899,5.7875000000000005,-3.621916763849944
91,12.2599,183.899,5.790625,-3.5446325102327627
91,12.2599,183.899,5.79375,-3.477533138023525
91,12.2599,183.899,5.796875,-3.4022492577350523
91,12.2599,183.899,5.800000000000001,-3.340062016350747
91,12.2599,183.899,5.8031250000000005,-3.2898158631032763
91,12.2599,183.899,5.80625,-3.2444626566022547
91,12.2599,183.899,5.809375,-3.2150947738083335
91,12.2599,183.899,5.8125,-3.203018438913523
91,12.2599,183.899,5.815625000000001,-3.1935401266757784
91,12.2599,183.899,5.8187500000000005,-3.212706780906612
91,12.2599,183.899,5.821875,-3.2345688917852806
91,12.2599,183.899,5.825,-3.2748477318313847
91,12.2599,183.899,5.828125,-3.3277991211191
91,12.2599,183.899,5.831250000000001,-3.380828117667596
91,12.2599,183.899,5.8343750000000005,-3.4432660592218585
91,12.2599,183.899,5.8375,-3.4992882732672594
91,12.2599,183.899,5.840625,-3.559944354649367
91,12.2599,183.899,5.84375,-3.6037379491172397
91,12.2599,183.899,5.846875000000001,-3.6460193782092087
91,12.2599,183.899,5.8500000000000005,-3.675892989106866
91,12.2599,183.899,5.853125,-3.6916273419421586
91,12.2599,183.899,5.85625,-3.7029543815014945
91,12.2599,183.899,5.859375,-3.707284386733964
91,12.2599,183.899,5.862500000000001,-3.695925930296955
91,12.2599,183.899,5.8656250000000005,-3.681752062946917
91,12.2599,183.899,5.86875,-3.6514154017442726
91,12.2599,183.899,5.871875,-3.612058872857038
91,12.2599,183.899,5.875,-3.5575903676186273
91,12.2599,183.899,5.878125000000001,-3.4956748927771213
91,12.2599,183.899,5.8812500000000005,-3.4270595505482575
91,12.2599,183.899,5.884375,-3.3535730429500505
91,12.2599,183.899,5.8875,-3.2754839433581457
91,12.2599,183.899,5.890625,-3.196659783330565
91,12.2599,183.899,5.893750000000001,-3.122649485732164
91,12.2599,183.899,5.8968750000000005,-3.0541905557304734
91,12.2599,183.899,5.9,-3.0075348202956977
91,12.2599,183.899,5.903125,-2.960613903719827
91,12.2599,183.899,5.90625,-2.935852348087921
91,12.2599,183.899,5.909375000000001,-2.926740953448382
91,12.2599,183.899,5.9125000000000005,-2.9337619352401316
91,12.2599,183.899,5.915625,-2.952534922366282
91,12.2599,183.899,5.91875,-2.9725752818015554
91,12.2599,183.899,5.921875,-3.0007845313541766
91,12.2599,183.899,5.925000000000001,-3.0246262421609407
91,12.2599,183.899,5.9281250000000005,-3.0460435986783843
91,12.2599,183.899,5.93125,-3.063025793070185
91,12.2599,183.899,5.934375,-3.067906319749147
91,12.2599,183.899,5.9375,-3.073050175853724
91,12.2599,183.899,5.940625000000001,-3.0673691959102167
91,12.2599,183.899,5.9437500000000005,-3.0549760293207155
91,12.2599,183.899,5.946875,-3.037659054143989
91,12.2599,183.899,5.95,-3.009641828735743
91,12.2599,183.899,5.953125,-2.9746392687523078
91,12.2599,183.899,5.956250000000001,-2.932896257851204
91,12.2599,183.899,5.9593750000000005,-2.883321587104694
91,12.2599,183.899,5.9625,-2.827730626133464
91,12.2599,183.899,5.965625,-2.766283128954506
91,12.2599,183.899,5.96875,-2.701959121455395
91,12.2599,183.899,5.971875000000001,-2.6295400155762034
91,12.2599,183.899,5.9750000000000005,-2.560211449801106
91,12.2599,183.899,5.978125,-2.484545841745152
91,12.2599,183.899,5.98125,-2.417597331732001
91,12.2599,183.899,5.984375,-2.347323112606616
91,12.2599,183.899,5.987500000000001,-2.2961095734055674
91,12.2599,183.899,5.9906250000000005,-2.2549629760024974
91,12.2599,183.899,5.99375,-2.230685196362652
91,12.2599,183.899,5.996875,-2.2322757130875654
91,12.2599,183.899,6.0,-2.251141469796503
