ScanID,Current,Field,Frequency,Spectra
211,9.4067,141.101,1.0,-0.9338834986520672
211,9.4067,141.101,1.003125,-0.9012649953342539
211,9.4067,141.101,1.00625,-0.8709788658444141
211,9.4067,141.101,1.0093750000000001,-0.8480212962073691
211,9.4067,141.101,1.0125,-0.8307215283156012
211,9.4067,141.101,1.015625,-0.8219284655786853
211,9.4067,141.101,1.01875,-0.8239681523473857
211,9.4067,141.101,1.021875,-0.835176178434516
211,9.4067,141.101,1.0250000000000001,-0.8534420239899572
211,9.4067,141.101,1.028125,-0.882541910199464
211,9.4067,141.101,1.03125,-0.9203455564455388
211,9.4067,141.101,1.034375,-0.9635056860525631
211,9.4067,141.101,1.0375,-1.0086430727715032
211,9.4067,141.101,1.0406250000000001,-1.0604279063300142
211,9.4067,141.101,1.04375,-1.1159494782189827
211,9.4067,141.101,1.046875,-1.1657535471424982
211,9.4067,141.101,1.05,-1.2204833733675398
211,9.4067,141.101,1.053125,-1.2689727831559214
211,9.4067,141.101,1.0562500000000001,-1.314978880806053
211,9.4067,141.101,1.059375,-1.3552992155574917
211,9.4067,141.101,1.0625,-1.3893206784929322
211,9.4067,141.101,1.065625,-1.4131480747536282
211,9.4067,141.101,1.06875,-1.4270256656153295
211,9.4067,141.101,1.0718750000000001,-1.4329818049384513
211,9.4067,141.101,1.0750000000000002,-1.4286645035239935
211,9.4067,141.101,1.078125,-1.412667305114562
211,9.4067,141.101,1.08125,-1.3836182755256816
211,9.4067,141.101,1.084375,-1.3422820055448994
211,9.4067,141.101,1.0875000000000001,-1.2911713461115129
211,9.4067,141.101,1.0906250000000002,-1.2346162260431015
211,9.4067,141.101,1.09375,-1.1736830455652114
211,9.4067,141.101,1.096875,-1.1096080272339766
211,9.4067,141.101,1.1,-1.0509056135268962
211,9.4067,141.101,1.1031250000000001,-0.9949318361467953
211,9.4067,141.101,1.1062500000000002,-0.9421179601513248
211,9.4067,141.101,1.109375,-0.9040069301241083
211,9.4067,141.101,1.1125,-0.8733681797373056
211,9.4067,141.101,1.115625,-0.8575093154373576
211,9.4067,141.101,1.1187500000000001,-0.8577938285792304
211,9.4067,141.101,1.1218750000000002,-0.8701778543000566
211,9.4067,141.101,1.125,-0.8928867162038806
211,9.4067,141.101,1.128125,-0.9253318344915641
211,9.4067,141.101,1.13125,-0.9629781047790621
211,9.4067,141.101,1.1343750000000001,-1.0048961706206392
211,9.4067,141.101,1.1375000000000002,-1.050422913513671
211,9.4067,141.101,1.140625,-1.0925213809606251
211,9.4067,141.101,1.14375,-1.13060998081547
211,9.4067,141.101,1.146875,-1.1594717103083458
211,9.4067,141.101,1.1500000000000001,-1.1832455159155146
211,9.4067,141.101,1.1531250000000002,-1.1986973858639391
211,9.4067,141.101,1.15625,-1.2053638766555448
211,9.4067,141.101,1.159375,-1.2023581495796807
211,9.4067,141.101,1.1625,-1.1893897599847914
211,9.4067,141.101,1.1656250000000001,-1.172369685242477
211,9.4067,141.101,1.1687500000000002,-1.1504752753506726
211,9.4067,141.101,1.171875,-1.1219008947137417
211,9.4067,141.101,1.175,-1.0902333012816936
211,9.4067,141.101,1.178125,-1.055608471902321
211,9.4067,141.101,1.1812500000000001,-1.0178623271398277
211,9.4067,141.101,1.1843750000000002,-0.9790811151372059
211,9.4067,141.101,1.1875,-0.9417625524912415
211,9.4067,141.101,1.190625,-0.9066537724219677
211,9.4067,141.101,1.19375,-0.8761801070942582
211,9.4067,141.101,1.1968750000000001,-0.8484503185216169
211,9.4067,141.101,1.2000000000000002,-0.8308886184014953
211,9.4067,141.101,1.203125,-0.8182809961788893
211,9.4067,141.101,1.20625,-0.8164335754808648
211,9.4067,141.101,1.209375,-0.8246984708900849
211,9.4067,141.101,1.2125000000000001,-0.8462616549339199
211,9.4067,141.101,1.2156250000000002,-0.876460255031071
211,9.4067,141.101,1.21875,-0.9213383419833383
211,9.4067,141.101,1.221875,-0.9757368221477493
211,9.4067,141.101,1.225,-1.0380329294947295
211,9.4067,141.101,1.2281250000000001,-1.1053233524892563
211,9.4067,141.101,1.2312500000000002,-1.1731818852539644
211,9.4067,141.101,1.234375,-1.247916338674046
211,9.4067,141.101,1.2375,-1.31559578879072
211,9.4067,141.101,1.240625,-1.381164845066714
211,9.4067,141.101,1.2437500000000001,-1.4426638533176481
211,9.4067,141.101,1.2468750000000002,-1.4857625175351405
211,9.4067,141.101,1.25,-1.511532092419689
211,9.4067,141.101,1.253125,-1.5359771016690529
211,9.4067,141.101,1.25625,-1.5409312284627716
211,9.4067,141.101,1.2593750000000001,-1.52894845585797
211,9.4067,141.101,1.2625000000000002,-1.5052661890551162
211,9.4067,141.101,1.265625,-1.470892126666787
211,9.4067,141.101,1.26875,-1.423855324010802
211,9.4067,141.101,1.271875,-1.372372578695128
211,9.4067,141.101,1.2750000000000001,-1.3125981223644254
211,9.4067,141.101,1.2781250000000002,-1.254477012294226
211,9.4067,141.101,1.28125,-1.195241968502567
211,9.4067,141.101,1.284375,-1.1378809742435498
211,9.4067,141.101,1.2875,-1.09198545500577
211,9.4067,141.101,1.2906250000000001,-1.051554565195934
211,9.4067,141.101,1.2937500000000002,-1.0250679019356674
211,9.4067,141.101,1.296875,-1.011865783169566
211,9.4067,141.101,1.3,-1.0076992127561377
211,9.4067,141.101,1.303125,-1.0214266285692644
211,9.4067,141.101,1.3062500000000001,-1.0394069885930755
211,9.4067,141.101,1.3093750000000002,-1.074559509219237
211,9.4067,141.101,1.3125,-1.1175487233588526
211,9.4067,141.101,1.315625,-1.1673470561995571
211,9.4067,141.101,1.31875,-1.217374844425084
211,9.4067,141.101,1.3218750000000001,-1.2674368096689113
211,9.4067,141.101,1.3250000000000002,-1.3117535017868338
211,9.4067,141.101,1.328125,-1.3522063148841772
211,9.4067,141.101,1.33125,-1.3810157158662673
211,9.4067,141.101,1.334375,-1.402633508992626
211,9.4067,141.101,1.3375000000000001,-1.4119684569507829
211,9.4067,141.101,1.3406250000000002,-1.4143831308054162
211,9.4067,141.101,1.34375,-1.4077552273614269
211,9.4067,141.101,1.346875,-1.3910964204691958
211,9.4067,141.101,1.35,-1.3676922019212925
211,9.4067,141.101,1.3531250000000001,-1.3377498064475544
211,9.4067,141.101,1.3562500000000002,-1.304281655154079
211,9.4067,141.101,1.359375,-1.2633441943710921
211,9.4067,141.101,1.3625,-1.216740636917684
211,9.4067,141.101,1.365625,-1.1719139686273445
211,9.4067,141.101,1.3687500000000001,-1.123900753062948
211,9.4067,141.101,1.3718750000000002,-1.0767879955493251
211,9.4067,141.101,1.375,-1.0323268149169889
211,9.4067,141.101,1.378125,-0.9884136805643139
211,9.4067,141.101,1.38125,-0.9514845737692906
211,9.4067,141.101,1.3843750000000001,-0.9214921926886072
211,9.4067,141.101,1.3875000000000002,-0.9008478029862022
211,9.4067,141.101,1.390625,-0.89012583305138
211,9.4067,141.101,1.39375,-0.9012029119117377
211,9.4067,141.101,1.396875,-0.9262667642979947
211,9.4067,141.101,1.4000000000000001,-0.9679551310948677
211,9.4067,141.101,1.4031250000000002,-1.0247841111790625
211,9.4067,141.101,1.40625,-1.0953126933201407
211,9.4067,141.101,1.409375,-1.173828097596912
211,9.4067,141.101,1.4125,-1.2605009933688196
211,9.4067,141.101,1.4156250000000001,-1.345518769582722
211,9.4067,141.101,1.4187500000000002,-1.4283722328582442
211,9.4067,141.101,1.421875,-1.504553715941087
211,9.4067,141.101,1.425,-1.5703283189279786
211,9.4067,141.101,1.428125,-1.6176214375889826
211,9.4067,141.101,1.4312500000000001,-1.650490847236425
211,9.4067,141.101,1.4343750000000002,-1.6662197689263416
211,9.4067,141.101,1.4375,-1.6711605820571878
211,9.4067,141.101,1.440625,-1.6600698064886488
211,9.4067,141.101,1.44375,-1.6396588556746792
211,9.4067,141.101,1.4468750000000001,-1.6073264575756636
211,9.4067,141.101,1.4500000000000002,-1.5698686987813704
211,9.4067,141.101,1.453125,-1.5283288928110272
211,9.4067,141.101,1.45625,-1.4818635850226227
211,9.4067,141.101,1.459375,-1.4333946101824002
211,9.4067,141.101,1.4625000000000001,-1.386967047558005
211,9.4067,141.101,1.4656250000000002,-1.3439663551175456
211,9.4067,141.101,1.46875,-1.3026432202967415
211,9.4067,141.101,1.471875,-1.265861352898945
211,9.4067,141.101,1.475,-1.2377956678325979
211,9.4067,141.101,1.4781250000000001,-1.2147824068752298
211,9.4067,141.101,1.4812500000000002,-1.1984454620414435
211,9.4067,141.101,1.484375,-1.1912660924527871
211,9.4067,141.101,1.4875,-1.1974410782625324
211,9.4067,141.101,1.490625,-1.2163860821115358
211,9.4067,141.101,1.4937500000000001,-1.2466654660066008
211,9.4067,141.101,1.4968750000000002,-1.282157165402533
211,9.4067,141.101,1.5,-1.3286120629713027
211,9.4067,141.101,1.503125,-1.3825536379644678
211,9.4067,141.101,1.50625,-1.4409471622575618
211,9.4067,141.101,1.5093750000000001,-1.4995700446133386
211,9.4067,141.101,1.5125000000000002,-1.5567660573711528
211,9.4067,141.101,1.515625,-1.608505730059866
211,9.4067,141.101,1.51875,-1.651717446412628
211,9.4067,141.101,1.521875,-1.6826549568899702
211,9.4067,141.101,1.5250000000000001,-1.6974801384028475
211,9.4067,141.101,1.5281250000000002,-1.6990438011519267
211,9.4067,141.101,1.53125,-1.6846730656718234
211,9.4067,141.101,1.534375,-1.6564432250669194
211,9.4067,141.101,1.5375,-1.6162724209020343
211,9.4067,141.101,1.5406250000000001,-1.5631251130459611
211,9.4067,141.101,1.5437500000000002,-1.498277894616721
211,9.4067,141.101,1.546875,-1.4291599692009973
211,9.4067,141.101,1.55,-1.3547156235349878
211,9.4067,141.101,1.553125,-1.2791481895991308
211,9.4067,141.101,1.5562500000000001,-1.2078252334000414
211,9.4067,141.101,1.5593750000000002,-1.1416533265892628
211,9.4067,141.101,1.5625,-1.087070860528828
211,9.4067,141.101,1.565625,-1.0431047025685816
211,9.4067,141.101,1.56875,-1.0134843709684267
211,9.4067,141.101,1.5718750000000001,-1.0031134441172993
211,9.4067,141.101,1.5750000000000002,-1.0050841117361022
211,9.4067,141.101,1.578125,-1.0223547058258753
211,9.4067,141.101,1.58125,-1.0541651323904526
211,9.4067,141.101,1.584375,-1.10288655891664
211,9.4067,141.101,1.5875000000000001,-1.164392892297153
211,9.4067,141.101,1.5906250000000002,-1.2289752947692283
211,9.4067,141.101,1.59375,-1.3059888678410219
211,9.4067,141.101,1.596875,-1.381510943662729
211,9.4067,141.101,1.6,-1.459200548836819
211,9.4067,141.101,1.6031250000000001,-1.53073606025298
211,9.4067,141.101,1.6062500000000002,-1.597914712821703
211,9.4067,141.101,1.609375,-1.6561097656395485
211,9.4067,141.101,1.6125,-1.7048456037367345
211,9.4067,141.101,1.615625,-1.7425823276742096
211,9.4067,141.101,1.6187500000000001,-1.7698069717671032
211,9.4067,141.101,1.6218750000000002,-1.7796266997860082
211,9.4067,141.101,1.625,-1.7750975066493524
211,9.4067,141.101,1.628125,-1.7601780335656805
211,9.4067,141.101,1.63125,-1.7326760491677506
211,9.4067,141.101,1.6343750000000001,-1.69240350557402
211,9.4067,141.101,1.6375000000000002,-1.646142829467633
211,9.4067,141.101,1.640625,-1.590083405221099
211,9.4067,141.101,1.64375,-1.531039918586885
211,9.4067,141.101,1.646875,-1.4685112013117294
211,9.4067,141.101,1.6500000000000001,-1.4088866399384439
211,9.4067,141.101,1.6531250000000002,-1.3525187679793724
211,9.4067,141.101,1.65625,-1.2969231472198044
211,9.4067,141.101,1.659375,-1.2561101797794436
211,9.4067,141.101,1.6625,-1.2331776565631078
211,9.4067,141.101,1.6656250000000001,-1.2232044973455318
211,9.4067,141.101,1.6687500000000002,-1.2317358200863284
211,9.4067,141.101,1.671875,-1.2562758625054764
211,9.4067,141.101,1.675,-1.2968065163668372
211,9.4067,141.101,1.678125,-1.3513707297909647
211,9.4067,141.101,1.6812500000000001,-1.4129323928378823
211,9.4067,141.101,1.6843750000000002,-1.482057730528536
211,9.4067,141.101,1.6875,-1.5582762844768585
211,9.4067,141.101,1.690625,-1.6302345525530315
211,9.4067,141.101,1.69375,-1.7000430297411828
211,9.4067,141.101,1.6968750000000001,-1.7596434706059119
211,9.4067,141.101,1.7000000000000002,-1.8095579279447676
211,9.4067,141.101,1.703125,-1.8477805835772412
211,9.4067,141.101,1.70625,-1.8712415657869625
211,9.4067,141.101,1.709375,-1.8846590733579325
211,9.4067,141.101,1.7125000000000001,-1.8807481339366454
211,9.4067,141.101,1.7156250000000002,-1.8619085430264761
211,9.4067,141.101,1.71875,-1.8342327119617317
211,9.4067,141.101,1.721875,-1.7961738829983145
211,9.4067,141.101,1.725,-1.7461339843626054
211,9.4067,141.101,1.7281250000000001,-1.6887537750019446
211,9.4067,141.101,1.7312500000000002,-1.6248734236413909
211,9.4067,141.101,1.734375,-1.5552918884701872
211,9.4067,141.101,1.7375,-1.4872475910963008
211,9.4067,141.101,1.740625,-1.4137061003921778
211,9.4067,141.101,1.7437500000000001,-1.3477137167707967
211,9.4067,141.101,1.7468750000000002,-1.2818771486838807
211,9.4067,141.101,1.75,-1.2238778810088837
211,9.4067,141.101,1.753125,-1.175818168727942
211,9.4067,141.101,1.75625,-1.139818483133307
211,9.4067,141.101,1.7593750000000001,-1.120104911089347
211,9.4067,141.101,1.7625000000000002,-1.1174404284137396
211,9.4067,141.101,1.765625,-1.1310127656786166
211,9.4067,141.101,1.76875,-1.165828374443593
211,9.4067,141.101,1.771875,-1.2162125667804682
211,9.4067,141.101,1.7750000000000001,-1.2830764469615785
211,9.4067,141.101,1.7781250000000002,-1.3602320412087565
211,9.4067,141.101,1.78125,-1.4476874891965432
211,9.4067,141.101,1.784375,-1.5383797939999801
211,9.4067,141.101,1.7875,-1.6263496153596058
211,9.4067,141.101,1.7906250000000001,-1.708618926589406
211,9.4067,141.101,1.7937500000000002,-1.7777546186165172
211,9.4067,141.101,1.7968750000000002,-1.8349145105464426
211,9.4067,141.101,1.8,-1.8769320236383642
211,9.4067,141.101,1.803125,-1.8971157816857567
211,9.4067,141.101,1.8062500000000001,-1.9013794272765274
211,9.4067,141.101,1.8093750000000002,-1.8904833832444858
211,9.4067,141.101,1.8125000000000002,-1.8624696578224458
211,9.4067,141.101,1.815625,-1.8271944250702101
211,9.4067,141.101,1.81875,-1.7767988037448748
211,9.4067,141.101,1.8218750000000001,-1.7183120715532088
211,9.4067,141.101,1.8250000000000002,-1.6553674303710695
211,9.4067,141.101,1.8281250000000002,-1.5938330503525797
211,9.4067,141.101,1.83125,-1.5290384631802814
211,9.4067,141.101,1.834375,-1.471954609209939
211,9.4067,141.101,1.8375000000000001,-1.4241966091411888
211,9.4067,141.101,1.8406250000000002,-1.3801443496729557
211,9.4067,141.101,1.8437500000000002,-1.3475932581423244
211,9.4067,141.101,1.846875,-1.326641028982025
211,9.4067,141.101,1.85,-1.3188034271619686
211,9.4067,141.101,1.8531250000000001,-1.3265952266069614
211,9.4067,141.101,1.8562500000000002,-1.3467511157133898
211,9.4067,141.101,1.8593750000000002,-1.382903985800542
211,9.4067,141.101,1.8625,-1.4332617970288528
211,9.4067,141.101,1.865625,-1.4970732644165732
211,9.4067,141.101,1.8687500000000001,-1.56981450910476
211,9.4067,141.101,1.8718750000000002,-1.6473609569293113
211,9.4067,141.101,1.8750000000000002,-1.7265373491870715
211,9.4067,141.101,1.878125,-1.8060215064527503
211,9.4067,141.101,1.88125,-1.8785389463281443
211,9.4067,141.101,1.8843750000000001,-1.946523964566833
211,9.4067,141.101,1.8875000000000002,-2.0017217843653516
211,9.4067,141.101,1.8906250000000002,-2.042688575293071
211,9.4067,141.101,1.89375,-2.0656424048250375
211,9.4067,141.101,1.896875,-2.0749854240304217
211,9.4067,141.101,1.9000000000000001,-2.064073960462207
211,9.4067,141.101,1.9031250000000002,-2.0304613394634803
211,9.4067,141.101,1.9062500000000002,-1.9862205911360256
211,9.4067,141.101,1.909375,-1.928208249434711
211,9.4067,141.101,1.9125,-1.8608591757734652
211,9.4067,141.101,1.9156250000000001,-1.7826278923083274
211,9.4067,141.101,1.9187500000000002,-1.700746004038711
211,9.4067,141.101,1.9218750000000002,-1.6134532609297947
211,9.4067,141.101,1.925,-1.5307264218082643
211,9.4067,141.101,1.928125,-1.4485744947690904
211,9.4067,141.101,1.9312500000000001,-1.378189583548618
211,9.4067,141.101,1.9343750000000002,-1.3155739250838185
211,9.4067,141.101,1.9375000000000002,-1.266395677569283
211,9.4067,141.101,1.940625,-1.2345084436124694
211,9.4067,141.101,1.94375,-1.2175860445707185
211,9.4067,141.101,1.9468750000000001,-1.2171317408165079
211,9.4067,141.101,1.9500000000000002,-1.2361244440231176
211,9.4067,141.101,1.9531250000000002,-1.2757636700302222
211,9.4067,141.101,1.95625,-1.330817288721564
211,9.4067,141.101,1.959375,-1.3976292805755663
211,9.4067,141.101,1.9625000000000001,-1.4776610711986768
211,9.4067,141.101,1.9656250000000002,-1.5681876044350123
211,9.4067,141.101,1.9687500000000002,-1.6580911331645094
211,9.4067,141.101,1.971875,-1.7485649155966954
211,9.4067,141.101,1.975,-1.8288221701216787
211,9.4067,141.101,1.9781250000000001,-1.9002301746247947
211,9.4067,141.101,1.9812500000000002,-1.9576741069457428
211,9.4067,141.101,1.9843750000000002,-1.9989675747081597
211,9.4067,141.101,1.9875,-2.02055139327424
211,9.4067,141.101,1.990625,-2.024340736316119
211,9.4067,141.101,1.9937500000000001,-2.010481415695179
211,9.4067,141.101,1.9968750000000002,-1.9787782024382803
211,9.4067,141.101,2.0,-1.9310736808762474
211,9.4067,141.101,2.0031250000000003,-1.8740319248051016
211,9.4067,141.101,2.00625,-1.8096191338167396
211,9.4067,141.101,2.009375,-1.736958378584608
211,9.4067,141.101,2.0125,-1.6600244172257592
211,9.4067,141.101,2.015625,-1.5833529475347747
211,9.4067,141.101,2.0187500000000003,-1.511270765750761
211,9.4067,141.101,2.021875,-1.44515509616828
211,9.4067,141.101,2.025,-1.385825112336379
211,9.4067,141.101,2.028125,-1.339818312535396
211,9.4067,141.101,2.03125,-1.311016947463002
211,9.4067,141.101,2.0343750000000003,-1.2998758112184274
211,9.4067,141.101,2.0375,-1.3077408658912726
211,9.4067,141.101,2.040625,-1.3312853611348896
211,9.4067,141.101,2.04375,-1.3758254202213063
211,9.4067,141.101,2.046875,-1.4363712338748602
211,9.4067,141.101,2.0500000000000003,-1.5148102943889739
211,9.4067,141.101,2.053125,-1.5961027976712938
211,9.4067,141.101,2.05625,-1.6899498297191093
211,9.4067,141.101,2.059375,-1.786535786283566
211,9.4067,141.101,2.0625,-1.8816700590485054
211,9.4067,141.101,2.0656250000000003,-1.9728845814337377
211,9.4067,141.101,2.06875,-2.0474909499543017
211,9.4067,141.101,2.071875,-2.1101371597301872
211,9.4067,141.101,2.075,-2.15307398786923
211,9.4067,141.101,2.078125,-2.183604613850711
211,9.4067,141.101,2.0812500000000003,-2.192282287941752
211,9.4067,141.101,2.084375,-2.1815778512080755
211,9.4067,141.101,2.0875,-2.1565360470298818
211,9.4067,141.101,2.090625,-2.114859819300538
211,9.4067,141.101,2.09375,-2.0568747245388654
211,9.4067,141.101,2.0968750000000003,-1.9882049986703576
211,9.4067,141.101,2.1,-1.9112376152192594
211,9.4067,141.101,2.103125,-1.827271287358262
211,9.4067,141.101,2.10625,-1.7432032175932675
211,9.4067,141.101,2.109375,-1.6584726372275729
211,9.4067,141.101,2.1125000000000003,-1.577091643747228
211,9.4067,141.101,2.115625,-1.4967224506468995
211,9.4067,141.101,2.11875,-1.4274640033182244
211,9.4067,141.101,2.121875,-1.366975040269697
211,9.4067,141.101,2.125,-1.3200239785957326
211,9.4067,141.101,2.1281250000000003,-1.2928972062898627
211,9.4067,141.101,2.13125,-1.286052797561674
211,9.4067,141.101,2.134375,-1.2987392031733616
211,9.4067,141.101,2.1375,-1.3325813380321239
211,9.4067,141.101,2.140625,-1.3851101305435107
211,9.4067,141.101,2.1437500000000003,-1.457209164107795
211,9.4067,141.101,2.146875,-1.5391573208361087
211,9.4067,141.101,2.1500000000000004,-1.6340978447560799
211,9.4067,141.101,2.153125,-1.7292614309204979
211,9.4067,141.101,2.15625,-1.8314829372931698
211,9.4067,141.101,2.1593750000000003,-1.920723044388915
211,9.4067,141.101,2.1625,-2.001445102935768
211,9.4067,141.101,2.1656250000000004,-2.0664236585152387
211,9.4067,141.101,2.16875,-2.110550560371646
211,9.4067,141.101,2.171875,-2.1329600050178534
211,9.4067,141.101,2.1750000000000003,-2.1297070163878042
211,9.4067,141.101,2.178125,-2.108481843104906
211,9.4067,141.101,2.1812500000000004,-2.0669079117757816
211,9.4067,141.101,2.184375,-2.012355096800907
211,9.4067,141.101,2.1875,-1.945038057705487
211,9.4067,141.101,2.1906250000000003,-1.8726843288426025
211,9.4067,141.101,2.19375,-1.7924707159575068
211,9.4067,141.101,2.1968750000000004,-1.7075608025411337
211,9.4067,141.101,2.2,-1.6239145082855064
211,9.4067,141.101,2.203125,-1.5415696038598357
211,9.4067,141.101,2.2062500000000003,-1.4700097780268528
211,9.4067,141.101,2.209375,-1.4096770515689099
211,9.4067,141.101,2.2125000000000004,-1.3590545158892366
211,9.4067,141.101,2.215625,-1.3261060408926537
211,9.4067,141.101,2.21875,-1.3076247618123535
211,9.4067,141.101,2.2218750000000003,-1.307566122470324
211,9.4067,141.101,2.225,-1.3265026684754633
211,9.4067,141.101,2.2281250000000004,-1.3665910231620957
211,9.4067,141.101,2.23125,-1.4201567778116715
211,9.4067,141.101,2.234375,-1.4890177166584095
211,9.4067,141.101,2.2375000000000003,-1.572183085163272
211,9.4067,141.101,2.240625,-1.6613709382628885
211,9.4067,141.101,2.2437500000000004,-1.7616520837741834
211,9.4067,141.101,2.246875,-1.8596823164933634
211,9.4067,141.101,2.25,-1.954651591521421
211,9.4067,141.101,2.2531250000000003,-2.03926044735009
211,9.4067,141.101,2.25625,-2.1157422122450757
211,9.4067,141.101,2.2593750000000004,-2.1743850886737848
211,9.4067,141.101,2.2625,-2.2161960627350217
211,9.4067,141.101,2.265625,-2.238965714630327
211,9.4067,141.101,2.2687500000000003,-2.241013267837582
211,9.4067,141.101,2.271875,-2.21868920640985
211,9.4067,141.101,2.2750000000000004,-2.18430486193815
211,9.4067,141.101,2.278125,-2.1372918637051903
211,9.4067,141.101,2.28125,-2.073238799684321
211,9.4067,141.101,2.2843750000000003,-1.9992524537463783
211,9.4067,141.101,2.2875,-1.9134168292518814
211,9.4067,141.101,2.2906250000000004,-1.8160452339320754
211,9.4067,141.101,2.29375,-1.7207899951652428
211,9.4067,141.101,2.296875,-1.6279763790186124
211,9.4067,141.101,2.3000000000000003,-1.5400949836254312
211,9.4067,141.101,2.303125,-1.4650901732913122
211,9.4067,141.101,2.3062500000000004,-1.4013183135904197
211,9.4067,141.101,2.309375,-1.3535798378820474
211,9.4067,141.101,2.3125,-1.3221785472336522
211,9.4067,141.101,2.3156250000000003,-1.3107694442671032
211,9.4067,141.101,2.31875,-1.3151676210991936
211,9.4067,141.101,2.3218750000000004,-1.3481632020314493
211,9.4067,141.101,2.325,-1.4010122405062095
211,9.4067,141.101,2.328125,-1.4675961147947398
211,9.4067,141.101,2.3312500000000003,-1.557873318560481
211,9.4067,141.101,2.334375,-1.6561355920179897
211,9.4067,141.101,2.3375000000000004,-1.762665992402657
211,9.4067,141.101,2.340625,-1.8715028145588555
211,9.4067,141.101,2.34375,-1.9776280585491945
211,9.4067,141.101,2.3468750000000003,-2.078614025992496
211,9.4067,141.101,2.35,-2.183868296411391
211,9.4067,141.101,2.3531250000000004,-2.278103599247676
211,9.4067,141.101,2.35625,-2.322881824167064
211,9.4067,141.101,2.359375,-2.3164190141845737
211,9.4067,141.101,2.3625000000000003,-2.2874131921878016
211,9.4067,141.101,2.365625,-2.2467244757747395
211,9.4067,141.101,2.3687500000000004,-2.197794427594614
211,9.4067,141.101,2.371875,-2.1353388919580234
211,9.4067,141.101,2.375,-2.066425982508941
211,9.4067,141.101,2.3781250000000003,-1.9956660785134201
211,9.4067,141.101,2.38125,-1.9212180019042426
211,9.4067,141.101,2.3843750000000004,-1.8325797579801886
211,9.4067,141.101,2.3875,-1.7249195508375639
211,9.4067,141.101,2.390625,-1.6043681837900152
211,9.4067,141.101,2.3937500000000003,-1.5026489808335628
211,9.4067,141.101,2.396875,-1.416583868491441
211,9.4067,141.101,2.4000000000000004,-1.3478575411558367
211,9.4067,141.101,2.403125,-1.3046459961835977
211,9.4067,141.101,2.40625,-1.2831629680422356
211,9.4067,141.101,2.4093750000000003,-1.2848409788379043
211,9.4067,141.101,2.4125,-1.3146494656913246
211,9.4067,141.101,2.4156250000000004,-1.3677431960029218
211,9.4067,141.101,2.41875,-1.4449360284474104
211,9.4067,141.101,2.421875,-1.5436701319364101
211,9.4067,141.101,2.4250000000000003,-1.6573837865111427
211,9.4067,141.101,2.428125,-1.7869333333525028
211,9.4067,141.101,2.4312500000000004,-1.9199797802132978
211,9.4067,141.101,2.434375,-2.063063027849048
211,9.4067,141.101,2.4375,-2.1795444680920077
211,9.4067,141.101,2.4406250000000003,-2.288583040539757
211,9.4067,141.101,2.44375,-2.4420317491345265
211,9.4067,141.101,2.4468750000000004,-2.6489199539800143
211,9.4067,141.101,2.45,-2.833883720788644
211,9.4067,141.101,2.453125,-3.3766057736169452
211,9.4067,141.101,2.4562500000000003,-3.0798596774484057
211,9.4067,141.101,2.459375,-2.729194217712083
211,9.4067,141.101,2.4625000000000004,-2.5825721351185074
211,9.4067,141.101,2.465625,-2.491841317984069
211,9.4067,141.101,2.46875,-2.412439633646099
211,9.4067,141.101,2.4718750000000003,-2.3335161601941232
211,9.4067,141.101,2.475,-2.2491380253892546
211,9.4067,141.101,2.4781250000000004,-2.1573521348686775
211,9.4067,141.101,2.48125,-2.066025955157345
211,9.4067,141.101,2.484375,-1.9686459086795214
211,9.4067,141.101,2.4875000000000003,-1.8750911395963983
211,9.4067,141.101,2.490625,-1.7849352752610028
211,9.4067,141.101,2.4937500000000004,-1.7058257046863674
211,9.4067,141.101,2.496875,-1.6395026628200082
211,9.4067,141.101,2.5,-1.5951494580320655
211,9.4067,141.101,2.5031250000000003,-1.5714415049948913
211,9.4067,141.101,2.50625,-1.5701307494922265
211,9.4067,141.101,2.5093750000000004,-1.5895193459518586
211,9.4067,141.101,2.5125,-1.6275875597845193
211,9.4067,141.101,2.515625,-1.6858404921189598
211,9.4067,141.101,2.5187500000000003,-1.7593020953929273
211,9.4067,141.101,2.521875,-1.8411070613823988
211,9.4067,141.101,2.5250000000000004,-1.9357073060166174
211,9.4067,141.101,2.528125,-2.028533123177378
211,9.4067,141.101,2.53125,-2.119155517198525
211,9.4067,141.101,2.5343750000000003,-2.1957851430492337
211,9.4067,141.101,2.5375,-2.2616943120427346
211,9.4067,141.101,2.5406250000000004,-2.311443193962513
211,9.4067,141.101,2.54375,-2.3378667766853183
211,9.4067,141.101,2.546875,-2.3407256576460815
211,9.4067,141.101,2.5500000000000003,-2.3226421631539704
211,9.4067,141.101,2.553125,-2.281161176811278
211,9.4067,141.101,2.5562500000000004,-2.2208130640981634
211,9.4067,141.101,2.559375,-2.1435055691626355
211,9.4067,141.101,2.5625,-2.0480129223109076
211,9.4067,141.101,2.5656250000000003,-1.9465506798921544
211,9.4067,141.101,2.56875,-1.8387660902050007
211,9.4067,141.101,2.5718750000000004,-1.7329338883076084
211,9.4067,141.101,2.575,-1.6315991592745713
211,9.4067,141.101,2.578125,-1.5403842961166752
211,9.4067,141.101,2.5812500000000003,-1.462395449405463
211,9.4067,141.101,2.584375,-1.3996122565278204
211,9.4067,141.101,2.5875000000000004,-1.3588687816731662
211,9.4067,141.101,2.590625,-1.337193865601609
211,9.4067,141.101,2.59375,-1.3428389958048081
211,9.4067,141.101,2.5968750000000003,-1.371265226261872
211,9.4067,141.101,2.6,-1.4255604997073144
211,9.4067,141.101,2.6031250000000004,-1.5011392561817356
211,9.4067,141.101,2.60625,-1.5918922310225385
211,9.4067,141.101,2.609375,-1.6998122381024645
211,9.4067,141.101,2.6125000000000003,-1.8128534642561132
211,9.4067,141.101,2.615625,-1.9260081636654813
211,9.4067,141.101,2.6187500000000004,-2.036088974097351
211,9.4067,141.101,2.621875,-2.136414344313474
211,9.4067,141.101,2.625,-2.2253004649467023
211,9.4067,141.101,2.6281250000000003,-2.2948032764760984
211,9.4067,141.101,2.63125,-2.345106563449218
211,9.4067,141.101,2.6343750000000004,-2.3735676687109484
211,9.4067,141.101,2.6375,-2.37913544433418
211,9.4067,141.101,2.640625,-2.36422272159969
211,9.4067,141.101,2.6437500000000003,-2.3325670475209415
211,9.4067,141.101,2.646875,-2.2825603811495405
211,9.4067,141.101,2.6500000000000004,-2.2179950372022965
211,9.4067,141.101,2.653125,-2.14138722820888
211,9.4067,141.101,2.65625,-2.060793294909419
211,9.4067,141.101,2.6593750000000003,-1.9745355335954653
211,9.4067,141.101,2.6625,-1.886214822457589
211,9.4067,141.101,2.6656250000000004,-1.797307825546826
211,9.4067,141.101,2.66875,-1.716814655320844
211,9.4067,141.101,2.671875,-1.645024837913592
211,9.4067,141.101,2.6750000000000003,-1.5870781697972023
211,9.4067,141.101,2.678125,-1.54267296061687
211,9.4067,141.101,2.6812500000000004,-1.5180852677155412
211,9.4067,141.101,2.684375,-1.518056226875824
211,9.4067,141.101,2.6875,-1.5338096827629146
211,9.4067,141.101,2.6906250000000003,-1.5734217454427704
211,9.4067,141.101,2.69375,-1.637185616637892
211,9.4067,141.101,2.6968750000000004,-1.7176791636533018
211,9.4067,141.101,2.7,-1.8211233327768896
211,9.4067,141.101,2.703125,-1.9356348570638136
211,9.4067,141.101,2.7062500000000003,-2.0581846116288003
211,9.4067,141.101,2.709375,-2.179487822381481
211,9.4067,141.101,2.7125000000000004,-2.298906185410117
211,9.4067,141.101,2.715625,-2.4090938207060706
211,9.4067,141.101,2.71875,-2.5029595864323233
211,9.4067,141.101,2.7218750000000003,-2.582956869048859
211,9.4067,141.101,2.725,-2.6397312294331536
211,9.4067,141.101,2.7281250000000004,-2.676785785049468
211,9.4067,141.101,2.73125,-2.678064762106044
211,9.4067,141.101,2.734375,-2.664373204900756
211,9.4067,141.101,2.7375000000000003,-2.633190662400705
211,9.4067,141.101,2.740625,-2.5819042766973563
211,9.4067,141.101,2.7437500000000004,-2.5272654417001057
211,9.4067,141.101,2.746875,-2.466430000296949
211,9.4067,141.101,2.75,-2.419835073379978
211,9.4067,141.101,2.7531250000000003,-2.4277067739923073
211,9.4067,141.101,2.75625,-2.5838851506985816
211,9.4067,141.101,2.7593750000000004,-2.476483050305371
211,9.4067,141.101,2.7625,-2.224239339028691
211,9.4067,141.101,2.765625,-2.0852149634432178
211,9.4067,141.101,2.7687500000000003,-2.001051335011662
211,9.4067,141.101,2.771875,-1.9425904978048218
211,9.4067,141.101,2.7750000000000004,-1.9233044144424345
211,9.4067,141.101,2.778125,-1.9236316295564486
211,9.4067,141.101,2.78125,-1.9468658613552043
211,9.4067,141.101,2.7843750000000003,-1.9904855180203542
211,9.4067,141.101,2.7875,-2.063163342844878
211,9.4067,141.101,2.7906250000000004,-2.151964445628121
211,9.4067,141.101,2.79375,-2.2636925913519663
211,9.4067,141.101,2.796875,-2.383271823715003
211,9.4067,141.101,2.8000000000000003,-2.5131139621884877
211,9.4067,141.101,2.803125,-2.6396675508305045
211,9.4067,141.101,2.8062500000000004,-2.7614186686581235
211,9.4067,141.101,2.809375,-2.8634231475760026
211,9.4067,141.101,2.8125,-2.9456163103646826
211,9.4067,141.101,2.8156250000000003,-3.0094894449355367
211,9.4067,141.101,2.81875,-3.049394046097479
211,9.4067,141.101,2.8218750000000004,-3.0685934242731063
211,9.4067,141.101,2.825,-3.0597268062095684
211,9.4067,141.101,2.828125,-3.0327003032612945
211,9.4067,141.101,2.8312500000000003,-2.980249105248652
211,9.4067,141.101,2.834375,-2.9166505232778404
211,9.4067,141.101,2.8375000000000004,-2.8399842853617945
211,9.4067,141.101,2.840625,-2.754409990846533
211,9.4067,141.101,2.84375,-2.666863723043442
211,9.4067,141.101,2.8468750000000003,-2.57836537167075
211,9.4067,141.101,2.85,-2.4964450223913977
211,9.4067,141.101,2.8531250000000004,-2.421864006081616
211,9.4067,141.101,2.85625,-2.3583469278247295
211,9.4067,141.101,2.859375,-2.3074321773735966
211,9.4067,141.101,2.8625000000000003,-2.2714093455322613
211,9.4067,141.101,2.865625,-2.2563343645969027
211,9.4067,141.101,2.8687500000000004,-2.2544864777273537
211,9.4067,141.101,2.871875,-2.2771009783282756
211,9.4067,141.101,2.875,-2.316131983922594
211,9.4067,141.101,2.8781250000000003,-2.3750753752833464
211,9.4067,141.101,2.88125,-2.450596923096837
211,9.4067,141.101,2.8843750000000004,-2.5343474205001377
211,9.4067,141.101,2.8875,-2.630930910745702
211,9.4067,141.101,2.890625,-2.7311416564670306
211,9.4067,141.101,2.8937500000000003,-2.830242336451143
211,9.4067,141.101,2.896875,-2.922899268838578
211,9.4067,141.101,2.9000000000000004,-3.0056885389622194
211,9.4067,141.101,2.903125,-3.077069892354744
211,9.4067,141.101,2.90625,-3.1322678174504777
211,9.4067,141.101,2.9093750000000003,-3.168777944382108
211,9.4067,141.101,2.9125,-3.1854103219277548
211,9.4067,141.101,2.9156250000000004,-3.182995955227761
211,9.4067,141.101,2.91875,-3.159503544397473
211,9.4067,141.101,2.921875,-3.1152468946763894
211,9.4067,141.101,2.9250000000000003,-3.0540463835724916
211,9.4067,141.101,2.928125,-2.9761685473723185
211,9.4067,141.101,2.9312500000000004,-2.8864346105601917
211,9.4067,141.101,2.934375,-2.7895122243648087
211,9.4067,141.101,2.9375,-2.6917241751089382
211,9.4067,141.101,2.9406250000000003,-2.5889467695790467
211,9.4067,141.101,2.94375,-2.496620151387853
211,9.4067,141.101,2.9468750000000004,-2.4112336815744
211,9.4067,141.101,2.95,-2.3376737043044478
211,9.4067,141.101,2.953125,-2.282054842667233
211,9.4067,141.101,2.9562500000000003,-2.2484484948235286
211,9.4067,141.101,2.959375,-2.2356339400023924
211,9.4067,141.101,2.9625000000000004,-2.2514307462915366
211,9.4067,141.101,2.965625,-2.3004984711838454
211,9.4067,141.101,2.96875,-2.3683232540836894
211,9.4067,141.101,2.9718750000000003,-2.462163170764784
211,9.4067,141.101,2.975,-2.580076231404621
211,9.4067,141.101,2.9781250000000004,-2.7106026235623695
211,9.4067,141.101,2.98125,-2.8462090205420965
211,9.4067,141.101,2.984375,-2.9795088581139018
211,9.4067,141.101,2.9875000000000003,-3.104541640828181
211,9.4067,141.101,2.990625,-3.209085848875527
211,9.4067,141.101,2.9937500000000004,-3.298085856252197
211,9.4067,141.101,2.996875,-3.3608679950222626
211,9.4067,141.101,3.0,-3.3891698803968904
211,9.4067,141.101,3.0031250000000003,-3.3995089200691413
211,9.4067,141.101,3.00625,-3.3774925436686383
211,9.4067,141.101,3.0093750000000004,-3.332523856241865
211,9.4067,141.101,3.0125,-3.2664333652960034
211,9.4067,141.101,3.015625,-3.1897036489992714
211,9.4067,141.101,3.0187500000000003,-3.0973180052783174
211,9.4067,141.101,3.021875,-3.0012682850433197
211,9.4067,141.101,3.0250000000000004,-2.906345248135832
211,9.4067,141.101,3.028125,-2.807367159227278
211,9.4067,141.101,3.03125,-2.716575534077736
211,9.4067,141.101,3.0343750000000003,-2.6360320593350868
211,9.4067,141.101,3.0375,-2.567143813431775
211,9.4067,141.101,3.0406250000000004,-2.514787038727568
211,9.4067,141.101,3.04375,-2.485060545738026
211,9.4067,141.101,3.046875,-2.4704771356645434
211,9.4067,141.101,3.0500000000000003,-2.4843748787876025
211,9.4067,141.101,3.053125,-2.515483084576659
211,9.4067,141.101,3.0562500000000004,-2.57340401814997
211,9.4067,141.101,3.059375,-2.6497865300759536
211,9.4067,141.101,3.0625,-2.7512420739553556
211,9.4067,141.101,3.0656250000000003,-2.867622833998498
211,9.4067,141.101,3.06875,-2.9946342644232122
211,9.4067,141.101,3.0718750000000004,-3.1326613844368083
211,9.4067,141.101,3.075,-3.2676958472817788
211,9.4067,141.101,3.078125,-3.394930334451725
211,9.4067,141.101,3.0812500000000003,-3.512633578971342
211,9.4067,141.101,3.084375,-3.614201095115004
211,9.4067,141.101,3.0875000000000004,-3.6912824577943057
211,9.4067,141.101,3.090625,-3.753793108868797
211,9.4067,141.101,3.09375,-3.787163677201307
211,9.4067,141.101,3.0968750000000003,-3.7963199835971877
211,9.4067,141.101,3.1,-3.7871769675747475
211,9.4067,141.101,3.1031250000000004,-3.755345687553638
211,9.4067,141.101,3.10625,-3.709293264413282
211,9.4067,141.101,3.109375,-3.65089753539669
211,9.4067,141.101,3.1125000000000003,-3.5843376019696347
211,9.4067,141.101,3.115625,-3.516658013930517
211,9.4067,141.101,3.1187500000000004,-3.452310239404145
211,9.4067,141.101,3.121875,-3.394787060152789
211,9.4067,141.101,3.125,-3.352381189401134
211,9.4067,141.101,3.1281250000000003,-3.3231584100578004
211,9.4067,141.101,3.13125,-3.3096774363727848
211,9.4067,141.101,3.1343750000000004,-3.32175647886168
211,9.4067,141.101,3.1375,-3.356705548707786
211,9.4067,141.101,3.140625,-3.416995190406599
211,9.4067,141.101,3.1437500000000003,-3.508973660336083
211,9.4067,141.101,3.146875,-3.626042891100169
211,9.4067,141.101,3.1500000000000004,-3.776524222300795
211,9.4067,141.101,3.153125,-4.014795852585881
211,9.4067,141.101,3.15625,-4.207458469114297
211,9.4067,141.101,3.1593750000000003,-4.405268194364548
211,9.4067,141.101,3.1625,-4.598945405228349
211,9.4067,141.101,3.1656250000000004,-4.794701373627658
211,9.4067,141.101,3.16875,-4.9804651339215065
211,9.4067,141.101,3.171875,-5.147976430880461
211,9.4067,141.101,3.1750000000000003,-5.296896348169503
211,9.4067,141.101,3.178125,-5.4121203594526435
211,9.4067,141.101,3.1812500000000004,-5.5022300683953524
211,9.4067,141.101,3.184375,-5.565559788009984
211,9.4067,141.101,3.1875,-5.609651653468241
211,9.4067,141.101,3.1906250000000003,-5.637248779310315
211,9.4067,141.101,3.19375,-5.642801541270917
211,9.4067,141.101,3.1968750000000004,-5.638782771078415
211,9.4067,141.101,3.2,-5.627510398241705
211,9.4067,141.101,3.203125,-5.617961346474175
211,9.4067,141.101,3.2062500000000003,-5.6118875775832215
211,9.4067,141.101,3.209375,-5.626424314383723
211,9.4067,141.101,3.2125000000000004,-5.651272320470111
211,9.4067,141.101,3.215625,-5.686856033479357
211,9.4067,141.101,3.21875,-5.755497679290715
211,9.4067,141.101,3.2218750000000003,-5.825082499380356
211,9.4067,141.101,3.225,-5.931914015166569
211,9.4067,141.101,3.2281250000000004,-6.059962416127835
211,9.4067,141.101,3.23125,-6.218535949319967
211,9.4067,141.101,3.234375,-6.395005595943836
211,9.4067,141.101,3.2375000000000003,-6.602488908648225
211,9.4067,141.101,3.240625,-6.832907716293974
211,9.4067,141.101,3.2437500000000004,-7.0774375487539185
211,9.4067,141.101,3.246875,-7.3318327091605475
211,9.4067,141.101,3.25,-7.591507385668594
211,9.4067,141.101,3.2531250000000003,-7.850537280952199
211,9.4067,141.101,3.25625,-8.102431724898032
211,9.4067,141.101,3.2593750000000004,-8.34621021691756
211,9.4067,141.101,3.2625,-8.571002035811276
211,9.4067,141.101,3.265625,-8.768327034776535
211,9.4067,141.101,3.2687500000000003,-8.931960187259282
211,9.4067,141.101,3.271875,-9.063161012950825
211,9.4067,141.101,3.2750000000000004,-9.148673708582711
211,9.4067,141.101,3.278125,-9.198163770897418
211,9.4067,141.101,3.28125,-9.197663509596477
211,9.4067,141.101,3.2843750000000003,-9.162107069673395
211,9.4067,141.101,3.2875,-9.085189971000556
211,9.4067,141.101,3.2906250000000004,-8.971750992784141
211,9.4067,141.101,3.29375,-8.818631263373952
211,9.4067,141.101,3.296875,-8.636690649848923
211,9.4067,141.101,3.3000000000000003,-8.42805583786957
211,9.4067,141.101,3.303125,-8.17644567359881
211,9.4067,141.101,3.3062500000000004,-7.904621822557029
211,9.4067,141.101,3.309375,-7.61128625368995
211,9.4067,141.101,3.3125,-7.307865059294651
211,9.4067,141.101,3.3156250000000003,-7.00204275184216
211,9.4067,141.101,3.31875,-6.700192186453302
211,9.4067,141.101,3.3218750000000004,-6.411845085189096
211,9.4067,141.101,3.325,-6.131647746517938
211,9.4067,141.101,3.328125,-5.880674640220826
211,9.4067,141.101,3.3312500000000003,-5.664086115678461
211,9.4067,141.101,3.334375,-5.479332890730893
211,9.4067,141.101,3.3375000000000004,-5.331673194243686
211,9.4067,141.101,3.340625,-5.216736831436456
211,9.4067,141.101,3.34375,-5.135276514486824
211,9.4067,141.101,3.3468750000000003,-5.088700926793899
211,9.4067,141.101,3.35,-5.070026218621092
211,9.4067,141.101,3.3531250000000004,-5.062645686513032
211,9.4067,141.101,3.35625,-5.07272824298985
211,9.4067,141.101,3.359375,-5.086243729791761
211,9.4067,141.101,3.3625000000000003,-5.095443912592073
211,9.4067,141.101,3.365625,-5.095406027287296
211,9.4067,141.101,3.3687500000000004,-5.077221333480242
211,9.4067,141.101,3.371875,-5.040753211265009
211,9.4067,141.101,3.375,-4.980198149345051
211,9.4067,141.101,3.3781250000000003,-4.897750157025025
211,9.4067,141.101,3.38125,-4.787809842665706
211,9.4067,141.101,3.3843750000000004,-4.667827851183736
211,9.4067,141.101,3.3875,-4.533551720646562
211,9.4067,141.101,3.390625,-4.383878344390256
211,9.4067,141.101,3.3937500000000003,-4.238813630242301
211,9.4067,141.101,3.396875,-4.090902517617146
211,9.4067,141.101,3.4000000000000004,-3.9500465551892985
211,9.4067,141.101,3.403125,-3.8152922707750148
211,9.4067,141.101,3.40625,-3.7001208758698056
211,9.4067,141.101,3.4093750000000003,-3.6033618924712196
211,9.4067,141.101,3.4125,-3.525425312203932
211,9.4067,141.101,3.4156250000000004,-3.4726331995628525
211,9.4067,141.101,3.41875,-3.4481743952959967
211,9.4067,141.101,3.421875,-3.4483313331265677
211,9.4067,141.101,3.4250000000000003,-3.4692454948997424
211,9.4067,141.101,3.428125,-3.514871061302606
211,9.4067,141.101,3.4312500000000004,-3.584561385000997
211,9.4067,141.101,3.434375,-3.6663903087993113
211,9.4067,141.101,3.4375,-3.755529833032803
211,9.4067,141.101,3.4406250000000003,-3.855527727580113
211,9.4067,141.101,3.44375,-3.9544233662987116
211,9.4067,141.101,3.4468750000000004,-4.053257347234393
211,9.4067,141.101,3.45,-4.138201089700634
211,9.4067,141.101,3.453125,-4.215076901766224
211,9.4067,141.101,3.4562500000000003,-4.277566491048632
211,9.4067,141.101,3.459375,-4.3181776899089
211,9.4067,141.101,3.4625000000000004,-4.338911396786852
211,9.4067,141.101,3.465625,-4.343177179589918
211,9.4067,141.101,3.46875,-4.329507054335312
211,9.4067,141.101,3.4718750000000003,-4.294346315841414
211,9.4067,141.101,3.475,-4.245049322709778
211,9.4067,141.101,3.4781250000000004,-4.176393996285968
211,9.4067,141.101,3.48125,-4.104734635445279
211,9.4067,141.101,3.484375,-4.029555971143009
211,9.4067,141.101,3.4875000000000003,-3.9562271406183758
211,9.4067,141.101,3.490625,-3.8906917738356155
211,9.4067,141.101,3.4937500000000004,-3.833607788084395
211,9.4067,141.101,3.496875,-3.7924421109866464
211,9.4067,141.101,3.5,-3.7738610189218837
211,9.4067,141.101,3.5031250000000003,-3.781697288650479
211,9.4067,141.101,3.50625,-3.8180841035014845
211,9.4067,141.101,3.5093750000000004,-3.88485729813366
211,9.4067,141.101,3.5125,-3.9780622978600766
211,9.4067,141.101,3.515625,-4.094480649987979
211,9.4067,141.101,3.5187500000000003,-4.241826506489023
211,9.4067,141.101,3.521875,-4.397664310557255
211,9.4067,141.101,3.5250000000000004,-4.5615987893182215
211,9.4067,141.101,3.528125,-4.718654641739089
211,9.4067,141.101,3.53125,-4.862009536248584
211,9.4067,141.101,3.5343750000000003,-4.994614153307426
211,9.4067,141.101,3.5375,-5.1075851823982275
211,9.4067,141.101,3.5406250000000004,-5.194735183396892
211,9.4067,141.101,3.54375,-5.268038539936805
211,9.4067,141.101,3.546875,-5.330760757492596
211,9.4067,141.101,3.5500000000000003,-5.300240595002061
211,9.4067,141.101,3.553125,-5.237014041011219
211,9.4067,141.101,3.5562500000000004,-5.146239421322036
211,9.4067,141.101,3.559375,-5.045585363505685
211,9.4067,141.101,3.5625,-4.931392151394761
211,9.4067,141.101,3.5656250000000003,-4.803674926178093
211,9.4067,141.101,3.56875,-4.663942330468041
211,9.4067,141.101,3.5718750000000004,-4.52087784048512
211,9.4067,141.101,3.575,-4.374958696358849
211,9.4067,141.101,3.5781250000000004,-4.228380221542901
211,9.4067,141.101,3.5812500000000003,-4.081640874265711
211,9.4067,141.101,3.584375,-3.9424507878433035
211,9.4067,141.101,3.5875000000000004,-3.812874031649552
211,9.4067,141.101,3.590625,-3.7060323388657608
211,9.4067,141.101,3.5937500000000004,-3.6128045395575277
211,9.4067,141.101,3.5968750000000003,-3.5429470567393047
211,9.4067,141.101,3.6,-3.502152396967246
211,9.4067,141.101,3.6031250000000004,-3.49880492016518
211,9.4067,141.101,3.60625,-3.539982236037627
211,9.4067,141.101,3.6093750000000004,-3.6225579876214287
211,9.4067,141.101,3.6125000000000003,-3.7277656535162595
211,9.4067,141.101,3.615625,-3.8241353468162513
211,9.4067,141.101,3.6187500000000004,-3.912970839517873
211,9.4067,141.101,3.621875,-3.9948648134712066
211,9.4067,141.101,3.6250000000000004,-4.076289286786098
211,9.4067,141.101,3.6281250000000003,-4.161052366337791
211,9.4067,141.101,3.63125,-4.251562733271061
211,9.4067,141.101,3.6343750000000004,-4.3443773505783465
211,9.4067,141.101,3.6375,-4.432052986818451
211,9.4067,141.101,3.6406250000000004,-4.517441692622744
211,9.4067,141.101,3.6437500000000003,-4.617784193075293
211,9.4067,141.101,3.646875,-4.7679273065393915
211,9.4067,141.101,3.6500000000000004,-4.9224988996453165
211,9.4067,141.101,3.653125,-4.881822192721251
211,9.4067,141.101,3.6562500000000004,-4.714453301999829
211,9.4067,141.101,3.6593750000000003,-4.560865259593379
211,9.4067,141.101,3.6625,-4.430446319414451
211,9.4067,141.101,3.6656250000000004,-4.306533002233122
211,9.4067,141.101,3.66875,-4.186600729639577
211,9.4067,141.101,3.6718750000000004,-4.077724003790845
211,9.4067,141.101,3.6750000000000003,-3.979613891350493
211,9.4067,141.101,3.678125,-3.8929504460323727
211,9.4067,141.101,3.6812500000000004,-3.8362197909785833
211,9.4067,141.101,3.684375,-3.843339187302382
211,9.4067,141.101,3.6875000000000004,-3.9968725221380534
211,9.4067,141.101,3.6906250000000003,-3.9356248387927044
211,9.4067,141.101,3.69375,-3.638084615902628
211,9.4067,141.101,3.6968750000000004,-3.531126676682023
211,9.4067,141.101,3.7,-3.504653089647312
211,9.4067,141.101,3.7031250000000004,-3.519526726494488
211,9.4067,141.101,3.7062500000000003,-3.563244504420975
211,9.4067,141.101,3.709375,-3.6332346226329597
211,9.4067,141.101,3.7125000000000004,-3.7210358635926477
211,9.4067,141.101,3.715625,-3.8297155866449155
211,9.4067,141.101,3.7187500000000004,-3.947324563758011
211,9.4067,141.101,3.7218750000000003,-4.0693041629031175
211,9.4067,141.101,3.725,-4.186735153526667
211,9.4067,141.101,3.7281250000000004,-4.30065706110112
211,9.4067,141.101,3.73125,-4.39948628421774
211,9.4067,141.101,3.7343750000000004,-4.481673905211226
211,9.4067,141.101,3.7375000000000003,-4.541154825195074
211,9.4067,141.101,3.740625,-4.590415916388977
211,9.4067,141.101,3.7437500000000004,-4.621510705419968
211,9.4067,141.101,3.746875,-4.627246109284421
211,9.4067,141.101,3.7500000000000004,-4.584225981450933
211,9.4067,141.101,3.7531250000000003,-4.4976829484253305
211,9.4067,141.101,3.75625,-4.386647068662699
211,9.4067,141.101,3.7593750000000004,-4.27121418880827
211,9.4067,141.101,3.7625,-4.152504093295892
211,9.4067,141.101,3.7656250000000004,-4.028760818344951
211,9.4067,141.101,3.7687500000000003,-3.9093491142895314
211,9.4067,141.101,3.771875,-3.7917664145413337
211,9.4067,141.101,3.7750000000000004,-3.686388767465447
211,9.4067,141.101,3.778125,-3.5998745064060267
211,9.4067,141.101,3.7812500000000004,-3.526673944387169
211,9.4067,141.101,3.7843750000000003,-3.475043159572243
211,9.4067,141.101,3.7875,-3.4480883562866183
211,9.4067,141.101,3.7906250000000004,-3.449585781901236
211,9.4067,141.101,3.79375,-3.4713893820374824
211,9.4067,141.101,3.7968750000000004,-3.52067319044291
211,9.4067,141.101,3.8000000000000003,-3.588135435601287
211,9.4067,141.101,3.803125,-3.6803544649915203
211,9.4067,141.101,3.8062500000000004,-3.7787617397019786
211,9.4067,141.101,3.809375,-3.887938562318776
211,9.4067,141.101,3.8125000000000004,-4.002271928869904
211,9.4067,141.101,3.8156250000000003,-4.109178101739071
211,9.4067,141.101,3.81875,-4.203428469158476
211,9.4067,141.101,3.8218750000000004,-4.28275283446991
211,9.4067,141.101,3.825,-4.3465132478702335
211,9.4067,141.101,3.8281250000000004,-4.400485527854973
211,9.4067,141.101,3.8312500000000003,-4.4501313642031475
211,9.4067,141.101,3.834375,-4.448801027659398
211,9.4067,141.101,3.8375000000000004,-4.378324281619828
211,9.4067,141.101,3.840625,-4.30248144701076
211,9.4067,141.101,3.8437500000000004,-4.218815360407686
211,9.4067,141.101,3.8468750000000003,-4.132974236647989
211,9.4067,141.101,3.85,-4.037954635772019
211,9.4067,141.101,3.8531250000000004,-3.9378076508508792
211,9.4067,141.101,3.85625,-3.8384252146460973
211,9.4067,141.101,3.8593750000000004,-3.739083141192259
211,9.4067,141.101,3.8625000000000003,-3.651822826557421
211,9.4067,141.101,3.865625,-3.5732925776313658
211,9.4067,141.101,3.8687500000000004,-3.5062281161931534
211,9.4067,141.101,3.871875,-3.4562463904847847
211,9.4067,141.101,3.8750000000000004,-3.425381041293951
211,9.4067,141.101,3.8781250000000003,-3.4189438001967924
211,9.4067,141.101,3.88125,-3.436312782854208
211,9.4067,141.101,3.8843750000000004,-3.4811598929532988
211,9.4067,141.101,3.8875,-3.5470296390255562
211,9.4067,141.101,3.8906250000000004,-3.6388135628357157
211,9.4067,141.101,3.8937500000000003,-3.754760701746741
211,9.4067,141.101,3.896875,-3.8843389557544
211,9.4067,141.101,3.9000000000000004,-4.019235771221617
211,9.4067,141.101,3.903125,-4.162467943375515
211,9.4067,141.101,3.9062500000000004,-4.2980528217376
211,9.4067,141.101,3.9093750000000003,-4.425798151540815
211,9.4067,141.101,3.9125,-4.528742218652308
211,9.4067,141.101,3.9156250000000004,-4.611070698201096
211,9.4067,141.101,3.91875,-4.669668606405844
211,9.4067,141.101,3.9218750000000004,-4.692427156751727
211,9.4067,141.101,3.9250000000000003,-4.682533593135712
211,9.4067,141.101,3.928125,-4.6541580813630965
211,9.4067,141.101,3.9312500000000004,-4.598849929417313
211,9.4067,141.101,3.934375,-4.52831339990778
211,9.4067,141.101,3.9375000000000004,-4.446062560908323
211,9.4067,141.101,3.9406250000000003,-4.357239561840277
211,9.4067,141.101,3.94375,-4.261316945451114
211,9.4067,141.101,3.9468750000000004,-4.165205248419807
211,9.4067,141.101,3.95,-4.071180557393786
211,9.4067,141.101,3.9531250000000004,-3.9878046723414844
211,9.4067,141.101,3.9562500000000003,-3.915536463265367
211,9.4067,141.101,3.959375,-3.8580665578777182
211,9.4067,141.101,3.9625000000000004,-3.8198382446774017
211,9.4067,141.101,3.965625,-3.8059252264247734
211,9.4067,141.101,3.9687500000000004,-3.8126864288018787
211,9.4067,141.101,3.9718750000000003,-3.8443923156958286
211,9.4067,141.101,3.975,-3.9025873860433586
211,9.4067,141.101,3.9781250000000004,-3.9847831276917405
211,9.4067,141.101,3.98125,-4.089010827071645
211,9.4067,141.101,3.9843750000000004,-4.208605551580342
211,9.4067,141.101,3.9875000000000003,-4.34469459109024
211,9.4067,141.101,3.990625,-4.486244032087552
211,9.4067,141.101,3.9937500000000004,-4.62054037964494
211,9.4067,141.101,3.996875,-4.748933173886844
211,9.4067,141.101,4.0,-4.864427299617395
211,9.4067,141.101,4.003125,-4.951399644013416
211,9.4067,141.101,4.0062500000000005,-5.016673882216488
211,9.4067,141.101,4.009375,-5.05953420970065
211,9.4067,141.101,4.0125,-5.066906317640511
211,9.4067,141.101,4.015625,-5.04797313627265
211,9.4067,141.101,4.01875,-5.010057821736282
211,9.4067,141.101,4.0218750000000005,-4.950475905611108
211,9.4067,141.101,4.025,-4.8704466283546575
211,9.4067,141.101,4.028125,-4.784890534254632
211,9.4067,141.101,4.03125,-4.6906228150435405
211,9.4067,141.101,4.034375,-4.597934037988949
211,9.4067,141.101,4.0375000000000005,-4.513804549845536
211,9.4067,141.101,4.040625,-4.432071753980496
211,9.4067,141.101,4.04375,-4.365927943323123
211,9.4067,141.101,4.046875,-4.315709702547071
211,9.4067,141.101,4.05,-4.284365882282996
211,9.4067,141.101,4.0531250000000005,-4.2808580684201845
211,9.4067,141.101,4.05625,-4.305832733211209
211,9.4067,141.101,4.059375,-4.353720824131645
211,9.4067,141.101,4.0625,-4.435438868199182
211,9.4067,141.101,4.065625,-4.541931203121402
211,9.4067,141.101,4.0687500000000005,-4.6721043841683905
211,9.4067,141.101,4.071875,-4.824373354867413
211,9.4067,141.101,4.075,-4.997298949035404
211,9.4067,141.101,4.078125,-5.183687555838716
211,9.4067,141.101,4.08125,-5.373457447820314
211,9.4067,141.101,4.0843750000000005,-5.562988524524935
211,9.4067,141.101,4.0875,-5.73273064886831
211,9.4067,141.101,4.090625,-5.890337922518456
211,9.4067,141.101,4.09375,-6.020399194888851
211,9.4067,141.101,4.096875,-6.108565495475071
211,9.4067,141.101,4.1000000000000005,-6.049703852499016
211,9.4067,141.101,4.103125,-5.827380573294735
211,9.4067,141.101,4.10625,-5.704656003253672
211,9.4067,141.101,4.109375,-5.651097264449594
211,9.4067,141.101,4.1125,-5.605117593068965
211,9.4067,141.101,4.1156250000000005,-5.5375715912204795
211,9.4067,141.101,4.11875,-5.450862325139276
211,9.4067,141.101,4.121875,-5.35475249288413
211,9.4067,141.101,4.125,-5.2568230892812
211,9.4067,141.101,4.128125,-5.156350230124755
211,9.4067,141.101,4.1312500000000005,-5.063745155383663
211,9.4067,141.101,4.134375,-4.983308589933582
211,9.4067,141.101,4.1375,-4.918114375157786
211,9.4067,141.101,4.140625,-4.866997167230766
211,9.4067,141.101,4.14375,-4.842246426265845
211,9.4067,141.101,4.1468750000000005,-4.836116451429423
211,9.4067,141.101,4.15,-4.8609957442501015
211,9.4067,141.101,4.153125,-4.914373442087887
211,9.4067,141.101,4.15625,-4.995697378206959
211,9.4067,141.101,4.159375,-5.092813633059383
211,9.4067,141.101,4.1625000000000005,-5.209062178437071
211,9.4067,141.101,4.165625,-5.342071699932149
211,9.4067,141.101,4.16875,-5.4793326749326665
211,9.4067,141.101,4.171875,-5.606419458558923
211,9.4067,141.101,4.175,-5.723684877444983
211,9.4067,141.101,4.1781250000000005,-5.82720524285465
211,9.4067,141.101,4.18125,-5.908738071623309
211,9.4067,141.101,4.184375,-5.959201606904109
211,9.4067,141.101,4.1875,-5.979874381955338
211,9.4067,141.101,4.190625,-5.971058739096612
211,9.4067,141.101,4.1937500000000005,-5.936803973892663
211,9.4067,141.101,4.196875,-5.882399893996373
211,9.4067,141.101,4.2,-5.810665669363897
211,9.4067,141.101,4.203125,-5.723401284352585
211,9.4067,141.101,4.20625,-5.629264417093927
211,9.4067,141.101,4.2093750000000005,-5.530967784784285
211,9.4067,141.101,4.2125,-5.43003493577027
211,9.4067,141.101,4.215625,-5.33619479998829
211,9.4067,141.101,4.21875,-5.2532080435627755
211,9.4067,141.101,4.221875,-5.175787367891403
211,9.4067,141.101,4.2250000000000005,-5.120522387821463
211,9.4067,141.101,4.228125,-5.083400936172797
211,9.4067,141.101,4.23125,-5.06368593359094
211,9.4067,141.101,4.234375,-5.067575910354655
211,9.4067,141.101,4.2375,-5.092978719806797
211,9.4067,141.101,4.2406250000000005,-5.1452000595137735
211,9.4067,141.101,4.24375,-5.222645144324889
211,9.4067,141.101,4.246875,-5.317453085983549
211,9.4067,141.101,4.25,-5.438658564121352
211,9.4067,141.101,4.253125,-5.581601324608748
211,9.4067,141.101,4.2562500000000005,-5.736076748916659
211,9.4067,141.101,4.259375,-5.892005303219433
211,9.4067,141.101,4.2625,-6.052019132502428
211,9.4067,141.101,4.265625,-6.19811196475827
211,9.4067,141.101,4.26875,-6.334295649594603
211,9.4067,141.101,4.2718750000000005,-6.44610381028775
211,9.4067,141.101,4.275,-6.526981474293479
211,9.4067,141.101,4.278125,-6.58220666026064
211,9.4067,141.101,4.28125,-6.60231487630385
211,9.4067,141.101,4.284375000000001,-6.584993085584109
211,9.4067,141.101,4.2875000000000005,-6.534550204501172
211,9.4067,141.101,4.290625,-6.4601631585335175
211,9.4067,141.101,4.29375,-6.363648102976745
211,9.4067,141.101,4.296875,-6.2495637855097455
211,9.4067,141.101,4.300000000000001,-6.128170643228678
211,9.4067,141.101,4.3031250000000005,-6.005440323621106
211,9.4067,141.101,4.30625,-5.875032531331526
211,9.4067,141.101,4.309375,-5.759996070291102
211,9.4067,141.101,4.3125,-5.651007239107342
211,9.4067,141.101,4.315625000000001,-5.5587138102428355
211,9.4067,141.101,4.3187500000000005,-5.482333850597755
211,9.4067,141.101,4.321875,-5.4318271140379215
211,9.4067,141.101,4.325,-5.398286333760106
211,9.4067,141.101,4.328125,-5.3933502407479335
211,9.4067,141.101,4.331250000000001,-5.405789901497988
211,9.4067,141.101,4.3343750000000005,-5.453142784349643
211,9.4067,141.101,4.3375,-5.51240063416442
211,9.4067,141.101,4.340625,-5.585153305806566
211,9.4067,141.101,4.34375,-5.655304531193659
211,9.4067,141.101,4.346875000000001,-5.7202755411979975
211,9.4067,141.101,4.3500000000000005,-5.760999486901626
211,9.4067,141.101,4.353125,-5.779971353814259
211,9.4067,141.101,4.35625,-5.7939991909126185
211,9.4067,141.101,4.359375,-5.816151082292114
211,9.4067,141.101,4.362500000000001,-5.848933616810655
211,9.4067,141.101,4.3656250000000005,-5.870526741362848
211,9.4067,141.101,4.36875,-5.878115295193446
211,9.4067,141.101,4.371875,-5.862030356973397
211,9.4067,141.101,4.375,-5.822887148518668
211,9.4067,141.101,4.378125000000001,-5.766069679993211
211,9.4067,141.101,4.3812500000000005,-5.689471965734231
211,9.4067,141.101,4.384375,-5.59838077303522
211,9.4067,141.101,4.3875,-5.499508842868828
211,9.4067,141.101,4.390625,-5.394115538922737
211,9.4067,141.101,4.393750000000001,-5.2835529353938
211,9.4067,141.101,4.3968750000000005,-5.180160486206669
211,9.4067,141.101,4.4,-5.0778493165886935
211,9.4067,141.101,4.403125,-4.98794411847788
211,9.4067,141.101,4.40625,-4.90823715927796
211,9.4067,141.101,4.409375000000001,-4.846211445961939
211,9.4067,141.101,4.4125000000000005,-4.798611294490919
211,9.4067,141.101,4.415625,-4.777539285255889
211,9.4067,141.101,4.41875,-4.7756549017787915
211,9.4067,141.101,4.421875,-4.793621565581487
211,9.4067,141.101,4.425000000000001,-4.818931514311126
211,9.4067,141.101,4.4281250000000005,-4.834896518083703
211,9.4067,141.101,4.43125,-4.88839596410585
211,9.4067,141.101,4.434375,-5.030989815566129
211,9.4067,141.101,4.4375,-5.213093607364463
211,9.4067,141.101,4.440625000000001,-5.414605464483627
211,9.4067,141.101,4.4437500000000005,-5.553101311986249
211,9.4067,141.101,4.446875,-5.666600727682542
211,9.4067,141.101,4.45,-5.774934878561325
211,9.4067,141.101,4.453125,-5.851335688224294
211,9.4067,141.101,4.456250000000001,-5.896719880036272
211,9.4067,141.101,4.4593750000000005,-5.909317613372367
211,9.4067,141.101,4.4625,-5.8962728386338785
211,9.4067,141.101,4.465625,-5.851228954625278
211,9.4067,141.101,4.46875,-5.793757100499381
211,9.4067,141.101,4.471875000000001,-5.7174252607050535
211,9.4067,141.101,4.4750000000000005,-5.620312187718995
211,9.4067,141.101,4.478125,-5.512675015727772
211,9.4067,141.101,4.48125,-5.387343459515917
211,9.4067,141.101,4.484375,-5.258872286994628
211,9.4067,141.101,4.487500000000001,-5.130945254413961
211,9.4067,141.101,4.4906250000000005,-4.991766170420265
211,9.4067,141.101,4.49375,-4.863479573461001
211,9.4067,141.101,4.496875,-4.745399374912168
211,9.4067,141.101,4.5,-4.63408392483235
211,9.4067,141.101,4.503125000000001,-4.535388256543185
211,9.4067,141.101,4.5062500000000005,-4.456743538152673
211,9.4067,141.101,4.509375,-4.398719425234429
211,9.4067,141.101,4.5125,-4.37587101250746
211,9.4067,141.101,4.515625,-4.394134010335815
211,9.4067,141.101,4.518750000000001,-4.442749976376618
211,9.4067,141.101,4.5218750000000005,-4.503388917202674
211,9.4067,141.101,4.525,-4.557264101190586
211,9.4067,141.101,4.528125,-4.6144796715587315
211,9.4067,141.101,4.53125,-4.6747247128559675
211,9.4067,141.101,4.534375000000001,-4.73344819949367
211,9.4067,141.101,4.5375000000000005,-4.791022247414846
211,9.4067,141.101,4.540625,-4.845921617441853
211,9.4067,141.101,4.54375,-4.919703377734753
211,9.4067,141.101,4.546875,-4.9599714116815985
211,9.4067,141.101,4.550000000000001,-4.979844174387194
211,9.4067,141.101,4.5531250000000005,-4.968822123255193
211,9.4067,141.101,4.55625,-4.931614430691259
211,9.4067,141.101,4.559375,-4.85781522196207
211,9.4067,141.101,4.5625,-4.797890208387923
211,9.4067,141.101,4.565625000000001,-4.7229914156187744
211,9.4067,141.101,4.5687500000000005,-4.627912636391431
211,9.4067,141.101,4.571875,-4.5123058173660295
211,9.4067,141.101,4.575,-4.378990588104367
211,9.4067,141.101,4.578125,-4.23106241677596
211,9.4067,141.101,4.581250000000001,-4.082982877814087
211,9.4067,141.101,4.5843750000000005,-3.9383140075608427
211,9.4067,141.101,4.5875,-3.8058326668045934
211,9.4067,141.101,4.590625,-3.681435611344812
211,9.4067,141.101,4.59375,-3.580742180056042
211,9.4067,141.101,4.596875000000001,-3.490393805075926
211,9.4067,141.101,4.6000000000000005,-3.417909491523038
211,9.4067,141.101,4.603125,-3.3626438834675882
211,9.4067,141.101,4.60625,-3.326343266957086
211,9.4067,141.101,4.609375,-3.3061627207532913
211,9.4067,141.101,4.612500000000001,-3.3165143659594087
211,9.4067,141.101,4.6156250000000005,-3.3462404213912644
211,9.4067,141.101,4.61875,-3.3913736733871898
211,9.4067,141.101,4.621875,-3.462404868564022
211,9.4067,141.101,4.625,-3.5420030978579065
211,9.4067,141.101,4.628125000000001,-3.6294402653521667
211,9.4067,141.101,4.6312500000000005,-3.7247074228915538
211,9.4067,141.101,4.634375,-3.8158221658623126
211,9.4067,141.101,4.6375,-3.901697709369464
211,9.4067,141.101,4.640625,-3.983854792490214
211,9.4067,141.101,4.643750000000001,-4.054215120245333
211,9.4067,141.101,4.6468750000000005,-4.099102578246216
211,9.4067,141.101,4.65,-4.1215300123093765
211,9.4067,141.101,4.653125,-4.116435876508658
211,9.4067,141.101,4.65625,-4.0929415769102695
211,9.4067,141.101,4.659375000000001,-4.0487468223148895
211,9.4067,141.101,4.6625000000000005,-3.980423025784494
211,9.4067,141.101,4.665625,-3.9046803289080922
211,9.4067,141.101,4.66875,-3.8084201605171843
211,9.4067,141.101,4.671875,-3.702952847423087
211,9.4067,141.101,4.675000000000001,-3.589380325638793
211,9.4067,141.101,4.6781250000000005,-3.4626307860360956
211,9.4067,141.101,4.68125,-3.329821054245105
211,9.4067,141.101,4.684375,-3.187015777062686
211,9.4067,141.101,4.6875,-3.078790674388408
211,9.4067,141.101,4.690625000000001,-2.995296336449797
211,9.4067,141.101,4.6937500000000005,-2.918073321754873
211,9.4067,141.101,4.696875,-2.8538777178759505
211,9.4067,141.101,4.7,-2.8041001556791993
211,9.4067,141.101,4.703125,-2.7761961313515937
211,9.4067,141.101,4.706250000000001,-2.7733705561985533
211,9.4067,141.101,4.7093750000000005,-2.788374450473252
211,9.4067,141.101,4.7125,-2.822805280201408
211,9.4067,141.101,4.715625,-2.878641351246472
211,9.4067,141.101,4.71875,-2.939730378675664
211,9.4067,141.101,4.721875000000001,-3.011898911319112
211,9.4067,141.101,4.7250000000000005,-3.077076063383646
211,9.4067,141.101,4.728125,-3.136304075364072
211,9.4067,141.101,4.73125,-3.1870528408880143
211,9.4067,141.101,4.734375,-3.213227722572949
211,9.4067,141.101,4.737500000000001,-3.2302994275910404
211,9.4067,141.101,4.7406250000000005,-3.2280941472884055
211,9.4067,141.101,4.74375,-3.207061286909178
211,9.4067,141.101,4.746875,-3.168722485281612
211,9.4067,141.101,4.75,-3.1134178983502476
211,9.4067,141.101,4.753125000000001,-3.0446999856937333
211,9.4067,141.101,4.7562500000000005,-2.955872012878661
211,9.4067,141.101,4.759375,-2.8632454813981885
211,9.4067,141.101,4.7625,-2.7613715632447153
211,9.4067,141.101,4.765625,-2.6522532916498704
211,9.4067,141.101,4.768750000000001,-2.5420887596938817
211,9.4067,141.101,4.7718750000000005,-2.4281096148016896
211,9.4067,141.101,4.775,-2.3199554752875704
211,9.4067,141.101,4.778125,-2.2166134478213566
211,9.4067,141.101,4.78125,-2.126606571841991
211,9.4067,141.101,4.784375000000001,-2.0452130759828844
211,9.4067,141.101,4.7875000000000005,-1.984781726729531
211,9.4067,141.101,4.790625,-1.9456460104408286
211,9.4067,141.101,4.79375,-1.9292206520837218
211,9.4067,141.101,4.796875,-1.9396676981596386
211,9.4067,141.101,4.800000000000001,-1.9765138663546256
211,9.4067,141.101,4.8031250000000005,-2.036980653252866
211,9.4067,141.101,4.80625,-2.121069292715983
211,9.4067,141.101,4.809375,-2.2221479682656122
211,9.4067,141.101,4.8125,-2.338721735179133
211,9.4067,141.101,4.815625000000001,-2.4624885096606306
211,9.4067,141.101,4.8187500000000005,-2.5874202666307804
211,9.4067,141.101,4.821875,-2.7054679804678
211,9.4067,141.101,4.825,-2.8198081595180815
211,9.4067,141.101,4.828125,-2.914252501216747
211,9.4067,141.101,4.831250000000001,-2.9921226829716296
211,9.4067,141.101,4.8343750000000005,-3.0502960257786498
211,9.4067,141.101,4.8375,-3.087521631638575
211,9.4067,141.101,4.840625,-3.104698235445148
211,9.4067,141.101,4.84375,-3.1007463911482827
211,9.4067,141.101,4.846875000000001,-3.080301686784473
211,9.4067,141.101,4.8500000000000005,-3.041740870882016
211,9.4067,141.101,4.853125,-2.9895652819495853
211,9.4067,141.101,4.85625,-2.9250886457567216
211,9.4067,141.101,4.859375,-2.855734647087149
211,9.4067,141.101,4.862500000000001,-2.7837697053242545
211,9.4067,141.101,4.8656250000000005,-2.7147298830366107
211,9.4067,141.101,4.86875,-2.6531281117141865
211,9.4067,141.101,4.871875,-2.599389164064027
211,9.4067,141.101,4.875,-2.5603493675387785
211,9.4067,141.101,4.878125000000001,-2.5391373649918787
211,9.4067,141.101,4.8812500000000005,-2.5359884976790186
211,9.4067,141.101,4.884375,-2.5565250141487805
211,9.4067,141.101,4.8875,-2.604278663639527
211,9.4067,141.101,4.890625,-2.67146596679043
211,9.4067,141.101,4.893750000000001,-2.7671187261289902
211,9.4067,141.101,4.8968750000000005,-2.877719834293214
211,9.4067,141.101,4.9,-2.99971437448343
211,9.4067,141.101,4.903125,-3.1236704761410854
211,9.4067,141.101,4.90625,-3.2474345507929048
211,9.4067,141.101,4.909375000000001,-3.3652317153953657
211,9.4067,141.101,4.9125000000000005,-3.471552646861304
211,9.4067,141.101,4.915625,-3.563360817390736
211,9.4067,141.101,4.91875,-3.637889431692709
211,9.4067,141.101,4.921875,-3.6871434975099153
211,9.4067,141.101,4.925000000000001,-3.720035248286067
211,9.4067,141.101,4.9281250000000005,-3.732679589748094
211,9.4067,141.101,4.93125,-3.72360252625017
211,9.4067,141.101,4.934375,-3.698146156282069
211,9.4067,141.101,4.9375,-3.6564414652013393
211,9.4067,141.101,4.940625000000001,-3.6060809709030437
211,9.4067,141.101,4.9437500000000005,-3.5470427795573016
211,9.4067,141.101,4.946875,-3.4795411360098285
211,9.4067,141.101,4.95,-3.410656404002067
211,9.4067,141.101,4.953125,-3.338580091903642
211,9.4067,141.101,4.956250000000001,-3.269705045288967
211,9.4067,141.101,4.9593750000000005,-3.2110154141654554
211,9.4067,141.101,4.9625,-3.16264055126328
211,9.4067,141.101,4.965625,-3.127914051423753
211,9.4067,141.101,4.96875,-3.132509169912226
211,9.4067,141.101,4.971875000000001,-3.1729162670058564
211,9.4067,141.101,4.9750000000000005,-3.2659073000438363
211,9.4067,141.101,4.978125,-3.383487227033601
211,9.4067,141.101,4.98125,-3.4949021132332065
211,9.4067,141.101,4.984375,-3.5874809740619678
211,9.4067,141.101,4.987500000000001,-3.6851684778864073
211,9.4067,141.101,4.9906250000000005,-3.808665074255135
211,9.4067,141.101,4.99375,-3.9383141177281416
211,9.4067,141.101,4.996875,-4.085521832223938
211,9.4067,141.101,5.0,-4.233944661947147
211,9.4067,141.101,5.003125000000001,-4.355793903363965
211,9.4067,141.101,5.0062500000000005,-4.484020999108144
211,9.4067,141.101,5.009375,-4.5977010916256305
211,9.4067,141.101,5.0125,-4.696530287682607
211,9.4067,141.101,5.015625,-4.776701363868804
211,9.4067,141.101,5.018750000000001,-4.837565309470821
211,9.4067,141.101,5.0218750000000005,-4.885709429906189
211,9.4067,141.101,5.025,-4.914059291860861
211,9.4067,141.101,5.028125,-4.93967188662143
211,9.4067,141.101,5.03125,-4.942684515829766
211,9.4067,141.101,5.034375000000001,-4.936847488813752
211,9.4067,141.101,5.0375000000000005,-4.926436664345335
211,9.4067,141.101,5.040625,-4.91296307198909
211,9.4067,141.101,5.04375,-4.901529370764372
211,9.4067,141.101,5.046875,-4.894451494406637
211,9.4067,141.101,5.050000000000001,-4.892303687886121
211,9.4067,141.101,5.0531250000000005,-4.894390023471168
211,9.4067,141.101,5.05625,-4.910053701910516
211,9.4067,141.101,5.059375,-4.936905027337307
211,9.4067,141.101,5.0625,-4.97085428319722
211,9.4067,141.101,5.065625000000001,-5.0232840608485185
211,9.4067,141.101,5.0687500000000005,-5.088964143120849
211,9.4067,141.101,5.071875,-5.166800862375903
211,9.4067,141.101,5.075,-5.270914843210233
211,9.4067,141.101,5.078125,-5.383468751308055
211,9.4067,141.101,5.081250000000001,-5.508754983413412
211,9.4067,141.101,5.0843750000000005,-5.652419039482435
211,9.4067,141.101,5.0875,-5.811850613070028
211,9.4067,141.101,5.090625,-5.90718053286006
211,9.4067,141.101,5.09375,-5.985817819638121
211,9.4067,141.101,5.096875000000001,-6.060139358028591
211,9.4067,141.101,5.1000000000000005,-6.112155827658833
211,9.4067,141.101,5.103125,-6.1516099209578385
211,9.4067,141.101,5.10625,-6.178273047931221
211,9.4067,141.101,5.109375,-6.17979792166706
211,9.4067,141.101,5.112500000000001,-6.156034504222787
211,9.4067,141.101,5.1156250000000005,-6.113900181117662
211,9.4067,141.101,5.11875,-6.056597416688102
211,9.4067,141.101,5.121875,-5.99039057845496
211,9.4067,141.101,5.125,-5.907354980248685
211,9.4067,141.101,5.128125000000001,-5.825255727335367
211,9.4067,141.101,5.1312500000000005,-5.742338554756826
211,9.4067,141.101,5.134375,-5.662433690233549
211,9.4067,141.101,5.1375,-5.5821018572014
211,9.4067,141.101,5.140625,-5.5096637101885335
211,9.4067,141.101,5.143750000000001,-5.443739684815555
211,9.4067,141.101,5.1468750000000005,-5.391344562886914
211,9.4067,141.101,5.15,-5.352477843385261
211,9.4067,141.101,5.153125,-5.330555722571745
211,9.4067,141.101,5.15625,-5.3227019208292825
211,9.4067,141.101,5.159375000000001,-5.334363791256063
211,9.4067,141.101,5.1625000000000005,-5.358149734451559
211,9.4067,141.101,5.165625,-5.391447015838723
211,9.4067,141.101,5.16875,-5.4459814142629845
211,9.4067,141.101,5.171875,-5.509112430880895
211,9.4067,141.101,5.175000000000001,-5.579175084662613
211,9.4067,141.101,5.1781250000000005,-5.656119002364644
211,9.4067,141.101,5.18125,-5.733520054831297
211,9.4067,141.101,5.184375,-5.809799359425163
211,9.4067,141.101,5.1875,-5.887912376945081
211,9.4067,141.101,5.190625000000001,-5.95540534243319
211,9.4067,141.101,5.1937500000000005,-6.023284759536286
211,9.4067,141.101,5.196875,-6.083796282668896
211,9.4067,141.101,5.2,-6.138468263304459
211,9.4067,141.101,5.203125,-6.195477223258887
211,9.4067,141.101,5.206250000000001,-6.252733624092022
211,9.4067,141.101,5.2093750000000005,-6.320231335160601
211,9.4067,141.101,5.2125,-6.391893194239479
211,9.4067,141.101,5.215625,-6.440083350225248
211,9.4067,141.101,5.21875,-6.428777180393234
211,9.4067,141.101,5.221875000000001,-6.372519505932681
211,9.4067,141.101,5.2250000000000005,-6.320609138219645
211,9.4067,141.101,5.228125,-6.300616756659486
211,9.4067,141.101,5.23125,-6.300989616006378
211,9.4067,141.101,5.234375,-6.323448966347998
211,9.4067,141.101,5.237500000000001,-6.378283100399824
211,9.4067,141.101,5.2406250000000005,-6.462369862428056
211,9.4067,141.101,5.24375,-6.588437956353768
211,9.4067,141.101,5.246875,-6.767766642478658
211,9.4067,141.101,5.25,-7.045670081243685
211,9.4067,141.101,5.253125000000001,-7.443112129098502
211,9.4067,141.101,5.2562500000000005,-8.060142653045894
211,9.4067,141.101,5.259375,-9.038698238755016
211,9.4067,141.101,5.2625,-10.539949348549165
211,9.4067,141.101,5.265625,-11.623692237340741
211,9.4067,141.101,5.268750000000001,-10.374211267203039
211,9.4067,141.101,5.2718750000000005,-8.743357181324775
211,9.4067,141.101,5.275,-7.902540991445664
211,9.4067,141.101,5.278125,-7.557499404751255
211,9.4067,141.101,5.28125,-7.427978657137258
211,9.4067,141.101,5.284375000000001,-7.380134586114428
211,9.4067,141.101,5.2875000000000005,-7.3548150514113475
211,9.4067,141.101,5.290625,-7.335046400298877
211,9.4067,141.101,5.29375,-7.301431928868141
211,9.4067,141.101,5.296875,-7.265820181691595
211,9.4067,141.101,5.300000000000001,-7.220395754576492
211,9.4067,141.101,5.3031250000000005,-7.1601284542024555
211,9.4067,141.101,5.30625,-7.091342662308157
211,9.4067,141.101,5.309375,-7.011839024466403
211,9.4067,141.101,5.3125,-6.935724717485647
211,9.4067,141.101,5.315625000000001,-6.848735887835562
211,9.4067,141.101,5.3187500000000005,-6.765959972836622
211,9.4067,141.101,5.321875,-6.673639565031908
211,9.4067,141.101,5.325,-6.5790387912612776
211,9.4067,141.101,5.328125,-6.501054484976646
211,9.4067,141.101,5.331250000000001,-6.413724736606281
211,9.4067,141.101,5.3343750000000005,-6.3410224766843015
211,9.4067,141.101,5.3375,-6.26633377212547
211,9.4067,141.101,5.340625,-6.195369226844958
211,9.4067,141.101,5.34375,-6.137636700198211
211,9.4067,141.101,5.346875000000001,-6.0872050994445726
211,9.4067,141.101,5.3500000000000005,-6.0523505216877425
211,9.4067,141.101,5.353125,-6.030955493520896
211,9.4067,141.101,5.35625,-6.027202069583323
211,9.4067,141.101,5.359375,-6.040828632733149
211,9.4067,141.101,5.362500000000001,-6.0659501546907935
211,9.4067,141.101,5.3656250000000005,-6.071612829052353
211,9.4067,141.101,5.36875,-6.104728148654198
211,9.4067,141.101,5.371875,-6.141498080402608
211,9.4067,141.101,5.375,-6.160573320747318
211,9.4067,141.101,5.378125000000001,-6.176864649757321
211,9.4067,141.101,5.3812500000000005,-6.178113399848596
211,9.4067,141.101,5.384375,-6.183403819194729
211,9.4067,141.101,5.3875,-6.168780048089511
211,9.4067,141.101,5.390625,-6.154047553757437
211,9.4067,141.101,5.393750000000001,-6.118429023299345
211,9.4067,141.101,5.3968750000000005,-6.095388418408727
211,9.4067,141.101,5.4,-6.052715428382106
211,9.4067,141.101,5.403125,-6.00422353755221
211,9.4067,141.101,5.40625,-5.9672835736313425
211,9.4067,141.101,5.409375000000001,-5.927451678728412
211,9.4067,141.101,5.4125000000000005,-5.89109830524796
211,9.4067,141.101,5.415625,-5.861292320222084
211,9.4067,141.101,5.41875,-5.83707862660197
211,9.4067,141.101,5.421875,-5.81231098793841
211,9.4067,141.101,5.425000000000001,-5.806943114665528
211,9.4067,141.101,5.4281250000000005,-5.815748756085365
211,9.4067,141.101,5.43125,-5.830347296344338
211,9.4067,141.101,5.434375,-5.861074545029469
211,9.4067,141.101,5.4375,-5.899993839544974
211,9.4067,141.101,5.440625000000001,-5.95622360235272
211,9.4067,141.101,5.4437500000000005,-6.027885189919051
211,9.4067,141.101,5.446875,-6.103489289573323
211,9.4067,141.101,5.45,-6.19481079671954
211,9.4067,141.101,5.453125,-6.287043736241768
211,9.4067,141.101,5.456250000000001,-6.38081131458926
211,9.4067,141.101,5.4593750000000005,-6.4803674278683125
211,9.4067,141.101,5.4625,-6.5670306673711965
211,9.4067,141.101,5.465625,-6.635995204162755
211,9.4067,141.101,5.46875,-6.7077154201922164
211,9.4067,141.101,5.471875000000001,-6.758071326815413
211,9.4067,141.101,5.4750000000000005,-6.790909445965662
211,9.4067,141.101,5.478125,-6.808551443628788
211,9.4067,141.101,5.48125,-6.807197056638701
211,9.4067,141.101,5.484375,-6.78967635130883
211,9.4067,141.101,5.487500000000001,-6.751993939203863
211,9.4067,141.101,5.4906250000000005,-6.695397593357239
211,9.4067,141.101,5.49375,-6.636702703949813
211,9.4067,141.101,5.496875,-6.569937041298001
211,9.4067,141.101,5.5,-6.512932520726215
211,9.4067,141.101,5.503125000000001,-6.436903672585652
211,9.4067,141.101,5.5062500000000005,-6.3408684584129755
211,9.4067,141.101,5.509375,-6.235485574214998
211,9.4067,141.101,5.5125,-6.134984636124297
211,9.4067,141.101,5.515625,-6.029164708759181
211,9.4067,141.101,5.518750000000001,-5.945838303195568
211,9.4067,141.101,5.5218750000000005,-5.862169986942155
211,9.4067,141.101,5.525,-5.802496993996087
211,9.4067,141.101,5.528125,-5.758219574496515
211,9.4067,141.101,5.53125,-5.713321909374601
211,9.4067,141.101,5.534375000000001,-5.657226253283612
211,9.4067,141.101,5.5375000000000005,-5.60414324930433
211,9.4067,141.101,5.540625,-5.563604589555057
211,9.4067,141.101,5.54375,-5.536114958993438
211,9.4067,141.101,5.546875,-5.510334624096922
211,9.4067,141.101,5.550000000000001,-5.489186585958949
211,9.4067,141.101,5.5531250000000005,-5.47097026846515
211,9.4067,141.101,5.55625,-5.451737125525834
211,9.4067,141.101,5.559375,-5.433196639119955
211,9.4067,141.101,5.5625,-5.414957887257364
211,9.4067,141.101,5.565625000000001,-5.386779585160102
211,9.4067,141.101,5.5687500000000005,-5.356802284323451
211,9.4067,141.101,5.571875,-5.322609636291158
211,9.4067,141.101,5.575,-5.287973780805234
211,9.4067,141.101,5.578125,-5.246970924564657
211,9.4067,141.101,5.581250000000001,-5.203796408798543
211,9.4067,141.101,5.5843750000000005,-5.163536082554767
211,9.4067,141.101,5.5875,-5.112785144082873
211,9.4067,141.101,5.590625,-5.063108434510242
211,9.4067,141.101,5.59375,-5.00690871398461
211,9.4067,141.101,5.596875000000001,-4.953922641080238
211,9.4067,141.101,5.6000000000000005,-4.8950643096677595
211,9.4067,141.101,5.603125,-4.84471102127844
211,9.4067,141.101,5.60625,-4.7804828460548
211,9.4067,141.101,5.609375,-4.729733976295397
211,9.4067,141.101,5.612500000000001,-4.689559698906859
211,9.4067,141.101,5.6156250000000005,-4.65560521120716
211,9.4067,141.101,5.61875,-4.621285244634174
211,9.4067,141.101,5.621875,-4.613301382659013
211,9.4067,141.101,5.625,-4.605966073207547
211,9.4067,141.101,5.628125000000001,-4.614229939949105
211,9.4067,141.101,5.6312500000000005,-4.634596813207477
211,9.4067,141.101,5.634375,-4.6746370243782085
211,9.4067,141.101,5.6375,-4.722425114291169
211,9.4067,141.101,5.640625,-4.786047897937745
211,9.4067,141.101,5.643750000000001,-4.8493220868253575
211,9.4067,141.101,5.6468750000000005,-4.918290086114538
211,9.4067,141.101,5.65,-4.988797075030162
211,9.4067,141.101,5.653125,-5.043463890268497
211,9.4067,141.101,5.65625,-5.1049329462493995
211,9.4067,141.101,5.659375000000001,-5.138674309978789
211,9.4067,141.101,5.6625000000000005,-5.171287180616664
211,9.4067,141.101,5.665625,-5.185827514993089
211,9.4067,141.101,5.66875,-5.190328983185118
211,9.4067,141.101,5.671875,-5.178758737422454
211,9.4067,141.101,5.675000000000001,-5.15867477318613
211,9.4067,141.101,5.6781250000000005,-5.1217174484277095
211,9.4067,141.101,5.68125,-5.0824435656268285
211,9.4067,141.101,5.684375,-5.026014000822501
211,9.4067,141.101,5.6875,-4.960243594824704
211,9.4067,141.101,5.690625000000001,-4.890799185158988
211,9.4067,141.101,5.6937500000000005,-4.811909083945639
211,9.4067,141.101,5.696875,-4.728922889737784
211,9.4067,141.101,5.7,-4.6354560595351995
211,9.4067,141.101,5.703125,-4.54701995813299
211,9.4067,141.101,5.706250000000001,-4.4513653842147525
211,9.4067,141.101,5.7093750000000005,-4.3542302035011975
211,9.4067,141.101,5.7125,-4.2717967820464215
211,9.4067,141.101,5.715625,-4.191926681434131
211,9.4067,141.101,5.71875,-4.123679614305093
211,9.4067,141.101,5.721875000000001,-4.059922412041537
211,9.4067,141.101,5.7250000000000005,-4.010743835784464
211,9.4067,141.101,5.728125,-3.9800948344222737
211,9.4067,141.101,5.73125,-3.9635473780981965
211,9.4067,141.101,5.734375,-3.9512484233810734
211,9.4067,141.101,5.737500000000001,-3.948917775725747
211,9.4067,141.101,5.7406250000000005,-3.9562749423465444
211,9.4067,141.101,5.74375,-3.964953216562019
211,9.4067,141.101,5.746875,-3.9663127258378204
211,9.4067,141.101,5.75,-3.971822883435446
211,9.4067,141.101,5.753125000000001,-3.970343280332453
211,9.4067,141.101,5.7562500000000005,-3.961821764557774
211,9.4067,141.101,5.759375,-3.943147792993888
211,9.4067,141.101,5.7625,-3.915939880406232
211,9.4067,141.101,5.765625,-3.8838158908763543
211,9.4067,141.101,5.768750000000001,-3.8437587027273006
211,9.4067,141.101,5.7718750000000005,-3.7940496034060107
211,9.4067,141.101,5.775,-3.740859137142399
211,9.4067,141.101,5.778125,-3.6779204194064876
211,9.4067,141.101,5.78125,-3.609866907692434
211,9.4067,141.101,5.784375000000001,-3.5402443062690665
211,9.4067,141.101,5.7875000000000005,-3.4625171674602644
211,9.4067,141.101,5.790625,-3.393949412584651
211,9.4067,141.101,5.79375,-3.314563759656473
211,9.4067,141.101,5.796875,-3.2429056302833503
211,9.4067,141.101,5.800000000000001,-3.1845624287079195
211,9.4067,141.101,5.8031250000000005,-3.133434412722156
211,9.4067,141.101,5.80625,-3.0852595120605617
211,9.4067,141.101,5.809375,-3.057295879592578
211,9.4067,141.101,5.8125,-3.0412401416646215
211,9.4067,141.101,5.815625000000001,-3.0509457972115617
211,9.4067,141.101,5.8187500000000005,-3.0644507631617337
211,9.4067,141.101,5.821875,-3.0970052670428445
211,9.4067,141.101,5.825,-3.1446410311722612
211,9.4067,141.101,5.828125,-3.1918540532451134
211,9.4067,141.101,5.831250000000001,-3.256529359135683
211,9.4067,141.101,5.8343750000000005,-3.3194962077541263
211,9.4067,141.101,5.8375,-3.381140885892699
211,9.4067,141.101,5.840625,-3.4313634777887425
211,9.4067,141.101,5.84375,-3.484263596938427
211,9.4067,141.101,5.846875000000001,-3.526535976698213
211,9.4067,141.101,5.8500000000000005,-3.5613381829378516
211,9.4067,141.101,5.853125,-3.576869853885559
211,9.4067,141.101,5.85625,-3.5892058985057034
211,9.4067,141.101,5.859375,-3.590340075879201
211,9.4067,141.101,5.862500000000001,-3.5823698475554844
211,9.4067,141.101,5.8656250000000005,-3.560778392651147
211,9.4067,141.101,5.86875,-3.5250520530511213
211,9.4067,141.101,5.871875,-3.482885336458201
211,9.4067,141.101,5.875,-3.4257749464961944
211,9.4067,141.101,5.878125000000001,-3.3633113742278846
211,9.4067,141.101,5.8812500000000005,-3.291165880386133
211,9.4067,141.101,5.884375,-3.2103726315623327
211,9.4067,141.101,5.8875,-3.1257300206425667
211,9.4067,141.101,5.890625,-3.0491580031045036
211,9.4067,141.101,5.893750000000001,-2.9754926017975274
211,9.4067,141.101,5.8968750000000005,-2.90555491088411
211,9.4067,141.101,5.9,-2.8503363740779113
211,9.4067,141.101,5.903125,-2.8153115614796684
211,9.4067,141.101,5.90625,-2.8008498911189967
211,9.4067,141.101,5.909375000000001,-2.797648313225893
211,9.4067,141.101,5.9125000000000005,-2.8078370315901298
211,9.4067,141.101,5.915625,-2.8277720373573736
211,9.4067,141.101,5.91875,-2.8632725743949794
211,9.4067,141.101,5.921875,-2.891713063266274
211,9.4067,141.101,5.925000000000001,-2.9259545167789076
211,9.4067,141.101,5.9281250000000005,-2.9489851252961783
211,9.4067,141.101,5.93125,-2.9748985308414273
211,9.4067,141.101,5.934375,-2.9861902809801255
211,9.4067,141.101,5.9375,-2.988357730433907
211,9.4067,141.101,5.940625000000001,-2.9850791682123763
211,9.4067,141.101,5.9437500000000005,-2.9762642351045487
211,9.4067,141.101,5.946875,-2.9589962036254547
211,9.4067,141.101,5.95,-2.937605002368108
211,9.4067,141.101,5.953125,-2.9029653094074277
211,9.4067,141.101,5.956250000000001,-2.863752558347125
211,9.4067,141.101,5.9593750000000005,-2.8124153255531286
211,9.4067,141.101,5.9625,-2.7576500679490246
211,9.4067,141.101,5.965625,-2.6966892937308122
211,9.4067,141.101,5.96875,-2.6268416397726546
211,9.4067,141.101,5.971875000000001,-2.5554925970065985
211,9.4067,141.101,5.9750000000000005,-2.485843830585214
211,9.4067,141.101,5.978125,-2.412023073172602
211,9.4067,141.101,5.98125,-2.340013869639065
211,9.4067,141.101,5.984375,-2.2784767899510587
211,9.4067,141.101,5.987500000000001,-2.223214942333902
211,9.4067,141.101,5.9906250000000005,-2.1921421732037234
211,9.4067,141.101,5.99375,-2.174446423382911
211,9.4067,141.101,5.996875,-2.1758941461181234
211,9.4067,141.101,6.0,-2.2031380151506625
