t	Voltage
50	10.26798
50	9.825778
50	9.418734
50	9.005518
50	8.624928
50	8.246814
50	7.878375
50	7.522331
50	7.218681
50	6.917925
50	6.652164
50	6.394171
50	6.161156
50	5.963322
50	5.746798
50	5.527466
50	5.317816
50	5.155647
50	5.091525
50	5.152083
50	5.354664
50	5.670823
50	6.073738
50	6.516749
50	6.965836
50	7.411933
50	7.795614
50	8.130486
50	8.419406
50	8.652083
50	8.847945
50	8.984093
50	9.076379
50	9.129127
50	9.153828
50	9.163763
50	9.186548
50	9.246278
50	9.358932
50	9.529216
50	9.72204
50	9.911752
50	10.06364
50	10.15381
50	10.18104
50	10.14775
50	10.0682
50	9.957601
50	9.826956
50	9.683929
50	9.551547
50	9.430249
50	9.326368
50	9.234924
50	9.139964
50	9.028579
50	8.880551
50	8.685126
50	8.435273
50	8.169514
50	7.887661
50	7.612765
50	7.354964
50	7.123837
50	6.938646
50	6.803747
50	6.719779
50	6.689373
50	6.707047
50	6.771286
50	6.872548
50	7.006438
50	7.180204
50	7.382813
50	7.634077
50	7.93107
50	8.261883
50	8.611527
50	8.941837
50	9.232077
50	9.484695
50	9.70838
50	9.884479
50	10.03528
50	10.1702
50	10.2962
50	10.42648
50	10.54628
50	10.6668
50	10.78505
50	10.89548
50	10.98808
50	11.04442
50	11.04023
50	10.95974
50	10.798
50	10.55913
50	10.2697
50	9.944484
50	9.597772
50	9.224256
50	8.866617
50	8.503942
50	8.142726
50	7.782099
50	7.417509
50	7.067864
50	6.72687
50	6.391036
50	6.06513
50	5.743334
50	5.447376
50	5.175704
50	4.942638
50	4.763348
50	4.662406
50	4.667182
50	4.793257
50	5.046831
50	5.430283
50	5.87451
50	6.349108
50	6.817524
50	7.250071
50	7.653893
50	7.977096
50	8.233164
50	8.420721
50	8.554543
50	8.621497
50	8.645671
50	8.642703
50	8.629869
50	8.628508
50	8.659128
50	8.740606
50	8.882768
50	9.090182
50	9.319425
50	9.546686
50	9.736268
50	9.86685
50	9.943717
50	9.964417
50	9.95477
50	9.92987
50	9.904873
50	9.890401
50	9.893063
50	9.91328
50	9.944606
50	9.9763
50	9.994427
50	9.975984
50	9.901053
50	9.757779
50	9.546531
50	9.275924
50	8.991245
50	8.699952
50	8.416537
50	8.155334
50	7.911486
50	7.700621
50	7.515713
50	7.346526
50	7.177887
50	7.020996
50	6.868683
50	6.721056
50	6.580887
50	6.462468
50	6.382048
50	6.367109
50	6.439316
50	6.608919
50	6.879665
50	7.206055
50	7.576805
50	7.960211
50	8.343054
50	8.713663
50	9.04248
50	9.331386
50	9.584691
50	9.807038
50	9.977716
50	10.11551
50	10.22126
50	10.30226
50	10.37629
50	10.45101
50	10.54081
50	10.64802
50	10.76384
50	10.85642
50	10.89557
50	10.8611
50	10.7408
50	10.5505
50	10.29461
50	9.990353
50	9.65402
50	9.294175
50	8.935358
50	8.579866
50	8.229556
50	7.874663
50	7.548789
50	7.230659
50	6.913536
50	6.599671
50	6.279837
50	5.979406
50	5.689385
50	5.423602
50	5.17488
50	4.993458
50	4.883071
50	4.868801
50	4.970854
50	5.206609
50	5.547843
50	5.970634
50	6.433753
50	6.894375
50	7.350995
50	7.747536
50	8.091643
50	8.370754
50	8.598042
50	8.748959
50	8.837181
50	8.879255
50	8.890898
50	8.88595
50	8.88515
50	8.911077
50	8.98286
50	9.112862
50	9.296384
50	9.512153
50	9.723315
50	9.902762
50	10.00848
50	10.04857
50	10.03381
50	9.97931
50	9.901933
50	9.82426
50	9.753764
50	9.69886
50	9.662337
50	9.641826
50	9.628045
50	9.60553
50	9.553772
50	9.45232
50	9.286354
50	9.063252
50	8.799957
50	8.516379
50	8.222279
50	7.963175
50	7.728489
50	7.531864
50	7.372046
50	7.2438
50	7.151195
50	7.083553
50	7.031112
50	6.988548
50	6.958511
50	6.946094
50	6.962158
50	7.030027
50	7.163811
50	7.376334
50	7.659457
50	7.988894
50	8.352128
50	8.690758
50	9.012296
50	9.305035
50	9.566848
50	9.805044
50	10.00848
50	10.18534
50	10.34342
50	10.48696
50	10.60835
50	10.71814
50	10.8221
50	10.92229
50	11.02204
50	11.10011
50	11.14119
50	11.11677
50	11.0135
50	10.82917
50	10.57991
50	10.2775
50	9.936073
50	9.553194
50	9.176355
50	8.788633
50	8.398885
50	8.015333
50	7.619963
50	7.259442
50	6.903778
50	6.558223
50	6.220623
50	5.878252
50	5.564677
50	5.271501
50	5.00212
50	4.76042
50	4.590774
50	4.507611
50	4.531155
50	4.682058
50	4.966753
50	5.36499
50	5.834555
50	6.319175
50	6.783708
50	7.213082
50	7.585794
50	7.889257
50	8.128089
50	8.298344
50	8.411505
50	8.466645
50	8.481438
50	8.470514
50	8.452961
50	8.450822
50	8.485754
50	8.576509
50	8.733627
50	8.952106
50	9.202456
50	9.443909
50	9.648665
50	9.807036
50	9.90392
50	9.958739
50	9.987062
50	10.00439
50	10.02428
50	10.05404
50	10.09835
50	10.15486
50	10.21899
50	10.2812
50	10.32467
50	10.32859
50	10.2728
50	10.13863
50	9.937733
50	9.678473
50	9.386628
50	9.0846
50	8.772526
50	8.492016
50	8.224335
50	7.974113
50	7.735608
50	7.49748
50	7.268389
50	7.045552
50	6.82153
50	6.599429
50	6.383256
50	6.186826
50	6.020736
50	5.906656
50	5.860736
50	5.918612
50	6.08476
50	6.350151
50	6.706187
50	7.092308
50	7.506151
50	7.918922
50	8.31193
50	8.684627
50	9.008897
50	9.271925
50	9.484205
50	9.652612
50	9.764688
50	9.839797
50	9.893764
50	9.936166
50	9.989402
50	10.06401
50	10.17141
50	10.3073
50	10.45714
50	10.57146
50	10.62852
50	10.60655
50	10.50265
50	10.32607
50	10.09406
50	9.827806
50	9.539686
50	9.234735
50	8.949146
50	8.671928
50	8.405314
50	8.150337
50	7.890597
50	7.636858
50	7.373639
50	7.098893
50	6.800788
50	6.523135
50	6.254911
50	6.010555
50	5.802269
50	5.639161
50	5.558008
50	5.577044
50	5.698648
50	5.931865
50	6.243981
50	6.621588
50	7.03893
50	7.4711
50	7.909959
50	8.30583
50	8.6595
50	8.955707
50	9.204649
50	9.37217
50	9.486233
50	9.555014
50	9.595194
50	9.623372
50	9.654091
50	9.705941
50	9.793988
50	9.927855
50	10.08594
50	10.24531
50	10.37478
50	10.44179
50	10.4303
50	10.3355
50	10.17513
50	9.968275
50	9.726784
50	9.490581
50	9.255964
50	9.034196
50	8.828137
50	8.636744
50	8.450994
50	8.261281
50	8.055199
50	7.825283
50	7.56954
50	7.28587
50	7.014398
50	6.752607
50	6.511241
50	6.313644
50	6.165331
50	6.100472
50	6.118784
50	6.225101
50	6.420743
50	6.676795
50	6.990325
50	7.342932
50	7.720762
50	8.125779
50	8.503586
50	8.855976
50	9.172505
50	9.435487
50	9.65427
50	9.803807
50	9.912833
50	9.988472
50	10.04976
50	10.11202
50	10.18709
50	10.2833
50	10.40291
50	10.54025
50	10.66368
50	10.75251
50	10.77835
50	10.7236
50	10.58429
50	10.37035
50	10.10253
50	9.801311
50	9.468858
50	9.152714
50	8.839041
50	8.535587
50	8.240867
50	7.955389
50	7.669052
50	7.382237
50	7.086871
50	6.790093
50	6.481665
50	6.188179
50	5.915784
50	5.669034
50	5.45235
50	5.314339
50	5.251851
50	5.300725
50	5.463107
50	5.745944
50	6.104908
50	6.522584
50	6.968328
50	7.415731
50	7.855286
50	8.238871
50	8.570689
50	8.835074
50	9.047605
50	9.178123
50	9.260806
50	9.301617
50	9.317824
50	9.327241
50	9.350188
50	9.404825
50	9.505497
50	9.652952
50	9.838839
50	10.0235
50	10.17436
50	10.25971
50	10.26922
50	10.2025
50	10.08121
50	9.923734
50	9.750632
50	9.572752
50	9.408475
50	9.266143
50	9.14082
50	9.024454
50	8.917306
50	8.79458
50	8.641378
50	8.446994
50	8.202432
50	7.943432
50	7.670751
50	7.404495
50	7.159857
50	6.944269
50	6.793032
50	6.70354
50	6.678218
50	6.71762
50	6.814022
50	6.961253
50	7.14871
50	7.367767
50	7.623443
50	7.903875
50	8.2082
50	8.532507
50	8.878578
50	9.18521
50	9.460916
50	9.694918
50	9.890107
50	10.05413
50	10.18078
50	10.29473
50	10.40499
50	10.51865
50	10.63596
50	10.75542
50	10.87141
50	10.96972
50	11.03682
50	11.05645
50	11.00756
50	10.87997
50	10.6754
50	10.40654
50	10.08569
50	9.740606
50	9.381763
50	9.020145
50	8.64117
50	8.28828
50	7.934663
50	7.586171
50	7.240884
50	6.890434
50	6.555597
50	6.232027
50	5.916431
50	5.601414
50	5.32545
50	5.083346
50	4.887403
50	4.765208
50	4.730573
50	4.820267
50	5.038382
50	5.377726
50	5.808558
50	6.285751
50	6.759079
50	7.204233
50	7.610548
50	7.97475
50	8.25337
50	8.462155
50	8.60834
50	8.694956
50	8.738495
50	8.744487
50	8.734124
50	8.726922
50	8.746469
50	8.812587
50	8.937473
50	9.119716
50	9.344028
50	9.583641
50	9.77988
50	9.919726
50	9.999855
50	10.02517
50	10.013
50	9.980652
50	9.943659
50	9.914536
50	9.900242
50	9.905001
50	9.924294
50	9.948998
50	9.964665
50	9.951793
50	9.886122
50	9.756862
50	9.558999
50	9.308061
50	9.024744
50	8.72027
50	8.440692
50	8.18136
50	7.946453
50	7.741117
50	7.560691
50	7.399916
50	7.252926
50	7.115108
50	6.980895
50	6.84339
50	6.722522
50	6.619361
50	6.552791
50	6.546812
50	6.620865
50	6.791975
50	7.05337
50	7.380721
50	7.763676
50	8.137395
50	8.506123
50	8.853052
50	9.172513
50	9.470654
50	9.714128
50	9.92161
50	10.09568
50	10.23725
50	10.35415
50	10.44232
50	10.52095
50	10.60166
50	10.69463
50	10.80342
50	10.90586
50	10.98052
50	10.99877
50	10.93915
50	10.79355
50	10.58136
50	10.30849
50	9.990306
50	9.642146
50	9.262848
50	8.89733
50	8.530141
50	8.169093
50	7.818052
50	7.468664
50	7.136823
50	6.810874
50	6.489588
50	6.158006
50	5.857965
50	5.568851
50	5.303335
50	5.071402
50	4.883257
50	4.784141
50	4.788237
50	4.913329
50	5.167817
50	5.544446
50	5.990065
50	6.46296
50	6.926404
50	7.360479
50	7.757173
50	8.089446
50	8.352769
50	8.549
50	8.69009
50	8.764368
50	8.794084
50	8.795693
50	8.78582
50	8.786089
50	8.817672
50	8.898599
50	9.039894
50	9.236163
50	9.466775
50	9.686142
50	9.864284
50	9.982389
50	10.04128
50	10.04559
50	10.0148
50	9.967711
50	9.917482
50	9.878469
50	9.856044
50	9.853251
50	9.863203
50	9.876966
50	9.877465
50	9.842582
50	9.751985
50	9.59395
50	9.365947
50	9.103906
50	8.818206
50	8.530042
50	8.256851
50	7.999609
50	7.779161
50	7.594176
50	7.436223
50	7.290783
50	7.169816
50	7.056248
50	6.948208
50	6.844789
50	6.749312
50	6.685977
50	6.667686
50	6.719888
50	6.86051
50	7.094279
50	7.398112
50	7.748757
50	8.118062
50	8.502591
50	8.844482
50	9.161039
50	9.444083
50	9.696366
50	9.920914
50	10.10774
50	10.25808
50	10.38472
50	10.49603
50	10.5874
50	10.67479
50	10.76761
50	10.86788
50	10.9693
50	11.04384
50	11.06537
50	11.01102
50	10.87005
50	10.6619
50	10.38945
50	10.0711
50	9.719496
50	9.335685
50	8.962612
50	8.588974
50	8.216694
50	7.852622
50	7.488756
50	7.148385
50	6.813148
50	6.485104
50	6.147442
50	5.839021
50	5.541368
50	5.269056
50	5.02708
50	4.8264
50	4.708831
50	4.691957
50	4.79509
50	5.037298
50	5.393107
50	5.8344
50	6.311918
50	6.779418
50	7.233044
50	7.6262
50	7.963591
50	8.233849
50	8.448619
50	8.589575
50	8.668107
50	8.6992
50	8.702477
50	8.689585
50	8.683187
50	8.704827
50	8.774263
50	8.906992
50	9.099564
50	9.327931
50	9.560393
50	9.768281
50	9.90961
50	9.992476
50	10.02579
50	10.02361
50	10.00354
50	9.979274
50	9.964248
50	9.96035
50	9.97518
50	10.00617
50	10.03908
50	10.06122
50	10.05221
50	9.990068
50	9.856519
50	9.659474
50	9.406569
50	9.123288
50	8.828384
50	8.529202
50	8.26538
50	8.024503
50	7.808273
50	7.614594
50	7.428475
50	7.265513
50	7.106983
50	6.950229
50	6.793869
50	6.64168
50	6.513581
50	6.422055
50	6.38824
50	6.43638
50	6.581771
50	6.822731
50	7.140831
50	7.505404
50	7.902397
50	8.286247
50	8.654428
50	8.992728
50	9.308077
50	9.572045
50	9.791121
50	9.971945
50	10.12401
50	10.2331
50	10.31975
50	10.3938
50	10.46785
50	10.55715
50	10.65942
50	10.773
50	10.87586
50	10.93559
50	10.92737
50	10.83533
50	10.66413
50	10.42525
50	10.12392
50	9.804435
50	9.459521
50	9.104479
50	8.74742
50	8.387771
50	8.042936
50	7.716049
50	7.396887
50	7.067973
50	6.759386
50	6.452299
50	6.147719
50	5.856102
50	5.568351
50	5.325416
50	5.123999
50	4.991061
50	4.940023
50	5.007943
50	5.199941
50	5.512183
50	5.918265
50	6.38465
50	6.848479
50	7.294566
50	7.707902
50	8.089993
50	8.389364
50	8.62075
50	8.789558
50	8.896276
50	8.957903
50	8.978343
50	8.976894
50	8.974192
50	8.992665
50	9.050111
50	9.161264
50	9.328566
50	9.535628
50	9.75329
50	9.937134
50	10.05861
50	10.11192
50	10.10416
50	10.05159
50	9.970927
50	9.881703
50	9.797624
50	9.725788
50	9.675462
50	9.642683
50	9.620039
50	9.592703
50	9.543727
50	9.450105
50	9.298685
50	9.087475
50	8.827252
50	8.544746
50	8.265514
50	7.997065
50	7.74757
50	7.546835
50	7.386372
50	7.264794
50	7.178122
50	7.117174
50	7.081054
50	7.059487
50	7.050284
50	7.056075
50	7.089594
50	7.167754
50	7.309303
50	7.526347
50	7.81457
50	8.146107
50	8.486897
50	8.82335
50	9.150412
50	9.430024
50	9.67878
50	9.900687
50	10.09666
50	10.27913
50	10.43006
50	10.56847
50	10.69219
50	10.80643
50	10.91487
50	11.01495
50	11.10664
50	11.17801
50	11.20454
