t	Voltage
368	14.8543
368	13.72978
368	12.88925
368	12.29698
368	11.84001
368	11.47183
368	11.1352
368	10.84949
368	10.60949
368	10.39469
368	10.18677
368	10.01567
368	9.857502
368	9.71699
368	9.583504
368	9.446945
368	9.324056
368	9.220699
368	9.14512
368	9.106402
368	9.115217
368	9.169552
368	9.26266
368	9.381914
368	9.523853
368	9.667867
368	9.805532
368	9.935053
368	10.06396
368	10.16659
368	10.25869
368	10.33583
368	10.39968
368	10.45183
368	10.48885
368	10.51499
368	10.54013
368	10.57327
368	10.61884
368	10.67957
368	10.75442
368	10.84015
368	10.91451
368	10.97366
368	11.01467
368	11.03431
368	11.03608
368	11.02024
368	10.99093
368	10.95244
368	10.90698
368	10.86227
368	10.8195
368	10.78029
368	10.7381
368	10.6943
368	10.63953
368	10.56947
368	10.48303
368	10.3757
368	10.2669
368	10.15391
368	10.04231
368	9.93766
368	9.836834
368	9.758491
368	9.696577
368	9.654309
368	9.631379
368	9.626753
368	9.638659
368	9.666775
368	9.710413
368	9.76937
368	9.85337
368	9.949628
368	10.06581
368	10.19213
368	10.32427
368	10.46138
368	10.58121
368	10.69204
368	10.79369
368	10.88665
368	10.97699
368	11.05568
368	11.13033
368	11.20285
368	11.27424
368	11.34538
368	11.41184
368	11.47158
368	11.52057
368	11.55357
368	11.55924
368	11.53482
368	11.48083
368	11.39928
368	11.29238
368	11.16989
368	11.03583
368	10.89266
368	10.74324
368	10.58543
368	10.42859
368	10.27261
368	10.11564
368	9.95116
368	9.799239
368	9.651975
368	9.508076
368	9.373655
368	9.239561
368	9.127498
368	9.033927
368	8.96589
368	8.92458
368	8.926629
368	8.973409
368	9.06143
368	9.193461
368	9.338904
368	9.49922
368	9.660159
368	9.816498
368	9.957948
368	10.08193
368	10.18538
368	10.26713
368	10.32767
368	10.3752
368	10.40378
368	10.42299
368	10.43957
368	10.46089
368	10.49599
368	10.54823
368	10.61906
368	10.70662
368	10.80832
368	10.89747
368	10.97368
368	11.03269
368	11.07435
368	11.10101
368	11.11694
368	11.12734
368	11.1357
368	11.1462
368	11.16084
368	11.17757
368	11.19534
368	11.21049
368	11.2165
368	11.20533
368	11.17299
368	11.11502
368	11.03418
368	10.93501
368	10.82136
368	10.7055
368	10.59509
368	10.48719
368	10.37962
368	10.28674
368	10.20018
368	10.11738
368	10.03947
368	9.956756
368	9.883487
368	9.813289
368	9.749311
368	9.696922
368	9.661117
368	9.654714
368	9.683602
368	9.747162
368	9.847755
368	9.965471
368	10.099
368	10.24256
368	10.38891
368	10.54058
368	10.67734
368	10.80453
368	10.92064
368	11.03355
368	11.12351
368	11.20379
368	11.27194
368	11.33331
368	11.39372
368	11.45251
368	11.51098
368	11.57156
368	11.63242
368	11.6746
368	11.69411
368	11.68574
368	11.64691
368	11.57508
368	11.48445
368	11.37229
368	11.24417
368	11.10508
368	10.94984
368	10.80215
368	10.65443
368	10.50455
368	10.35777
368	10.20304
368	10.05923
368	9.91782
368	9.779548
368	9.636459
368	9.512706
368	9.399441
368	9.30394
368	9.228805
368	9.18248
368	9.176721
368	9.214138
368	9.29459
368	9.411128
368	9.560954
368	9.722694
368	9.885914
368	10.04378
368	10.20188
368	10.33553
368	10.44715
368	10.53784
368	10.61481
368	10.66661
368	10.70311
368	10.7282
368	10.74972
368	10.77464
368	10.80706
368	10.85574
368	10.92307
368	11.01056
368	11.09825
368	11.18095
368	11.25052
368	11.29986
368	11.33183
368	11.34291
368	11.33988
368	11.32758
368	11.31042
368	11.296
368	11.28431
368	11.27589
368	11.26997
368	11.26324
368	11.24899
368	11.22051
368	11.17215
368	11.10191
368	11.006
368	10.90445
368	10.79405
368	10.68247
368	10.574
368	10.47006
368	10.38073
368	10.30763
368	10.24565
368	10.19137
368	10.15001
368	10.11501
368	10.08629
368	10.06499
368	10.05231
368	10.0565
368	10.08384
368	10.13883
368	10.22768
368	10.33318
368	10.4561
368	10.58869
368	10.72289
368	10.86304
368	10.98785
368	11.10618
368	11.21688
368	11.3201
368	11.42236
368	11.50863
368	11.58922
368	11.66199
368	11.73148
368	11.80123
368	11.86246
368	11.91762
368	11.96069
368	11.98418
368	11.98109
368	11.94743
368	11.88381
368	11.79401
368	11.67987
368	11.54198
368	11.39221
368	11.23768
368	11.07526
368	10.89772
368	10.73176
368	10.56637
368	10.40282
368	10.2431
368	10.07642
368	9.924523
368	9.778299
368	9.642213
368	9.506461
368	9.396409
368	9.303802
368	9.23886
368	9.205662
368	9.212895
368	9.26835
368	9.36585
368	9.498027
368	9.661751
368	9.822312
368	9.981642
368	10.13482
368	10.27126
368	10.39708
368	10.49137
368	10.56569
368	10.61936
368	10.65627
368	10.68148
368	10.69606
368	10.70907
368	10.72814
368	10.76481
368	10.81784
368	10.89244
368	10.98514
368	11.08428
368	11.18691
368	11.26971
368	11.33862
368	11.39143
368	11.43257
368	11.46691
368	11.49393
368	11.5201
368	11.54888
368	11.57977
368	11.61522
368	11.64734
368	11.6758
368	11.69473
368	11.69581
368	11.67069
368	11.62027
368	11.54284
368	11.44632
368	11.3368
368	11.21083
368	11.09359
368	10.97351
368	10.85762
368	10.74417
368	10.6288
368	10.51645
368	10.41101
368	10.30489
368	10.19296
368	10.09148
368	9.995657
368	9.90809
368	9.836068
368	9.782694
368	9.764621
368	9.785303
368	9.843947
368	9.937176
368	10.05855
368	10.20042
368	10.35189
368	10.50922
368	10.67208
368	10.81601
368	10.94777
368	11.06639
368	11.16886
368	11.26227
368	11.33479
368	11.39087
368	11.43821
368	11.48643
368	11.53223
368	11.58579
368	11.64739
368	11.71455
368	11.78067
368	11.83008
368	11.8548
368	11.8514
368	11.81671
368	11.75902
368	11.67861
368	11.58045
368	11.47154
368	11.35047
368	11.23059
368	11.11352
368	10.99678
368	10.87271
368	10.75728
368	10.63834
368	10.51551
368	10.38889
368	10.25292
368	10.12785
368	10.01142
368	9.904943
368	9.816168
368	9.746265
368	9.712548
368	9.71364
368	9.752943
368	9.829423
368	9.945157
368	10.07685
368	10.22565
368	10.38489
368	10.54428
368	10.70793
368	10.8486
368	10.97311
368	11.079
368	11.16702
368	11.23954
368	11.29244
368	11.33356
368	11.37091
368	11.40872
368	11.45622
368	11.51395
368	11.58064
368	11.65351
368	11.72763
368	11.77955
368	11.80824
368	11.80909
368	11.782
368	11.73033
368	11.65943
368	11.57863
368	11.48962
368	11.39345
368	11.30448
368	11.21768
368	11.13095
368	11.04364
368	10.94478
368	10.84749
368	10.73933
368	10.62485
368	10.50515
368	10.37801
368	10.26489
368	10.16418
368	10.07967
368	10.01929
368	9.981572
368	9.979733
368	10.01095
368	10.07358
368	10.16888
368	10.27941
368	10.40914
368	10.55123
368	10.70104
368	10.86076
368	11.00319
368	11.13487
368	11.25395
368	11.35435
368	11.44449
368	11.51587
368	11.57383
368	11.62532
368	11.68075
368	11.73478
368	11.79389
368	11.85814
368	11.92319
368	11.98415
368	12.02274
368	12.03598
368	12.01952
368	11.97207
368	11.89471
368	11.79554
368	11.68208
368	11.55909
368	11.42034
368	11.29114
368	11.15921
368	11.02889
368	10.89611
368	10.75473
368	10.62151
368	10.48745
368	10.35258
368	10.21915
368	10.08077
368	9.961918
368	9.855645
368	9.769189
368	9.709847
368	9.682011
368	9.694929
368	9.749145
368	9.841347
368	9.964308
368	10.12117
368	10.27767
368	10.44012
368	10.59821
368	10.74704
368	10.88872
368	11.00219
368	11.09583
368	11.16814
368	11.22197
368	11.2656
368	11.29597
368	11.32456
368	11.35818
368	11.40241
368	11.46413
368	11.53648
368	11.61573
368	11.69149
368	11.75523
368	11.7917
368	11.8019
368	11.78842
368	11.75523
368	11.7036
368	11.64808
368	11.58783
368	11.52841
368	11.47135
368	11.41435
368	11.36244
368	11.30777
368	11.24324
368	11.16652
368	11.07216
368	10.96659
368	10.8536
368	10.73899
368	10.62016
368	10.51985
368	10.43246
368	10.36475
368	10.31928
368	10.29515
368	10.29698
368	10.32239
368	10.36726
368	10.43474
368	10.51206
368	10.60561
368	10.71472
368	10.83628
368	10.97454
368	11.11105
368	11.23992
368	11.3604
368	11.47717
368	11.57248
368	11.65792
368	11.73548
368	11.80943
368	11.88352
368	11.95222
368	12.01994
368	12.08635
368	12.14728
368	12.20316
368	12.23908
368	12.25344
368	12.23926
368	12.19498
368	12.11605
368	12.0181
368	11.89856
368	11.76368
368	11.61944
368	11.45611
368	11.30381
368	11.14574
368	10.98787
368	10.82796
368	10.65908
368	10.50472
368	10.35373
368	10.20606
368	10.06603
368	9.925021
368	9.801485
368	9.699144
368	9.619133
368	9.566053
368	9.555922
368	9.587766
368	9.663108
368	9.776917
368	9.928668
368	10.08635
368	10.24921
368	10.40966
368	10.55783
368	10.70051
368	10.81026
368	10.90063
368	10.9692
368	11.02067
368	11.05744
368	11.08046
368	11.0982
368	11.11764
368	11.14678
368	11.19576
368	11.25986
368	11.34263
368	11.43487
368	11.5263
368	11.61141
368	11.6739
368	11.71611
368	11.74296
368	11.75653
368	11.76356
368	11.7667
368	11.7696
368	11.77596
368	11.78632
368	11.79879
368	11.80928
368	11.81304
368	11.80316
368	11.76945
368	11.71392
368	11.63498
368	11.53605
368	11.42594
368	11.30279
368	11.19004
368	11.08058
368	10.97824
368	10.88328
368	10.79049
368	10.71031
368	10.63471
368	10.5627
368	10.49339
368	10.42233
368	10.36359
368	10.31514
368	10.28628
368	10.28204
368	10.31295
368	10.37539
368	10.4689
368	10.58772
368	10.72105
368	10.87086
368	11.01826
368	11.15874
368	11.29279
368	11.42917
368	11.54429
368	11.64886
368	11.74172
368	11.82412
368	11.90034
368	11.96361
368	12.02243
368	12.08136
368	12.14137
368	12.20409
368	12.2578
368	12.2927
368	12.3032
368	12.28314
368	12.2348
368	12.15689
368	12.05418
368	11.93107
368	11.78434
368	11.63756
368	11.48321
368	11.32396
368	11.16553
368	10.99646
368	10.84274
368	10.68985
368	10.53948
368	10.38903
368	10.23506
368	10.0984
368	9.971564
368	9.857382
368	9.76073
368	9.682056
368	9.639272
368	9.640071
368	9.685047
368	9.779176
368	9.899573
368	10.0513
368	10.21018
368	10.37399
368	10.54185
368	10.68476
368	10.81101
368	10.91908
368	11.00478
368	11.07506
368	11.12131
368	11.15276
368	11.174
368	11.19203
368	11.21596
368	11.24933
368	11.30091
368	11.37198
368	11.45766
368	11.55723
368	11.64259
368	11.71523
368	11.76871
368	11.80365
368	11.82454
368	11.83198
368	11.8307
368	11.82717
368	11.82547
368	11.82669
368	11.83149
368	11.83803
368	11.84173
368	11.83722
368	11.81604
368	11.77292
368	11.70574
368	11.61644
368	11.50546
368	11.39388
368	11.27898
368	11.16514
368	11.0579
368	10.95446
368	10.86646
368	10.78756
368	10.71582
368	10.64357
368	10.58169
368	10.52315
368	10.4695
368	10.42379
368	10.39055
368	10.38129
368	10.40106
368	10.45448
368	10.53947
368	10.65801
368	10.78381
368	10.92147
368	11.06305
368	11.20422
368	11.34634
368	11.47789
368	11.59471
368	11.703
368	11.80627
368	11.89484
368	11.97093
368	12.03926
368	12.10628
368	12.16628
368	12.22524
368	12.28448
368	12.33593
368	12.37555
368	12.38877
368	12.37128
368	12.32391
368	12.24174
368	12.14177
368	12.0183
368	11.87875
368	11.72626
368	11.55721
368	11.39674
368	11.23121
368	11.0689
368	10.90926
368	10.7407
368	10.58115
368	10.42916
368	10.283
368	10.14247
368	10.01017
368	9.890513
368	9.790404
368	9.711902
368	9.661549
368	9.653447
368	9.689661
368	9.770211
368	9.888167
368	10.04394
368	10.20129
368	10.36483
368	10.52189
368	10.66871
368	10.80695
368	10.91487
368	11.00077
368	11.06694
368	11.11383
368	11.14863
368	11.16948
368	11.18548
368	11.20393
368	11.23556
368	11.28227
368	11.34972
368	11.43424
368	11.52915
368	11.62573
368	11.7072
368	11.77028
368	11.81608
368	11.84821
368	11.86679
368	11.87735
368	11.88581
368	11.89418
368	11.9063
368	11.92153
368	11.93855
368	11.95312
368	11.96148
368	11.95332
368	11.923
368	11.86747
368	11.78724
368	11.68514
368	11.57095
368	11.45519
368	11.33739
368	11.21706
368	11.11127
368	11.01269
368	10.9187
368	10.83036
368	10.73907
368	10.65832
368	10.57846
368	10.50313
368	10.43158
368	10.36788
368	10.32395
368	10.30898
368	10.3259
368	10.38216
368	10.46779
368	10.58016
368	10.71351
368	10.85694
368	11.0133
368	11.1584
368	11.29947
368	11.43126
368	11.56179
368	11.66849
368	11.7643
368	11.84735
368	11.91945
368	11.9855
368	12.04438
368	12.09994
368	12.15827
368	12.2227
368	12.28046
368	12.32755
368	12.35475
368	12.35422
368	12.3243
368	12.2635
368	12.17545
368	12.06568
368	11.93039
368	11.79362
368	11.64696
368	11.4971
368	11.34355
368	11.18104
368	11.03163
368	10.8845
368	10.73772
368	10.593
368	10.44899
368	10.30737
368	10.1737
368	10.05259
368	9.945516
368	9.855287
368	9.800233
368	9.780028
368	9.802531
368	9.868439
368	9.97588
368	10.11115
368	10.26542
368	10.42824
368	10.60297
368	10.75247
368	10.89185
368	11.01127
368	11.11282
368	11.19777
368	11.25737
368	11.29938
368	11.32942
368	11.35168
368	11.37611
368	11.4067
368	11.4509
368	11.51278
368	11.59639
368	11.68172
368	11.76676
368	11.83883
368	11.89236
368	11.92683
368	11.9398
368	11.93455
368	11.91924
368	11.89783
368	11.87685
368	11.85767
368	11.84229
368	11.83026
368	11.81689
368	11.79979
368	11.76984
368	11.7221
368	11.65305
368	11.56035
368	11.45443
368	11.34219
368	11.22662
368	11.10876
368	11.00691
368	10.91665
368	10.84061
368	10.77733
368	10.7229
368	10.68222
368	10.65154
368	10.62786
368	10.61131
368	10.60487
368	10.61406
368	10.64491
368	10.70203
368	10.792
368	10.89898
368	11.0217
368	11.1535
368	11.28622
368	11.42553
368	11.54808
368	11.66989
368	11.77835
368	11.88068
368	11.98134
368	12.06776
368	12.1475
368	12.22148
368	12.29078
368	12.36074
368	12.42011
368	12.47292
368	12.51203
