t	Voltage
21	2.412208
21	2.524626
21	2.677532
21	2.842666
21	3.008919
21	3.167379
21	3.316835
21	3.448225
21	3.564678
21	3.659211
21	3.735995
21	3.790838
21	3.821773
21	3.82704
21	3.809267
21	3.768018
21	3.705708
21	3.621614
21	3.515532
21	3.394436
21	3.25643
21	3.102145
21	2.94097
21	2.772516
21	2.594541
21	2.411074
21	2.23761
21	2.072153
21	1.937804
21	1.893396
21	1.888775
21	1.885896
21	1.883305
21	1.881041
21	1.879154
21	1.877696
21	1.876707
21	1.87622
21	1.87623
21	1.876786
21	1.877832
21	1.87935
21	1.881297
21	1.883611
21	1.886223
21	1.889107
21	1.892207
21	1.896628
21	1.941932
21	2.086433
21	2.263644
21	2.44951
21	2.644907
21	2.827804
21	3.005249
21	3.171041
21	3.326021
21	3.46384
21	3.579579
21	3.676356
21	3.748386
21	3.80129
21	3.830931
21	3.836526
21	3.819499
21	3.779442
21	3.716013
21	3.632042
21	3.529018
21	3.40943
21	3.272738
21	3.117961
21	2.954962
21	2.78306
21	2.605508
21	2.421003
21	2.244542
21	2.07989
21	1.94308
21	1.893787
21	1.888888
21	1.886017
21	1.883439
21	1.881147
21	1.879262
21	1.877801
21	1.876796
21	1.876301
21	1.876337
21	1.876875
21	1.877939
21	1.879436
21	1.881376
21	1.883676
21	1.886292
21	1.889177
21	1.892278
21	1.897008
21	1.946038
21	2.092902
21	2.271583
21	2.461578
21	2.648767
21	2.833773
21	3.011886
21	3.182667
21	3.332846
21	3.466876
21	3.584214
21	3.683986
21	3.759821
21	3.809997
21	3.838037
21	3.843841
21	3.826148
21	3.786904
21	3.72063
21	3.635358
21	3.530168
21	3.408332
21	3.271212
21	3.120679
21	2.957455
21	2.78595
21	2.607273
21	2.42879
21	2.252978
21	2.082586
21	1.946235
21	1.894214
21	1.888872
21	1.88601
21	1.883408
21	1.881134
21	1.879236
21	1.877781
21	1.876767
21	1.876267
21	1.876301
21	1.876847
21	1.877891
21	1.879411
21	1.88133
21	1.883643
21	1.886261
21	1.889148
21	1.892222
21	1.896963
21	1.945539
21	2.090753
21	2.27443
21	2.459741
21	2.650353
21	2.837327
21	3.015361
21	3.183819
21	3.336791
21	3.471522
21	3.588526
21	3.686834
21	3.760449
21	3.814299
21	3.842558
21	3.849711
21	3.831218
21	3.78811
21	3.725369
21	3.641072
21	3.535694
21	3.414895
21	3.274975
21	3.123995
21	2.959769
21	2.785154
21	2.606819
21	2.42911
21	2.253931
21	2.084732
21	1.945625
21	1.894153
21	1.888814
21	1.88593
21	1.883365
21	1.88108
21	1.879171
21	1.877707
21	1.876708
21	1.876208
21	1.876234
21	1.876776
21	1.877825
21	1.879342
21	1.881254
21	1.883583
21	1.886199
21	1.889078
21	1.892176
21	1.89696
21	1.94657
21	2.093221
21	2.273019
21	2.458358
21	2.647954
21	2.834043
21	3.016482
21	3.180671
21	3.333873
21	3.470614
21	3.586931
21	3.685118
21	3.761076
21	3.812811
21	3.843405
21	3.850036
21	3.831297
21	3.788382
21	3.724363
21	3.639313
21	3.535534
21	3.410462
21	3.272548
21	3.122405
21	2.959624
21	2.785014
21	2.611691
21	2.43365
21	2.257908
21	2.090671
21	1.948303
21	1.894318
21	1.888763
21	1.885889
21	1.883297
21	1.881032
21	1.87914
21	1.877673
21	1.876668
21	1.876179
21	1.876208
21	1.876753
21	1.87782
21	1.879314
21	1.881262
21	1.88357
21	1.886182
21	1.889061
21	1.892157
21	1.897028
21	1.947492
21	2.094297
21	2.277741
21	2.46332
21	2.651813
21	2.835218
21	3.01379
21	3.18196
21	3.333529
21	3.468659
21	3.584982
21	3.67981
21	3.756493
21	3.80805
21	3.837252
21	3.842733
21	3.825785
21	3.782605
21	3.720406
21	3.638074
21	3.53468
21	3.410571
21	3.275456
21	3.127109
21	2.965537
21	2.795467
21	2.613742
21	2.435524
21	2.259852
21	2.090618
21	1.947591
21	1.894352
21	1.888751
21	1.885877
21	1.8833
21	1.881014
21	1.879128
21	1.87766
21	1.876649
21	1.876172
21	1.876193
21	1.876744
21	1.87778
21	1.879299
21	1.881234
21	1.883544
21	1.886172
21	1.889056
21	1.892129
21	1.897397
21	1.951699
21	2.099673
21	2.277274
21	2.464062
21	2.659223
21	2.843151
21	3.020568
21	3.186543
21	3.340258
21	3.478454
21	3.593286
21	3.689471
21	3.766096
21	3.819508
21	3.848161
21	3.854872
21	3.83517
21	3.79419
21	3.729475
21	3.645171
21	3.541893
21	3.420348
21	3.283452
21	3.131119
21	2.968375
21	2.796676
21	2.620716
21	2.439817
21	2.263718
21	2.094559
21	1.952866
21	1.894839
21	1.888779
21	1.885893
21	1.883308
21	1.881032
21	1.879137
21	1.877672
21	1.876665
21	1.876184
21	1.87622
21	1.876749
21	1.8778
21	1.879314
21	1.881242
21	1.883553
21	1.886161
21	1.889051
21	1.892149
21	1.897552
21	1.954929
21	2.104431
21	2.281229
21	2.473461
21	2.660596
21	2.843519
21	3.021801
21	3.18926
21	3.34581
21	3.479449
21	3.597544
21	3.695097
21	3.76775
21	3.819839
21	3.851169
21	3.856373
21	3.837778
21	3.796394
21	3.734211
21	3.650357
21	3.546483
21	3.425295
21	3.286792
21	3.138255
21	2.975983
21	2.805967
21	2.627651
21	2.441605
21	2.267031
21	2.098307
21	1.955665
21	1.895079
21	1.888745
21	1.885858
21	1.883261
21	1.880995
21	1.87912
21	1.877638
21	1.876626
21	1.876141
21	1.876179
21	1.876709
21	1.877765
21	1.879291
21	1.881204
21	1.883514
21	1.886137
21	1.889012
21	1.8921
21	1.89775
21	1.957266
21	2.109984
21	2.290157
21	2.477254
21	2.66688
21	2.855583
21	3.030836
21	3.197882
21	3.350999
21	3.486098
21	3.604749
21	3.700695
21	3.776496
21	3.829647
21	3.858847
21	3.864821
21	3.847703
21	3.804245
21	3.739288
21	3.655571
21	3.551242
21	3.430379
21	3.293483
21	3.138325
21	2.977085
21	2.806905
21	2.628794
21	2.449642
21	2.269027
21	2.100243
21	1.956797
21	1.895348
21	1.888791
21	1.885892
21	1.883307
21	1.881029
21	1.879135
21	1.877682
21	1.876665
21	1.876179
21	1.876208
21	1.876747
21	1.877806
21	1.879313
21	1.881238
21	1.883559
21	1.886157
21	1.889054
21	1.89216
21	1.897843
21	1.957893
21	2.11266
21	2.294381
21	2.482172
21	2.670426
21	2.856655
21	3.035879
21	3.203424
21	3.356799
21	3.490173
21	3.608605
21	3.704706
21	3.778824
21	3.831217
21	3.860515
21	3.867333
21	3.848646
21	3.808665
21	3.746365
21	3.659931
21	3.555449
21	3.434497
21	3.297632
21	3.146712
21	2.98228
21	2.811554
21	2.634559
21	2.455281
21	2.272652
21	2.10429
21	1.959313
21	1.895527
21	1.88877
21	1.885869
21	1.883297
21	1.881014
21	1.879126
21	1.877658
21	1.876651
21	1.876164
21	1.876198
21	1.876735
21	1.877782
21	1.8793
21	1.881239
21	1.883547
21	1.886167
21	1.889031
21	1.892139
21	1.898039
21	1.962171
21	2.114605
21	2.294209
