"Current","Field","Frequency","Spectra"
12.047,180.705,1,-0.9171364576996099
12.047,180.705,1.003125,-0.8748180347370078
12.047,180.705,1.00625,-0.8366423298866217
12.047,180.705,1.0093750000000001,-0.8051820288929115
12.047,180.705,1.0125,-0.7832792903801938
12.047,180.705,1.015625,-0.7676237097181413
12.047,180.705,1.01875,-0.7685619449336144
12.047,180.705,1.021875,-0.7757144007348589
12.047,180.705,1.0250000000000001,-0.7961713777585242
12.047,180.705,1.028125,-0.8313926897336997
12.047,180.705,1.03125,-0.8777868188575855
12.047,180.705,1.034375,-0.9343723593019483
12.047,180.705,1.0375,-0.9986174589591728
12.047,180.705,1.0406250000000001,-1.065738393559573
12.047,180.705,1.04375,-1.1341708545965004
12.047,180.705,1.046875,-1.1996970359101609
12.047,180.705,1.05,-1.265909621428668
12.047,180.705,1.053125,-1.3197835408237923
12.047,180.705,1.0562500000000001,-1.3654023821600272
12.047,180.705,1.059375,-1.406504353036879
12.047,180.705,1.0625,-1.4275363503999685
12.047,180.705,1.065625,-1.4411585529523399
12.047,180.705,1.06875,-1.4417485953157891
12.047,180.705,1.0718750000000001,-1.4311328822589509
12.047,180.705,1.0750000000000002,-1.4113832184041908
12.047,180.705,1.078125,-1.3790198323234824
12.047,180.705,1.08125,-1.3398238247028214
12.047,180.705,1.084375,-1.2929214088800927
12.047,180.705,1.0875000000000001,-1.2377992142347944
12.047,180.705,1.0906250000000002,-1.18555764961675
12.047,180.705,1.09375,-1.1362524560121958
12.047,180.705,1.096875,-1.0786470346808652
12.047,180.705,1.1,-1.0329243694188202
12.047,180.705,1.1031250000000001,-0.993789849420035
12.047,180.705,1.1062500000000002,-0.9469335122018852
12.047,180.705,1.109375,-0.9158141966236611
12.047,180.705,1.1125,-0.8962032045984824
12.047,180.705,1.115625,-0.8866017489721714
12.047,180.705,1.1187500000000001,-0.8872618880280926
12.047,180.705,1.1218750000000002,-0.8944042868362662
12.047,180.705,1.125,-0.9101621626753776
12.047,180.705,1.128125,-0.9361398476259664
12.047,180.705,1.13125,-0.9671665579055997
12.047,180.705,1.1343750000000001,-1.0036130073186595
12.047,180.705,1.1375000000000002,-1.044280168407595
12.047,180.705,1.140625,-1.086339134209135
12.047,180.705,1.14375,-1.1207056706461795
12.047,180.705,1.146875,-1.1574753860144547
12.047,180.705,1.1500000000000001,-1.1882479203689504
12.047,180.705,1.1531250000000002,-1.2141172630733181
12.047,180.705,1.15625,-1.2288870681070216
12.047,180.705,1.159375,-1.23495913838514
12.047,180.705,1.1625,-1.2324723902709944
12.047,180.705,1.1656250000000001,-1.2192480566406836
12.047,180.705,1.1687500000000002,-1.1988590838459645
12.047,180.705,1.171875,-1.1688760975265486
12.047,180.705,1.175,-1.1305741480053524
12.047,180.705,1.178125,-1.0847603024766073
12.047,180.705,1.1812500000000001,-1.0349812457966994
12.047,180.705,1.1843750000000002,-0.9834023706309811
12.047,180.705,1.1875,-0.9331007798798147
12.047,180.705,1.190625,-0.8828885722080771
12.047,180.705,1.19375,-0.8415961084603552
12.047,180.705,1.1968750000000001,-0.8066806186414943
12.047,180.705,1.2000000000000002,-0.7841178474705423
12.047,180.705,1.203125,-0.774265611904066
12.047,180.705,1.20625,-0.7789049825104521
12.047,180.705,1.209375,-0.8008271995356676
12.047,180.705,1.2125000000000001,-0.8350742950066639
12.047,180.705,1.2156250000000002,-0.884856320145555
12.047,180.705,1.21875,-0.9366419674420199
12.047,180.705,1.221875,-1.0028618996206946
12.047,180.705,1.225,-1.0800688726320402
12.047,180.705,1.2281250000000001,-1.155238923014035
12.047,180.705,1.2312500000000002,-1.2300644235662515
12.047,180.705,1.234375,-1.2981541754209338
12.047,180.705,1.2375,-1.3588463927125116
12.047,180.705,1.240625,-1.4090989498454873
12.047,180.705,1.2437500000000001,-1.455685564940645
12.047,180.705,1.2468750000000002,-1.489876210508807
12.047,180.705,1.25,-1.5138886308544242
12.047,180.705,1.253125,-1.518105281997565
12.047,180.705,1.25625,-1.5002448064507803
12.047,180.705,1.2593750000000001,-1.4726119503643718
12.047,180.705,1.2625000000000002,-1.4526660796257127
12.047,180.705,1.265625,-1.424265066582808
12.047,180.705,1.26875,-1.3826494450065918
12.047,180.705,1.271875,-1.3344972264979473
12.047,180.705,1.2750000000000001,-1.2800928942518488
12.047,180.705,1.2781250000000002,-1.2228643796006977
12.047,180.705,1.28125,-1.173644176620721
12.047,180.705,1.284375,-1.136502752755113
12.047,180.705,1.2875,-1.1004338299369416
12.047,180.705,1.2906250000000001,-1.0638957912487232
12.047,180.705,1.2937500000000002,-1.0403970711255894
12.047,180.705,1.296875,-1.0274170013594217
12.047,180.705,1.3,-1.0196061846700626
12.047,180.705,1.303125,-1.0346637793524973
12.047,180.705,1.3062500000000001,-1.0523109605946666
12.047,180.705,1.3093750000000002,-1.0769432941824832
12.047,180.705,1.3125,-1.1124995635959838
12.047,180.705,1.315625,-1.1541103338603382
12.047,180.705,1.31875,-1.1996452492454843
12.047,180.705,1.3218750000000001,-1.2417984895625014
12.047,180.705,1.3250000000000002,-1.2835593153994094
12.047,180.705,1.328125,-1.321870831489155
12.047,180.705,1.33125,-1.355733409873745
12.047,180.705,1.334375,-1.376753839840811
12.047,180.705,1.3375000000000001,-1.3919134096392805
12.047,180.705,1.3406250000000002,-1.3952239657113086
12.047,180.705,1.34375,-1.388062744843555
12.047,180.705,1.346875,-1.3716492635010051
12.047,180.705,1.35,-1.3437556976188934
12.047,180.705,1.3531250000000001,-1.3097071411782504
12.047,180.705,1.3562500000000002,-1.2633918248774914
12.047,180.705,1.359375,-1.2165447848128677
12.047,180.705,1.3625,-1.162795008033487
12.047,180.705,1.365625,-1.1015152193912146
12.047,180.705,1.3687500000000001,-1.0417445744185243
12.047,180.705,1.3718750000000002,-0.9870721708532643
12.047,180.705,1.375,-0.9390774290897573
12.047,180.705,1.378125,-0.8976906983841876
12.047,180.705,1.38125,-0.8637737340192787
12.047,180.705,1.3843750000000001,-0.8392992571386536
12.047,180.705,1.3875000000000002,-0.8294497474581821
12.047,180.705,1.390625,-0.8368658009534808
12.047,180.705,1.39375,-0.8567555513170471
12.047,180.705,1.396875,-0.8956345033518592
12.047,180.705,1.4000000000000001,-0.9507159186293694
12.047,180.705,1.4031250000000002,-1.004134981103354
12.047,180.705,1.40625,-1.0698644543806841
12.047,180.705,1.409375,-1.1424257355536136
12.047,180.705,1.4125,-1.2189997662257663
12.047,180.705,1.4156250000000001,-1.2935328670305557
12.047,180.705,1.4187500000000002,-1.3670941260867253
12.047,180.705,1.421875,-1.4294677125860966
12.047,180.705,1.425,-1.484302800728678
12.047,180.705,1.428125,-1.5283769516649128
12.047,180.705,1.4312500000000001,-1.5624326892704041
12.047,180.705,1.4343750000000002,-1.5843701630783644
12.047,180.705,1.4375,-1.5921024498756096
12.047,180.705,1.440625,-1.590102690326066
12.047,180.705,1.44375,-1.5743919762693435
12.047,180.705,1.4468750000000001,-1.5489646601839513
12.047,180.705,1.4500000000000002,-1.5120987688501075
12.047,180.705,1.453125,-1.469380693569776
12.047,180.705,1.45625,-1.4171838231484013
12.047,180.705,1.459375,-1.3644314830358888
12.047,180.705,1.4625000000000001,-1.3138610354073479
12.047,180.705,1.4656250000000002,-1.260476148254024
12.047,180.705,1.46875,-1.2126860297623967
12.047,180.705,1.471875,-1.1702538482938796
12.047,180.705,1.475,-1.1381761871001763
12.047,180.705,1.4781250000000001,-1.1185307388428094
12.047,180.705,1.4812500000000002,-1.1125290682196027
12.047,180.705,1.484375,-1.1159429052685357
12.047,180.705,1.4875,-1.139724886103732
12.047,180.705,1.490625,-1.171252704982336
12.047,180.705,1.4937500000000001,-1.2149177430111182
12.047,180.705,1.4968750000000002,-1.2667605821928847
12.047,180.705,1.5,-1.3231371602732322
12.047,180.705,1.503125,-1.3787974639511882
12.047,180.705,1.50625,-1.4354816824330185
12.047,180.705,1.5093750000000001,-1.4839454833451802
12.047,180.705,1.5125000000000002,-1.5264975770338802
12.047,180.705,1.515625,-1.5600701988366363
12.047,180.705,1.51875,-1.5866002922769895
12.047,180.705,1.521875,-1.598034582154217
12.047,180.705,1.5250000000000001,-1.5929875054316063
12.047,180.705,1.5281250000000002,-1.5833817078697463
12.047,180.705,1.53125,-1.5603577293783641
12.047,180.705,1.534375,-1.5304646672626467
12.047,180.705,1.5375,-1.4938570627984622
12.047,180.705,1.5406250000000001,-1.449628632796577
12.047,180.705,1.5437500000000002,-1.3955321713396682
12.047,180.705,1.546875,-1.337189179960233
12.047,180.705,1.55,-1.2772777354878675
12.047,180.705,1.553125,-1.2169055828359652
12.047,180.705,1.5562500000000001,-1.1543061728110895
12.047,180.705,1.5593750000000002,-1.0986659481628789
12.047,180.705,1.5625,-1.0443839227647898
12.047,180.705,1.565625,-1.0028547007187407
12.047,180.705,1.56875,-0.9706822230785705
12.047,180.705,1.5718750000000001,-0.9511635033298717
12.047,180.705,1.5750000000000002,-0.9506524149996408
12.047,180.705,1.578125,-0.9643045703083877
12.047,180.705,1.58125,-0.9938323199639136
12.047,180.705,1.584375,-1.0399447645153768
12.047,180.705,1.5875000000000001,-1.10345213446474
12.047,180.705,1.5906250000000002,-1.1781993579887435
12.047,180.705,1.59375,-1.2562444299126494
12.047,180.705,1.596875,-1.3378579784136402
12.047,180.705,1.6,-1.4217008500422001
12.047,180.705,1.6031250000000001,-1.4960069299355614
12.047,180.705,1.6062500000000002,-1.5628312531061372
12.047,180.705,1.609375,-1.6192631216625153
12.047,180.705,1.6125,-1.6597102082212447
12.047,180.705,1.615625,-1.6857912461935096
12.047,180.705,1.6187500000000001,-1.6946745672043444
12.047,180.705,1.6218750000000002,-1.692304488001828
12.047,180.705,1.625,-1.67316228915536
12.047,180.705,1.628125,-1.6457832194409434
12.047,180.705,1.63125,-1.6059918137273466
12.047,180.705,1.6343750000000001,-1.5618541576376437
12.047,180.705,1.6375000000000002,-1.512650913302085
12.047,180.705,1.640625,-1.4657772895152097
12.047,180.705,1.64375,-1.412533274809019
12.047,180.705,1.646875,-1.3656538936439386
12.047,180.705,1.6500000000000001,-1.322900064579945
12.047,180.705,1.6531250000000002,-1.2883137816271684
12.047,180.705,1.65625,-1.2632340117041794
12.047,180.705,1.659375,-1.2517215211824104
12.047,180.705,1.6625,-1.2637658978450066
12.047,180.705,1.6656250000000001,-1.265819931039132
12.047,180.705,1.6687500000000002,-1.2597150951162697
12.047,180.705,1.671875,-1.2797579853323795
12.047,180.705,1.675,-1.315200092953923
12.047,180.705,1.678125,-1.3604994382629654
12.047,180.705,1.6812500000000001,-1.414140801235091
12.047,180.705,1.6843750000000002,-1.4769400779060302
12.047,180.705,1.6875,-1.5370428654335255
12.047,180.705,1.690625,-1.6012245422709688
12.047,180.705,1.69375,-1.654906180394802
12.047,180.705,1.6968750000000001,-1.7070142151290433
12.047,180.705,1.7000000000000002,-1.7502097531579677
12.047,180.705,1.703125,-1.7826959576294574
12.047,180.705,1.70625,-1.8036115497354648
12.047,180.705,1.709375,-1.8142299067254721
12.047,180.705,1.7125000000000001,-1.8100741228833117
12.047,180.705,1.7156250000000002,-1.7929067959452043
12.047,180.705,1.71875,-1.7641131920165718
12.047,180.705,1.721875,-1.7200792648297276
12.047,180.705,1.725,-1.6682013478471613
12.047,180.705,1.7281250000000001,-1.6052570177750358
12.047,180.705,1.7312500000000002,-1.5347052364199378
12.047,180.705,1.734375,-1.461937154883865
12.047,180.705,1.7375,-1.3888705479605523
12.047,180.705,1.740625,-1.3185055652529156
12.047,180.705,1.7437500000000001,-1.2514572554872223
12.047,180.705,1.7468750000000002,-1.191704680940069
12.047,180.705,1.75,-1.141500296703684
12.047,180.705,1.753125,-1.1064100460113904
12.047,180.705,1.75625,-1.0837410136144903
12.047,180.705,1.7593750000000001,-1.0830733214586241
12.047,180.705,1.7625000000000002,-1.0970038883761402
12.047,180.705,1.765625,-1.1300313059317546
12.047,180.705,1.76875,-1.1749409796619483
12.047,180.705,1.771875,-1.2307664498241866
12.047,180.705,1.7750000000000001,-1.2982972480398949
12.047,180.705,1.7781250000000002,-1.3711367520513802
12.047,180.705,1.78125,-1.4432498903726734
12.047,180.705,1.784375,-1.517985209765187
12.047,180.705,1.7875,-1.5856760587408092
12.047,180.705,1.7906250000000001,-1.6481687638273197
12.047,180.705,1.7937500000000002,-1.69523090007137
12.047,180.705,1.7968750000000002,-1.7333569994836264
12.047,180.705,1.8,-1.7583992585352535
12.047,180.705,1.803125,-1.7680458680310427
12.047,180.705,1.8062500000000001,-1.768230457035457
12.047,180.705,1.8093750000000002,-1.7552340340090322
12.047,180.705,1.8125000000000002,-1.7334290993219588
12.047,180.705,1.815625,-1.7007032046543402
12.047,180.705,1.81875,-1.6615381141287329
12.047,180.705,1.8218750000000001,-1.6166617859546966
12.047,180.705,1.8250000000000002,-1.5671866565390156
12.047,180.705,1.8281250000000002,-1.515269532354383
12.047,180.705,1.83125,-1.465238260379823
12.047,180.705,1.834375,-1.4173878196565464
12.047,180.705,1.8375000000000001,-1.3750271095005853
12.047,180.705,1.8406250000000002,-1.3398134076912918
12.047,180.705,1.8437500000000002,-1.3152515847778632
12.047,180.705,1.846875,-1.3059934003823548
12.047,180.705,1.85,-1.3054862292931206
12.047,180.705,1.8531250000000001,-1.3191871989782804
12.047,180.705,1.8562500000000002,-1.3491857189105594
12.047,180.705,1.8593750000000002,-1.3907428845482286
12.047,180.705,1.8625,-1.4476629880745744
12.047,180.705,1.865625,-1.5125728961263498
12.047,180.705,1.8687500000000001,-1.5836197218933639
12.047,180.705,1.8718750000000002,-1.6572880180987006
12.047,180.705,1.8750000000000002,-1.7277763724398232
12.047,180.705,1.878125,-1.794226023020188
12.047,180.705,1.88125,-1.8501819161165471
12.047,180.705,1.8843750000000001,-1.8983232405819117
12.047,180.705,1.8875000000000002,-1.9354413546805935
12.047,180.705,1.8906250000000002,-1.953972054461822
12.047,180.705,1.89375,-1.959448410447503
12.047,180.705,1.896875,-1.9456107412824575
12.047,180.705,1.9000000000000001,-1.9216380664227641
12.047,180.705,1.9031250000000002,-1.879647189500693
12.047,180.705,1.9062500000000002,-1.8316755574105708
12.047,180.705,1.909375,-1.7719062746269263
12.047,180.705,1.9125,-1.7061403923583953
12.047,180.705,1.9156250000000001,-1.6358047463711187
12.047,180.705,1.9187500000000002,-1.5615804205762818
12.047,180.705,1.9218750000000002,-1.4881963643313307
12.047,180.705,1.925,-1.4206986193553623
12.047,180.705,1.928125,-1.352719720988902
12.047,180.705,1.9312500000000001,-1.2964940988636502
12.047,180.705,1.9343750000000002,-1.2534737950706711
12.047,180.705,1.9375000000000002,-1.2189062185661823
12.047,180.705,1.940625,-1.1998407370060429
12.047,180.705,1.94375,-1.1975394708448421
12.047,180.705,1.9468750000000001,-1.207249201760096
12.047,180.705,1.9500000000000002,-1.2335127659322476
12.047,180.705,1.9531250000000002,-1.2729791966326127
12.047,180.705,1.95625,-1.3297121707456947
12.047,180.705,1.959375,-1.3942699345521503
12.047,180.705,1.9625000000000001,-1.4617627511644304
12.047,180.705,1.9656250000000002,-1.5318528918279273
12.047,180.705,1.9687500000000002,-1.605523627350388
12.047,180.705,1.971875,-1.6706085528381986
12.047,180.705,1.975,-1.7295952050447239
12.047,180.705,1.9781250000000001,-1.7754279786158134
12.047,180.705,1.9812500000000002,-1.8102715468889896
12.047,180.705,1.9843750000000002,-1.8286979562191938
12.047,180.705,1.9875,-1.8359309168361557
12.047,180.705,1.990625,-1.827893339108439
12.047,180.705,1.9937500000000001,-1.8044571782718875
12.047,180.705,1.9968750000000002,-1.7699560909233705
12.047,180.705,2,-1.7243415952577084
12.047,180.705,2.0031250000000003,-1.6718549182149036
12.047,180.705,2.00625,-1.6103618132290323
12.047,180.705,2.009375,-1.5471485641092573
12.047,180.705,2.0125,-1.4831893651596069
12.047,180.705,2.015625,-1.4211836768890962
12.047,180.705,2.0187500000000003,-1.3626842956935041
12.047,180.705,2.021875,-1.3110969669044514
12.047,180.705,2.025,-1.2710196992543346
12.047,180.705,2.028125,-1.2440986422929639
12.047,180.705,2.03125,-1.2323541623031091
12.047,180.705,2.0343750000000003,-1.2406987653707688
12.047,180.705,2.0375,-1.2651598774162487
12.047,180.705,2.040625,-1.3055644325495528
12.047,180.705,2.04375,-1.3585041498894876
12.047,180.705,2.046875,-1.4247478296515164
12.047,180.705,2.0500000000000003,-1.4979752787049214
12.047,180.705,2.053125,-1.5761322418859143
12.047,180.705,2.05625,-1.6624691772016056
12.047,180.705,2.059375,-1.74340847547931
12.047,180.705,2.0625,-1.8195343836956146
12.047,180.705,2.0656250000000003,-1.8821418821545488
12.047,180.705,2.06875,-1.9370285598021728
12.047,180.705,2.071875,-1.9725675342988729
12.047,180.705,2.075,-1.9966524972495658
12.047,180.705,2.078125,-2.0068281173961307
12.047,180.705,2.0812500000000003,-2.0022989274809087
12.047,180.705,2.084375,-1.983823262857949
12.047,180.705,2.0875,-1.9481400344617918
12.047,180.705,2.090625,-1.8979663151271975
12.047,180.705,2.09375,-1.8388424692110061
12.047,180.705,2.0968750000000003,-1.7703479809901723
12.047,180.705,2.1,-1.697788327094897
12.047,180.705,2.103125,-1.626748884713575
12.047,180.705,2.10625,-1.5510932830909416
12.047,180.705,2.109375,-1.4817306724128454
12.047,180.705,2.1125000000000003,-1.41463996083899
12.047,180.705,2.115625,-1.355785388564509
12.047,180.705,2.11875,-1.2985692551140071
12.047,180.705,2.121875,-1.258549079153416
12.047,180.705,2.125,-1.234542284752387
12.047,180.705,2.1281250000000003,-1.2240762099065152
12.047,180.705,2.13125,-1.2305954897122897
12.047,180.705,2.134375,-1.2571635696689283
12.047,180.705,2.1375,-1.2978141426824021
12.047,180.705,2.140625,-1.3513760937367754
12.047,180.705,2.1437500000000003,-1.4147722481945872
12.047,180.705,2.146875,-1.487696026251458
12.047,180.705,2.1500000000000004,-1.5609015018146866
12.047,180.705,2.153125,-1.636575971878156
12.047,180.705,2.15625,-1.7088162292601545
12.047,180.705,2.1593750000000003,-1.7708470823145412
12.047,180.705,2.1625,-1.821322043521475
12.047,180.705,2.1656250000000004,-1.8534178206495178
12.047,180.705,2.16875,-1.8715802195325937
12.047,180.705,2.171875,-1.8716827803167944
12.047,180.705,2.1750000000000003,-1.8568937286891953
12.047,180.705,2.178125,-1.828855320465625
12.047,180.705,2.1812500000000004,-1.7896356993356968
12.047,180.705,2.184375,-1.7376554525301313
12.047,180.705,2.1875,-1.6788237793273337
12.047,180.705,2.1906250000000003,-1.6125044072281327
12.047,180.705,2.19375,-1.5409485649927652
12.047,180.705,2.1968750000000004,-1.4624939681717763
12.047,180.705,2.2,-1.3880750777609063
12.047,180.705,2.203125,-1.3228819825922207
12.047,180.705,2.2062500000000003,-1.2696125792117705
12.047,180.705,2.209375,-1.224596299271642
12.047,180.705,2.2125000000000004,-1.194767212015442
12.047,180.705,2.215625,-1.1788409999737488
12.047,180.705,2.21875,-1.1786195386291516
12.047,180.705,2.2218750000000003,-1.1967197236081293
12.047,180.705,2.225,-1.231572268698717
12.047,180.705,2.2281250000000004,-1.2821401917388702
12.047,180.705,2.23125,-1.3473563066811858
12.047,180.705,2.234375,-1.419701542529901
12.047,180.705,2.2375000000000003,-1.4987143820433038
12.047,180.705,2.240625,-1.5794952749388025
12.047,180.705,2.2437500000000004,-1.6595922127047993
12.047,180.705,2.246875,-1.735189491335244
12.047,180.705,2.25,-1.8058306016316161
12.047,180.705,2.2531250000000003,-1.8607251093260182
12.047,180.705,2.25625,-1.9067852299769035
12.047,180.705,2.2593750000000004,-1.939649553126107
12.047,180.705,2.2625,-1.953894498520786
12.047,180.705,2.265625,-1.954832505085691
12.047,180.705,2.2687500000000003,-1.9403802080217125
12.047,180.705,2.271875,-1.9119751310549895
12.047,180.705,2.2750000000000004,-1.8721952670112194
12.047,180.705,2.278125,-1.8251027384450234
12.047,180.705,2.28125,-1.7652984315427875
12.047,180.705,2.2843750000000003,-1.7028248642072525
12.047,180.705,2.2875,-1.6329454864252004
12.047,180.705,2.2906250000000004,-1.5612410113239716
12.047,180.705,2.29375,-1.4899747883768697
12.047,180.705,2.296875,-1.4233117844168508
12.047,180.705,2.3000000000000003,-1.361304854748393
12.047,180.705,2.303125,-1.3089529315746609
12.047,180.705,2.3062500000000004,-1.2652708171885005
12.047,180.705,2.309375,-1.2385780020229302
12.047,180.705,2.3125,-1.2229742987673566
12.047,180.705,2.3156250000000003,-1.2265952917279055
12.047,180.705,2.31875,-1.2445954651642057
12.047,180.705,2.3218750000000004,-1.2733799715224527
12.047,180.705,2.325,-1.3206965502967947
12.047,180.705,2.328125,-1.3833376871309258
12.047,180.705,2.3312500000000003,-1.4515448696603879
12.047,180.705,2.334375,-1.5280548538149852
12.047,180.705,2.3375000000000004,-1.601248588599675
12.047,180.705,2.340625,-1.6721696026254826
12.047,180.705,2.34375,-1.7351788632627765
12.047,180.705,2.3468750000000003,-1.7895351523065246
12.047,180.705,2.35,-1.832225163741931
12.047,180.705,2.3531250000000004,-1.8608431396171523
12.047,180.705,2.35625,-1.8753364299526916
12.047,180.705,2.359375,-1.8713679831082195
12.047,180.705,2.3625000000000003,-1.8552613908334779
12.047,180.705,2.365625,-1.8237830824206824
12.047,180.705,2.3687500000000004,-1.7762986538585788
12.047,180.705,2.371875,-1.720798483924499
12.047,180.705,2.375,-1.654078138265374
12.047,180.705,2.3781250000000003,-1.5833238083369716
12.047,180.705,2.38125,-1.5098283647557107
12.047,180.705,2.3843750000000004,-1.4404154586146698
12.047,180.705,2.3875,-1.3672282873033528
12.047,180.705,2.390625,-1.2984973587741002
12.047,180.705,2.3937500000000003,-1.2428394780290462
12.047,180.705,2.396875,-1.1998214475874183
12.047,180.705,2.4000000000000004,-1.1669775617167946
12.047,180.705,2.403125,-1.1554386251778443
12.047,180.705,2.40625,-1.1633135724080765
12.047,180.705,2.4093750000000003,-1.1953824532899995
12.047,180.705,2.4125,-1.2453486232848543
12.047,180.705,2.4156250000000004,-1.3161938374022861
12.047,180.705,2.41875,-1.4120753660507184
12.047,180.705,2.421875,-1.5372449953146303
12.047,180.705,2.4250000000000003,-1.7144933326440484
12.047,180.705,2.428125,-2.020815667148529
12.047,180.705,2.4312500000000004,-2.733559215621954
12.047,180.705,2.434375,-3.399965730488989
12.047,180.705,2.4375,-2.4981925106175966
12.047,180.705,2.4406250000000003,-2.1608318040150922
12.047,180.705,2.44375,-2.069770537756685
12.047,180.705,2.4468750000000004,-2.04476403336111
12.047,180.705,2.45,-2.0288527807168037
12.047,180.705,2.453125,-2.0100312497627097
12.047,180.705,2.4562500000000003,-1.9794157655035727
12.047,180.705,2.459375,-1.9412511550637808
12.047,180.705,2.4625000000000004,-1.88654512144767
12.047,180.705,2.465625,-1.8275205630395552
12.047,180.705,2.46875,-1.7582721683932552
12.047,180.705,2.4718750000000003,-1.6857289587779898
12.047,180.705,2.475,-1.6137006981459585
12.047,180.705,2.4781250000000004,-1.5434713927672703
12.047,180.705,2.48125,-1.4752857051435906
12.047,180.705,2.484375,-1.4147103734778608
12.047,180.705,2.4875000000000003,-1.360456304853921
12.047,180.705,2.490625,-1.3183281753112523
12.047,180.705,2.4937500000000004,-1.2908511158529692
12.047,180.705,2.496875,-1.2790783163674238
12.047,180.705,2.5,-1.2855241224739826
12.047,180.705,2.5031250000000003,-1.3025461453192142
12.047,180.705,2.50625,-1.3402737828766145
12.047,180.705,2.5093750000000004,-1.3890189514439857
12.047,180.705,2.5125,-1.452426517917066
12.047,180.705,2.515625,-1.5252174876374482
12.047,180.705,2.5187500000000003,-1.6009189220566027
12.047,180.705,2.521875,-1.6812004361280133
12.047,180.705,2.5250000000000004,-1.7555573469861554
12.047,180.705,2.528125,-1.8258267171525457
12.047,180.705,2.53125,-1.8863144900107192
12.047,180.705,2.5343750000000003,-1.930457261783526
12.047,180.705,2.5375,-1.9608920844388895
12.047,180.705,2.5406250000000004,-1.9715400174044553
12.047,180.705,2.54375,-1.9683908773170635
12.047,180.705,2.546875,-1.9499717661104485
12.047,180.705,2.5500000000000003,-1.9135820176306493
12.047,180.705,2.553125,-1.8675997785941196
12.047,180.705,2.5562500000000004,-1.8039211279873424
12.047,180.705,2.559375,-1.7338973753528244
12.047,180.705,2.5625,-1.657337132553144
12.047,180.705,2.5656250000000003,-1.5784174233850765
12.047,180.705,2.56875,-1.4974390219227371
12.047,180.705,2.5718750000000004,-1.4235009625947337
12.047,180.705,2.575,-1.3587173759146118
12.047,180.705,2.578125,-1.301091409591876
12.047,180.705,2.5812500000000003,-1.2552606013809418
12.047,180.705,2.584375,-1.2261319077229629
12.047,180.705,2.5875000000000004,-1.215727795471062
12.047,180.705,2.590625,-1.2190031828164314
12.047,180.705,2.59375,-1.247480359759284
12.047,180.705,2.5968750000000003,-1.2913267617116406
12.047,180.705,2.6,-1.3523266991643292
12.047,180.705,2.6031250000000004,-1.4290473126100975
12.047,180.705,2.60625,-1.5123504165875246
12.047,180.705,2.609375,-1.6015383056353392
12.047,180.705,2.6125000000000003,-1.6883798989783623
12.047,180.705,2.615625,-1.7718840192793985
12.047,180.705,2.6187500000000004,-1.8518750335229206
12.047,180.705,2.621875,-1.91933662127806
12.047,180.705,2.625,-1.9719437031292815
12.047,180.705,2.6281250000000003,-2.0099709187658372
12.047,180.705,2.63125,-2.032387901149738
12.047,180.705,2.6343750000000004,-2.0337810232457554
12.047,180.705,2.6375,-2.0210309266548383
12.047,180.705,2.640625,-1.9950735511210516
12.047,180.705,2.6437500000000003,-1.9567003854558083
12.047,180.705,2.646875,-1.9125365167924404
12.047,180.705,2.6500000000000004,-1.8548111500543931
12.047,180.705,2.653125,-1.7937498441703525
12.047,180.705,2.65625,-1.730613988462921
12.047,180.705,2.6593750000000003,-1.666554850889208
12.047,180.705,2.6625,-1.600263942005632
12.047,180.705,2.6656250000000004,-1.542650321135823
12.047,180.705,2.66875,-1.492467492122807
12.047,180.705,2.671875,-1.4521489356947361
12.047,180.705,2.6750000000000003,-1.4263110070638831
12.047,180.705,2.678125,-1.4137172088598944
12.047,180.705,2.6812500000000004,-1.4141368355718698
12.047,180.705,2.684375,-1.4342402545171176
12.047,180.705,2.6875,-1.4669374713928378
12.047,180.705,2.6906250000000003,-1.5134499824738088
12.047,180.705,2.69375,-1.5761111522474633
12.047,180.705,2.6968750000000004,-1.6482329025849698
12.047,180.705,2.7,-1.7279630126571166
12.047,180.705,2.703125,-1.8068166100880176
12.047,180.705,2.7062500000000003,-1.8869661408806315
12.047,180.705,2.709375,-1.9609847840296517
12.047,180.705,2.7125000000000004,-2.028160525767616
12.047,180.705,2.715625,-2.0839055861122753
12.047,180.705,2.71875,-2.1314865439477315
12.047,180.705,2.7218750000000003,-2.161219009158158
12.047,180.705,2.725,-2.1795723387565866
12.047,180.705,2.7281250000000004,-2.1863423688378383
12.047,180.705,2.73125,-2.180114268340216
12.047,180.705,2.734375,-2.1680487968234714
12.047,180.705,2.7375000000000003,-2.151705606666658
12.047,180.705,2.740625,-2.134384092786687
12.047,180.705,2.7437500000000004,-2.1055400858915876
12.047,180.705,2.746875,-2.0557258589306997
12.047,180.705,2.75,-1.9766429367279537
12.047,180.705,2.7531250000000003,-1.8876777319444862
12.047,180.705,2.75625,-1.79856214622965
12.047,180.705,2.7593750000000004,-1.717798674291944
12.047,180.705,2.7625,-1.6520108849446453
12.047,180.705,2.765625,-1.6016954904029417
12.047,180.705,2.7687500000000003,-1.572247961982097
12.047,180.705,2.771875,-1.5581846207847834
12.047,180.705,2.7750000000000004,-1.5641961820335082
12.047,180.705,2.778125,-1.586247117899389
12.047,180.705,2.78125,-1.6252383753876998
12.047,180.705,2.7843750000000003,-1.6799873741995914
12.047,180.705,2.7875,-1.7446115880084159
12.047,180.705,2.7906250000000004,-1.8213444056283778
12.047,180.705,2.79375,-1.903917226757108
12.047,180.705,2.796875,-1.9896289242083898
12.047,180.705,2.8000000000000003,-2.0707127713700872
12.047,180.705,2.803125,-2.1436475689011516
12.047,180.705,2.8062500000000004,-2.2043041131179955
12.047,180.705,2.809375,-2.252450957952573
12.047,180.705,2.8125,-2.2847679700811363
12.047,180.705,2.8156250000000003,-2.3015829747355894
12.047,180.705,2.81875,-2.3032077672612146
12.047,180.705,2.8218750000000004,-2.293922594276912
12.047,180.705,2.825,-2.2692952477948642
12.047,180.705,2.828125,-2.2313293490947346
12.047,180.705,2.8312500000000003,-2.1846800006074414
12.047,180.705,2.834375,-2.132653112045446
12.047,180.705,2.8375000000000004,-2.074650266108726
12.047,180.705,2.840625,-2.0176088163393002
12.047,180.705,2.84375,-1.957472321416078
12.047,180.705,2.8468750000000003,-1.9047887338334304
12.047,180.705,2.85,-1.8570706031763868
12.047,180.705,2.8531250000000004,-1.8188474835596582
12.047,180.705,2.85625,-1.7901954835349165
12.047,180.705,2.859375,-1.774532718367143
12.047,180.705,2.8625000000000003,-1.7710484611514294
12.047,180.705,2.865625,-1.7891506272927797
12.047,180.705,2.8687500000000004,-1.8171300643467396
12.047,180.705,2.871875,-1.8621446064243694
12.047,180.705,2.875,-1.9236164794046986
12.047,180.705,2.8781250000000003,-1.9927525421603733
12.047,180.705,2.88125,-2.0701451230452284
12.047,180.705,2.8843750000000004,-2.1476969227743297
12.047,180.705,2.8875,-2.2306594673998608
12.047,180.705,2.890625,-2.312636638069544
12.047,180.705,2.8937500000000003,-2.3838425514326103
12.047,180.705,2.896875,-2.451336254044978
12.047,180.705,2.9000000000000004,-2.5008933737796
12.047,180.705,2.903125,-2.54146538422427
12.047,180.705,2.90625,-2.564848605490883
12.047,180.705,2.9093750000000003,-2.5715808980483104
12.047,180.705,2.9125,-2.5684339521381045
12.047,180.705,2.9156250000000004,-2.5472336253070766
12.047,180.705,2.91875,-2.51734158862452
12.047,180.705,2.921875,-2.4778462789658127
12.047,180.705,2.9250000000000003,-2.4258706738771183
12.047,180.705,2.928125,-2.3675145606193255
12.047,180.705,2.9312500000000004,-2.307393334123008
12.047,180.705,2.934375,-2.2463380859684614
12.047,180.705,2.9375,-2.185556192103583
12.047,180.705,2.9406250000000003,-2.1299076396913934
12.047,180.705,2.94375,-2.083852841339631
12.047,180.705,2.9468750000000004,-2.051250971880542
12.047,180.705,2.95,-2.026572946041628
12.047,180.705,2.953125,-2.018074181876353
12.047,180.705,2.9562500000000003,-2.0236124966161624
12.047,180.705,2.959375,-2.0444541447298232
12.047,180.705,2.9625000000000004,-2.086800028921041
12.047,180.705,2.965625,-2.1454994605334927
12.047,180.705,2.96875,-2.217693559703933
12.047,180.705,2.9718750000000003,-2.2977181384072183
12.047,180.705,2.975,-2.380973932520641
12.047,180.705,2.9781250000000004,-2.471143510810703
12.047,180.705,2.98125,-2.55243701147867
12.047,180.705,2.984375,-2.62716762401158
12.047,180.705,2.9875000000000003,-2.690260137603653
12.047,180.705,2.990625,-2.7409403571513318
12.047,180.705,2.9937500000000004,-2.7749161076853612
12.047,180.705,2.996875,-2.79239153213676
12.047,180.705,3,-2.7933841533280983
12.047,180.705,3.0031250000000003,-2.779739759487499
12.047,180.705,3.00625,-2.74969299833005
12.047,180.705,3.0093750000000004,-2.7106779550897886
12.047,180.705,3.0125,-2.6614525147293175
12.047,180.705,3.015625,-2.6093748788868334
12.047,180.705,3.0187500000000003,-2.5501694985057584
12.047,180.705,3.021875,-2.490939972447289
12.047,180.705,3.0250000000000004,-2.429619070792014
12.047,180.705,3.028125,-2.3760407799817598
12.047,180.705,3.03125,-2.3254091847839238
12.047,180.705,3.0343750000000003,-2.2880149060436685
12.047,180.705,3.0375,-2.2565281111584743
12.047,180.705,3.0406250000000004,-2.2402040108015626
12.047,180.705,3.04375,-2.242539583957671
12.047,180.705,3.046875,-2.2578599897601688
12.047,180.705,3.0500000000000003,-2.2861850386094895
12.047,180.705,3.053125,-2.331301707701105
12.047,180.705,3.0562500000000004,-2.38438516379935
12.047,180.705,3.059375,-2.4506095367139795
12.047,180.705,3.0625,-2.5241731846511515
12.047,180.705,3.0656250000000003,-2.599075866385181
12.047,180.705,3.06875,-2.676670234554967
12.047,180.705,3.0718750000000004,-2.7524924687782937
12.047,180.705,3.075,-2.8145595512758796
12.047,180.705,3.078125,-2.869169068342454
12.047,180.705,3.0812500000000003,-2.912732811849565
12.047,180.705,3.084375,-2.938400698640884
12.047,180.705,3.0875000000000004,-2.9518434567929237
12.047,180.705,3.090625,-2.953860106221579
12.047,180.705,3.09375,-2.93793008928899
12.047,180.705,3.0968750000000003,-2.9068816784916462
12.047,180.705,3.1,-2.8697502296646586
12.047,180.705,3.1031250000000004,-2.823274359717776
12.047,180.705,3.10625,-2.767129531681685
12.047,180.705,3.109375,-2.7022826418743144
12.047,180.705,3.1125000000000003,-2.645876781213328
12.047,180.705,3.115625,-2.5875118472497083
12.047,180.705,3.1187500000000004,-2.532353386328763
12.047,180.705,3.121875,-2.482377239105583
12.047,180.705,3.125,-2.4451335150552693
12.047,180.705,3.1281250000000003,-2.4175301913413123
12.047,180.705,3.13125,-2.398642244788924
12.047,180.705,3.1343750000000004,-2.3966912110999368
12.047,180.705,3.1375,-2.40784645602126
12.047,180.705,3.140625,-2.4325389443331598
12.047,180.705,3.1437500000000003,-2.4679362764578534
12.047,180.705,3.146875,-2.509591009067133
12.047,180.705,3.1500000000000004,-2.5662413960501667
12.047,180.705,3.153125,-2.6288055359673903
12.047,180.705,3.15625,-2.6980713520486193
12.047,180.705,3.1593750000000003,-2.7673262630918636
12.047,180.705,3.1625,-2.8367971294998573
12.047,180.705,3.1656250000000004,-2.9022338372833074
12.047,180.705,3.16875,-2.9602764112304945
12.047,180.705,3.171875,-3.009375321604724
12.047,180.705,3.1750000000000003,-3.042519627048788
12.047,180.705,3.178125,-3.0620407344334772
12.047,180.705,3.1812500000000004,-3.066642741089434
12.047,180.705,3.184375,-3.055507678945334
12.047,180.705,3.1875,-3.028716190730724
12.047,180.705,3.1906250000000003,-2.9996170168497445
12.047,180.705,3.19375,-2.951085905668865
12.047,180.705,3.1968750000000004,-2.89767339848707
12.047,180.705,3.2,-2.8427657350244084
12.047,180.705,3.203125,-2.78078066924049
12.047,180.705,3.2062500000000003,-2.7212451725518143
12.047,180.705,3.209375,-2.6664589748191565
12.047,180.705,3.2125000000000004,-2.6158726428505568
12.047,180.705,3.215625,-2.5735421771796214
12.047,180.705,3.21875,-2.54165198828592
12.047,180.705,3.2218750000000003,-2.521378790947997
12.047,180.705,3.225,-2.510198334190913
12.047,180.705,3.2281250000000004,-2.517731110781999
12.047,180.705,3.23125,-2.5392988105572085
12.047,180.705,3.234375,-2.5760686441871723
12.047,180.705,3.2375000000000003,-2.628313617438156
12.047,180.705,3.240625,-2.6861414517759257
12.047,180.705,3.2437500000000004,-2.7529842433683087
12.047,180.705,3.246875,-2.8240151052532743
12.047,180.705,3.25,-2.8875371874204565
12.047,180.705,3.2531250000000003,-2.9401045711226126
12.047,180.705,3.25625,-2.982701120260811
12.047,180.705,3.2593750000000004,-3.0480545673981236
12.047,180.705,3.2625,-3.0733579191475813
12.047,180.705,3.265625,-3.103372792272676
12.047,180.705,3.2687500000000003,-3.095186929170357
12.047,180.705,3.271875,-3.142981470845887
12.047,180.705,3.2750000000000004,-3.0878239778112753
12.047,180.705,3.278125,-3.0631522556257047
12.047,180.705,3.28125,-3.097987152361623
12.047,180.705,3.2843750000000003,-2.9307111266712926
12.047,180.705,3.2875,-3.2032640407635826
12.047,180.705,3.2906250000000004,-2.7722869804205863
12.047,180.705,3.29375,-2.8282109713062313
12.047,180.705,3.296875,-2.926333319899003
12.047,180.705,3.3000000000000003,-2.5519544784798
12.047,180.705,3.303125,-2.4977216082270863
12.047,180.705,3.3062500000000004,-2.6071588072865772
12.047,180.705,3.309375,-3.4378340256724202
12.047,180.705,3.3125,-2.7700639746032114
12.047,180.705,3.3156250000000003,-2.325212282265455
12.047,180.705,3.31875,-2.2956299742082544
12.047,180.705,3.3218750000000004,-2.2981908745672834
12.047,180.705,3.325,-2.358426974748931
12.047,180.705,3.328125,-2.636008529432374
12.047,180.705,3.3312500000000003,-3.290703193450594
12.047,180.705,3.334375,-3.1921145344509725
12.047,180.705,3.3375000000000004,-2.7543497728619752
12.047,180.705,3.340625,-2.4724019897377487
12.047,180.705,3.34375,-2.481823921902899
12.047,180.705,3.3468750000000003,-2.5606613741880606
12.047,180.705,3.35,-2.6127284824628476
12.047,180.705,3.3531250000000004,-2.7162828307522413
12.047,180.705,3.35625,-2.8843952499919743
12.047,180.705,3.359375,-2.76598440249403
12.047,180.705,3.3625000000000003,-2.7736759205095476
12.047,180.705,3.365625,-2.7713063649514984
12.047,180.705,3.3687500000000004,-2.874605007207826
12.047,180.705,3.371875,-2.947566979126556
12.047,180.705,3.375,-3.3758809176773132
12.047,180.705,3.3781250000000003,-5.148180912098655
12.047,180.705,3.38125,-4.608119341705457
12.047,180.705,3.3843750000000004,-3.5922067594741156
12.047,180.705,3.3875,-3.77750153016433
12.047,180.705,3.390625,-3.216229876369621
12.047,180.705,3.3937500000000003,-2.706868382835222
12.047,180.705,3.396875,-2.442246877422913
12.047,180.705,3.4000000000000004,-2.2643970307271513
12.047,180.705,3.403125,-2.178431835745635
12.047,180.705,3.40625,-2.1391500783158914
12.047,180.705,3.4093750000000003,-2.116281143209528
12.047,180.705,3.4125,-2.142738133189556
12.047,180.705,3.4156250000000004,-2.1823780522911567
12.047,180.705,3.41875,-2.175827382137954
12.047,180.705,3.421875,-2.173801307133873
12.047,180.705,3.4250000000000003,-2.214429000214991
12.047,180.705,3.428125,-2.299595070753072
12.047,180.705,3.4312500000000004,-2.43272846187278
12.047,180.705,3.434375,-2.530815945952785
12.047,180.705,3.4375,-2.581675923794331
12.047,180.705,3.4406250000000003,-2.6246247849362403
12.047,180.705,3.44375,-2.6781947101536403
12.047,180.705,3.4468750000000004,-2.7142731892921192
12.047,180.705,3.45,-2.7500562545035385
12.047,180.705,3.453125,-2.79480710079996
12.047,180.705,3.4562500000000003,-2.801168137887033
12.047,180.705,3.459375,-2.803260323624481
12.047,180.705,3.4625000000000004,-2.792426537013524
12.047,180.705,3.465625,-2.790878701843395
12.047,180.705,3.46875,-2.7340089368064135
12.047,180.705,3.4718750000000003,-2.8486286271092083
12.047,180.705,3.475,-2.896133884906486
12.047,180.705,3.4781250000000004,-2.5916425583358356
12.047,180.705,3.48125,-2.4673843604911467
12.047,180.705,3.484375,-2.3945458170663327
12.047,180.705,3.4875000000000003,-2.4558621918941577
12.047,180.705,3.490625,-2.5961236745297382
12.047,180.705,3.4937500000000004,-2.5261312603509416
12.047,180.705,3.496875,-2.6017610628655756
12.047,180.705,3.5,-2.8057280067842227
12.047,180.705,3.5031250000000003,-3.3798615058374573
12.047,180.705,3.50625,-4.905218623150671
12.047,180.705,3.5093750000000004,-8.713378695576328
12.047,180.705,3.5125,-9.51092752119851
12.047,180.705,3.515625,-5.972352392525982
12.047,180.705,3.5187500000000003,-4.385629792869919
12.047,180.705,3.521875,-3.580567840336561
12.047,180.705,3.5250000000000004,-3.1615375145373648
12.047,180.705,3.528125,-2.944450243933291
12.047,180.705,3.53125,-2.838041336998854
12.047,180.705,3.5343750000000003,-2.806572913152423
12.047,180.705,3.5375,-2.778741202793129
12.047,180.705,3.5406250000000004,-2.7755217039458486
12.047,180.705,3.54375,-2.7602527988297627
12.047,180.705,3.546875,-2.742461595484276
12.047,180.705,3.5500000000000003,-2.7167106827883707
12.047,180.705,3.553125,-2.7051529942175345
12.047,180.705,3.5562500000000004,-2.7337603281816336
12.047,180.705,3.559375,-2.792867025063463
12.047,180.705,3.5625,-2.7118584475130354
12.047,180.705,3.5656250000000003,-2.60321634603717
12.047,180.705,3.56875,-2.5635676651416657
12.047,180.705,3.5718750000000004,-2.535668250960617
12.047,180.705,3.575,-2.536049670402937
12.047,180.705,3.5781250000000004,-2.525172337897385
12.047,180.705,3.5812500000000003,-2.4449918370698693
12.047,180.705,3.584375,-2.3574426888593205
12.047,180.705,3.5875000000000004,-2.3040662963489633
12.047,180.705,3.590625,-2.2900407242565666
12.047,180.705,3.5937500000000004,-2.3020836828047218
12.047,180.705,3.5968750000000003,-2.320506941430741
12.047,180.705,3.6,-2.3071609491619363
12.047,180.705,3.6031250000000004,-2.2679193419265107
12.047,180.705,3.60625,-2.2664596311705862
12.047,180.705,3.6093750000000004,-2.305624066263519
12.047,180.705,3.6125000000000003,-2.373875900873423
12.047,180.705,3.615625,-2.448305806575433
12.047,180.705,3.6187500000000004,-2.5041621621936647
12.047,180.705,3.621875,-2.5573922721550213
12.047,180.705,3.6250000000000004,-2.5999884290149162
12.047,180.705,3.6281250000000003,-2.6323031998938866
12.047,180.705,3.63125,-2.680995043186364
12.047,180.705,3.6343750000000004,-2.7355923310552885
12.047,180.705,3.6375,-2.7901139294092694
12.047,180.705,3.6406250000000004,-2.805432051559719
12.047,180.705,3.6437500000000003,-2.7648459241845473
12.047,180.705,3.646875,-2.6791127571585056
12.047,180.705,3.6500000000000004,-2.6053252687881874
12.047,180.705,3.653125,-2.548313814339738
12.047,180.705,3.6562500000000004,-2.5339713864296183
12.047,180.705,3.6593750000000003,-2.5065098331198907
12.047,180.705,3.6625,-2.4439608011352014
12.047,180.705,3.6656250000000004,-2.395608970232628
12.047,180.705,3.66875,-2.3800073605386993
12.047,180.705,3.6718750000000004,-2.382953041443298
12.047,180.705,3.6750000000000003,-2.406650871404268
12.047,180.705,3.678125,-2.407958382852213
12.047,180.705,3.6812500000000004,-2.3833893251187823
12.047,180.705,3.684375,-2.3651761655856176
12.047,180.705,3.6875000000000004,-2.35733043740587
12.047,180.705,3.6906250000000003,-2.3495197762610824
12.047,180.705,3.69375,-2.3570199590479772
12.047,180.705,3.6968750000000004,-2.3802654910927328
12.047,180.705,3.7,-2.4230822708538864
12.047,180.705,3.7031250000000004,-2.453966407842281
12.047,180.705,3.7062500000000003,-2.507638255616831
12.047,180.705,3.709375,-2.566181618948027
12.047,180.705,3.7125000000000004,-2.6174802885497632
12.047,180.705,3.715625,-2.660800071620148
12.047,180.705,3.7187500000000004,-2.703878545253482
12.047,180.705,3.7218750000000003,-2.739155916344507
12.047,180.705,3.725,-2.7776944845934155
12.047,180.705,3.7281250000000004,-2.8154860829171433
12.047,180.705,3.73125,-2.846920760667638
12.047,180.705,3.7343750000000004,-2.870356312889974
12.047,180.705,3.7375000000000003,-2.8543694282430954
12.047,180.705,3.740625,-2.8266671301967987
12.047,180.705,3.7437500000000004,-2.7909608620542787
12.047,180.705,3.746875,-2.752723121170115
12.047,180.705,3.7500000000000004,-2.7188744637997515
12.047,180.705,3.7531250000000003,-2.6992765936019176
12.047,180.705,3.75625,-2.692271798830318
12.047,180.705,3.7593750000000004,-2.685914259381997
12.047,180.705,3.7625,-2.6859034583888484
12.047,180.705,3.7656250000000004,-2.70613038150067
12.047,180.705,3.7687500000000003,-2.7151363400692965
12.047,180.705,3.771875,-2.743910900733124
12.047,180.705,3.7750000000000004,-2.819053470493041
12.047,180.705,3.778125,-2.9012670729151298
12.047,180.705,3.7812500000000004,-2.981968665445147
12.047,180.705,3.7843750000000003,-3.062711062672469
12.047,180.705,3.7875,-3.147226443222879
12.047,180.705,3.7906250000000004,-3.2278805487379874
12.047,180.705,3.79375,-3.3054933954275594
12.047,180.705,3.7968750000000004,-3.3945735841197866
12.047,180.705,3.8000000000000003,-3.4635598679543813
12.047,180.705,3.803125,-3.5402666909616256
12.047,180.705,3.8062500000000004,-3.623187782739019
12.047,180.705,3.809375,-3.7058841670179095
12.047,180.705,3.8125000000000004,-3.823283891912736
12.047,180.705,3.8156250000000003,-3.914717662918552
12.047,180.705,3.81875,-3.944906310797199
12.047,180.705,3.8218750000000004,-4.017127305072637
12.047,180.705,3.825,-4.151490107106079
12.047,180.705,3.8281250000000004,-4.3384148035682895
12.047,180.705,3.8312500000000003,-4.471844881580896
12.047,180.705,3.834375,-4.478306848017432
12.047,180.705,3.8375000000000004,-4.520968022408908
12.047,180.705,3.840625,-4.451157407993233
12.047,180.705,3.8437500000000004,-4.355736554175954
12.047,180.705,3.8468750000000003,-4.327185048022616
12.047,180.705,3.85,-4.215376308441331
12.047,180.705,3.8531250000000004,-4.136184068197387
12.047,180.705,3.85625,-4.208636891792693
12.047,180.705,3.8593750000000004,-4.234922862020548
12.047,180.705,3.8625000000000003,-4.18426839904358
12.047,180.705,3.865625,-4.225913312096378
12.047,180.705,3.8687500000000004,-4.382188630729945
12.047,180.705,3.871875,-4.510038321768681
12.047,180.705,3.8750000000000004,-4.648658494889611
12.047,180.705,3.8781250000000003,-4.784184560234321
12.047,180.705,3.88125,-4.839916361772344
12.047,180.705,3.8843750000000004,-4.958730399666052
12.047,180.705,3.8875,-5.061415942266211
12.047,180.705,3.8906250000000004,-5.11701769952407
12.047,180.705,3.8937500000000003,-5.12908869583736
12.047,180.705,3.896875,-5.160158268493986
12.047,180.705,3.9000000000000004,-5.183523718139882
12.047,180.705,3.903125,-5.198937242356366
12.047,180.705,3.9062500000000004,-5.218077148529874
12.047,180.705,3.9093750000000003,-5.265343970024457
12.047,180.705,3.9125,-5.3287201519496294
12.047,180.705,3.9156250000000004,-5.417681884197409
12.047,180.705,3.91875,-5.523528516902414
12.047,180.705,3.9218750000000004,-5.600390263924341
12.047,180.705,3.9250000000000003,-5.624468106999566
12.047,180.705,3.928125,-5.654570724306573
12.047,180.705,3.9312500000000004,-5.7860880343035825
12.047,180.705,3.934375,-5.938314393933392
12.047,180.705,3.9375000000000004,-6.088171492623241
12.047,180.705,3.9406250000000003,-6.182620755160883
12.047,180.705,3.94375,-6.178381520427486
12.047,180.705,3.9468750000000004,-6.236884257888507
12.047,180.705,3.95,-6.426785345397707
12.047,180.705,3.9531250000000004,-6.406425793695606
12.047,180.705,3.9562500000000003,-6.268703143389519
12.047,180.705,3.959375,-6.284731320694338
12.047,180.705,3.9625000000000004,-6.520685682584739
12.047,180.705,3.965625,-6.862322847476523
12.047,180.705,3.9687500000000004,-7.247654331414162
12.047,180.705,3.9718750000000003,-7.654219465190415
12.047,180.705,3.975,-8.01813599607366
12.047,180.705,3.9781250000000004,-8.209289907131888
12.047,180.705,3.98125,-8.282380426310423
12.047,180.705,3.9843750000000004,-8.1095058790909
12.047,180.705,3.9875000000000003,-7.886958697679657
12.047,180.705,3.990625,-7.634867246841738
12.047,180.705,3.9937500000000004,-7.266689794048366
12.047,180.705,3.996875,-6.9438803521940295
12.047,180.705,4,-6.708823825365851
12.047,180.705,4.003125,-6.453149747410887
12.047,180.705,4.0062500000000005,-6.17159523478292
12.047,180.705,4.009375,-5.929284474656105
12.047,180.705,4.0125,-5.695804092613768
12.047,180.705,4.015625,-5.486408185567636
12.047,180.705,4.01875,-5.388432258019893
12.047,180.705,4.0218750000000005,-5.367415185938321
12.047,180.705,4.025,-5.440406510289985
12.047,180.705,4.028125,-5.5359046666422635
12.047,180.705,4.03125,-5.599475577388549
12.047,180.705,4.034375,-5.635313670087502
12.047,180.705,4.0375000000000005,-5.678184593757923
12.047,180.705,4.040625,-5.743572237889628
12.047,180.705,4.04375,-5.826873865314232
12.047,180.705,4.046875,-5.9492363928466485
12.047,180.705,4.05,-6.098620601812891
12.047,180.705,4.0531250000000005,-6.265873017036721
12.047,180.705,4.05625,-6.424143077167237
12.047,180.705,4.059375,-6.530722508316542
12.047,180.705,4.0625,-6.586147019807872
12.047,180.705,4.065625,-6.620881807994162
12.047,180.705,4.0687500000000005,-6.646289702836069
12.047,180.705,4.071875,-6.686530306863187
12.047,180.705,4.075,-6.718994092940669
12.047,180.705,4.078125,-6.8127144382168
12.047,180.705,4.08125,-7.002574293616758
12.047,180.705,4.0843750000000005,-7.232212378158623
12.047,180.705,4.0875,-7.299582365187747
12.047,180.705,4.090625,-7.101692743083632
12.047,180.705,4.09375,-6.834895715808144
12.047,180.705,4.096875,-6.608906772295944
12.047,180.705,4.1000000000000005,-6.347228292538411
12.047,180.705,4.103125,-6.085134942361426
12.047,180.705,4.10625,-5.946724080974808
12.047,180.705,4.109375,-5.890636899979088
12.047,180.705,4.1125,-5.853857009787989
12.047,180.705,4.1156250000000005,-5.8149071351786255
12.047,180.705,4.11875,-5.79957257984919
12.047,180.705,4.121875,-5.813808012777485
12.047,180.705,4.125,-5.896691822689641
12.047,180.705,4.128125,-6.072069695705558
12.047,180.705,4.1312500000000005,-6.332438678249152
12.047,180.705,4.134375,-6.597213861226107
12.047,180.705,4.1375,-6.818163520597689
12.047,180.705,4.140625,-7.043820955216498
12.047,180.705,4.14375,-7.2733425601380635
12.047,180.705,4.1468750000000005,-7.454350724770631
12.047,180.705,4.15,-7.563867751035768
12.047,180.705,4.153125,-7.616661419275834
12.047,180.705,4.15625,-7.593414280724792
12.047,180.705,4.159375,-7.52337264428326
12.047,180.705,4.1625000000000005,-7.415969647858115
12.047,180.705,4.165625,-7.352683688137453
12.047,180.705,4.16875,-7.281792416400615
12.047,180.705,4.171875,-7.17945029403487
12.047,180.705,4.175,-7.077006473647945
12.047,180.705,4.1781250000000005,-6.978587738096362
12.047,180.705,4.18125,-6.868444167265503
12.047,180.705,4.184375,-6.774956571909763
12.047,180.705,4.1875,-6.701063458475637
12.047,180.705,4.190625,-6.657585438283252
12.047,180.705,4.1937500000000005,-6.6187051269708075
12.047,180.705,4.196875,-6.606645103960162
12.047,180.705,4.2,-6.658213948743386
12.047,180.705,4.203125,-6.700307230270357
12.047,180.705,4.20625,-6.741872656688226
12.047,180.705,4.2093750000000005,-6.823229977560175
12.047,180.705,4.2125,-6.937819274453483
12.047,180.705,4.215625,-7.02867841267206
12.047,180.705,4.21875,-7.100756050371869
12.047,180.705,4.221875,-7.245533606044083
12.047,180.705,4.2250000000000005,-7.43917735254882
12.047,180.705,4.228125,-7.591252706695133
12.047,180.705,4.23125,-7.718437409453599
12.047,180.705,4.234375,-7.8603474365194215
12.047,180.705,4.2375,-7.986916557294753
12.047,180.705,4.2406250000000005,-8.110412431411815
12.047,180.705,4.24375,-8.230577695419539
12.047,180.705,4.246875,-8.308904679674393
12.047,180.705,4.25,-8.34421831272091
12.047,180.705,4.253125,-8.306328504583709
12.047,180.705,4.2562500000000005,-8.27222566741172
12.047,180.705,4.259375,-8.322327182228834
12.047,180.705,4.2625,-8.394270694018026
12.047,180.705,4.265625,-8.533141159850427
12.047,180.705,4.26875,-8.54294689611391
12.047,180.705,4.2718750000000005,-8.62158139520776
12.047,180.705,4.275,-8.777158040732413
12.047,180.705,4.278125,-8.999477155843982
12.047,180.705,4.28125,-9.375028808546242
12.047,180.705,4.284375000000001,-9.693927513587875
12.047,180.705,4.2875000000000005,-9.62432872049656
12.047,180.705,4.290625,-9.111216105114393
12.047,180.705,4.29375,-8.692672343586604
12.047,180.705,4.296875,-8.477532286888486
12.047,180.705,4.300000000000001,-8.390569143413005
12.047,180.705,4.3031250000000005,-8.538833708501878
12.047,180.705,4.30625,-8.87962558504014
12.047,180.705,4.309375,-9.194265480951968
12.047,180.705,4.3125,-9.574879579249167
12.047,180.705,4.315625000000001,-10.171730580404883
12.047,180.705,4.3187500000000005,-10.591000898979122
12.047,180.705,4.321875,-10.858563270443256
12.047,180.705,4.325,-11.17696491801065
12.047,180.705,4.328125,-11.316028855854658
12.047,180.705,4.331250000000001,-11.390577681437545
12.047,180.705,4.3343750000000005,-11.718623349991935
12.047,180.705,4.3375,-12.376205708028289
12.047,180.705,4.340625,-13.206049520013114
12.047,180.705,4.34375,-14.224428611506632
12.047,180.705,4.346875000000001,-15.708650635067388
12.047,180.705,4.3500000000000005,-15.159475744969013
12.047,180.705,4.353125,-14.534670748928264
12.047,180.705,4.35625,-14.160957257466197
12.047,180.705,4.359375,-14.103942980425598
12.047,180.705,4.362500000000001,-14.157036122386668
12.047,180.705,4.3656250000000005,-14.367265695080684
12.047,180.705,4.36875,-14.555335632370184
12.047,180.705,4.371875,-14.243513367561118
12.047,180.705,4.375,-13.685644628829635
12.047,180.705,4.378125000000001,-13.40783849219594
12.047,180.705,4.3812500000000005,-13.444205643576696
12.047,180.705,4.384375,-13.749640113134289
12.047,180.705,4.3875,-14.098658900154286
12.047,180.705,4.390625,-14.529141885602195
12.047,180.705,4.393750000000001,-15.090656553864651
12.047,180.705,4.3968750000000005,-15.864914622188437
12.047,180.705,4.4,-16.831689252821402
12.047,180.705,4.403125,-18.45747616116966
12.047,180.705,4.40625,-19.824178795333868
12.047,180.705,4.409375000000001,-20.12119461167221
12.047,180.705,4.4125000000000005,-20.298914940405446
12.047,180.705,4.415625,-20.410011959580707
12.047,180.705,4.41875,-20.58817547610955
12.047,180.705,4.421875,-20.874277864249517
12.047,180.705,4.425000000000001,-21.777086254635798
12.047,180.705,4.4281250000000005,-22.043848942486356
12.047,180.705,4.43125,-21.586948226706806
12.047,180.705,4.434375,-20.419050287383328
12.047,180.705,4.4375,-19.58135209567863
12.047,180.705,4.440625000000001,-19.212057889991577
12.047,180.705,4.4437500000000005,-18.652796153640075
12.047,180.705,4.446875,-17.450289539327056
12.047,180.705,4.45,-16.064533022349305
12.047,180.705,4.453125,-14.9842914985142
12.047,180.705,4.456250000000001,-13.94003833115384
12.047,180.705,4.4593750000000005,-12.935058505879786
12.047,180.705,4.4625,-12.069931889875285
12.047,180.705,4.465625,-11.34771690282551
12.047,180.705,4.46875,-10.70972457337048
12.047,180.705,4.471875000000001,-10.136520957581688
12.047,180.705,4.4750000000000005,-9.694616066421244
12.047,180.705,4.478125,-9.384064702854689
12.047,180.705,4.48125,-9.196343891873179
12.047,180.705,4.484375,-9.055704549393749
12.047,180.705,4.487500000000001,-8.88834944800071
12.047,180.705,4.4906250000000005,-8.823755147365858
12.047,180.705,4.49375,-8.75118419402449
12.047,180.705,4.496875,-8.63044478568062
12.047,180.705,4.5,-8.553545357185495
12.047,180.705,4.503125000000001,-8.48450322464776
12.047,180.705,4.5062500000000005,-8.436113848314967
12.047,180.705,4.509375,-8.387911795826898
12.047,180.705,4.5125,-8.289085085369546
12.047,180.705,4.515625,-8.153778660403152
12.047,180.705,4.518750000000001,-8.000597613826471
12.047,180.705,4.5218750000000005,-7.855709750143514
12.047,180.705,4.525,-7.730775390297352
12.047,180.705,4.528125,-7.61749260496153
12.047,180.705,4.53125,-7.4993566930324675
12.047,180.705,4.534375000000001,-7.400626619512697
12.047,180.705,4.5375000000000005,-7.367415970448898
12.047,180.705,4.540625,-7.404958034996241
12.047,180.705,4.54375,-7.313670081599898
12.047,180.705,4.546875,-6.951334535518553
12.047,180.705,4.550000000000001,-6.55044837655669
12.047,180.705,4.5531250000000005,-6.210939114401938
12.047,180.705,4.55625,-5.981646636630956
12.047,180.705,4.559375,-5.7483251990780735
12.047,180.705,4.5625,-5.55183726925762
12.047,180.705,4.565625000000001,-5.360666306148099
12.047,180.705,4.5687500000000005,-5.3488012542070775
12.047,180.705,4.571875,-5.497732025746362
12.047,180.705,4.575,-5.762149829231726
12.047,180.705,4.578125,-6.008515294538114
12.047,180.705,4.581250000000001,-6.212847041867551
12.047,180.705,4.5843750000000005,-6.446772670995346
12.047,180.705,4.5875,-6.607941924186662
12.047,180.705,4.590625,-6.7060520579790195
12.047,180.705,4.59375,-6.828790831974166
12.047,180.705,4.596875000000001,-6.866120866552255
12.047,180.705,4.6000000000000005,-6.9454310686880705
12.047,180.705,4.603125,-6.782929868803709
12.047,180.705,4.60625,-6.589780844999141
12.047,180.705,4.609375,-6.483981422634825
12.047,180.705,4.612500000000001,-6.479230427885066
12.047,180.705,4.6156250000000005,-6.530518762024787
12.047,180.705,4.61875,-6.644498190298184
12.047,180.705,4.621875,-6.788151670404988
12.047,180.705,4.625,-6.754142672283558
12.047,180.705,4.628125000000001,-6.552277576910114
12.047,180.705,4.6312500000000005,-6.255808479334151
12.047,180.705,4.634375,-5.990665308907353
12.047,180.705,4.6375,-5.855987516638271
12.047,180.705,4.640625,-5.803797434999975
12.047,180.705,4.643750000000001,-5.79256582421297
12.047,180.705,4.6468750000000005,-5.867162570245298
12.047,180.705,4.65,-6.069902560589498
12.047,180.705,4.653125,-6.423564581327854
12.047,180.705,4.65625,-6.784391868006356
12.047,180.705,4.659375000000001,-7.569062465514133
12.047,180.705,4.6625000000000005,-9.040390264493382
12.047,180.705,4.665625,-10.349299526099628
12.047,180.705,4.66875,-10.395996968316695
12.047,180.705,4.671875,-10.409265758910006
12.047,180.705,4.675000000000001,-10.19933477261413
12.047,180.705,4.6781250000000005,-9.831904403965082
12.047,180.705,4.68125,-9.185366021026143
12.047,180.705,4.684375,-8.669925302162154
12.047,180.705,4.6875,-8.105801527892119
12.047,180.705,4.690625000000001,-7.3942136630154875
12.047,180.705,4.6937500000000005,-6.84525620643781
12.047,180.705,4.696875,-6.446051819960051
12.047,180.705,4.7,-6.135064375305599
12.047,180.705,4.703125,-5.871281724818371
12.047,180.705,4.706250000000001,-5.490928827687682
12.047,180.705,4.7093750000000005,-5.299083169272137
12.047,180.705,4.7125,-5.4216969232090335
12.047,180.705,4.715625,-5.390779849026597
12.047,180.705,4.71875,-5.15472558735123
12.047,180.705,4.721875000000001,-5.151238331420538
12.047,180.705,4.7250000000000005,-5.1801762243705305
12.047,180.705,4.728125,-4.527892244349428
12.047,180.705,4.73125,-4.180620656506434
12.047,180.705,4.734375,-3.988041578509695
12.047,180.705,4.737500000000001,-3.8566129362468264
12.047,180.705,4.7406250000000005,-3.7349303712953708
12.047,180.705,4.74375,-3.685174811962594
12.047,180.705,4.746875,-3.6580032517012717
12.047,180.705,4.75,-3.852042299390604
12.047,180.705,4.753125000000001,-4.156700795084252
12.047,180.705,4.7562500000000005,-4.219444657034563
12.047,180.705,4.759375,-4.075151439043251
12.047,180.705,4.7625,-3.7624362987034483
12.047,180.705,4.765625,-3.6496790872221467
12.047,180.705,4.768750000000001,-3.7718576358112528
12.047,180.705,4.7718750000000005,-4.147728866338517
12.047,180.705,4.775,-4.5022950219884885
12.047,180.705,4.778125,-4.401458804163305
12.047,180.705,4.78125,-5.132316778747459
12.047,180.705,4.784375000000001,-5.477143812428915
12.047,180.705,4.7875000000000005,-4.990069650471832
12.047,180.705,4.790625,-4.342770645265219
12.047,180.705,4.79375,-4.059316270078142
12.047,180.705,4.796875,-4.018184005801896
12.047,180.705,4.800000000000001,-4.495446686616592
12.047,180.705,4.8031250000000005,-4.701964404785269
12.047,180.705,4.80625,-4.608815872205421
12.047,180.705,4.809375,-5.005360113588417
12.047,180.705,4.8125,-5.29614210222097
12.047,180.705,4.815625000000001,-4.859149847731967
12.047,180.705,4.8187500000000005,-4.582419288004724
12.047,180.705,4.821875,-4.0406350001861036
12.047,180.705,4.825,-3.9804993454515545
12.047,180.705,4.828125,-4.120451337857585
12.047,180.705,4.831250000000001,-3.747606357277176
12.047,180.705,4.8343750000000005,-3.7553670448958454
12.047,180.705,4.8375,-4.560827288555027
12.047,180.705,4.840625,-3.909626597734884
12.047,180.705,4.84375,-3.704232372791834
12.047,180.705,4.846875000000001,-3.8273006775390037
12.047,180.705,4.8500000000000005,-3.8514669039694955
12.047,180.705,4.853125,-3.663534638751251
12.047,180.705,4.85625,-3.7735771641500495
12.047,180.705,4.859375,-4.155628797807763
12.047,180.705,4.862500000000001,-3.9280590493532683
12.047,180.705,4.8656250000000005,-4.017751175056333
12.047,180.705,4.86875,-4.163149326845701
12.047,180.705,4.871875,-4.262387385371217
12.047,180.705,4.875,-4.31688307736419
12.047,180.705,4.878125000000001,-4.430860888242798
12.047,180.705,4.8812500000000005,-4.517947577669031
12.047,180.705,4.884375,-4.598289840132792
12.047,180.705,4.8875,-4.665573643775786
12.047,180.705,4.890625,-4.707716297783203
12.047,180.705,4.893750000000001,-4.731615170058885
12.047,180.705,4.8968750000000005,-4.728960978101401
12.047,180.705,4.9,-4.694061874442954
12.047,180.705,4.903125,-4.627093623685369
12.047,180.705,4.90625,-4.547202778544896
12.047,180.705,4.909375000000001,-4.446228674122091
12.047,180.705,4.9125000000000005,-4.332561274486989
12.047,180.705,4.915625,-4.220362159056727
12.047,180.705,4.91875,-4.101963141608382
12.047,180.705,4.921875,-3.9872382979720977
12.047,180.705,4.925000000000001,-3.8879662012148364
12.047,180.705,4.9281250000000005,-3.7935962854298437
12.047,180.705,4.93125,-3.7149618758066953
12.047,180.705,4.934375,-3.6553052203558325
12.047,180.705,4.9375,-3.611411137476632
12.047,180.705,4.940625000000001,-3.5880184777326027
12.047,180.705,4.9437500000000005,-3.584705928173955
12.047,180.705,4.946875,-3.602459932230796
12.047,180.705,4.95,-3.636246342936186
12.047,180.705,4.953125,-3.68899997303005
12.047,180.705,4.956250000000001,-3.756655662177622
12.047,180.705,4.9593750000000005,-3.841860950765668
12.047,180.705,4.9625,-3.936220929976635
12.047,180.705,4.965625,-4.041307956331079
12.047,180.705,4.96875,-4.15058074393624
12.047,180.705,4.971875000000001,-4.255032276172361
12.047,180.705,4.9750000000000005,-4.365836761330958
12.047,180.705,4.978125,-4.455372561789877
12.047,180.705,4.98125,-4.5350360360158435
12.047,180.705,4.984375,-4.596851927093788
12.047,180.705,4.987500000000001,-4.630388802854512
12.047,180.705,4.9906250000000005,-4.633902698521946
12.047,180.705,4.99375,-4.615752096786127
12.047,180.705,4.996875,-4.577147328879415
12.047,180.705,5,-4.525179835699177
12.047,180.705,5.003125000000001,-4.448971632821656
12.047,180.705,5.0062500000000005,-4.389801372726644
12.047,180.705,5.009375,-4.320690883118973
12.047,180.705,5.0125,-4.255367255112045
12.047,180.705,5.015625,-4.194731283871437
12.047,180.705,5.018750000000001,-4.144354768429459
12.047,180.705,5.0218750000000005,-4.107469223019464
12.047,180.705,5.025,-4.079881485778247
12.047,180.705,5.028125,-4.07022340898165
12.047,180.705,5.03125,-4.081831937308153
12.047,180.705,5.034375000000001,-4.104803488371831
12.047,180.705,5.0375000000000005,-4.153451820835944
12.047,180.705,5.040625,-4.221604530265802
12.047,180.705,5.04375,-4.305340423572907
12.047,180.705,5.046875,-4.409454864414733
12.047,180.705,5.050000000000001,-4.526938058805861
12.047,180.705,5.0531250000000005,-4.664817000316636
12.047,180.705,5.05625,-4.809334907783908
12.047,180.705,5.059375,-4.96053370145682
12.047,180.705,5.0625,-5.1158534592265195
12.047,180.705,5.065625000000001,-5.275449539787203
12.047,180.705,5.0687500000000005,-5.425328350441862
12.047,180.705,5.071875,-5.556499780578868
12.047,180.705,5.075,-5.661466157279199
12.047,180.705,5.078125,-5.732441862625761
12.047,180.705,5.081250000000001,-5.760920280586246
12.047,180.705,5.0843750000000005,-5.748060091455721
12.047,180.705,5.0875,-5.698477873269887
12.047,180.705,5.090625,-5.612716361148951
12.047,180.705,5.09375,-5.502773448070839
12.047,180.705,5.096875000000001,-5.3772177862138735
12.047,180.705,5.1000000000000005,-5.261195600349108
12.047,180.705,5.103125,-5.131987789403569
12.047,180.705,5.10625,-4.995566423747636
12.047,180.705,5.109375,-4.8466973132852775
12.047,180.705,5.112500000000001,-4.697568742410014
12.047,180.705,5.1156250000000005,-4.588501942374265
12.047,180.705,5.11875,-4.508824125036926
12.047,180.705,5.121875,-4.451554164113812
12.047,180.705,5.125,-4.424462346807813
12.047,180.705,5.128125000000001,-4.419763454643163
12.047,180.705,5.1312500000000005,-4.433353137089956
12.047,180.705,5.134375,-4.4710712962030374
12.047,180.705,5.1375,-4.525425791104413
12.047,180.705,5.140625,-4.595996851812492
12.047,180.705,5.143750000000001,-4.6847716476308925
12.047,180.705,5.1468750000000005,-4.776282518509058
12.047,180.705,5.15,-4.8829192522531955
12.047,180.705,5.153125,-4.9911796206535355
12.047,180.705,5.15625,-5.103118413352387
12.047,180.705,5.159375000000001,-5.216538538438813
12.047,180.705,5.1625000000000005,-5.318962051623669
12.047,180.705,5.165625,-5.410774472945844
12.047,180.705,5.16875,-5.479232939832292
12.047,180.705,5.171875,-5.534570388316303
12.047,180.705,5.175000000000001,-5.561020081526225
12.047,180.705,5.1781250000000005,-5.55408000904846
12.047,180.705,5.18125,-5.517182052167198
12.047,180.705,5.184375,-5.456766849828927
12.047,180.705,5.1875,-5.3776769122462476
12.047,180.705,5.190625000000001,-5.288188994224373
12.047,180.705,5.1937500000000005,-5.194123491116756
12.047,180.705,5.196875,-5.09904380853936
12.047,180.705,5.2,-5.010007327843847
12.047,180.705,5.203125,-4.932757871074598
12.047,180.705,5.206250000000001,-4.867060396513968
12.047,180.705,5.2093750000000005,-4.81004872170798
12.047,180.705,5.2125,-4.771646254710868
12.047,180.705,5.215625,-4.7506914564114275
12.047,180.705,5.21875,-4.761738584379035
12.047,180.705,5.221875000000001,-4.808971078660674
12.047,180.705,5.2250000000000005,-4.877169601175545
12.047,180.705,5.228125,-4.9725158524965405
12.047,180.705,5.23125,-5.104255909203199
12.047,180.705,5.234375,-5.261021189960811
12.047,180.705,5.237500000000001,-5.445982561373798
12.047,180.705,5.2406250000000005,-5.660991205509122
12.047,180.705,5.24375,-5.901094289321595
12.047,180.705,5.246875,-6.176652068416605
12.047,180.705,5.25,-6.4852373144462305
12.047,180.705,5.253125000000001,-6.859678908518908
12.047,180.705,5.2562500000000005,-7.314641060797077
12.047,180.705,5.259375,-7.947120983417294
12.047,180.705,5.2625,-8.926665473898849
12.047,180.705,5.265625,-10.415861789330489
12.047,180.705,5.268750000000001,-11.364472210977357
12.047,180.705,5.2718750000000005,-9.960566876620083
12.047,180.705,5.275,-8.39597023580212
12.047,180.705,5.278125,-7.496832724344303
12.047,180.705,5.28125,-6.945761376369099
12.047,180.705,5.284375000000001,-6.578549015815177
12.047,180.705,5.2875000000000005,-6.270424310282032
12.047,180.705,5.290625,-6.018914263167191
12.047,180.705,5.29375,-5.798106506478468
12.047,180.705,5.296875,-5.606713323453416
12.047,180.705,5.300000000000001,-5.454607290582674
12.047,180.705,5.3031250000000005,-5.332558623098338
12.047,180.705,5.30625,-5.243791872222707
12.047,180.705,5.309375,-5.182837736440904
12.047,180.705,5.3125,-5.149666592729797
12.047,180.705,5.315625000000001,-5.139716058679307
12.047,180.705,5.3187500000000005,-5.157109186638528
12.047,180.705,5.321875,-5.19815097827053
12.047,180.705,5.325,-5.263215162164455
12.047,180.705,5.328125,-5.333434667712893
12.047,180.705,5.331250000000001,-5.419012375824216
12.047,180.705,5.3343750000000005,-5.510744015800734
12.047,180.705,5.3375,-5.602170882639898
12.047,180.705,5.340625,-5.697635349211886
12.047,180.705,5.34375,-5.802958126835785
12.047,180.705,5.346875000000001,-5.886044783383064
12.047,180.705,5.3500000000000005,-5.952864797296132
12.047,180.705,5.353125,-5.9989443061835495
12.047,180.705,5.35625,-6.021793237537697
12.047,180.705,5.359375,-6.005360999044469
12.047,180.705,5.362500000000001,-5.9582938553451035
12.047,180.705,5.3656250000000005,-5.88260233776187
12.047,180.705,5.36875,-5.766994288687915
12.047,180.705,5.371875,-5.6405507741020235
12.047,180.705,5.375,-5.49946756883987
12.047,180.705,5.378125000000001,-5.3477322023923115
12.047,180.705,5.3812500000000005,-5.21501684387024
12.047,180.705,5.384375,-5.081196693709966
12.047,180.705,5.3875,-4.9710258281783695
12.047,180.705,5.390625,-4.877265031534741
12.047,180.705,5.393750000000001,-4.800239099900409
12.047,180.705,5.3968750000000005,-4.756013297890529
12.047,180.705,5.4,-4.733177413410599
12.047,180.705,5.403125,-4.737469856797535
12.047,180.705,5.40625,-4.7614746794164144
12.047,180.705,5.409375000000001,-4.809289702810066
12.047,180.705,5.4125000000000005,-4.874107067279516
12.047,180.705,5.415625,-4.95718566563377
12.047,180.705,5.41875,-5.05942901047821
12.047,180.705,5.421875,-5.181599265519109
12.047,180.705,5.425000000000001,-5.322938046670883
12.047,180.705,5.4281250000000005,-5.468728147681201
12.047,180.705,5.43125,-5.630029282122707
12.047,180.705,5.434375,-5.790233207047768
12.047,180.705,5.4375,-5.948892340360297
12.047,180.705,5.440625000000001,-6.083578349092892
12.047,180.705,5.4437500000000005,-6.206675557593368
12.047,180.705,5.446875,-6.299262462005922
12.047,180.705,5.45,-6.3609859000656845
12.047,180.705,5.453125,-6.375519858703674
12.047,180.705,5.456250000000001,-6.351528579755663
12.047,180.705,5.4593750000000005,-6.283308507202655
12.047,180.705,5.4625,-6.172956407880893
12.047,180.705,5.465625,-6.046663205398372
12.047,180.705,5.46875,-5.881357852901099
12.047,180.705,5.471875000000001,-5.716889463849918
12.047,180.705,5.4750000000000005,-5.5475781037507685
12.047,180.705,5.478125,-5.388523528725845
12.047,180.705,5.48125,-5.235665285432337
12.047,180.705,5.484375,-5.110137032437008
12.047,180.705,5.487500000000001,-5.010258628850757
12.047,180.705,5.4906250000000005,-4.936471376178061
12.047,180.705,5.49375,-4.890722451158785
12.047,180.705,5.496875,-4.870670408921431
12.047,180.705,5.5,-4.880440130326442
12.047,180.705,5.503125000000001,-4.910298335400385
12.047,180.705,5.5062500000000005,-4.957358370583755
12.047,180.705,5.509375,-5.030590183852359
12.047,180.705,5.5125,-5.110104571453016
12.047,180.705,5.515625,-5.199401821966224
12.047,180.705,5.518750000000001,-5.291633559035811
12.047,180.705,5.5218750000000005,-5.376819172807346
12.047,180.705,5.525,-5.4614387354946565
12.047,180.705,5.528125,-5.526529527653752
12.047,180.705,5.53125,-5.568063765922369
12.047,180.705,5.534375000000001,-5.584489202824404
12.047,180.705,5.5375000000000005,-5.574196862269005
12.047,180.705,5.540625,-5.54011472069896
12.047,180.705,5.54375,-5.473554024941654
12.047,180.705,5.546875,-5.375528959882829
12.047,180.705,5.550000000000001,-5.26168366594268
12.047,180.705,5.5531250000000005,-5.121567082746653
12.047,180.705,5.55625,-4.9743454145519
12.047,180.705,5.559375,-4.829411576243691
12.047,180.705,5.5625,-4.677274084111919
12.047,180.705,5.565625000000001,-4.536976397957019
12.047,180.705,5.5687500000000005,-4.409901353384225
12.047,180.705,5.571875,-4.303422914220027
12.047,180.705,5.575,-4.212122730455531
12.047,180.705,5.578125,-4.1469933143369975
12.047,180.705,5.581250000000001,-4.104979841075883
12.047,180.705,5.5843750000000005,-4.075411748994771
12.047,180.705,5.5875,-4.0804252701301715
12.047,180.705,5.590625,-4.10716904162529
12.047,180.705,5.59375,-4.153571542715399
12.047,180.705,5.596875000000001,-4.221220793124379
12.047,180.705,5.6000000000000005,-4.3119465179065655
12.047,180.705,5.603125,-4.411444302788359
12.047,180.705,5.60625,-4.530740422981362
12.047,180.705,5.609375,-4.655342577771137
12.047,180.705,5.612500000000001,-4.791310897010421
12.047,180.705,5.6156250000000005,-4.920967814353097
12.047,180.705,5.61875,-5.0479279086156925
12.047,180.705,5.621875,-5.156825381486564
12.047,180.705,5.625,-5.254250084309588
12.047,180.705,5.628125000000001,-5.305269605513486
12.047,180.705,5.6312500000000005,-5.325686500472063
12.047,180.705,5.634375,-5.317040750412271
12.047,180.705,5.6375,-5.2663647169887975
12.047,180.705,5.640625,-5.174663185781096
12.047,180.705,5.643750000000001,-5.065492312495223
12.047,180.705,5.6468750000000005,-4.928269535288573
12.047,180.705,5.65,-4.776594846620804
12.047,180.705,5.653125,-4.623990899181922
12.047,180.705,5.65625,-4.473088087267895
12.047,180.705,5.659375000000001,-4.335939818054083
12.047,180.705,5.6625000000000005,-4.217300446864184
12.047,180.705,5.665625,-4.120266030128169
12.047,180.705,5.66875,-4.0478848554045745
12.047,180.705,5.671875,-3.994636492028485
12.047,180.705,5.675000000000001,-3.9636432225340466
12.047,180.705,5.6781250000000005,-3.950064502315896
12.047,180.705,5.68125,-3.958352955743817
12.047,180.705,5.684375,-3.9937599950238427
12.047,180.705,5.6875,-4.04224130657039
12.047,180.705,5.690625000000001,-4.1025117831285645
12.047,180.705,5.6937500000000005,-4.1689590574236775
12.047,180.705,5.696875,-4.241237265964558
12.047,180.705,5.7,-4.311487727272931
12.047,180.705,5.703125,-4.384439877869397
12.047,180.705,5.706250000000001,-4.450838188841016
12.047,180.705,5.7093750000000005,-4.497511467299859
12.047,180.705,5.7125,-4.529273177622748
12.047,180.705,5.715625,-4.531093994562376
12.047,180.705,5.71875,-4.512319047573752
12.047,180.705,5.721875000000001,-4.465595140011313
12.047,180.705,5.7250000000000005,-4.3917210493975265
12.047,180.705,5.728125,-4.290584912765683
12.047,180.705,5.73125,-4.162357976333844
12.047,180.705,5.734375,-4.019366639683942
12.047,180.705,5.737500000000001,-3.854030990647849
12.047,180.705,5.7406250000000005,-3.688179573944263
12.047,180.705,5.74375,-3.5395641130739355
12.047,180.705,5.746875,-3.3828547783422196
12.047,180.705,5.75,-3.2548539981994824
12.047,180.705,5.753125000000001,-3.1396500751339147
12.047,180.705,5.7562500000000005,-3.0489275369286686
12.047,180.705,5.759375,-2.9844043468265458
12.047,180.705,5.7625,-2.9434157839676756
12.047,180.705,5.765625,-2.9293688316385893
12.047,180.705,5.768750000000001,-2.936904903724695
12.047,180.705,5.7718750000000005,-2.970721552595006
12.047,180.705,5.775,-3.023533294431697
12.047,180.705,5.778125,-3.0852653858792474
12.047,180.705,5.78125,-3.168705082839809
12.047,180.705,5.784375000000001,-3.2652137622176407
12.047,180.705,5.7875000000000005,-3.356943936830813
12.047,180.705,5.790625,-3.4613333695784814
12.047,180.705,5.79375,-3.5600773603814586
12.047,180.705,5.796875,-3.6442330653729913
12.047,180.705,5.800000000000001,-3.7138754934538705
12.047,180.705,5.8031250000000005,-3.769959008498563
12.047,180.705,5.80625,-3.805843697386541
12.047,180.705,5.809375,-3.81450200017943
12.047,180.705,5.8125,-3.8017086596294063
12.047,180.705,5.815625000000001,-3.7576127726580957
12.047,180.705,5.8187500000000005,-3.691523797269056
12.047,180.705,5.821875,-3.6004758787626177
12.047,180.705,5.825,-3.4959261270686453
12.047,180.705,5.828125,-3.382504848511477
12.047,180.705,5.831250000000001,-3.2574364212920246
12.047,180.705,5.8343750000000005,-3.133594750526771
12.047,180.705,5.8375,-3.0193065111700594
12.047,180.705,5.840625,-2.9099063205178783
12.047,180.705,5.84375,-2.823901259145185
12.047,180.705,5.846875000000001,-2.7560880663685623
12.047,180.705,5.8500000000000005,-2.71052544299969
12.047,180.705,5.853125,-2.6882798409704107
12.047,180.705,5.85625,-2.6916588186920665
12.047,180.705,5.859375,-2.71430701937536
12.047,180.705,5.862500000000001,-2.7608637267337395
12.047,180.705,5.8656250000000005,-2.821388454034416
12.047,180.705,5.86875,-2.901695285687164
12.047,180.705,5.871875,-2.9903707430486226
12.047,180.705,5.875,-3.0806620413753665
12.047,180.705,5.878125000000001,-3.178349699646046
12.047,180.705,5.8812500000000005,-3.2740931573520204
12.047,180.705,5.884375,-3.360342787093657
12.047,180.705,5.8875,-3.4319962094586707
12.047,180.705,5.890625,-3.4897091062979375
12.047,180.705,5.893750000000001,-3.5242344571187756
12.047,180.705,5.8968750000000005,-3.5346125248015174
12.047,180.705,5.9,-3.5135970763494284
12.047,180.705,5.903125,-3.452439410961436
12.047,180.705,5.90625,-3.3617587772803796
12.047,180.705,5.909375000000001,-3.247076417056884
12.047,180.705,5.9125000000000005,-3.1017689678911498
12.047,180.705,5.915625,-2.9526936899285965
12.047,180.705,5.91875,-2.7849601333509346
12.047,180.705,5.921875,-2.6201488029240054
12.047,180.705,5.925000000000001,-2.4612202897871827
12.047,180.705,5.9281250000000005,-2.3193251895325657
12.047,180.705,5.93125,-2.2017024481379646
12.047,180.705,5.934375,-2.0994481149672923
12.047,180.705,5.9375,-2.0327767651885864
12.047,180.705,5.940625000000001,-1.990336740016392
12.047,180.705,5.9437500000000005,-1.9691395713961284
12.047,180.705,5.946875,-1.978140412146726
12.047,180.705,5.95,-2.003451266752971
12.047,180.705,5.953125,-2.051120418661086
12.047,180.705,5.956250000000001,-2.1177897841916007
12.047,180.705,5.9593750000000005,-2.2021944112272767
12.047,180.705,5.9625,-2.296708795899029
12.047,180.705,5.965625,-2.3983913306704077
12.047,180.705,5.96875,-2.5067341902107056
12.047,180.705,5.971875000000001,-2.6256978420887056
12.047,180.705,5.9750000000000005,-2.7352136426963196
12.047,180.705,5.978125,-2.847921534779382
12.047,180.705,5.98125,-2.948303971867856
12.047,180.705,5.984375,-3.03269739958439
12.047,180.705,5.987500000000001,-3.1013993572038556
12.047,180.705,5.9906250000000005,-3.136203070734298
12.047,180.705,5.99375,-3.1425826705763447
12.047,180.705,5.996875,-3.119796403020885
12.047,180.705,6,-3.0707984873795215
