"Current","Field","Frequency","Spectra"
9.5139,142.708,1,-0.9170874646794923
9.5139,142.708,1.003125,-0.8736326072247492
9.5139,142.708,1.00625,-0.8384452748666618
9.5139,142.708,1.0093750000000001,-0.8055863275352806
9.5139,142.708,1.0125,-0.7829011801570203
9.5139,142.708,1.015625,-0.7696083256806798
9.5139,142.708,1.01875,-0.7692341587813427
9.5139,142.708,1.021875,-0.7730505888464935
9.5139,142.708,1.0250000000000001,-0.7947850130486387
9.5139,142.708,1.028125,-0.8312340163573617
9.5139,142.708,1.03125,-0.877301270920424
9.5139,142.708,1.034375,-0.9337426406168808
9.5139,142.708,1.0375,-0.9989605384686985
9.5139,142.708,1.0406250000000001,-1.0660433540499696
9.5139,142.708,1.04375,-1.13545017232434
9.5139,142.708,1.046875,-1.2032973330295076
9.5139,142.708,1.05,-1.2681024212349559
9.5139,142.708,1.053125,-1.321644118724831
9.5139,142.708,1.0562500000000001,-1.3682383011815304
9.5139,142.708,1.059375,-1.4061197476611786
9.5139,142.708,1.0625,-1.430286835977887
9.5139,142.708,1.065625,-1.4408876875707801
9.5139,142.708,1.06875,-1.4430412769007186
9.5139,142.708,1.0718750000000001,-1.433126639905022
9.5139,142.708,1.0750000000000002,-1.410732932626721
9.5139,142.708,1.078125,-1.3797389852767532
9.5139,142.708,1.08125,-1.3401788231850138
9.5139,142.708,1.084375,-1.2916125615921257
9.5139,142.708,1.0875000000000001,-1.2385827258163067
9.5139,142.708,1.0906250000000002,-1.1843382877134887
9.5139,142.708,1.09375,-1.1371455401725643
9.5139,142.708,1.096875,-1.0784594565353591
9.5139,142.708,1.1,-1.0347500668457728
9.5139,142.708,1.1031250000000001,-0.9951329809062481
9.5139,142.708,1.1062500000000002,-0.9487473597209918
9.5139,142.708,1.109375,-0.9186035162977455
9.5139,142.708,1.1125,-0.8975085313320654
9.5139,142.708,1.115625,-0.8868321425175474
9.5139,142.708,1.1187500000000001,-0.8890975197459625
9.5139,142.708,1.1218750000000002,-0.895606122766675
9.5139,142.708,1.125,-0.9109119239671125
9.5139,142.708,1.128125,-0.9372759003619667
9.5139,142.708,1.13125,-0.9672496119478764
9.5139,142.708,1.1343750000000001,-1.0050977130159509
9.5139,142.708,1.1375000000000002,-1.043933481767288
9.5139,142.708,1.140625,-1.0851911659511269
9.5139,142.708,1.14375,-1.1207950782618619
9.5139,142.708,1.146875,-1.1560249622400731
9.5139,142.708,1.1500000000000001,-1.1923351939191988
9.5139,142.708,1.1531250000000002,-1.2152512925130636
9.5139,142.708,1.15625,-1.2294128609411432
9.5139,142.708,1.159375,-1.2362562203757392
9.5139,142.708,1.1625,-1.233686144685503
9.5139,142.708,1.1656250000000001,-1.2199006290151932
9.5139,142.708,1.1687500000000002,-1.2011549460268018
9.5139,142.708,1.171875,-1.16959356977031
9.5139,142.708,1.175,-1.1312998550385949
9.5139,142.708,1.178125,-1.0864678881150405
9.5139,142.708,1.1812500000000001,-1.033677501561991
9.5139,142.708,1.1843750000000002,-0.984480518393463
9.5139,142.708,1.1875,-0.9315056928842159
9.5139,142.708,1.190625,-0.8830756218619945
9.5139,142.708,1.19375,-0.8424855769024008
9.5139,142.708,1.1968750000000001,-0.8090135538076206
9.5139,142.708,1.2000000000000002,-0.7840119302324857
9.5139,142.708,1.203125,-0.7736826853343565
9.5139,142.708,1.20625,-0.7788790356847983
9.5139,142.708,1.209375,-0.7984513273805248
9.5139,142.708,1.2125000000000001,-0.8351418498599066
9.5139,142.708,1.2156250000000002,-0.8847504983967354
9.5139,142.708,1.21875,-0.9388473076436048
9.5139,142.708,1.221875,-1.0062984526986094
9.5139,142.708,1.225,-1.078508121920785
9.5139,142.708,1.2281250000000001,-1.1568255138097232
9.5139,142.708,1.2312500000000002,-1.232261639605112
9.5139,142.708,1.234375,-1.3001754915708483
9.5139,142.708,1.2375,-1.3593502072317463
9.5139,142.708,1.240625,-1.4092069609020998
9.5139,142.708,1.2437500000000001,-1.4573852137091374
9.5139,142.708,1.2468750000000002,-1.4936619056317182
9.5139,142.708,1.25,-1.51434477590247
9.5139,142.708,1.253125,-1.5161928738376986
9.5139,142.708,1.25625,-1.502991097815412
9.5139,142.708,1.2593750000000001,-1.4759741709268346
9.5139,142.708,1.2625000000000002,-1.4516494162624751
9.5139,142.708,1.265625,-1.422093572538405
9.5139,142.708,1.26875,-1.3807748840813847
9.5139,142.708,1.271875,-1.3319887523840646
9.5139,142.708,1.2750000000000001,-1.2802854301013524
9.5139,142.708,1.2781250000000002,-1.223338655576504
9.5139,142.708,1.28125,-1.1750286695909138
9.5139,142.708,1.284375,-1.1365157873011063
9.5139,142.708,1.2875,-1.1008952310525815
9.5139,142.708,1.2906250000000001,-1.0652029916779173
9.5139,142.708,1.2937500000000002,-1.0423220921396874
9.5139,142.708,1.296875,-1.027953066903851
9.5139,142.708,1.3,-1.021612886117056
9.5139,142.708,1.303125,-1.035392896897917
9.5139,142.708,1.3062500000000001,-1.0543288816736942
9.5139,142.708,1.3093750000000002,-1.0781299822315544
9.5139,142.708,1.3125,-1.1145294672094435
9.5139,142.708,1.315625,-1.1554394595776378
9.5139,142.708,1.31875,-1.199732549225747
9.5139,142.708,1.3218750000000001,-1.242639714899136
9.5139,142.708,1.3250000000000002,-1.2867676577343996
9.5139,142.708,1.328125,-1.321133158675822
9.5139,142.708,1.33125,-1.351680706260535
9.5139,142.708,1.334375,-1.3795355178571624
9.5139,142.708,1.3375000000000001,-1.3923232941528407
9.5139,142.708,1.3406250000000002,-1.3949325134253128
9.5139,142.708,1.34375,-1.3899968745484128
9.5139,142.708,1.346875,-1.3725628731406934
9.5139,142.708,1.35,-1.3454107490544585
9.5139,142.708,1.3531250000000001,-1.3103527357971894
9.5139,142.708,1.3562500000000002,-1.2667951420473123
9.5139,142.708,1.359375,-1.2180819494667587
9.5139,142.708,1.3625,-1.1596973374872308
9.5139,142.708,1.365625,-1.1013125566103925
9.5139,142.708,1.3687500000000001,-1.0424341725848774
9.5139,142.708,1.3718750000000002,-0.9886943102747315
9.5139,142.708,1.375,-0.9391248910023464
9.5139,142.708,1.378125,-0.8974741073831959
9.5139,142.708,1.38125,-0.8638704284110537
9.5139,142.708,1.3843750000000001,-0.8410927430795574
9.5139,142.708,1.3875000000000002,-0.8308367636149256
9.5139,142.708,1.390625,-0.8370578888698543
9.5139,142.708,1.39375,-0.8612804531972345
9.5139,142.708,1.396875,-0.8996182994884194
9.5139,142.708,1.4000000000000001,-0.9518845268156212
9.5139,142.708,1.4031250000000002,-1.0061679138249044
9.5139,142.708,1.40625,-1.0715854836935117
9.5139,142.708,1.409375,-1.1440569325204657
9.5139,142.708,1.4125,-1.219492093033006
9.5139,142.708,1.4156250000000001,-1.298198366090039
9.5139,142.708,1.4187500000000002,-1.3693104401613552
9.5139,142.708,1.421875,-1.430960704537273
9.5139,142.708,1.425,-1.4864951998051827
9.5139,142.708,1.428125,-1.531484184478681
9.5139,142.708,1.4312500000000001,-1.5648758728313936
9.5139,142.708,1.4343750000000002,-1.5863740615509538
9.5139,142.708,1.4375,-1.5942368383617693
9.5139,142.708,1.440625,-1.5924743712340734
9.5139,142.708,1.44375,-1.575932756236885
9.5139,142.708,1.4468750000000001,-1.549630472064153
9.5139,142.708,1.4500000000000002,-1.5140241947044824
9.5139,142.708,1.453125,-1.470030887479664
9.5139,142.708,1.45625,-1.420294541605611
9.5139,142.708,1.459375,-1.3679050572877751
9.5139,142.708,1.4625000000000001,-1.3124341857642063
9.5139,142.708,1.4656250000000002,-1.261251891493229
9.5139,142.708,1.46875,-1.213244160010736
9.5139,142.708,1.471875,-1.1735206677096408
9.5139,142.708,1.475,-1.1413542304398767
9.5139,142.708,1.4781250000000001,-1.121655552176737
9.5139,142.708,1.4812500000000002,-1.113388591704262
9.5139,142.708,1.484375,-1.1191765155266895
9.5139,142.708,1.4875,-1.1411795792637534
9.5139,142.708,1.490625,-1.1735636393605973
9.5139,142.708,1.4937500000000001,-1.2188599547036438
9.5139,142.708,1.4968750000000002,-1.2732808499116564
9.5139,142.708,1.5,-1.3279176943270332
9.5139,142.708,1.503125,-1.3862613210307775
9.5139,142.708,1.50625,-1.4387902971749962
9.5139,142.708,1.5093750000000001,-1.4887270399920416
9.5139,142.708,1.5125000000000002,-1.530804026127873
9.5139,142.708,1.515625,-1.563197233322935
9.5139,142.708,1.51875,-1.5916814664929544
9.5139,142.708,1.521875,-1.6018534300446836
9.5139,142.708,1.5250000000000001,-1.596783381940528
9.5139,142.708,1.5281250000000002,-1.5847658382991956
9.5139,142.708,1.53125,-1.5618778314859854
9.5139,142.708,1.534375,-1.5324979353162902
9.5139,142.708,1.5375,-1.4944466501207345
9.5139,142.708,1.5406250000000001,-1.4486957379577765
9.5139,142.708,1.5437500000000002,-1.3998762422314626
9.5139,142.708,1.546875,-1.3410336346173901
9.5139,142.708,1.55,-1.28028376750319
9.5139,142.708,1.553125,-1.2189065361160443
9.5139,142.708,1.5562500000000001,-1.1588233562866614
9.5139,142.708,1.5593750000000002,-1.1030455176388498
9.5139,142.708,1.5625,-1.0478978486091135
9.5139,142.708,1.565625,-1.0063921822328732
9.5139,142.708,1.56875,-0.9756804646618882
9.5139,142.708,1.5718750000000001,-0.9587278588651853
9.5139,142.708,1.5750000000000002,-0.9542144056678697
9.5139,142.708,1.578125,-0.9684273205878995
9.5139,142.708,1.58125,-0.9981705362136835
9.5139,142.708,1.584375,-1.0470231050225114
9.5139,142.708,1.5875000000000001,-1.1071775044482601
9.5139,142.708,1.5906250000000002,-1.1831671935458414
9.5139,142.708,1.59375,-1.261427162738789
9.5139,142.708,1.596875,-1.346507552186111
9.5139,142.708,1.6,-1.4284015322323553
9.5139,142.708,1.6031250000000001,-1.503367290791998
9.5139,142.708,1.6062500000000002,-1.5695486579571765
9.5139,142.708,1.609375,-1.625386637559101
9.5139,142.708,1.6125,-1.6664420695083015
9.5139,142.708,1.615625,-1.6893644416433018
9.5139,142.708,1.6187500000000001,-1.7015787696933669
9.5139,142.708,1.6218750000000002,-1.6954449494598829
9.5139,142.708,1.625,-1.6786362321499504
9.5139,142.708,1.628125,-1.6480994768762682
9.5139,142.708,1.63125,-1.6102872087538744
9.5139,142.708,1.6343750000000001,-1.5673016999814364
9.5139,142.708,1.6375000000000002,-1.5173931213403042
9.5139,142.708,1.640625,-1.4687708752988395
9.5139,142.708,1.64375,-1.4164984427238894
9.5139,142.708,1.646875,-1.3702105539546963
9.5139,142.708,1.6500000000000001,-1.3248597581145016
9.5139,142.708,1.6531250000000002,-1.2907337689606322
9.5139,142.708,1.65625,-1.2658912500549524
9.5139,142.708,1.659375,-1.2589115755700124
9.5139,142.708,1.6625,-1.2713032232654617
9.5139,142.708,1.6656250000000001,-1.2728734221532374
9.5139,142.708,1.6687500000000002,-1.2662007902981758
9.5139,142.708,1.671875,-1.2882765747732103
9.5139,142.708,1.675,-1.323103610328613
9.5139,142.708,1.678125,-1.3693922042435864
9.5139,142.708,1.6812500000000001,-1.421636794585587
9.5139,142.708,1.6843750000000002,-1.4830649110325882
9.5139,142.708,1.6875,-1.5439841300104231
9.5139,142.708,1.690625,-1.6064022724238431
9.5139,142.708,1.69375,-1.6641477694392912
9.5139,142.708,1.6968750000000001,-1.7162132010734243
9.5139,142.708,1.7000000000000002,-1.7582735658968223
9.5139,142.708,1.703125,-1.7879872985479583
9.5139,142.708,1.70625,-1.810667949813052
9.5139,142.708,1.709375,-1.8196869686477635
9.5139,142.708,1.7125000000000001,-1.8173236370540904
9.5139,142.708,1.7156250000000002,-1.797969978733327
9.5139,142.708,1.71875,-1.7685776528906594
9.5139,142.708,1.721875,-1.7252304794786668
9.5139,142.708,1.725,-1.6718681651407554
9.5139,142.708,1.7281250000000001,-1.6097814974408524
9.5139,142.708,1.7312500000000002,-1.5410129256172085
9.5139,142.708,1.734375,-1.4677768447936002
9.5139,142.708,1.7375,-1.394269314707612
9.5139,142.708,1.740625,-1.3208798150618064
9.5139,142.708,1.7437500000000001,-1.2558285969779681
9.5139,142.708,1.7468750000000002,-1.1947657896034052
9.5139,142.708,1.75,-1.1466138394478167
9.5139,142.708,1.753125,-1.1114574121167993
9.5139,142.708,1.75625,-1.0932301940852127
9.5139,142.708,1.7593750000000001,-1.0906974851966156
9.5139,142.708,1.7625000000000002,-1.1077945904226543
9.5139,142.708,1.765625,-1.1402614231451715
9.5139,142.708,1.76875,-1.184875873062615
9.5139,142.708,1.771875,-1.2438216678792169
9.5139,142.708,1.7750000000000001,-1.309093601992911
9.5139,142.708,1.7781250000000002,-1.3825286886212749
9.5139,142.708,1.78125,-1.4553454296302923
9.5139,142.708,1.784375,-1.5281382232372658
9.5139,142.708,1.7875,-1.5990359340010163
9.5139,142.708,1.7906250000000001,-1.657292818432259
9.5139,142.708,1.7937500000000002,-1.7077132738978797
9.5139,142.708,1.7968750000000002,-1.7425050821257377
9.5139,142.708,1.8,-1.767669613859057
9.5139,142.708,1.803125,-1.7770004493475238
9.5139,142.708,1.8062500000000001,-1.7754073311355367
9.5139,142.708,1.8093750000000002,-1.7619299531116475
9.5139,142.708,1.8125000000000002,-1.7409907488362144
9.5139,142.708,1.815625,-1.706597974219965
9.5139,142.708,1.81875,-1.6676200915559958
9.5139,142.708,1.8218750000000001,-1.6213300083856244
9.5139,142.708,1.8250000000000002,-1.5728768255432861
9.5139,142.708,1.8281250000000002,-1.5216232039906705
9.5139,142.708,1.83125,-1.469809805729695
9.5139,142.708,1.834375,-1.4231481286366485
9.5139,142.708,1.8375000000000001,-1.3800041286928377
9.5139,142.708,1.8406250000000002,-1.3466239869006826
9.5139,142.708,1.8437500000000002,-1.3233589362789935
9.5139,142.708,1.846875,-1.3095891614283999
9.5139,142.708,1.85,-1.3130671213210043
9.5139,142.708,1.8531250000000001,-1.3285915313788412
9.5139,142.708,1.8562500000000002,-1.3588157227031115
9.5139,142.708,1.8593750000000002,-1.4010488388698326
9.5139,142.708,1.8625,-1.4593576018583971
9.5139,142.708,1.865625,-1.523405773356132
9.5139,142.708,1.8687500000000001,-1.5942946243693492
9.5139,142.708,1.8718750000000002,-1.6680623365694083
9.5139,142.708,1.8750000000000002,-1.740133196986913
9.5139,142.708,1.878125,-1.8045702071960859
9.5139,142.708,1.88125,-1.8594215051570042
9.5139,142.708,1.8843750000000001,-1.9078881744121161
9.5139,142.708,1.8875000000000002,-1.9424497431085563
9.5139,142.708,1.8906250000000002,-1.9624740246903316
9.5139,142.708,1.89375,-1.9656347831809722
9.5139,142.708,1.896875,-1.9507521089086146
9.5139,142.708,1.9000000000000001,-1.9233207355761028
9.5139,142.708,1.9031250000000002,-1.8855846469971955
9.5139,142.708,1.9062500000000002,-1.8342359596701838
9.5139,142.708,1.909375,-1.7771885791345716
9.5139,142.708,1.9125,-1.7104109598609827
9.5139,142.708,1.9156250000000001,-1.640615790079618
9.5139,142.708,1.9187500000000002,-1.5655311882440137
9.5139,142.708,1.9218750000000002,-1.4924476648130012
9.5139,142.708,1.925,-1.4233209740569588
9.5139,142.708,1.928125,-1.3593008526049934
9.5139,142.708,1.9312500000000001,-1.304703150562582
9.5139,142.708,1.9343750000000002,-1.2643763609288832
9.5139,142.708,1.9375000000000002,-1.229426837317627
9.5139,142.708,1.940625,-1.2127382761364471
9.5139,142.708,1.94375,-1.2129081821000922
9.5139,142.708,1.9468750000000001,-1.2255364069734558
9.5139,142.708,1.9500000000000002,-1.2544926596577908
9.5139,142.708,1.9531250000000002,-1.2975276989190156
9.5139,142.708,1.95625,-1.355140956505656
9.5139,142.708,1.959375,-1.4242608991329684
9.5139,142.708,1.9625000000000001,-1.4960993248237142
9.5139,142.708,1.9656250000000002,-1.5711798454923627
9.5139,142.708,1.9687500000000002,-1.643493034323372
9.5139,142.708,1.971875,-1.7109444078911022
9.5139,142.708,1.975,-1.7679354982391258
9.5139,142.708,1.9781250000000001,-1.8159508633774735
9.5139,142.708,1.9812500000000002,-1.8522770190820292
9.5139,142.708,1.9843750000000002,-1.8722557786456109
9.5139,142.708,1.9875,-1.8800407581591494
9.5139,142.708,1.990625,-1.8731508890301207
9.5139,142.708,1.9937500000000001,-1.8494789134112817
9.5139,142.708,1.9968750000000002,-1.8161337663586108
9.5139,142.708,2,-1.7725363307291682
9.5139,142.708,2.0031250000000003,-1.7191264994686248
9.5139,142.708,2.00625,-1.6596572262255256
9.5139,142.708,2.009375,-1.5991055836551247
9.5139,142.708,2.0125,-1.5385754705894823
9.5139,142.708,2.015625,-1.4787379719966922
9.5139,142.708,2.0187500000000003,-1.4213739920161435
9.5139,142.708,2.021875,-1.3746201731947427
9.5139,142.708,2.025,-1.3387829887213583
9.5139,142.708,2.028125,-1.3144741953251557
9.5139,142.708,2.03125,-1.3072569082472232
9.5139,142.708,2.0343750000000003,-1.3181515821808856
9.5139,142.708,2.0375,-1.3452483655198633
9.5139,142.708,2.040625,-1.3894393660863178
9.5139,142.708,2.04375,-1.4442255978039573
9.5139,142.708,2.046875,-1.5140532717833008
9.5139,142.708,2.0500000000000003,-1.5889142585572993
9.5139,142.708,2.053125,-1.6728904623151906
9.5139,142.708,2.05625,-1.7566051267568914
9.5139,142.708,2.059375,-1.8404898793366367
9.5139,142.708,2.0625,-1.9128510120222146
9.5139,142.708,2.0656250000000003,-1.9779316894144965
9.5139,142.708,2.06875,-2.0330172919097276
9.5139,142.708,2.071875,-2.068140179366742
9.5139,142.708,2.075,-2.090483075509474
9.5139,142.708,2.078125,-2.1003485717725874
9.5139,142.708,2.0812500000000003,-2.0940853903962244
9.5139,142.708,2.084375,-2.075316760870678
9.5139,142.708,2.0875,-2.0386962953835037
9.5139,142.708,2.090625,-1.9881390454423118
9.5139,142.708,2.09375,-1.9285482962624712
9.5139,142.708,2.0968750000000003,-1.8628527054980988
9.5139,142.708,2.1,-1.7923064700371205
9.5139,142.708,2.103125,-1.7196684680342456
9.5139,142.708,2.10625,-1.6497690008754597
9.5139,142.708,2.109375,-1.578781293563354
9.5139,142.708,2.1125000000000003,-1.516043673729093
9.5139,142.708,2.115625,-1.4587640200780596
9.5139,142.708,2.11875,-1.4106128781324125
9.5139,142.708,2.121875,-1.3742595589581112
9.5139,142.708,2.125,-1.3532064566109279
9.5139,142.708,2.1281250000000003,-1.3464250972123675
9.5139,142.708,2.13125,-1.3588009241267707
9.5139,142.708,2.134375,-1.389577153929874
9.5139,142.708,2.1375,-1.4335886281381622
9.5139,142.708,2.140625,-1.4897503320540006
9.5139,142.708,2.1437500000000003,-1.5565355527608307
9.5139,142.708,2.146875,-1.630908094306627
9.5139,142.708,2.1500000000000004,-1.7075545790754807
9.5139,142.708,2.153125,-1.7822997721790141
9.5139,142.708,2.15625,-1.8522665956965811
9.5139,142.708,2.1593750000000003,-1.9151076712645865
9.5139,142.708,2.1625,-1.962474812297628
9.5139,142.708,2.1656250000000004,-1.9938920229457282
9.5139,142.708,2.16875,-2.0099624498193878
9.5139,142.708,2.171875,-2.0080368512053495
9.5139,142.708,2.1750000000000003,-1.9925327222913851
9.5139,142.708,2.178125,-1.9633543436022798
9.5139,142.708,2.1812500000000004,-1.9222117563975052
9.5139,142.708,2.184375,-1.8711683460193131
9.5139,142.708,2.1875,-1.8118438970243056
9.5139,142.708,2.1906250000000003,-1.7468241860552594
9.5139,142.708,2.19375,-1.6741842315993356
9.5139,142.708,2.1968750000000004,-1.5946719685707373
9.5139,142.708,2.2,-1.5255307723934284
9.5139,142.708,2.203125,-1.461856672640095
9.5139,142.708,2.2062500000000003,-1.4103069823155578
9.5139,142.708,2.209375,-1.3694732925036346
9.5139,142.708,2.2125000000000004,-1.3416209675632418
9.5139,142.708,2.215625,-1.329197040472598
9.5139,142.708,2.21875,-1.3336070771310733
9.5139,142.708,2.2218750000000003,-1.3523347875250935
9.5139,142.708,2.225,-1.3921592994427965
9.5139,142.708,2.2281250000000004,-1.4428600709101904
9.5139,142.708,2.23125,-1.508628461101319
9.5139,142.708,2.234375,-1.5835031155097932
9.5139,142.708,2.2375000000000003,-1.6643002477044455
9.5139,142.708,2.240625,-1.7442129906324764
9.5139,142.708,2.2437500000000004,-1.825123808650109
9.5139,142.708,2.246875,-1.9011541605893973
9.5139,142.708,2.25,-1.9650048401101106
9.5139,142.708,2.2531250000000003,-2.0226159802754933
9.5139,142.708,2.25625,-2.064789430197761
9.5139,142.708,2.2593750000000004,-2.0958252273109776
9.5139,142.708,2.2625,-2.1079385212418567
9.5139,142.708,2.265625,-2.1054939425977333
9.5139,142.708,2.2687500000000003,-2.0897625985459802
9.5139,142.708,2.271875,-2.061118085910606
9.5139,142.708,2.2750000000000004,-2.020709110588159
9.5139,142.708,2.278125,-1.9708842774495072
9.5139,142.708,2.28125,-1.914385156087028
9.5139,142.708,2.2843750000000003,-1.8512992383335727
9.5139,142.708,2.2875,-1.7824227449202212
9.5139,142.708,2.2906250000000004,-1.7138182002172198
9.5139,142.708,2.29375,-1.6442684909480318
9.5139,142.708,2.296875,-1.5783082375539896
9.5139,142.708,2.3000000000000003,-1.522304011144531
9.5139,142.708,2.303125,-1.4749238150698227
9.5139,142.708,2.3062500000000004,-1.4362339543618043
9.5139,142.708,2.309375,-1.4101420686538817
9.5139,142.708,2.3125,-1.4082746525262
9.5139,142.708,2.3156250000000003,-1.404560895724871
9.5139,142.708,2.31875,-1.4390340785241407
9.5139,142.708,2.3218750000000004,-1.4678555707349439
9.5139,142.708,2.325,-1.5101701356633694
9.5139,142.708,2.328125,-1.588365510832137
9.5139,142.708,2.3312500000000003,-1.6666765012626898
9.5139,142.708,2.334375,-1.7671506356605184
9.5139,142.708,2.3375000000000004,-1.767298782548363
9.5139,142.708,2.340625,-1.914524410471696
9.5139,142.708,2.34375,-1.9267599981954526
9.5139,142.708,2.3468750000000003,-1.9384174260119047
9.5139,142.708,2.35,-2.0348795102958506
9.5139,142.708,2.3531250000000004,-2.221826308284061
9.5139,142.708,2.35625,-2.1599675377942757
9.5139,142.708,2.359375,-2.0378887159586596
9.5139,142.708,2.3625000000000003,-1.9847485336164803
9.5139,142.708,2.365625,-1.958858791281173
9.5139,142.708,2.3687500000000004,-1.9381961622122914
9.5139,142.708,2.371875,-1.978539951699362
9.5139,142.708,2.375,-2.023864761582908
9.5139,142.708,2.3781250000000003,-1.8391079363435467
9.5139,142.708,2.38125,-1.6669895744936827
9.5139,142.708,2.3843750000000004,-1.545066050288383
9.5139,142.708,2.3875,-1.469814589184908
9.5139,142.708,2.390625,-1.4060281554014624
9.5139,142.708,2.3937500000000003,-1.3704457367360208
9.5139,142.708,2.396875,-1.3214504808598069
9.5139,142.708,2.4000000000000004,-1.3058300881695781
9.5139,142.708,2.403125,-1.3294531637683757
9.5139,142.708,2.40625,-1.3854822498491237
9.5139,142.708,2.4093750000000003,-1.4893405044362227
9.5139,142.708,2.4125,-1.696574501108582
9.5139,142.708,2.4156250000000004,-1.9762320060838126
9.5139,142.708,2.41875,-2.094797070360967
9.5139,142.708,2.421875,-2.0925874590122513
9.5139,142.708,2.4250000000000003,-2.2081877326712833
9.5139,142.708,2.428125,-2.4407341566411525
9.5139,142.708,2.4312500000000004,-3.0650224615823167
9.5139,142.708,2.434375,-3.6531412507213794
9.5139,142.708,2.4375,-2.7329788988586645
9.5139,142.708,2.4406250000000003,-2.3615138539175855
9.5139,142.708,2.44375,-2.2501108840176385
9.5139,142.708,2.4468750000000004,-2.2086412626088183
9.5139,142.708,2.45,-2.1831554728072704
9.5139,142.708,2.453125,-2.1534627595374065
9.5139,142.708,2.4562500000000003,-2.1123536349654843
9.5139,142.708,2.459375,-2.0704824535099204
9.5139,142.708,2.4625000000000004,-2.014939723407755
9.5139,142.708,2.465625,-1.9534238672232063
9.5139,142.708,2.46875,-1.8895566454642534
9.5139,142.708,2.4718750000000003,-1.8239863047707248
9.5139,142.708,2.475,-1.7586292615863464
9.5139,142.708,2.4781250000000004,-1.6915488648193735
9.5139,142.708,2.48125,-1.6247480455232082
9.5139,142.708,2.484375,-1.5722395724996507
9.5139,142.708,2.4875000000000003,-1.5246419022661222
9.5139,142.708,2.490625,-1.4914151944315166
9.5139,142.708,2.4937500000000004,-1.4679829522083185
9.5139,142.708,2.496875,-1.4624158577256114
9.5139,142.708,2.5,-1.4731359115353124
9.5139,142.708,2.5031250000000003,-1.504108033366867
9.5139,142.708,2.50625,-1.5561257423793262
9.5139,142.708,2.5093750000000004,-1.6326415341937568
9.5139,142.708,2.5125,-1.7225859989808243
9.5139,142.708,2.515625,-1.8029638266524062
9.5139,142.708,2.5187500000000003,-1.8722508522237338
9.5139,142.708,2.521875,-1.9420631267196082
9.5139,142.708,2.5250000000000004,-2.0283073297266387
9.5139,142.708,2.528125,-2.1322445132199666
9.5139,142.708,2.53125,-2.240073472321988
9.5139,142.708,2.5343750000000003,-2.339686362195482
9.5139,142.708,2.5375,-2.4583756659756144
9.5139,142.708,2.5406250000000004,-2.6542619426019027
9.5139,142.708,2.54375,-3.0245820780003325
9.5139,142.708,2.546875,-3.6634125404031685
9.5139,142.708,2.5500000000000003,-4.0805549097356515
9.5139,142.708,2.553125,-3.462831424609027
9.5139,142.708,2.5562500000000004,-2.8166010269784647
9.5139,142.708,2.559375,-2.4159372714598617
9.5139,142.708,2.5625,-2.15752917330497
9.5139,142.708,2.5656250000000003,-1.9634830404288595
9.5139,142.708,2.56875,-1.8102504375604047
9.5139,142.708,2.5718750000000004,-1.6956279959191078
9.5139,142.708,2.575,-1.6092709465465083
9.5139,142.708,2.578125,-1.5403122756759826
9.5139,142.708,2.5812500000000003,-1.493011902488437
9.5139,142.708,2.584375,-1.4729326494065496
9.5139,142.708,2.5875000000000004,-1.481219735942123
9.5139,142.708,2.590625,-1.5051069554780714
9.5139,142.708,2.59375,-1.5329557897534107
9.5139,142.708,2.5968750000000003,-1.579624583700212
9.5139,142.708,2.6,-1.6510256795901066
9.5139,142.708,2.6031250000000004,-1.7289876480949982
9.5139,142.708,2.60625,-1.8075639909145058
9.5139,142.708,2.609375,-1.8885871412945645
9.5139,142.708,2.6125000000000003,-1.958920598843422
9.5139,142.708,2.615625,-2.0251754891885128
9.5139,142.708,2.6187500000000004,-2.1008637050485115
9.5139,142.708,2.621875,-2.1668241442640785
9.5139,142.708,2.625,-2.212374928485053
9.5139,142.708,2.6281250000000003,-2.2380812241019536
9.5139,142.708,2.63125,-2.2493219161833964
9.5139,142.708,2.6343750000000004,-2.239697311482678
9.5139,142.708,2.6375,-2.2227532624359796
9.5139,142.708,2.640625,-2.186373280516356
9.5139,142.708,2.6437500000000003,-2.1421847365936535
9.5139,142.708,2.646875,-2.0937111884723287
9.5139,142.708,2.6500000000000004,-2.0338678385466142
9.5139,142.708,2.653125,-1.9673051875502356
9.5139,142.708,2.65625,-1.8974343788119772
9.5139,142.708,2.6593750000000003,-1.8264289393431297
9.5139,142.708,2.6625,-1.7589590607703385
9.5139,142.708,2.6656250000000004,-1.6985727800933499
9.5139,142.708,2.66875,-1.6470417962206962
9.5139,142.708,2.671875,-1.6123638390809858
9.5139,142.708,2.6750000000000003,-1.596847493690868
9.5139,142.708,2.678125,-1.5947683458481046
9.5139,142.708,2.6812500000000004,-1.605214578939689
9.5139,142.708,2.684375,-1.6204221487362784
9.5139,142.708,2.6875,-1.6535229093200041
9.5139,142.708,2.6906250000000003,-1.706032383012737
9.5139,142.708,2.69375,-1.768386457520147
9.5139,142.708,2.6968750000000004,-1.8415429922761997
9.5139,142.708,2.7,-1.919344279887782
9.5139,142.708,2.703125,-1.9997980083577496
9.5139,142.708,2.7062500000000003,-2.078151182148853
9.5139,142.708,2.709375,-2.1494737578740155
9.5139,142.708,2.7125000000000004,-2.20932145764799
9.5139,142.708,2.715625,-2.26031569623827
9.5139,142.708,2.71875,-2.300063715362453
9.5139,142.708,2.7218750000000003,-2.3264783673817293
9.5139,142.708,2.725,-2.3354957332567667
9.5139,142.708,2.7281250000000004,-2.3354107055680555
9.5139,142.708,2.73125,-2.322840086424562
9.5139,142.708,2.734375,-2.3060194503141527
9.5139,142.708,2.7375000000000003,-2.284503579841335
9.5139,142.708,2.740625,-2.264528172926667
9.5139,142.708,2.7437500000000004,-2.2373827798495687
9.5139,142.708,2.746875,-2.1924293761202236
9.5139,142.708,2.75,-2.121395433503543
9.5139,142.708,2.7531250000000003,-2.0342253073094647
9.5139,142.708,2.75625,-1.950400436305053
9.5139,142.708,2.7593750000000004,-1.8795969270499397
9.5139,142.708,2.7625,-1.825350322656666
9.5139,142.708,2.765625,-1.7889894043514307
9.5139,142.708,2.7687500000000003,-1.7692111130285553
9.5139,142.708,2.771875,-1.765774911588106
9.5139,142.708,2.7750000000000004,-1.7797912280933168
9.5139,142.708,2.778125,-1.8145903734947846
9.5139,142.708,2.78125,-1.864942886283163
9.5139,142.708,2.7843750000000003,-1.9284716468695562
9.5139,142.708,2.7875,-2.0072842374446935
9.5139,142.708,2.7906250000000004,-2.0983023414699904
9.5139,142.708,2.79375,-2.188843162101157
9.5139,142.708,2.796875,-2.283248935653577
9.5139,142.708,2.8000000000000003,-2.371333911939069
9.5139,142.708,2.803125,-2.443878380696626
9.5139,142.708,2.8062500000000004,-2.506244972350041
9.5139,142.708,2.809375,-2.551576650943614
9.5139,142.708,2.8125,-2.576587693759302
9.5139,142.708,2.8156250000000003,-2.5871219117936612
9.5139,142.708,2.81875,-2.588724597319902
9.5139,142.708,2.8218750000000004,-2.584650491953994
9.5139,142.708,2.825,-2.571262353140493
9.5139,142.708,2.828125,-2.5545344172139615
9.5139,142.708,2.8312500000000003,-2.536545274342164
9.5139,142.708,2.834375,-2.5010761287605328
9.5139,142.708,2.8375000000000004,-2.4595155930997583
9.5139,142.708,2.840625,-2.4322264105135716
9.5139,142.708,2.84375,-2.41050664742269
9.5139,142.708,2.8468750000000003,-2.3927140764405745
9.5139,142.708,2.85,-2.369865664949942
9.5139,142.708,2.8531250000000004,-2.357606371969601
9.5139,142.708,2.85625,-2.362276705270758
9.5139,142.708,2.859375,-2.351280363218037
9.5139,142.708,2.8625000000000003,-2.3384464529661337
9.5139,142.708,2.865625,-2.3345618852424774
9.5139,142.708,2.8687500000000004,-2.3530817849704633
9.5139,142.708,2.871875,-2.402737025471111
9.5139,142.708,2.875,-2.4668414810427084
9.5139,142.708,2.8781250000000003,-2.5317970159712617
9.5139,142.708,2.88125,-2.5941357213050016
9.5139,142.708,2.8843750000000004,-2.6535144547006064
9.5139,142.708,2.8875,-2.7178712898742248
9.5139,142.708,2.890625,-2.7778141702501036
9.5139,142.708,2.8937500000000003,-2.8357013840755023
9.5139,142.708,2.896875,-2.8880658862168036
9.5139,142.708,2.9000000000000004,-2.942669470994876
9.5139,142.708,2.903125,-2.9834485864192413
9.5139,142.708,2.90625,-3.0125937557880906
9.5139,142.708,2.9093750000000003,-3.0114490106224645
9.5139,142.708,2.9125,-2.9970004297597996
9.5139,142.708,2.9156250000000004,-2.9793303807410947
9.5139,142.708,2.91875,-2.954836608700364
9.5139,142.708,2.921875,-2.9240009505430486
9.5139,142.708,2.9250000000000003,-2.902767873635127
9.5139,142.708,2.928125,-2.8846158612894883
9.5139,142.708,2.9312500000000004,-2.8625520453615856
9.5139,142.708,2.934375,-2.8445827564166866
9.5139,142.708,2.9375,-2.838388210450715
9.5139,142.708,2.9406250000000003,-2.847028062744639
9.5139,142.708,2.94375,-2.870193767440412
9.5139,142.708,2.9468750000000004,-2.8979358790688297
9.5139,142.708,2.95,-2.9193018492165046
9.5139,142.708,2.953125,-2.9466448022820746
9.5139,142.708,2.9562500000000003,-2.9816003715550945
9.5139,142.708,2.959375,-3.0187519935111777
9.5139,142.708,2.9625000000000004,-3.048762103466886
9.5139,142.708,2.965625,-3.081364812294551
9.5139,142.708,2.96875,-3.1388479819253834
9.5139,142.708,2.9718750000000003,-3.1934504672117106
9.5139,142.708,2.975,-3.270849760205115
9.5139,142.708,2.9781250000000004,-3.358453908425009
9.5139,142.708,2.98125,-3.4433748176893646
9.5139,142.708,2.984375,-3.5034752388859722
9.5139,142.708,2.9875000000000003,-3.525650240572083
9.5139,142.708,2.990625,-3.5508322586086676
9.5139,142.708,2.9937500000000004,-3.594000062772309
9.5139,142.708,2.996875,-3.6229923163748436
9.5139,142.708,3,-3.6502008407791218
9.5139,142.708,3.0031250000000003,-3.699021641921545
9.5139,142.708,3.00625,-3.708274186966766
9.5139,142.708,3.0093750000000004,-3.638400024374544
9.5139,142.708,3.0125,-3.5317495675271764
9.5139,142.708,3.015625,-3.411790379781115
9.5139,142.708,3.0187500000000003,-3.2820991822332832
9.5139,142.708,3.021875,-3.1557322436285484
9.5139,142.708,3.0250000000000004,-3.03002538418061
9.5139,142.708,3.028125,-2.9092616614944324
9.5139,142.708,3.03125,-2.801375131685176
9.5139,142.708,3.0343750000000003,-2.7178578200685903
9.5139,142.708,3.0375,-2.6539982317027166
9.5139,142.708,3.0406250000000004,-2.608314509445231
9.5139,142.708,3.04375,-2.5771816796588025
9.5139,142.708,3.046875,-2.5683390352406414
9.5139,142.708,3.0500000000000003,-2.5793834375190645
9.5139,142.708,3.053125,-2.6044644662444085
9.5139,142.708,3.0562500000000004,-2.6444468260080227
9.5139,142.708,3.059375,-2.710040483727302
9.5139,142.708,3.0625,-2.7775559010273736
9.5139,142.708,3.0656250000000003,-2.8399261812054966
9.5139,142.708,3.06875,-2.8997270157586774
9.5139,142.708,3.0718750000000004,-2.963142091117363
9.5139,142.708,3.075,-3.02558460119496
9.5139,142.708,3.078125,-3.099412955512626
9.5139,142.708,3.0812500000000003,-3.175758883723096
9.5139,142.708,3.084375,-3.2499081316039167
9.5139,142.708,3.0875000000000004,-3.3280462028683697
9.5139,142.708,3.090625,-3.3969262083890808
9.5139,142.708,3.09375,-3.419351494876888
9.5139,142.708,3.0968750000000003,-3.3539152149620337
9.5139,142.708,3.1,-3.2509544772078196
9.5139,142.708,3.1031250000000004,-3.1304250678226717
9.5139,142.708,3.10625,-3.0093842571792697
9.5139,142.708,3.109375,-2.90038036147478
9.5139,142.708,3.1125000000000003,-2.8030362274684166
9.5139,142.708,3.115625,-2.721122548047814
9.5139,142.708,3.1187500000000004,-2.6539446066377597
9.5139,142.708,3.121875,-2.599898926868054
9.5139,142.708,3.125,-2.559044793556406
9.5139,142.708,3.1281250000000003,-2.527962540268392
9.5139,142.708,3.13125,-2.5199782987223585
9.5139,142.708,3.1343750000000004,-2.543141298246602
9.5139,142.708,3.1375,-2.591270529268529
9.5139,142.708,3.140625,-2.649582046011605
9.5139,142.708,3.1437500000000003,-2.71856044576899
9.5139,142.708,3.146875,-2.8045399855427267
9.5139,142.708,3.1500000000000004,-2.894325676079146
9.5139,142.708,3.153125,-2.983779833022482
9.5139,142.708,3.15625,-3.0763099553907622
9.5139,142.708,3.1593750000000003,-3.177114679168259
9.5139,142.708,3.1625,-3.268377206367219
9.5139,142.708,3.1656250000000004,-3.348913037550883
9.5139,142.708,3.16875,-3.407278713339758
9.5139,142.708,3.171875,-3.4503980286908194
9.5139,142.708,3.1750000000000003,-3.4786780732800255
9.5139,142.708,3.178125,-3.488294343028286
9.5139,142.708,3.1812500000000004,-3.488904566708845
9.5139,142.708,3.184375,-3.4714653076505075
9.5139,142.708,3.1875,-3.4404111268943147
9.5139,142.708,3.1906250000000003,-3.403190545728733
9.5139,142.708,3.19375,-3.353034877774018
9.5139,142.708,3.1968750000000004,-3.2998089681425515
9.5139,142.708,3.2,-3.244109158631747
9.5139,142.708,3.203125,-3.1857668046012986
9.5139,142.708,3.2062500000000003,-3.1244426728733448
9.5139,142.708,3.209375,-3.0683410770009
9.5139,142.708,3.2125000000000004,-3.0319920607539332
9.5139,142.708,3.215625,-3.014525599076717
9.5139,142.708,3.21875,-3.007190983960527
9.5139,142.708,3.2218750000000003,-3.0308856087172096
9.5139,142.708,3.225,-3.0896330701028614
9.5139,142.708,3.2281250000000004,-3.1697075897561975
9.5139,142.708,3.23125,-3.2759828293564257
9.5139,142.708,3.234375,-3.4012346169630217
9.5139,142.708,3.2375000000000003,-3.5455598764791505
9.5139,142.708,3.240625,-3.703211665044817
9.5139,142.708,3.2437500000000004,-3.871156273884205
9.5139,142.708,3.246875,-4.052582997485494
9.5139,142.708,3.25,-4.265140107855287
9.5139,142.708,3.2531250000000003,-4.442008037506532
9.5139,142.708,3.25625,-4.572633659529426
9.5139,142.708,3.2593750000000004,-4.7059847851197745
9.5139,142.708,3.2625,-4.904917784529001
9.5139,142.708,3.265625,-5.134319181490446
9.5139,142.708,3.2687500000000003,-5.277847771790494
9.5139,142.708,3.271875,-5.231484691590199
9.5139,142.708,3.2750000000000004,-5.06372035469886
9.5139,142.708,3.278125,-4.843579124289187
9.5139,142.708,3.28125,-4.696717681812578
9.5139,142.708,3.2843750000000003,-4.678238736005987
9.5139,142.708,3.2875,-4.747978908187339
9.5139,142.708,3.2906250000000004,-4.858565937660336
9.5139,142.708,3.29375,-4.9781919157718315
9.5139,142.708,3.296875,-5.104524307916351
9.5139,142.708,3.3000000000000003,-5.24276354614941
9.5139,142.708,3.303125,-5.386851679961779
9.5139,142.708,3.3062500000000004,-5.561522459819788
9.5139,142.708,3.309375,-5.837416617119158
9.5139,142.708,3.3125,-6.221804476810229
9.5139,142.708,3.3156250000000003,-6.677981302211765
9.5139,142.708,3.31875,-7.258660945098489
9.5139,142.708,3.3218750000000004,-7.608508880641677
9.5139,142.708,3.325,-7.666933311990371
9.5139,142.708,3.328125,-7.779236111915462
9.5139,142.708,3.3312500000000003,-7.979634059075976
9.5139,142.708,3.334375,-8.302698964648789
9.5139,142.708,3.3375000000000004,-8.668712393498083
9.5139,142.708,3.340625,-8.855333084414248
9.5139,142.708,3.34375,-8.922020920575406
9.5139,142.708,3.3468750000000003,-8.918763820679873
9.5139,142.708,3.35,-8.840863146096165
9.5139,142.708,3.3531250000000004,-8.87914967352984
9.5139,142.708,3.35625,-8.987061299757809
9.5139,142.708,3.359375,-9.06527921289301
9.5139,142.708,3.3625000000000003,-9.111762632620987
9.5139,142.708,3.365625,-9.176561436491003
9.5139,142.708,3.3687500000000004,-9.355431745466914
9.5139,142.708,3.371875,-9.642595225574153
9.5139,142.708,3.375,-9.917750308046479
9.5139,142.708,3.3781250000000003,-10.15289608706814
9.5139,142.708,3.38125,-10.333445884257932
9.5139,142.708,3.3843750000000004,-10.462997535144709
9.5139,142.708,3.3875,-10.437008596086246
9.5139,142.708,3.390625,-10.351692002615621
9.5139,142.708,3.3937500000000003,-10.526350129546316
9.5139,142.708,3.396875,-10.426452464422788
9.5139,142.708,3.4000000000000004,-10.295975197658972
9.5139,142.708,3.403125,-10.159198536231564
9.5139,142.708,3.40625,-10.02752996674477
9.5139,142.708,3.4093750000000003,-9.773536564343011
9.5139,142.708,3.4125,-9.489632790542311
9.5139,142.708,3.4156250000000004,-9.180013424653362
9.5139,142.708,3.41875,-8.88316454917241
9.5139,142.708,3.421875,-8.502404140256303
9.5139,142.708,3.4250000000000003,-8.035103613246953
9.5139,142.708,3.428125,-7.58335119163156
9.5139,142.708,3.4312500000000004,-7.164506505704333
9.5139,142.708,3.434375,-6.763281385611588
9.5139,142.708,3.4375,-6.3753105260223215
9.5139,142.708,3.4406250000000003,-5.989027344100679
9.5139,142.708,3.44375,-5.649350427954745
9.5139,142.708,3.4468750000000004,-5.378952069372217
9.5139,142.708,3.45,-5.200475235570908
9.5139,142.708,3.453125,-5.040740290593105
9.5139,142.708,3.4562500000000003,-4.884499165855812
9.5139,142.708,3.459375,-4.725195358257637
9.5139,142.708,3.4625000000000004,-4.611358303875276
9.5139,142.708,3.465625,-4.498622872944888
9.5139,142.708,3.46875,-4.357807979057348
9.5139,142.708,3.4718750000000003,-4.213482533498349
9.5139,142.708,3.475,-4.042292520272753
9.5139,142.708,3.4781250000000004,-3.8553511093818993
9.5139,142.708,3.48125,-3.665475692748209
9.5139,142.708,3.484375,-3.4984174921062507
9.5139,142.708,3.4875000000000003,-3.3599955356048983
9.5139,142.708,3.490625,-3.2560855643212476
9.5139,142.708,3.4937500000000004,-3.175439430670541
9.5139,142.708,3.496875,-3.127021358189383
9.5139,142.708,3.5,-3.1158028931074973
9.5139,142.708,3.5031250000000003,-3.1299455719349067
9.5139,142.708,3.50625,-3.1628761075088385
9.5139,142.708,3.5093750000000004,-3.201860052212221
9.5139,142.708,3.5125,-3.229169552355809
9.5139,142.708,3.515625,-3.2400720703807773
9.5139,142.708,3.5187500000000003,-3.255586393675984
9.5139,142.708,3.521875,-3.2876441521745314
9.5139,142.708,3.5250000000000004,-3.326904997854055
9.5139,142.708,3.528125,-3.4145650319960192
9.5139,142.708,3.53125,-3.6167740066599374
9.5139,142.708,3.5343750000000003,-3.833492005932251
9.5139,142.708,3.5375,-3.9683021802495704
9.5139,142.708,3.5406250000000004,-4.077341971286861
9.5139,142.708,3.54375,-4.135019745623729
9.5139,142.708,3.546875,-4.163508433906319
9.5139,142.708,3.5500000000000003,-4.158927719195614
9.5139,142.708,3.553125,-4.17112041261261
9.5139,142.708,3.5562500000000004,-4.154048044891382
9.5139,142.708,3.559375,-4.151882017129022
9.5139,142.708,3.5625,-3.994420207105347
9.5139,142.708,3.5656250000000003,-3.757684522659479
9.5139,142.708,3.56875,-3.6194293378796667
9.5139,142.708,3.5718750000000004,-3.5294869945007594
9.5139,142.708,3.575,-3.4865678165767178
9.5139,142.708,3.5781250000000004,-3.4890723205080674
9.5139,142.708,3.5812500000000003,-3.4866893369529777
9.5139,142.708,3.584375,-3.433756880683978
9.5139,142.708,3.5875000000000004,-3.3111654390944087
9.5139,142.708,3.590625,-3.232169838554123
9.5139,142.708,3.5937500000000004,-3.2049411142256243
9.5139,142.708,3.5968750000000003,-3.2126190406296744
9.5139,142.708,3.6,-3.2540311911852795
9.5139,142.708,3.6031250000000004,-3.3455988239541017
9.5139,142.708,3.60625,-3.5530852953837435
9.5139,142.708,3.6093750000000004,-3.778540171043993
9.5139,142.708,3.6125000000000003,-4.053176207065782
9.5139,142.708,3.615625,-4.318298529973921
9.5139,142.708,3.6187500000000004,-4.622134331120769
9.5139,142.708,3.621875,-5.094616458125727
9.5139,142.708,3.6250000000000004,-5.70643838556399
9.5139,142.708,3.6281250000000003,-6.379789088052386
9.5139,142.708,3.63125,-6.803974996228977
9.5139,142.708,3.6343750000000004,-7.272405772000937
9.5139,142.708,3.6375,-7.76737308746318
9.5139,142.708,3.6406250000000004,-8.192325009951777
9.5139,142.708,3.6437500000000003,-8.431721559566268
9.5139,142.708,3.646875,-8.176788295736943
9.5139,142.708,3.6500000000000004,-7.269873093493592
9.5139,142.708,3.653125,-6.065352577448923
9.5139,142.708,3.6562500000000004,-5.2087971409579525
9.5139,142.708,3.6593750000000003,-4.69367597900707
9.5139,142.708,3.6625,-4.11804700630055
9.5139,142.708,3.6656250000000004,-3.754288849275786
9.5139,142.708,3.66875,-3.5742199364682037
9.5139,142.708,3.6718750000000004,-3.438871170574453
9.5139,142.708,3.6750000000000003,-3.3674466162734658
9.5139,142.708,3.678125,-3.4566028362602736
9.5139,142.708,3.6812500000000004,-3.5448523955697797
9.5139,142.708,3.684375,-3.495295834231644
9.5139,142.708,3.6875000000000004,-3.400890974541619
9.5139,142.708,3.6906250000000003,-3.337707780326588
9.5139,142.708,3.69375,-3.315979391737703
9.5139,142.708,3.6968750000000004,-3.3835237541552243
9.5139,142.708,3.7,-3.4651333013467016
9.5139,142.708,3.7031250000000004,-3.6635788917134566
9.5139,142.708,3.7062500000000003,-3.837480438354583
9.5139,142.708,3.709375,-3.93404717903336
9.5139,142.708,3.7125000000000004,-3.848895074409082
9.5139,142.708,3.715625,-3.7303414978992473
9.5139,142.708,3.7187500000000004,-3.7774262157783656
9.5139,142.708,3.7218750000000003,-3.988900785077798
9.5139,142.708,3.725,-4.470966471668168
9.5139,142.708,3.7281250000000004,-4.974312540485881
9.5139,142.708,3.73125,-5.366673756746348
9.5139,142.708,3.7343750000000004,-5.7379724213099035
9.5139,142.708,3.7375000000000003,-5.569194772382094
9.5139,142.708,3.740625,-4.863958580747495
9.5139,142.708,3.7437500000000004,-4.310804990555674
9.5139,142.708,3.746875,-4.125275634037769
9.5139,142.708,3.7500000000000004,-4.218708484562715
9.5139,142.708,3.7531250000000003,-4.421258366058013
9.5139,142.708,3.75625,-4.407739821140372
9.5139,142.708,3.7593750000000004,-4.196575511122015
9.5139,142.708,3.7625,-4.279595589449201
9.5139,142.708,3.7656250000000004,-4.111167058472437
9.5139,142.708,3.7687500000000003,-4.0443659002818
9.5139,142.708,3.771875,-4.2087076839603235
9.5139,142.708,3.7750000000000004,-4.508211041063251
9.5139,142.708,3.778125,-4.235914757387225
9.5139,142.708,3.7812500000000004,-3.711819853533816
9.5139,142.708,3.7843750000000003,-3.7431221294822214
9.5139,142.708,3.7875,-4.379393838489517
9.5139,142.708,3.7906250000000004,-4.750602567957008
9.5139,142.708,3.79375,-4.278349038705455
9.5139,142.708,3.7968750000000004,-4.34160915996924
9.5139,142.708,3.8000000000000003,-4.567048690123169
9.5139,142.708,3.803125,-4.619655666539807
9.5139,142.708,3.8062500000000004,-4.3975321886926
9.5139,142.708,3.809375,-4.671639691620813
9.5139,142.708,3.8125000000000004,-4.592404822465735
9.5139,142.708,3.8156250000000003,-4.614393699542404
9.5139,142.708,3.81875,-4.601508909953592
9.5139,142.708,3.8218750000000004,-4.566874536816493
9.5139,142.708,3.825,-4.529795748223217
9.5139,142.708,3.8281250000000004,-4.484069179310135
9.5139,142.708,3.8312500000000003,-4.434234502412842
9.5139,142.708,3.834375,-4.3816853934197795
9.5139,142.708,3.8375000000000004,-4.335118208278606
9.5139,142.708,3.840625,-4.297652049802298
9.5139,142.708,3.8437500000000004,-4.26391575741288
9.5139,142.708,3.8468750000000003,-4.220371519687294
9.5139,142.708,3.85,-4.174661876822171
9.5139,142.708,3.8531250000000004,-4.145208063466209
9.5139,142.708,3.85625,-4.116667889977413
9.5139,142.708,3.8593750000000004,-4.1135861078132745
9.5139,142.708,3.8625000000000003,-4.120042781529951
9.5139,142.708,3.865625,-4.136987156273458
9.5139,142.708,3.8687500000000004,-4.17142490184046
9.5139,142.708,3.871875,-4.216795721083636
9.5139,142.708,3.8750000000000004,-4.274123938879598
9.5139,142.708,3.8781250000000003,-4.342408404128692
9.5139,142.708,3.88125,-4.419569987875501
9.5139,142.708,3.8843750000000004,-4.501639468615647
9.5139,142.708,3.8875,-4.578581929624062
9.5139,142.708,3.8906250000000004,-4.649743602553528
9.5139,142.708,3.8937500000000003,-4.7142798558700045
9.5139,142.708,3.896875,-4.767853773697989
9.5139,142.708,3.9000000000000004,-4.811638339990278
9.5139,142.708,3.903125,-4.835522714750534
9.5139,142.708,3.9062500000000004,-4.843331605433605
9.5139,142.708,3.9093750000000003,-4.84123266581236
9.5139,142.708,3.9125,-4.817126389830956
9.5139,142.708,3.9156250000000004,-4.783352518962812
9.5139,142.708,3.91875,-4.746670238997971
9.5139,142.708,3.9218750000000004,-4.701190035407964
9.5139,142.708,3.9250000000000003,-4.654420506595088
9.5139,142.708,3.928125,-4.6091975182936515
9.5139,142.708,3.9312500000000004,-4.566831861299706
9.5139,142.708,3.934375,-4.531241948154322
9.5139,142.708,3.9375000000000004,-4.4989505428884025
9.5139,142.708,3.9406250000000003,-4.479051756838564
9.5139,142.708,3.94375,-4.4685771385910495
9.5139,142.708,3.9468750000000004,-4.468028814474108
9.5139,142.708,3.95,-4.485159358042515
9.5139,142.708,3.9531250000000004,-4.518474976330088
9.5139,142.708,3.9562500000000003,-4.564471472817276
9.5139,142.708,3.959375,-4.622729547069058
9.5139,142.708,3.9625000000000004,-4.693305816344696
9.5139,142.708,3.965625,-4.780759790956807
9.5139,142.708,3.9687500000000004,-4.86551801006088
9.5139,142.708,3.9718750000000003,-4.960127616295643
9.5139,142.708,3.975,-5.055558428292812
9.5139,142.708,3.9781250000000004,-5.151881951298058
9.5139,142.708,3.98125,-5.237334804765339
9.5139,142.708,3.9843750000000004,-5.302468179251948
9.5139,142.708,3.9875000000000003,-5.3612276865663375
9.5139,142.708,3.990625,-5.402064629396438
9.5139,142.708,3.9937500000000004,-5.427582618196171
9.5139,142.708,3.996875,-5.4316062817819954
9.5139,142.708,4,-5.42887941127752
9.5139,142.708,4.003125,-5.403628073802272
9.5139,142.708,4.0062500000000005,-5.3752125073802235
9.5139,142.708,4.009375,-5.343109661066659
9.5139,142.708,4.0125,-5.306082537168652
9.5139,142.708,4.015625,-5.270635470948984
9.5139,142.708,4.01875,-5.242836331288343
9.5139,142.708,4.0218750000000005,-5.218632329464815
9.5139,142.708,4.025,-5.212133091593927
9.5139,142.708,4.028125,-5.2159004093819235
9.5139,142.708,4.03125,-5.234364560233399
9.5139,142.708,4.034375,-5.275889916483517
9.5139,142.708,4.0375000000000005,-5.329989090714301
9.5139,142.708,4.040625,-5.404234463224212
9.5139,142.708,4.04375,-5.501182507119645
9.5139,142.708,4.046875,-5.613220232065483
9.5139,142.708,4.05,-5.741296620596042
9.5139,142.708,4.0531250000000005,-5.876275603839513
9.5139,142.708,4.05625,-6.014948844170711
9.5139,142.708,4.059375,-6.1500014730968005
9.5139,142.708,4.0625,-6.280349992420222
9.5139,142.708,4.065625,-6.390067428497188
9.5139,142.708,4.0687500000000005,-6.478635866065327
9.5139,142.708,4.071875,-6.5447280359657345
9.5139,142.708,4.075,-6.591854291383919
9.5139,142.708,4.078125,-6.622837245602092
9.5139,142.708,4.08125,-6.632727209820564
9.5139,142.708,4.0843750000000005,-6.624430363175379
9.5139,142.708,4.0875,-6.596703639907893
9.5139,142.708,4.090625,-6.552134940010853
9.5139,142.708,4.09375,-6.483334583949713
9.5139,142.708,4.096875,-6.409834892150162
9.5139,142.708,4.1000000000000005,-6.324733318296806
9.5139,142.708,4.103125,-6.249633965115587
9.5139,142.708,4.10625,-6.184893792704096
9.5139,142.708,4.109375,-6.135403751289617
9.5139,142.708,4.1125,-6.099836096405421
9.5139,142.708,4.1156250000000005,-6.081707147279882
9.5139,142.708,4.11875,-6.084008827784802
9.5139,142.708,4.121875,-6.103659087042017
9.5139,142.708,4.125,-6.146242705231097
9.5139,142.708,4.128125,-6.210152610921558
9.5139,142.708,4.1312500000000005,-6.291423841146799
9.5139,142.708,4.134375,-6.3956979536794165
9.5139,142.708,4.1375,-6.518862423905451
9.5139,142.708,4.140625,-6.655023737757605
9.5139,142.708,4.14375,-6.799313052322519
9.5139,142.708,4.1468750000000005,-6.948025978814813
9.5139,142.708,4.15,-7.093950912541934
9.5139,142.708,4.153125,-7.225702751172313
9.5139,142.708,4.15625,-7.344634948509189
9.5139,142.708,4.159375,-7.433676799874606
9.5139,142.708,4.1625000000000005,-7.489006371860274
9.5139,142.708,4.165625,-7.509170795019989
9.5139,142.708,4.16875,-7.493019585603551
9.5139,142.708,4.171875,-7.451673013198315
9.5139,142.708,4.175,-7.378844110262559
9.5139,142.708,4.1781250000000005,-7.290830385214804
9.5139,142.708,4.18125,-7.186867751025632
9.5139,142.708,4.184375,-7.081418446102237
9.5139,142.708,4.1875,-6.975735521940379
9.5139,142.708,4.190625,-6.878948230959728
9.5139,142.708,4.1937500000000005,-6.794073408144331
9.5139,142.708,4.196875,-6.7254288317619775
9.5139,142.708,4.2,-6.677558465737156
9.5139,142.708,4.203125,-6.652849498441077
9.5139,142.708,4.20625,-6.643224602033517
9.5139,142.708,4.2093750000000005,-6.656993023325024
9.5139,142.708,4.2125,-6.6976103715018676
9.5139,142.708,4.215625,-6.757968946900674
9.5139,142.708,4.21875,-6.841168894497988
9.5139,142.708,4.221875,-6.947628125838556
9.5139,142.708,4.2250000000000005,-7.082621264513202
9.5139,142.708,4.228125,-7.224633695463139
9.5139,142.708,4.23125,-7.384497749165192
9.5139,142.708,4.234375,-7.557109615161729
9.5139,142.708,4.2375,-7.731658621717764
9.5139,142.708,4.2406250000000005,-7.905006965049122
9.5139,142.708,4.24375,-8.063100780131986
9.5139,142.708,4.246875,-8.21083210233472
9.5139,142.708,4.25,-8.320694036091588
9.5139,142.708,4.253125,-8.39464519044153
9.5139,142.708,4.2562500000000005,-8.436789017350533
9.5139,142.708,4.259375,-8.431035377604644
9.5139,142.708,4.2625,-8.392163575950446
9.5139,142.708,4.265625,-8.312512083697339
9.5139,142.708,4.26875,-8.210279583842691
9.5139,142.708,4.2718750000000005,-8.086681136119068
9.5139,142.708,4.275,-7.953464949567268
9.5139,142.708,4.278125,-7.814227335619526
9.5139,142.708,4.28125,-7.6892295878826635
9.5139,142.708,4.284375000000001,-7.561761175257789
9.5139,142.708,4.2875000000000005,-7.460886858161279
9.5139,142.708,4.290625,-7.377712212451803
9.5139,142.708,4.29375,-7.316838652794456
9.5139,142.708,4.296875,-7.2768707908358365
9.5139,142.708,4.300000000000001,-7.2671657766526945
9.5139,142.708,4.3031250000000005,-7.287007624806522
9.5139,142.708,4.30625,-7.330439729571965
9.5139,142.708,4.309375,-7.39876868302707
9.5139,142.708,4.3125,-7.491954356598891
9.5139,142.708,4.315625000000001,-7.599869245838427
9.5139,142.708,4.3187500000000005,-7.72697738536638
9.5139,142.708,4.321875,-7.861027305425653
9.5139,142.708,4.325,-7.999311108111467
9.5139,142.708,4.328125,-8.129032056212642
9.5139,142.708,4.331250000000001,-8.247108152172357
9.5139,142.708,4.3343750000000005,-8.336591980057797
9.5139,142.708,4.3375,-8.393333262488996
9.5139,142.708,4.340625,-8.412582627561292
9.5139,142.708,4.34375,-8.386469483870307
9.5139,142.708,4.346875000000001,-8.323138821797308
9.5139,142.708,4.3500000000000005,-8.205249369444074
9.5139,142.708,4.353125,-8.039586045793627
9.5139,142.708,4.35625,-7.841530767639267
9.5139,142.708,4.359375,-7.621297309449028
9.5139,142.708,4.362500000000001,-7.396478030152542
9.5139,142.708,4.3656250000000005,-7.1705476708091185
9.5139,142.708,4.36875,-6.982439417466918
9.5139,142.708,4.371875,-6.822915532091113
9.5139,142.708,4.375,-6.6951090470464845
9.5139,142.708,4.378125000000001,-6.588540728336825
9.5139,142.708,4.3812500000000005,-6.506131134881768
9.5139,142.708,4.384375,-6.443908933013195
9.5139,142.708,4.3875,-6.3980558727527095
9.5139,142.708,4.390625,-6.38496284968447
9.5139,142.708,4.393750000000001,-6.394826643023407
9.5139,142.708,4.3968750000000005,-6.427233678908934
9.5139,142.708,4.4,-6.482925615578713
9.5139,142.708,4.403125,-6.571615206207014
9.5139,142.708,4.40625,-6.681118736997702
9.5139,142.708,4.409375000000001,-6.811343709645192
9.5139,142.708,4.4125000000000005,-6.956294956086086
9.5139,142.708,4.415625,-7.114522956029997
9.5139,142.708,4.41875,-7.272827666424719
9.5139,142.708,4.421875,-7.430041651853991
9.5139,142.708,4.425000000000001,-7.5843050465871
9.5139,142.708,4.4281250000000005,-7.723337150642315
9.5139,142.708,4.43125,-7.845142144535016
9.5139,142.708,4.434375,-7.948085380092661
9.5139,142.708,4.4375,-7.898913669779307
9.5139,142.708,4.440625000000001,-7.77908060303412
9.5139,142.708,4.4437500000000005,-7.64899410838217
9.5139,142.708,4.446875,-7.498399096875584
9.5139,142.708,4.45,-7.320147934378785
9.5139,142.708,4.453125,-7.1373665670218545
9.5139,142.708,4.456250000000001,-6.958723774950464
9.5139,142.708,4.4593750000000005,-6.782122265159009
9.5139,142.708,4.4625,-6.627823894153355
9.5139,142.708,4.465625,-6.486404873397755
9.5139,142.708,4.46875,-6.361826569379706
9.5139,142.708,4.471875000000001,-6.2602597253418
9.5139,142.708,4.4750000000000005,-6.174776117575568
9.5139,142.708,4.478125,-6.106043206050379
9.5139,142.708,4.48125,-6.058148258075466
9.5139,142.708,4.484375,-6.03051270650988
9.5139,142.708,4.487500000000001,-6.0216058544991995
9.5139,142.708,4.4906250000000005,-6.03260176785994
9.5139,142.708,4.49375,-6.065554605683338
9.5139,142.708,4.496875,-6.111689258819766
9.5139,142.708,4.5,-6.166021920775093
9.5139,142.708,4.503125000000001,-6.2345433270200346
9.5139,142.708,4.5062500000000005,-6.300120372895659
9.5139,142.708,4.509375,-6.366674105380268
9.5139,142.708,4.5125,-6.431667549908209
9.5139,142.708,4.515625,-6.478423777080115
9.5139,142.708,4.518750000000001,-6.510861485619471
9.5139,142.708,4.5218750000000005,-6.5231565299777925
9.5139,142.708,4.525,-6.503372293212641
9.5139,142.708,4.528125,-6.461701328935985
9.5139,142.708,4.53125,-6.39486328578148
9.5139,142.708,4.534375000000001,-6.324352106484464
9.5139,142.708,4.5375000000000005,-6.277377474330587
9.5139,142.708,4.540625,-6.234242950840989
9.5139,142.708,4.54375,-6.1094957167787864
9.5139,142.708,4.546875,-5.875998553952372
9.5139,142.708,4.550000000000001,-5.634557068370766
9.5139,142.708,4.5531250000000005,-5.419243985626416
9.5139,142.708,4.55625,-5.237881641372526
9.5139,142.708,4.559375,-5.085812896301677
9.5139,142.708,4.5625,-4.955839709343431
9.5139,142.708,4.565625000000001,-4.844703298091638
9.5139,142.708,4.5687500000000005,-4.741116188404062
9.5139,142.708,4.571875,-4.659391642317659
9.5139,142.708,4.575,-4.594956379617655
9.5139,142.708,4.578125,-4.558195989759413
9.5139,142.708,4.581250000000001,-4.542034736206179
9.5139,142.708,4.5843750000000005,-4.5423193707371325
9.5139,142.708,4.5875,-4.558726095732476
9.5139,142.708,4.590625,-4.595451078680051
9.5139,142.708,4.59375,-4.640230718253663
9.5139,142.708,4.596875000000001,-4.695137340331078
9.5139,142.708,4.6000000000000005,-4.753726568237772
9.5139,142.708,4.603125,-4.8124485184740395
9.5139,142.708,4.60625,-4.868825147496894
9.5139,142.708,4.609375,-4.913533625747776
9.5139,142.708,4.612500000000001,-4.940888755773854
9.5139,142.708,4.6156250000000005,-4.963770272111841
9.5139,142.708,4.61875,-4.961733239848779
9.5139,142.708,4.621875,-4.938615450381782
9.5139,142.708,4.625,-4.892272858162074
9.5139,142.708,4.628125000000001,-4.82663020713208
9.5139,142.708,4.6312500000000005,-4.747158416876066
9.5139,142.708,4.634375,-4.6494043641691905
9.5139,142.708,4.6375,-4.54206205655863
9.5139,142.708,4.640625,-4.426178990246617
9.5139,142.708,4.643750000000001,-4.310103002003597
9.5139,142.708,4.6468750000000005,-4.195821984045977
9.5139,142.708,4.65,-4.085000359790882
9.5139,142.708,4.653125,-3.978070257718103
9.5139,142.708,4.65625,-3.8817842970723726
9.5139,142.708,4.659375000000001,-3.7943057601361945
9.5139,142.708,4.6625000000000005,-3.718212290542841
9.5139,142.708,4.665625,-3.6532370071993894
9.5139,142.708,4.66875,-3.6032559664916124
9.5139,142.708,4.671875,-3.566789533462881
9.5139,142.708,4.675000000000001,-3.5397534381736895
9.5139,142.708,4.6781250000000005,-3.5190331311733503
9.5139,142.708,4.68125,-3.517797541064268
9.5139,142.708,4.684375,-3.5760029963195543
9.5139,142.708,4.6875,-3.634138962612516
9.5139,142.708,4.690625000000001,-3.6758218091855226
9.5139,142.708,4.6937500000000005,-3.7065213488859854
9.5139,142.708,4.696875,-3.7313798835633554
9.5139,142.708,4.7,-3.7472206393383214
9.5139,142.708,4.703125,-3.7493071175004307
9.5139,142.708,4.706250000000001,-3.734314105888938
9.5139,142.708,4.7093750000000005,-3.6970458106393034
9.5139,142.708,4.7125,-3.640204533161007
9.5139,142.708,4.715625,-3.565775906699089
9.5139,142.708,4.71875,-3.4722390838744595
9.5139,142.708,4.721875000000001,-3.3630196154071976
9.5139,142.708,4.7250000000000005,-3.250901151344025
9.5139,142.708,4.728125,-3.133740042696223
9.5139,142.708,4.73125,-3.0119258393234585
9.5139,142.708,4.734375,-2.901208732909699
9.5139,142.708,4.737500000000001,-2.7925708152920388
9.5139,142.708,4.7406250000000005,-2.6985717924336603
9.5139,142.708,4.74375,-2.6129479242724685
9.5139,142.708,4.746875,-2.5416992871531763
9.5139,142.708,4.75,-2.4787521585963934
9.5139,142.708,4.753125000000001,-2.4313366468584823
9.5139,142.708,4.7562500000000005,-2.388743576560367
9.5139,142.708,4.759375,-2.361968619073565
9.5139,142.708,4.7625,-2.347328352663141
9.5139,142.708,4.765625,-2.3386777550545483
9.5139,142.708,4.768750000000001,-2.344550687929043
9.5139,142.708,4.7718750000000005,-2.3581696602193043
9.5139,142.708,4.775,-2.381379685580223
9.5139,142.708,4.778125,-2.41042394197935
9.5139,142.708,4.78125,-2.4500376203885734
9.5139,142.708,4.784375000000001,-2.4946148729890503
9.5139,142.708,4.7875000000000005,-2.5408578538844946
9.5139,142.708,4.790625,-2.587121267282658
9.5139,142.708,4.79375,-2.6310183352478713
9.5139,142.708,4.796875,-2.6764712266569046
9.5139,142.708,4.800000000000001,-2.705566095394414
9.5139,142.708,4.8031250000000005,-2.72352039684955
9.5139,142.708,4.80625,-2.7306155059568082
9.5139,142.708,4.809375,-2.7238712656513546
9.5139,142.708,4.8125,-2.699274350206859
9.5139,142.708,4.815625000000001,-2.6673991803608565
9.5139,142.708,4.8187500000000005,-2.6299774713425093
9.5139,142.708,4.821875,-2.5849196810663058
9.5139,142.708,4.825,-2.534824375570941
9.5139,142.708,4.828125,-2.485716276109172
9.5139,142.708,4.831250000000001,-2.443581495154872
9.5139,142.708,4.8343750000000005,-2.4058705833072684
9.5139,142.708,4.8375,-2.378811670958372
9.5139,142.708,4.840625,-2.3620296685645865
9.5139,142.708,4.84375,-2.359371640385905
9.5139,142.708,4.846875000000001,-2.368030327503328
9.5139,142.708,4.8500000000000005,-2.386733481949525
9.5139,142.708,4.853125,-2.4191066802003798
9.5139,142.708,4.85625,-2.464253317072716
9.5139,142.708,4.859375,-2.5181807976788666
9.5139,142.708,4.862500000000001,-2.586685074885601
9.5139,142.708,4.8656250000000005,-2.6554587808575345
9.5139,142.708,4.86875,-2.7379679285658742
9.5139,142.708,4.871875,-2.8208498029877016
9.5139,142.708,4.875,-2.90410521036804
9.5139,142.708,4.878125000000001,-2.9836658697389744
9.5139,142.708,4.8812500000000005,-3.0570670208042956
9.5139,142.708,4.884375,-3.1225240026544885
9.5139,142.708,4.8875,-3.180370849571112
9.5139,142.708,4.890625,-3.2212555635377527
9.5139,142.708,4.893750000000001,-3.245398602125291
9.5139,142.708,4.8968750000000005,-3.2512018498469137
9.5139,142.708,4.9,-3.2337265193086258
9.5139,142.708,4.903125,-3.205055824766582
9.5139,142.708,4.90625,-3.16072267842249
9.5139,142.708,4.909375000000001,-3.105782862785275
9.5139,142.708,4.9125000000000005,-3.041232395510427
9.5139,142.708,4.915625,-2.971964594092538
9.5139,142.708,4.91875,-2.909035501608666
9.5139,142.708,4.921875,-2.8485707978775645
9.5139,142.708,4.925000000000001,-2.79347098472981
9.5139,142.708,4.9281250000000005,-2.744838106724883
9.5139,142.708,4.93125,-2.710444558847258
9.5139,142.708,4.934375,-2.683665331957821
9.5139,142.708,4.9375,-2.675316494499888
9.5139,142.708,4.940625000000001,-2.6820502048604373
9.5139,142.708,4.9437500000000005,-2.7045404019808044
9.5139,142.708,4.946875,-2.739572625192804
9.5139,142.708,4.95,-2.789088504833815
9.5139,142.708,4.953125,-2.853718853133561
9.5139,142.708,4.956250000000001,-2.9293876373792367
9.5139,142.708,4.9593750000000005,-3.019527607243332
9.5139,142.708,4.9625,-3.11080681829276
9.5139,142.708,4.965625,-3.213550421147956
9.5139,142.708,4.96875,-3.3205596028529714
9.5139,142.708,4.971875000000001,-3.425194103980283
9.5139,142.708,4.9750000000000005,-3.5216578201290307
9.5139,142.708,4.978125,-3.61034396696403
9.5139,142.708,4.98125,-3.690012884440022
9.5139,142.708,4.984375,-3.756456249445005
9.5139,142.708,4.987500000000001,-3.7942963193779544
9.5139,142.708,4.9906250000000005,-3.8120874835543352
9.5139,142.708,4.99375,-3.7978180292698847
9.5139,142.708,4.996875,-3.7702877558810206
9.5139,142.708,5,-3.732461311466234
9.5139,142.708,5.003125000000001,-3.6710055278452676
9.5139,142.708,5.0062500000000005,-3.6311176952332067
9.5139,142.708,5.009375,-3.5825035187881586
9.5139,142.708,5.0125,-3.5368705149388213
9.5139,142.708,5.015625,-3.499980322710309
9.5139,142.708,5.018750000000001,-3.4672055352309314
9.5139,142.708,5.0218750000000005,-3.4513183522925637
9.5139,142.708,5.025,-3.4399855987239185
9.5139,142.708,5.028125,-3.4511697338047904
9.5139,142.708,5.03125,-3.475123658815985
9.5139,142.708,5.034375000000001,-3.517240867564543
9.5139,142.708,5.0375000000000005,-3.5727652103884138
9.5139,142.708,5.040625,-3.651732641019967
9.5139,142.708,5.04375,-3.736987390766889
9.5139,142.708,5.046875,-3.8395903787167955
9.5139,142.708,5.050000000000001,-3.9601671834585117
9.5139,142.708,5.0531250000000005,-4.090121689797018
9.5139,142.708,5.05625,-4.228415093242498
9.5139,142.708,5.059375,-4.3682092088965065
9.5139,142.708,5.0625,-4.511597664434126
9.5139,142.708,5.065625000000001,-4.654415921938006
9.5139,142.708,5.0687500000000005,-4.779536131171472
9.5139,142.708,5.071875,-4.892197795480376
9.5139,142.708,5.075,-4.978904529178212
9.5139,142.708,5.078125,-5.035047867171518
9.5139,142.708,5.081250000000001,-5.045423138163635
9.5139,142.708,5.0843750000000005,-5.022205360668346
9.5139,142.708,5.0875,-4.975625640077904
9.5139,142.708,5.090625,-4.903329961491754
9.5139,142.708,5.09375,-4.813020441753694
9.5139,142.708,5.096875000000001,-4.710147904118241
9.5139,142.708,5.1000000000000005,-4.616611204840707
9.5139,142.708,5.103125,-4.528856669021087
9.5139,142.708,5.10625,-4.421732213386421
9.5139,142.708,5.109375,-4.299238230931398
9.5139,142.708,5.112500000000001,-4.1740708939502955
9.5139,142.708,5.1156250000000005,-4.085404261427708
9.5139,142.708,5.11875,-4.019884072875505
9.5139,142.708,5.121875,-3.986635975359979
9.5139,142.708,5.125,-3.970889116701821
9.5139,142.708,5.128125000000001,-3.9803088740326076
9.5139,142.708,5.1312500000000005,-4.010948758950857
9.5139,142.708,5.134375,-4.053067712416386
9.5139,142.708,5.1375,-4.117301817047817
9.5139,142.708,5.140625,-4.191832493071555
9.5139,142.708,5.143750000000001,-4.283049241056029
9.5139,142.708,5.1468750000000005,-4.375710312277592
9.5139,142.708,5.15,-4.480426279899147
9.5139,142.708,5.153125,-4.586532901502801
9.5139,142.708,5.15625,-4.698478927987592
9.5139,142.708,5.159375000000001,-4.80367609423137
9.5139,142.708,5.1625000000000005,-4.894707156939182
9.5139,142.708,5.165625,-4.984656238419062
9.5139,142.708,5.16875,-5.0524656122853395
9.5139,142.708,5.171875,-5.097985819246916
9.5139,142.708,5.175000000000001,-5.118268622025656
9.5139,142.708,5.1781250000000005,-5.107836740399572
9.5139,142.708,5.18125,-5.073724235064237
9.5139,142.708,5.184375,-5.018031678835752
9.5139,142.708,5.1875,-4.946686100428706
9.5139,142.708,5.190625000000001,-4.862527680519263
9.5139,142.708,5.1937500000000005,-4.77397459923726
9.5139,142.708,5.196875,-4.698515345416737
9.5139,142.708,5.2,-4.626880970413697
9.5139,142.708,5.203125,-4.560345704335645
9.5139,142.708,5.206250000000001,-4.504183937472184
9.5139,142.708,5.2093750000000005,-4.46573837593127
9.5139,142.708,5.2125,-4.437525695348149
9.5139,142.708,5.215625,-4.430813982653742
9.5139,142.708,5.21875,-4.450923348588457
9.5139,142.708,5.221875000000001,-4.509066171511385
9.5139,142.708,5.2250000000000005,-4.579823866321783
9.5139,142.708,5.228125,-4.685027078847057
9.5139,142.708,5.23125,-4.8234737714036555
9.5139,142.708,5.234375,-4.982377662248091
9.5139,142.708,5.237500000000001,-5.163309723401348
9.5139,142.708,5.2406250000000005,-5.374848515577945
9.5139,142.708,5.24375,-5.6265753181244555
9.5139,142.708,5.246875,-5.882510807511775
9.5139,142.708,5.25,-6.184758737912103
9.5139,142.708,5.253125000000001,-6.543913987919321
9.5139,142.708,5.2562500000000005,-6.989163100071366
9.5139,142.708,5.259375,-7.62387911722543
9.5139,142.708,5.2625,-8.624981466386497
9.5139,142.708,5.265625,-10.202885079086803
9.5139,142.708,5.268750000000001,-11.32074831264491
9.5139,142.708,5.2718750000000005,-9.899816677736617
9.5139,142.708,5.275,-8.214024338460874
9.5139,142.708,5.278125,-7.242633861575546
9.5139,142.708,5.28125,-6.659862847025671
9.5139,142.708,5.284375000000001,-6.257097855264852
9.5139,142.708,5.2875000000000005,-5.954792049193687
9.5139,142.708,5.290625,-5.697034113609021
9.5139,142.708,5.29375,-5.472130246603889
9.5139,142.708,5.296875,-5.2941021414738465
9.5139,142.708,5.300000000000001,-5.15049068654193
9.5139,142.708,5.3031250000000005,-5.036388880315466
9.5139,142.708,5.30625,-4.953974816901743
9.5139,142.708,5.309375,-4.904683665037048
9.5139,142.708,5.3125,-4.873464077164034
9.5139,142.708,5.315625000000001,-4.871234327186452
9.5139,142.708,5.3187500000000005,-4.8994444863741675
9.5139,142.708,5.321875,-4.945410996617959
9.5139,142.708,5.325,-5.011061966814395
9.5139,142.708,5.328125,-5.085277702479678
9.5139,142.708,5.331250000000001,-5.1743027063923455
9.5139,142.708,5.3343750000000005,-5.258445916901216
9.5139,142.708,5.3375,-5.344184776771536
9.5139,142.708,5.340625,-5.435181149149432
9.5139,142.708,5.34375,-5.525818258572878
9.5139,142.708,5.346875000000001,-5.600316189000671
9.5139,142.708,5.3500000000000005,-5.665967227893544
9.5139,142.708,5.353125,-5.7119980443040514
9.5139,142.708,5.35625,-5.714596488203166
9.5139,142.708,5.359375,-5.685576506951865
9.5139,142.708,5.362500000000001,-5.636520660032924
9.5139,142.708,5.3656250000000005,-5.555435863066222
9.5139,142.708,5.36875,-5.447619484512582
9.5139,142.708,5.371875,-5.319663879790148
9.5139,142.708,5.375,-5.185276463140762
9.5139,142.708,5.378125000000001,-5.047115896499358
9.5139,142.708,5.3812500000000005,-4.913458729489249
9.5139,142.708,5.384375,-4.794461542395118
9.5139,142.708,5.3875,-4.689534039792186
9.5139,142.708,5.390625,-4.607571167045877
9.5139,142.708,5.393750000000001,-4.543045590619408
9.5139,142.708,5.3968750000000005,-4.505858927896622
9.5139,142.708,5.4,-4.488461460771987
9.5139,142.708,5.403125,-4.494895901898984
9.5139,142.708,5.40625,-4.5253573527864575
9.5139,142.708,5.409375000000001,-4.574581867336532
9.5139,142.708,5.4125000000000005,-4.645023820439108
9.5139,142.708,5.415625,-4.7347197622638895
9.5139,142.708,5.41875,-4.839868370858233
9.5139,142.708,5.421875,-4.968388737470521
9.5139,142.708,5.425000000000001,-5.101742761420592
9.5139,142.708,5.4281250000000005,-5.240392116283684
9.5139,142.708,5.43125,-5.394758887365217
9.5139,142.708,5.434375,-5.556118428329114
9.5139,142.708,5.4375,-5.701188815111844
9.5139,142.708,5.440625000000001,-5.831077237255365
9.5139,142.708,5.4437500000000005,-5.944878612726817
9.5139,142.708,5.446875,-6.023552684505243
9.5139,142.708,5.45,-6.072982465096627
9.5139,142.708,5.453125,-6.077694930786626
9.5139,142.708,5.456250000000001,-6.0389734705929055
9.5139,142.708,5.4593750000000005,-5.957643552538529
9.5139,142.708,5.4625,-5.853594779745855
9.5139,142.708,5.465625,-5.711108241343116
9.5139,142.708,5.46875,-5.563240659147325
9.5139,142.708,5.471875000000001,-5.396084237629268
9.5139,142.708,5.4750000000000005,-5.233692193613608
9.5139,142.708,5.478125,-5.086197386415453
9.5139,142.708,5.48125,-4.94490599070823
9.5139,142.708,5.484375,-4.836728956681244
9.5139,142.708,5.487500000000001,-4.7472849782701605
9.5139,142.708,5.4906250000000005,-4.683086513495877
9.5139,142.708,5.49375,-4.649917386257522
9.5139,142.708,5.496875,-4.639100106165335
9.5139,142.708,5.5,-4.657528102792127
9.5139,142.708,5.503125000000001,-4.693674052634673
9.5139,142.708,5.5062500000000005,-4.740609595253295
9.5139,142.708,5.509375,-4.8144444790126215
9.5139,142.708,5.5125,-4.893983850663368
9.5139,142.708,5.515625,-4.981612318392573
9.5139,142.708,5.518750000000001,-5.072028269329884
9.5139,142.708,5.5218750000000005,-5.156013473528976
9.5139,142.708,5.525,-5.2257207054885395
9.5139,142.708,5.528125,-5.280497353584287
9.5139,142.708,5.53125,-5.31359569929838
9.5139,142.708,5.534375000000001,-5.3317320968501924
9.5139,142.708,5.5375000000000005,-5.3119003712294415
9.5139,142.708,5.540625,-5.271709740784076
9.5139,142.708,5.54375,-5.195132066883636
9.5139,142.708,5.546875,-5.097407499265531
9.5139,142.708,5.550000000000001,-4.977757102088166
9.5139,142.708,5.5531250000000005,-4.841327033037604
9.5139,142.708,5.55625,-4.700252949878357
9.5139,142.708,5.559375,-4.549190343139892
9.5139,142.708,5.5625,-4.409404057944805
9.5139,142.708,5.565625000000001,-4.28173774144436
9.5139,142.708,5.5687500000000005,-4.160938203107103
9.5139,142.708,5.571875,-4.056426645425112
9.5139,142.708,5.575,-3.9749192358275582
9.5139,142.708,5.578125,-3.9235029972475557
9.5139,142.708,5.581250000000001,-3.8805151986807562
9.5139,142.708,5.5843750000000005,-3.861295742582349
9.5139,142.708,5.5875,-3.872787972515991
9.5139,142.708,5.590625,-3.90026812478348
9.5139,142.708,5.59375,-3.9482186612143444
9.5139,142.708,5.596875000000001,-4.0211206964004
9.5139,142.708,5.6000000000000005,-4.113468518256278
9.5139,142.708,5.603125,-4.217737537849992
9.5139,142.708,5.60625,-4.332699196178217
9.5139,142.708,5.609375,-4.4555539768859855
9.5139,142.708,5.612500000000001,-4.583039440534834
9.5139,142.708,5.6156250000000005,-4.711593964411455
9.5139,142.708,5.61875,-4.830581671909652
9.5139,142.708,5.621875,-4.930633188857653
9.5139,142.708,5.625,-5.0085606526542295
9.5139,142.708,5.628125000000001,-5.058448738290949
9.5139,142.708,5.6312500000000005,-5.068093363779356
9.5139,142.708,5.634375,-5.044318293208666
9.5139,142.708,5.6375,-4.988886766579646
9.5139,142.708,5.640625,-4.89176987713916
9.5139,142.708,5.643750000000001,-4.7730685937249895
9.5139,142.708,5.6468750000000005,-4.635167819201046
9.5139,142.708,5.65,-4.488844360011656
9.5139,142.708,5.653125,-4.339710895530015
9.5139,142.708,5.65625,-4.196574299795124
9.5139,142.708,5.659375000000001,-4.068672265975655
9.5139,142.708,5.6625000000000005,-3.9566284372810054
9.5139,142.708,5.665625,-3.866563427176099
9.5139,142.708,5.66875,-3.8048786788829325
9.5139,142.708,5.671875,-3.753892829366015
9.5139,142.708,5.675000000000001,-3.7331346728317754
9.5139,142.708,5.6781250000000005,-3.7277493732476574
9.5139,142.708,5.68125,-3.744678077526623
9.5139,142.708,5.684375,-3.7834732728075684
9.5139,142.708,5.6875,-3.8292787421859176
9.5139,142.708,5.690625000000001,-3.8938572998612546
9.5139,142.708,5.6937500000000005,-3.9672326245406153
9.5139,142.708,5.696875,-4.0350675177915445
9.5139,142.708,5.7,-4.11162185113787
9.5139,142.708,5.703125,-4.17705611466355
9.5139,142.708,5.706250000000001,-4.236265062045411
9.5139,142.708,5.7093750000000005,-4.282527211453566
9.5139,142.708,5.7125,-4.301793460096003
9.5139,142.708,5.715625,-4.314117236398273
9.5139,142.708,5.71875,-4.277965779070808
9.5139,142.708,5.721875000000001,-4.233964739965128
9.5139,142.708,5.7250000000000005,-4.1577501214400705
9.5139,142.708,5.728125,-4.047858829877531
9.5139,142.708,5.73125,-3.9265674241914494
9.5139,142.708,5.734375,-3.7766946013024465
9.5139,142.708,5.737500000000001,-3.6167377131194116
9.5139,142.708,5.7406250000000005,-3.4617035089598436
9.5139,142.708,5.74375,-3.3165752411627154
9.5139,142.708,5.746875,-3.1761486411710877
9.5139,142.708,5.75,-3.054117610538121
9.5139,142.708,5.753125000000001,-2.9460255376533944
9.5139,142.708,5.7562500000000005,-2.86881400078662
9.5139,142.708,5.759375,-2.8108343182216347
9.5139,142.708,5.7625,-2.7775466354603227
9.5139,142.708,5.765625,-2.773979420441781
9.5139,142.708,5.768750000000001,-2.7923253829795103
9.5139,142.708,5.7718750000000005,-2.8270035608851156
9.5139,142.708,5.775,-2.8862395576359696
9.5139,142.708,5.778125,-2.957994242149269
9.5139,142.708,5.78125,-3.043964731242206
9.5139,142.708,5.784375000000001,-3.1343348160432787
9.5139,142.708,5.7875000000000005,-3.2358263519155193
9.5139,142.708,5.790625,-3.3331909029580045
9.5139,142.708,5.79375,-3.4284725144229466
9.5139,142.708,5.796875,-3.513032552725747
9.5139,142.708,5.800000000000001,-3.5770277020381074
9.5139,142.708,5.8031250000000005,-3.6286024391460576
9.5139,142.708,5.80625,-3.659702882081866
9.5139,142.708,5.809375,-3.665398928656978
9.5139,142.708,5.8125,-3.6483239278392516
9.5139,142.708,5.815625000000001,-3.600605855889337
9.5139,142.708,5.8187500000000005,-3.5325509635766856
9.5139,142.708,5.821875,-3.437126302134113
9.5139,142.708,5.825,-3.3341168856433208
9.5139,142.708,5.828125,-3.2160751734075603
9.5139,142.708,5.831250000000001,-3.092123768226621
9.5139,142.708,5.8343750000000005,-2.9737516287337473
9.5139,142.708,5.8375,-2.860908772605705
9.5139,142.708,5.840625,-2.7639399887170146
9.5139,142.708,5.84375,-2.679298912020778
9.5139,142.708,5.846875000000001,-2.6166432264708526
9.5139,142.708,5.8500000000000005,-2.5759009096315215
9.5139,142.708,5.853125,-2.5581783261128264
9.5139,142.708,5.85625,-2.5636060068393833
9.5139,142.708,5.859375,-2.596407326610805
9.5139,142.708,5.862500000000001,-2.643544522069074
9.5139,142.708,5.8656250000000005,-2.708638832256515
9.5139,142.708,5.86875,-2.7927775020420693
9.5139,142.708,5.871875,-2.883661093219298
9.5139,142.708,5.875,-2.972951872602012
9.5139,142.708,5.878125000000001,-3.066171475759928
9.5139,142.708,5.8812500000000005,-3.164567810494349
9.5139,142.708,5.884375,-3.251127552624503
9.5139,142.708,5.8875,-3.3227962927120873
9.5139,142.708,5.890625,-3.3697950240653918
9.5139,142.708,5.893750000000001,-3.408709932427226
9.5139,142.708,5.8968750000000005,-3.4147103834436776
9.5139,142.708,5.9,-3.384414455721516
9.5139,142.708,5.903125,-3.323867571059256
9.5139,142.708,5.90625,-3.2324562893920197
9.5139,142.708,5.909375000000001,-3.1116574576816887
9.5139,142.708,5.9125000000000005,-2.9669920198334374
9.5139,142.708,5.915625,-2.8162596095871466
9.5139,142.708,5.91875,-2.6540910115818264
9.5139,142.708,5.921875,-2.493499701785856
9.5139,142.708,5.925000000000001,-2.3454355513331984
9.5139,142.708,5.9281250000000005,-2.2075362296132193
9.5139,142.708,5.93125,-2.0962428883980397
9.5139,142.708,5.934375,-1.9998158784184028
9.5139,142.708,5.9375,-1.9401413322574423
9.5139,142.708,5.940625000000001,-1.902906829921126
9.5139,142.708,5.9437500000000005,-1.8877944984232333
9.5139,142.708,5.946875,-1.8977721595361272
9.5139,142.708,5.95,-1.9325451565675222
9.5139,142.708,5.953125,-1.987351529980381
9.5139,142.708,5.956250000000001,-2.0628901960367765
9.5139,142.708,5.9593750000000005,-2.1437038406799807
9.5139,142.708,5.9625,-2.241919553797929
9.5139,142.708,5.965625,-2.3449953224268314
9.5139,142.708,5.96875,-2.4559292409457405
9.5139,142.708,5.971875000000001,-2.574358933028858
9.5139,142.708,5.9750000000000005,-2.687253544037171
9.5139,142.708,5.978125,-2.801023247538236
9.5139,142.708,5.98125,-2.905286696237085
9.5139,142.708,5.984375,-2.9864394633513265
9.5139,142.708,5.987500000000001,-3.051704916513272
9.5139,142.708,5.9906250000000005,-3.078911833596101
9.5139,142.708,5.99375,-3.080933014546644
9.5139,142.708,5.996875,-3.0509324248170393
9.5139,142.708,6,-2.99940912458728
