"Current","Field","Frequency","Spectra"
11.1564,167.346,1,-0.9183171774954292
11.1564,167.346,1.003125,-0.8730245866618667
11.1564,167.346,1.00625,-0.8363595080363219
11.1564,167.346,1.0093750000000001,-0.8045887850479004
11.1564,167.346,1.0125,-0.7810500213426764
11.1564,167.346,1.015625,-0.7673210404201349
11.1564,167.346,1.01875,-0.7668146370105989
11.1564,167.346,1.021875,-0.7715605783944913
11.1564,167.346,1.0250000000000001,-0.7931596208983144
11.1564,167.346,1.028125,-0.8279130243628385
11.1564,167.346,1.03125,-0.8745437090081873
11.1564,167.346,1.034375,-0.9317574743196
11.1564,167.346,1.0375,-0.9970519705191566
11.1564,167.346,1.0406250000000001,-1.0658141579076355
11.1564,167.346,1.04375,-1.133072345988285
11.1564,167.346,1.046875,-1.2008360075042925
11.1564,167.346,1.05,-1.2670747339342627
11.1564,167.346,1.053125,-1.3213917960380632
11.1564,167.346,1.0562500000000001,-1.3681118239414327
11.1564,167.346,1.059375,-1.4064042829604064
11.1564,167.346,1.0625,-1.4294650054186486
11.1564,167.346,1.065625,-1.4404338018355556
11.1564,167.346,1.06875,-1.4433880788992428
11.1564,167.346,1.0718750000000001,-1.430446938821016
11.1564,167.346,1.0750000000000002,-1.4105807782432223
11.1564,167.346,1.078125,-1.3789125612522921
11.1564,167.346,1.08125,-1.3393562057895825
11.1564,167.346,1.084375,-1.2919890870993682
11.1564,167.346,1.0875000000000001,-1.2392710652055763
11.1564,167.346,1.0906250000000002,-1.1834886585182378
11.1564,167.346,1.09375,-1.1359975891066594
11.1564,167.346,1.096875,-1.079405771240805
11.1564,167.346,1.1,-1.0338960915706448
11.1564,167.346,1.1031250000000001,-0.9934398119123599
11.1564,167.346,1.1062500000000002,-0.951139260150453
11.1564,167.346,1.109375,-0.9195794764741666
11.1564,167.346,1.1125,-0.8996777093515408
11.1564,167.346,1.115625,-0.8882031116865102
11.1564,167.346,1.1187500000000001,-0.8900667576548049
11.1564,167.346,1.1218750000000002,-0.8966611993221846
11.1564,167.346,1.125,-0.9114257665861774
11.1564,167.346,1.128125,-0.9374598456224241
11.1564,167.346,1.13125,-0.9668994425253058
11.1564,167.346,1.1343750000000001,-1.0029364306137991
11.1564,167.346,1.1375000000000002,-1.0426948289240487
11.1564,167.346,1.140625,-1.0837384265162222
11.1564,167.346,1.14375,-1.1196933697319875
11.1564,167.346,1.146875,-1.1560004226075096
11.1564,167.346,1.1500000000000001,-1.18684935384597
11.1564,167.346,1.1531250000000002,-1.2129361133851004
11.1564,167.346,1.15625,-1.2291684061543102
11.1564,167.346,1.159375,-1.2358672569074423
11.1564,167.346,1.1625,-1.2337567224945234
11.1564,167.346,1.1656250000000001,-1.222547741641595
11.1564,167.346,1.1687500000000002,-1.2019541437939303
11.1564,167.346,1.171875,-1.1723283612637336
11.1564,167.346,1.175,-1.1327029031461358
11.1564,167.346,1.178125,-1.0877242691236755
11.1564,167.346,1.1812500000000001,-1.0360391182627118
11.1564,167.346,1.1843750000000002,-0.9825202731978756
11.1564,167.346,1.1875,-0.9302981706005908
11.1564,167.346,1.190625,-0.88109428808765
11.1564,167.346,1.19375,-0.8405358758289511
11.1564,167.346,1.1968750000000001,-0.8077212827409372
11.1564,167.346,1.2000000000000002,-0.7820674333013135
11.1564,167.346,1.203125,-0.7722363150053623
11.1564,167.346,1.20625,-0.7792218797406705
11.1564,167.346,1.209375,-0.7955285346716403
11.1564,167.346,1.2125000000000001,-0.8332015170764315
11.1564,167.346,1.2156250000000002,-0.8821636678620403
11.1564,167.346,1.21875,-0.938980563438133
11.1564,167.346,1.221875,-1.0032205255453426
11.1564,167.346,1.225,-1.0805879562659007
11.1564,167.346,1.2281250000000001,-1.155250724379919
11.1564,167.346,1.2312500000000002,-1.231535145083591
11.1564,167.346,1.234375,-1.2991136792766957
11.1564,167.346,1.2375,-1.3588024815201971
11.1564,167.346,1.240625,-1.4084717802412838
11.1564,167.346,1.2437500000000001,-1.4581960338865128
11.1564,167.346,1.2468750000000002,-1.4909509085475923
11.1564,167.346,1.25,-1.5108966137019508
11.1564,167.346,1.253125,-1.5149137360156617
11.1564,167.346,1.25625,-1.5010160830426904
11.1564,167.346,1.2593750000000001,-1.4749916132043541
11.1564,167.346,1.2625000000000002,-1.4482934022857163
11.1564,167.346,1.265625,-1.4219605664168582
11.1564,167.346,1.26875,-1.3808471175890489
11.1564,167.346,1.271875,-1.331079240789168
11.1564,167.346,1.2750000000000001,-1.2786506555385577
11.1564,167.346,1.2781250000000002,-1.2224878985007206
11.1564,167.346,1.28125,-1.1728169629122411
11.1564,167.346,1.284375,-1.1381649251346984
11.1564,167.346,1.2875,-1.098836797245225
11.1564,167.346,1.2906250000000001,-1.0657742253256843
11.1564,167.346,1.2937500000000002,-1.0408508327106265
11.1564,167.346,1.296875,-1.029144087494915
11.1564,167.346,1.3,-1.0239887890326629
11.1564,167.346,1.303125,-1.0364463260451386
11.1564,167.346,1.3062500000000001,-1.0550376743958774
11.1564,167.346,1.3093750000000002,-1.0757378737897214
11.1564,167.346,1.3125,-1.1120306269155846
11.1564,167.346,1.315625,-1.154090668816505
11.1564,167.346,1.31875,-1.1952159526512065
11.1564,167.346,1.3218750000000001,-1.2412202071479705
11.1564,167.346,1.3250000000000002,-1.2828569809384693
11.1564,167.346,1.328125,-1.3213502617997654
11.1564,167.346,1.33125,-1.3508620384968009
11.1564,167.346,1.334375,-1.3749216177284684
11.1564,167.346,1.3375000000000001,-1.3889137594798104
11.1564,167.346,1.3406250000000002,-1.3938883928480936
11.1564,167.346,1.34375,-1.3879951766603973
11.1564,167.346,1.346875,-1.3701819972505942
11.1564,167.346,1.35,-1.343229055564751
11.1564,167.346,1.3531250000000001,-1.3083187913420125
11.1564,167.346,1.3562500000000002,-1.2626845866872627
11.1564,167.346,1.359375,-1.2153579657560811
11.1564,167.346,1.3625,-1.158800213588093
11.1564,167.346,1.365625,-1.0981956466577285
11.1564,167.346,1.3687500000000001,-1.0405948113927808
11.1564,167.346,1.3718750000000002,-0.9839084221825545
11.1564,167.346,1.375,-0.9354587728809814
11.1564,167.346,1.378125,-0.8924761504728385
11.1564,167.346,1.38125,-0.8597376453796669
11.1564,167.346,1.3843750000000001,-0.8360771993434721
11.1564,167.346,1.3875000000000002,-0.8274013837926313
11.1564,167.346,1.390625,-0.8317432075768272
11.1564,167.346,1.39375,-0.8568722793101957
11.1564,167.346,1.396875,-0.8939337208146481
11.1564,167.346,1.4000000000000001,-0.9496560812098962
11.1564,167.346,1.4031250000000002,-1.0013235554975164
11.1564,167.346,1.40625,-1.0675756807078547
11.1564,167.346,1.409375,-1.139010985918412
11.1564,167.346,1.4125,-1.21662235001621
11.1564,167.346,1.4156250000000001,-1.2907648196396226
11.1564,167.346,1.4187500000000002,-1.3641211888890805
11.1564,167.346,1.421875,-1.4275108157872773
11.1564,167.346,1.425,-1.480847491954391
11.1564,167.346,1.428125,-1.524521883229095
11.1564,167.346,1.4312500000000001,-1.5610035419594133
11.1564,167.346,1.4343750000000002,-1.5803599281399041
11.1564,167.346,1.4375,-1.5892187602653607
11.1564,167.346,1.440625,-1.58666623264111
11.1564,167.346,1.44375,-1.5701852442476665
11.1564,167.346,1.4468750000000001,-1.5463762885249537
11.1564,167.346,1.4500000000000002,-1.5113955509193266
11.1564,167.346,1.453125,-1.4677886309227683
11.1564,167.346,1.45625,-1.4175546301342097
11.1564,167.346,1.459375,-1.363267893631045
11.1564,167.346,1.4625000000000001,-1.3087822736663501
11.1564,167.346,1.4656250000000002,-1.2565731891174226
11.1564,167.346,1.46875,-1.2100104912629581
11.1564,167.346,1.471875,-1.167402973131296
11.1564,167.346,1.475,-1.1363374916956404
11.1564,167.346,1.4781250000000001,-1.1136778318395664
11.1564,167.346,1.4812500000000002,-1.106650063501623
11.1564,167.346,1.484375,-1.1128343076399236
11.1564,167.346,1.4875,-1.134960851355016
11.1564,167.346,1.490625,-1.1696524884625152
11.1564,167.346,1.4937500000000001,-1.2151559725402847
11.1564,167.346,1.4968750000000002,-1.266670204446748
11.1564,167.346,1.5,-1.3228294231635083
11.1564,167.346,1.503125,-1.378889884006207
11.1564,167.346,1.50625,-1.4347816338105848
11.1564,167.346,1.5093750000000001,-1.4831180226718643
11.1564,167.346,1.5125000000000002,-1.5254532150305056
11.1564,167.346,1.515625,-1.559652299595919
11.1564,167.346,1.51875,-1.5849236765071175
11.1564,167.346,1.521875,-1.5956433378982164
11.1564,167.346,1.5250000000000001,-1.5930672569399016
11.1564,167.346,1.5281250000000002,-1.5805099525817903
11.1564,167.346,1.53125,-1.5573712752558597
11.1564,167.346,1.534375,-1.526817453658751
11.1564,167.346,1.5375,-1.4900664356354172
11.1564,167.346,1.5406250000000001,-1.446080418090563
11.1564,167.346,1.5437500000000002,-1.3937847856131143
11.1564,167.346,1.546875,-1.335352720617933
11.1564,167.346,1.55,-1.2752399885182646
11.1564,167.346,1.553125,-1.2141841340827166
11.1564,167.346,1.5562500000000001,-1.1544804371478048
11.1564,167.346,1.5593750000000002,-1.1002129064751391
11.1564,167.346,1.5625,-1.0465149969997778
11.1564,167.346,1.565625,-1.0004339798197
11.1564,167.346,1.56875,-0.9693797887435209
11.1564,167.346,1.5718750000000001,-0.9512047427194523
11.1564,167.346,1.5750000000000002,-0.947230954438289
11.1564,167.346,1.578125,-0.963528042952258
11.1564,167.346,1.58125,-0.9912243461979748
11.1564,167.346,1.584375,-1.034897410588379
11.1564,167.346,1.5875000000000001,-1.1011636643847866
11.1564,167.346,1.5906250000000002,-1.174879526902071
11.1564,167.346,1.59375,-1.2537160171875716
11.1564,167.346,1.596875,-1.3374439397827764
11.1564,167.346,1.6,-1.4213714476632315
11.1564,167.346,1.6031250000000001,-1.4970145673409707
11.1564,167.346,1.6062500000000002,-1.56477052623454
11.1564,167.346,1.609375,-1.6198171099228826
11.1564,167.346,1.6125,-1.6601058903611405
11.1564,167.346,1.615625,-1.6856182212538613
11.1564,167.346,1.6187500000000001,-1.6970719531974574
11.1564,167.346,1.6218750000000002,-1.6908918213335256
11.1564,167.346,1.625,-1.6702233090484633
11.1564,167.346,1.628125,-1.6402464236918899
11.1564,167.346,1.63125,-1.602269194226074
11.1564,167.346,1.6343750000000001,-1.5584631872123071
11.1564,167.346,1.6375000000000002,-1.5106936573167615
11.1564,167.346,1.640625,-1.4616939292866302
11.1564,167.346,1.64375,-1.4105066953455945
11.1564,167.346,1.646875,-1.36348385156067
11.1564,167.346,1.6500000000000001,-1.3212524532395176
11.1564,167.346,1.6531250000000002,-1.2838488297040238
11.1564,167.346,1.65625,-1.260895781660087
11.1564,167.346,1.659375,-1.251379120249204
11.1564,167.346,1.6625,-1.264930718209563
11.1564,167.346,1.6656250000000001,-1.2676513066703126
11.1564,167.346,1.6687500000000002,-1.2611521098831888
11.1564,167.346,1.671875,-1.2815440288174673
11.1564,167.346,1.675,-1.315476087074543
11.1564,167.346,1.678125,-1.361747557239501
11.1564,167.346,1.6812500000000001,-1.4141620136454658
11.1564,167.346,1.6843750000000002,-1.4752478710773398
11.1564,167.346,1.6875,-1.5359299273933344
11.1564,167.346,1.690625,-1.5962127234650598
11.1564,167.346,1.69375,-1.652869546195609
11.1564,167.346,1.6968750000000001,-1.7065394559772544
11.1564,167.346,1.7000000000000002,-1.7502642872777996
11.1564,167.346,1.703125,-1.7821732705155646
11.1564,167.346,1.70625,-1.8029890394600998
11.1564,167.346,1.709375,-1.8141490019982378
11.1564,167.346,1.7125000000000001,-1.8102919337051058
11.1564,167.346,1.7156250000000002,-1.7924993967825744
11.1564,167.346,1.71875,-1.7650401298903353
11.1564,167.346,1.721875,-1.7207697869200997
11.1564,167.346,1.725,-1.6672395245321012
11.1564,167.346,1.7281250000000001,-1.6047993029068917
11.1564,167.346,1.7312500000000002,-1.535860950283506
11.1564,167.346,1.734375,-1.4603880716114288
11.1564,167.346,1.7375,-1.3866029795583856
11.1564,167.346,1.740625,-1.315741157528345
11.1564,167.346,1.7437500000000001,-1.2502388225330716
11.1564,167.346,1.7468750000000002,-1.187980303254723
11.1564,167.346,1.75,-1.1383472068824732
11.1564,167.346,1.753125,-1.1023940930382374
11.1564,167.346,1.75625,-1.0833790385490902
11.1564,167.346,1.7593750000000001,-1.0826750784539354
11.1564,167.346,1.7625000000000002,-1.0987288034278333
11.1564,167.346,1.765625,-1.131821384145111
11.1564,167.346,1.76875,-1.1771932895023502
11.1564,167.346,1.771875,-1.2334146411850526
11.1564,167.346,1.7750000000000001,-1.3000851469509935
11.1564,167.346,1.7781250000000002,-1.3735180791338424
11.1564,167.346,1.78125,-1.44539667965929
11.1564,167.346,1.784375,-1.520738871421711
11.1564,167.346,1.7875,-1.5895855372349879
11.1564,167.346,1.7906250000000001,-1.649553444209102
11.1564,167.346,1.7937500000000002,-1.6943488130248585
11.1564,167.346,1.7968750000000002,-1.7314742806547585
11.1564,167.346,1.8,-1.7582690908033554
11.1564,167.346,1.803125,-1.7673962984430887
11.1564,167.346,1.8062500000000001,-1.7655488223164706
11.1564,167.346,1.8093750000000002,-1.7521716283696418
11.1564,167.346,1.8125000000000002,-1.732300234915659
11.1564,167.346,1.815625,-1.7007243822657272
11.1564,167.346,1.81875,-1.6620758966427944
11.1564,167.346,1.8218750000000001,-1.6165406323167186
11.1564,167.346,1.8250000000000002,-1.5666273951516656
11.1564,167.346,1.8281250000000002,-1.5161637805907127
11.1564,167.346,1.83125,-1.4665171443525336
11.1564,167.346,1.834375,-1.4153449684700006
11.1564,167.346,1.8375000000000001,-1.3753592721789896
11.1564,167.346,1.8406250000000002,-1.3390298734865596
11.1564,167.346,1.8437500000000002,-1.3166034029804927
11.1564,167.346,1.846875,-1.3033550488222245
11.1564,167.346,1.85,-1.3015874797782567
11.1564,167.346,1.8531250000000001,-1.3186570775322237
11.1564,167.346,1.8562500000000002,-1.3490346025862332
11.1564,167.346,1.8593750000000002,-1.3918995240809229
11.1564,167.346,1.8625,-1.4475672239338477
11.1564,167.346,1.865625,-1.5143472401562506
11.1564,167.346,1.8687500000000001,-1.58420701589242
11.1564,167.346,1.8718750000000002,-1.6584619380379242
11.1564,167.346,1.8750000000000002,-1.7279188410225734
11.1564,167.346,1.878125,-1.7963111783912757
11.1564,167.346,1.88125,-1.8510714184401647
11.1564,167.346,1.8843750000000001,-1.9006602628055465
11.1564,167.346,1.8875000000000002,-1.9350420588062953
11.1564,167.346,1.8906250000000002,-1.9548923623253325
11.1564,167.346,1.89375,-1.9567070275020282
11.1564,167.346,1.896875,-1.9433221054088392
11.1564,167.346,1.9000000000000001,-1.9201909806436832
11.1564,167.346,1.9031250000000002,-1.8800059175964448
11.1564,167.346,1.9062500000000002,-1.8304918935657981
11.1564,167.346,1.909375,-1.7729447987142697
11.1564,167.346,1.9125,-1.7062619769775198
11.1564,167.346,1.9156250000000001,-1.6335029232662268
11.1564,167.346,1.9187500000000002,-1.5617153450148478
11.1564,167.346,1.9218750000000002,-1.4893752095037573
11.1564,167.346,1.925,-1.418290858542262
11.1564,167.346,1.928125,-1.353260131868021
11.1564,167.346,1.9312500000000001,-1.2977997704707567
11.1564,167.346,1.9343750000000002,-1.2529244611697412
11.1564,167.346,1.9375000000000002,-1.219495501431436
11.1564,167.346,1.940625,-1.1996997180942843
11.1564,167.346,1.94375,-1.1970095024597898
11.1564,167.346,1.9468750000000001,-1.2109931604992947
11.1564,167.346,1.9500000000000002,-1.2354324270086834
11.1564,167.346,1.9531250000000002,-1.2750410563460732
11.1564,167.346,1.95625,-1.328274549292066
11.1564,167.346,1.959375,-1.393286715175255
11.1564,167.346,1.9625000000000001,-1.461133821746544
11.1564,167.346,1.9656250000000002,-1.536545294512503
11.1564,167.346,1.9687500000000002,-1.607434315783103
11.1564,167.346,1.971875,-1.673579354646353
11.1564,167.346,1.975,-1.72996695175399
11.1564,167.346,1.9781250000000001,-1.775891600447014
11.1564,167.346,1.9812500000000002,-1.8110532063146392
11.1564,167.346,1.9843750000000002,-1.8289213724996776
11.1564,167.346,1.9875,-1.8360590124467457
11.1564,167.346,1.990625,-1.828279151321066
11.1564,167.346,1.9937500000000001,-1.8044771597613698
11.1564,167.346,1.9968750000000002,-1.7700108596312323
11.1564,167.346,2,-1.72435468567401
11.1564,167.346,2.0031250000000003,-1.6688879385375108
11.1564,167.346,2.00625,-1.6092590487373182
11.1564,167.346,2.009375,-1.544568675868738
11.1564,167.346,2.0125,-1.4815191363134625
11.1564,167.346,2.015625,-1.420912263404168
11.1564,167.346,2.0187500000000003,-1.3614173103733358
11.1564,167.346,2.021875,-1.3123773149819942
11.1564,167.346,2.025,-1.2695494987183973
11.1564,167.346,2.028125,-1.2442730722776205
11.1564,167.346,2.03125,-1.233044416405116
11.1564,167.346,2.0343750000000003,-1.2411684146375648
11.1564,167.346,2.0375,-1.2667078311826505
11.1564,167.346,2.040625,-1.3054680123866724
11.1564,167.346,2.04375,-1.3576425416076972
11.1564,167.346,2.046875,-1.4261853622568887
11.1564,167.346,2.0500000000000003,-1.4974831319670254
11.1564,167.346,2.053125,-1.579275106729539
11.1564,167.346,2.05625,-1.6617869049532332
11.1564,167.346,2.059375,-1.7453151060873089
11.1564,167.346,2.0625,-1.8195679213912408
11.1564,167.346,2.0656250000000003,-1.884561630341681
11.1564,167.346,2.06875,-1.9384225126317527
11.1564,167.346,2.071875,-1.9731688919780868
11.1564,167.346,2.075,-1.9958270199733885
11.1564,167.346,2.078125,-2.007848777582144
11.1564,167.346,2.0812500000000003,-2.0022601291799385
11.1564,167.346,2.084375,-1.9850252129663266
11.1564,167.346,2.0875,-1.9475816503848504
11.1564,167.346,2.090625,-1.8981681754650703
11.1564,167.346,2.09375,-1.8367798659327228
11.1564,167.346,2.0968750000000003,-1.7688191628425352
11.1564,167.346,2.1,-1.6971560737184679
11.1564,167.346,2.103125,-1.6251598069109539
11.1564,167.346,2.10625,-1.5498211720688646
11.1564,167.346,2.109375,-1.4781960458385432
11.1564,167.346,2.1125000000000003,-1.4132849772217115
11.1564,167.346,2.115625,-1.3509473634610307
11.1564,167.346,2.11875,-1.298839605281505
11.1564,167.346,2.121875,-1.2601108284649307
11.1564,167.346,2.125,-1.2349501347586354
11.1564,167.346,2.1281250000000003,-1.2256082602315503
11.1564,167.346,2.13125,-1.2326186407162605
11.1564,167.346,2.134375,-1.2596787665566849
11.1564,167.346,2.1375,-1.3014949945666963
11.1564,167.346,2.140625,-1.3541515380698725
11.1564,167.346,2.1437500000000003,-1.4201397811419332
11.1564,167.346,2.146875,-1.4908789281441646
11.1564,167.346,2.1500000000000004,-1.5645817762024068
11.1564,167.346,2.153125,-1.638626296607657
11.1564,167.346,2.15625,-1.710096775570623
11.1564,167.346,2.1593750000000003,-1.7701652562658756
11.1564,167.346,2.1625,-1.8181538877377212
11.1564,167.346,2.1656250000000004,-1.854082543950193
11.1564,167.346,2.16875,-1.869382482569188
11.1564,167.346,2.171875,-1.8707576125768153
11.1564,167.346,2.1750000000000003,-1.857179315648939
11.1564,167.346,2.178125,-1.827455309678669
11.1564,167.346,2.1812500000000004,-1.788456405181016
11.1564,167.346,2.184375,-1.7386717272436238
11.1564,167.346,2.1875,-1.677152400030024
11.1564,167.346,2.1906250000000003,-1.6139355383807408
11.1564,167.346,2.19375,-1.5417570861478067
11.1564,167.346,2.1968750000000004,-1.463361135082519
11.1564,167.346,2.2,-1.388878437754686
11.1564,167.346,2.203125,-1.3213967141232597
11.1564,167.346,2.2062500000000003,-1.2653617870199432
11.1564,167.346,2.209375,-1.2226207619964478
11.1564,167.346,2.2125000000000004,-1.1936963764681112
11.1564,167.346,2.215625,-1.1777535656771545
11.1564,167.346,2.21875,-1.1772141936943974
11.1564,167.346,2.2218750000000003,-1.195578449419576
11.1564,167.346,2.225,-1.2329830365862235
11.1564,167.346,2.2281250000000004,-1.283213318689962
11.1564,167.346,2.23125,-1.3494567830410782
11.1564,167.346,2.234375,-1.4229093081564148
11.1564,167.346,2.2375000000000003,-1.5015927464548298
11.1564,167.346,2.240625,-1.5837885759209316
11.1564,167.346,2.2437500000000004,-1.6627174762318742
11.1564,167.346,2.246875,-1.7388627185379155
11.1564,167.346,2.25,-1.8082032191824318
11.1564,167.346,2.2531250000000003,-1.8636690747073223
11.1564,167.346,2.25625,-1.9090204868554503
11.1564,167.346,2.2593750000000004,-1.9405136889823442
11.1564,167.346,2.2625,-1.9570664149654844
11.1564,167.346,2.265625,-1.9524854139998882
11.1564,167.346,2.2687500000000003,-1.9375725696784034
11.1564,167.346,2.271875,-1.9108944611375687
11.1564,167.346,2.2750000000000004,-1.8726155912672995
11.1564,167.346,2.278125,-1.8234983473195894
11.1564,167.346,2.28125,-1.7669509750855397
11.1564,167.346,2.2843750000000003,-1.704020521360462
11.1564,167.346,2.2875,-1.6321993752131232
11.1564,167.346,2.2906250000000004,-1.5613592002614387
11.1564,167.346,2.29375,-1.4899209903363266
11.1564,167.346,2.296875,-1.4224150702843206
11.1564,167.346,2.3000000000000003,-1.3618322339737694
11.1564,167.346,2.303125,-1.3097383285739885
11.1564,167.346,2.3062500000000004,-1.2711910585573871
11.1564,167.346,2.309375,-1.2422890522114143
11.1564,167.346,2.3125,-1.2284878713897769
11.1564,167.346,2.3156250000000003,-1.2308229291952948
11.1564,167.346,2.31875,-1.2476763020986323
11.1564,167.346,2.3218750000000004,-1.2819166766848928
11.1564,167.346,2.325,-1.3275614718377093
11.1564,167.346,2.328125,-1.3906554090827628
11.1564,167.346,2.3312500000000003,-1.4621584897798188
11.1564,167.346,2.334375,-1.53578300122287
11.1564,167.346,2.3375000000000004,-1.613225195305995
11.1564,167.346,2.340625,-1.682546042060302
11.1564,167.346,2.34375,-1.7486177024399752
11.1564,167.346,2.3468750000000003,-1.8048606669775211
11.1564,167.346,2.35,-1.847622317488947
11.1564,167.346,2.3531250000000004,-1.8765437610144153
11.1564,167.346,2.35625,-1.889654585625597
11.1564,167.346,2.359375,-1.8865846196109404
11.1564,167.346,2.3625000000000003,-1.8710247187599016
11.1564,167.346,2.365625,-1.836548869800588
11.1564,167.346,2.3687500000000004,-1.7901285251976307
11.1564,167.346,2.371875,-1.733685023681856
11.1564,167.346,2.375,-1.667734282021773
11.1564,167.346,2.3781250000000003,-1.5972814936074062
11.1564,167.346,2.38125,-1.5279754058941828
11.1564,167.346,2.3843750000000004,-1.4543097083905876
11.1564,167.346,2.3875,-1.3835430400316187
11.1564,167.346,2.390625,-1.3189729793004115
11.1564,167.346,2.3937500000000003,-1.266191353757529
11.1564,167.346,2.396875,-1.2231344637787058
11.1564,167.346,2.4000000000000004,-1.1940086762425186
11.1564,167.346,2.403125,-1.1868619680536139
11.1564,167.346,2.40625,-1.1983815489766894
11.1564,167.346,2.4093750000000003,-1.230940117322242
11.1564,167.346,2.4125,-1.2848177977374622
11.1564,167.346,2.4156250000000004,-1.3574593925807097
11.1564,167.346,2.41875,-1.4556675840283784
11.1564,167.346,2.421875,-1.5806493581554317
11.1564,167.346,2.4250000000000003,-1.7568907872407522
11.1564,167.346,2.428125,-2.060015834312762
11.1564,167.346,2.4312500000000004,-2.7655278730327266
11.1564,167.346,2.434375,-3.432476695087947
11.1564,167.346,2.4375,-2.545060962698613
11.1564,167.346,2.4406250000000003,-2.2096822415850697
11.1564,167.346,2.44375,-2.122710592283764
11.1564,167.346,2.4468750000000004,-2.095094561208633
11.1564,167.346,2.45,-2.082856698655007
11.1564,167.346,2.453125,-2.0634443950337227
11.1564,167.346,2.4562500000000003,-2.0335191828909576
11.1564,167.346,2.459375,-1.9928783449228726
11.1564,167.346,2.4625000000000004,-1.9409491332941902
11.1564,167.346,2.465625,-1.8810648192145318
11.1564,167.346,2.46875,-1.8125157102617844
11.1564,167.346,2.4718750000000003,-1.743107191235779
11.1564,167.346,2.475,-1.6733953184254726
11.1564,167.346,2.4781250000000004,-1.601850423482369
11.1564,167.346,2.48125,-1.5337445643360765
11.1564,167.346,2.484375,-1.4778413850076368
11.1564,167.346,2.4875000000000003,-1.4262011393352727
11.1564,167.346,2.490625,-1.3865701175852283
11.1564,167.346,2.4937500000000004,-1.3612332792967372
11.1564,167.346,2.496875,-1.3541940121834775
11.1564,167.346,2.5,-1.3619086660645172
11.1564,167.346,2.5031250000000003,-1.3856061271008708
11.1564,167.346,2.50625,-1.4261373926901961
11.1564,167.346,2.5093750000000004,-1.480402546695184
11.1564,167.346,2.5125,-1.5454742514283346
11.1564,167.346,2.515625,-1.621555674689978
11.1564,167.346,2.5187500000000003,-1.7002406882204721
11.1564,167.346,2.521875,-1.7814875038704747
11.1564,167.346,2.5250000000000004,-1.861269987907438
11.1564,167.346,2.528125,-1.93008366775425
11.1564,167.346,2.53125,-1.9922339605811454
11.1564,167.346,2.5343750000000003,-2.0355690393910004
11.1564,167.346,2.5375,-2.06547058601047
11.1564,167.346,2.5406250000000004,-2.0782034921557773
11.1564,167.346,2.54375,-2.072923304970981
11.1564,167.346,2.546875,-2.0539624174005935
11.1564,167.346,2.5500000000000003,-2.019786712020615
11.1564,167.346,2.553125,-1.9703766466901138
11.1564,167.346,2.5562500000000004,-1.9111083757856362
11.1564,167.346,2.559375,-1.8403635842660555
11.1564,167.346,2.5625,-1.7682805299500437
11.1564,167.346,2.5656250000000003,-1.6899210481550517
11.1564,167.346,2.56875,-1.61450791682463
11.1564,167.346,2.5718750000000004,-1.5442809252905134
11.1564,167.346,2.575,-1.4808313937316795
11.1564,167.346,2.578125,-1.427506277780888
11.1564,167.346,2.5812500000000003,-1.386230144174569
11.1564,167.346,2.584375,-1.3623260771291483
11.1564,167.346,2.5875000000000004,-1.354982373509641
11.1564,167.346,2.590625,-1.3652706234638838
11.1564,167.346,2.59375,-1.3933774767002374
11.1564,167.346,2.5968750000000003,-1.4417646585440647
11.1564,167.346,2.6,-1.5052847569921801
11.1564,167.346,2.6031250000000004,-1.585094173264676
11.1564,167.346,2.60625,-1.6716064225949012
11.1564,167.346,2.609375,-1.760854697307689
11.1564,167.346,2.6125000000000003,-1.851039722161465
11.1564,167.346,2.615625,-1.9349543264353686
11.1564,167.346,2.6187500000000004,-2.0129526841902337
11.1564,167.346,2.621875,-2.077663305500069
11.1564,167.346,2.625,-2.1317003924834084
11.1564,167.346,2.6281250000000003,-2.169257133011214
11.1564,167.346,2.63125,-2.1872188365663985
11.1564,167.346,2.6343750000000004,-2.1899805463404447
11.1564,167.346,2.6375,-2.1779535022621617
11.1564,167.346,2.640625,-2.149362699993109
11.1564,167.346,2.6437500000000003,-2.109941881223933
11.1564,167.346,2.646875,-2.062185479281732
11.1564,167.346,2.6500000000000004,-2.007328245528802
11.1564,167.346,2.653125,-1.9463243146292624
11.1564,167.346,2.65625,-1.8825558995768064
11.1564,167.346,2.6593750000000003,-1.8186018584324666
11.1564,167.346,2.6625,-1.759952729953286
11.1564,167.346,2.6656250000000004,-1.7023399573644005
11.1564,167.346,2.66875,-1.6571596405360873
11.1564,167.346,2.671875,-1.6209103201092634
11.1564,167.346,2.6750000000000003,-1.5986981819116615
11.1564,167.346,2.678125,-1.5900377820107594
11.1564,167.346,2.6812500000000004,-1.5965178059373153
11.1564,167.346,2.684375,-1.6163823135088775
11.1564,167.346,2.6875,-1.6554056571245888
11.1564,167.346,2.6906250000000003,-1.705210441294823
11.1564,167.346,2.69375,-1.7688492211521591
11.1564,167.346,2.6968750000000004,-1.842228865783154
11.1564,167.346,2.7,-1.9204254466378143
11.1564,167.346,2.703125,-2.004170486515057
11.1564,167.346,2.7062500000000003,-2.083186627538555
11.1564,167.346,2.709375,-2.1560477847322232
11.1564,167.346,2.7125000000000004,-2.2276422391529764
11.1564,167.346,2.715625,-2.2802284095646206
11.1564,167.346,2.71875,-2.3240867748577867
11.1564,167.346,2.7218750000000003,-2.3578199576449537
11.1564,167.346,2.725,-2.372997022805676
11.1564,167.346,2.7281250000000004,-2.3806391635656308
11.1564,167.346,2.73125,-2.3752188426965453
11.1564,167.346,2.734375,-2.361308948543826
11.1564,167.346,2.7375000000000003,-2.3455569734066826
11.1564,167.346,2.740625,-2.3275138530217974
11.1564,167.346,2.7437500000000004,-2.29838781352405
11.1564,167.346,2.746875,-2.245248978584471
11.1564,167.346,2.75,-2.1683825676791306
11.1564,167.346,2.7531250000000003,-2.0804153896063635
11.1564,167.346,2.75625,-1.9937041468742498
11.1564,167.346,2.7593750000000004,-1.9153261665201082
11.1564,167.346,2.7625,-1.8531703562526585
11.1564,167.346,2.765625,-1.8080822591821368
11.1564,167.346,2.7687500000000003,-1.7802202921324162
11.1564,167.346,2.771875,-1.769826136527943
11.1564,167.346,2.7750000000000004,-1.7793287675551326
11.1564,167.346,2.778125,-1.8084023391899593
11.1564,167.346,2.78125,-1.8477017581533006
11.1564,167.346,2.7843750000000003,-1.9008520620686284
11.1564,167.346,2.7875,-1.9720601259411132
11.1564,167.346,2.7906250000000004,-2.0486442899576787
11.1564,167.346,2.79375,-2.1314819701165635
11.1564,167.346,2.796875,-2.2133160287840683
11.1564,167.346,2.8000000000000003,-2.2924986276761246
11.1564,167.346,2.803125,-2.3610577591185518
11.1564,167.346,2.8062500000000004,-2.421765887296048
11.1564,167.346,2.809375,-2.464132085931834
11.1564,167.346,2.8125,-2.494931235408121
11.1564,167.346,2.8156250000000003,-2.5073211018403168
11.1564,167.346,2.81875,-2.5062920768319357
11.1564,167.346,2.8218750000000004,-2.492278586484658
11.1564,167.346,2.825,-2.465933848211722
11.1564,167.346,2.828125,-2.425501793717273
11.1564,167.346,2.8312500000000003,-2.3771095879588304
11.1564,167.346,2.834375,-2.319516748468723
11.1564,167.346,2.8375000000000004,-2.2627384912961084
11.1564,167.346,2.840625,-2.2054253353210655
11.1564,167.346,2.84375,-2.1482906249528733
11.1564,167.346,2.8468750000000003,-2.09605138835094
11.1564,167.346,2.85,-2.04755500966557
11.1564,167.346,2.8531250000000004,-2.0105056838624242
11.1564,167.346,2.85625,-1.9849991373059719
11.1564,167.346,2.859375,-1.9678681981256407
11.1564,167.346,2.8625000000000003,-1.9679592290577752
11.1564,167.346,2.865625,-1.9841234969833907
11.1564,167.346,2.8687500000000004,-2.0162705924267548
11.1564,167.346,2.871875,-2.06236545256013
11.1564,167.346,2.875,-2.124542022114501
11.1564,167.346,2.8781250000000003,-2.1944577252895145
11.1564,167.346,2.88125,-2.270992455334709
11.1564,167.346,2.8843750000000004,-2.348783707314676
11.1564,167.346,2.8875,-2.4309060085244654
11.1564,167.346,2.890625,-2.5115944225832902
11.1564,167.346,2.8937500000000003,-2.5875760520944384
11.1564,167.346,2.896875,-2.6453931154314647
11.1564,167.346,2.9000000000000004,-2.7025999477706786
11.1564,167.346,2.903125,-2.737776615272371
11.1564,167.346,2.90625,-2.761670315332663
11.1564,167.346,2.9093750000000003,-2.772000642859012
11.1564,167.346,2.9125,-2.7658787180876083
11.1564,167.346,2.9156250000000004,-2.74437267391545
11.1564,167.346,2.91875,-2.70629104424567
11.1564,167.346,2.921875,-2.668898304515404
11.1564,167.346,2.9250000000000003,-2.6212417044661525
11.1564,167.346,2.928125,-2.5572320510659625
11.1564,167.346,2.9312500000000004,-2.498789728056611
11.1564,167.346,2.934375,-2.456180940215528
11.1564,167.346,2.9375,-2.3622457847217535
11.1564,167.346,2.9406250000000003,-2.3159274435986776
11.1564,167.346,2.94375,-2.3608957302958573
11.1564,167.346,2.9468750000000004,-2.222032535679313
11.1564,167.346,2.95,-2.2595358375329626
11.1564,167.346,2.953125,-2.1121566389529316
11.1564,167.346,2.9562500000000003,-2.4297571736237735
11.1564,167.346,2.959375,-2.15661928082963
11.1564,167.346,2.9625000000000004,-2.11972202013769
11.1564,167.346,2.965625,-2.2750639382908067
11.1564,167.346,2.96875,-2.9102221431316018
11.1564,167.346,2.9718750000000003,-2.8276261851485125
11.1564,167.346,2.975,-2.4136139668904466
11.1564,167.346,2.9781250000000004,-2.462093373000584
11.1564,167.346,2.98125,-2.5509356446478986
11.1564,167.346,2.984375,-2.66588617451176
11.1564,167.346,2.9875000000000003,-2.906536359014622
11.1564,167.346,2.990625,-3.3927110797777256
11.1564,167.346,2.9937500000000004,-3.3526497062166167
11.1564,167.346,2.996875,-2.972381892847511
11.1564,167.346,3,-2.72521190404809
11.1564,167.346,3.0031250000000003,-2.6836134402944856
11.1564,167.346,3.00625,-2.6671425834268128
11.1564,167.346,3.0093750000000004,-2.624503813192246
11.1564,167.346,3.0125,-2.6439023368011587
11.1564,167.346,3.015625,-2.6097202752526076
11.1564,167.346,3.0187500000000003,-2.492333349770721
11.1564,167.346,3.021875,-2.442445455835628
11.1564,167.346,3.0250000000000004,-2.435863007997444
11.1564,167.346,3.028125,-2.464821386711558
11.1564,167.346,3.03125,-2.552613210259098
11.1564,167.346,3.0343750000000003,-3.2383737999500894
11.1564,167.346,3.0375,-4.5205389031125955
11.1564,167.346,3.0406250000000004,-3.0426892523117854
11.1564,167.346,3.04375,-3.256746011831611
11.1564,167.346,3.046875,-2.896861055793481
11.1564,167.346,3.0500000000000003,-2.5383598115511425
11.1564,167.346,3.053125,-2.3556506695743056
11.1564,167.346,3.0562500000000004,-2.302083554107859
11.1564,167.346,3.059375,-2.315018630798847
11.1564,167.346,3.0625,-2.3850273411917424
11.1564,167.346,3.0656250000000003,-2.4563829263083887
11.1564,167.346,3.06875,-2.550809300297579
11.1564,167.346,3.0718750000000004,-2.634231629828654
11.1564,167.346,3.075,-2.704325068343821
11.1564,167.346,3.078125,-2.7334928053273178
11.1564,167.346,3.0812500000000003,-2.772108466085949
11.1564,167.346,3.084375,-2.8135173012877095
11.1564,167.346,3.0875000000000004,-2.8603160980255766
11.1564,167.346,3.090625,-2.8848503519089026
11.1564,167.346,3.09375,-2.8736016364755357
11.1564,167.346,3.0968750000000003,-2.842632331213226
11.1564,167.346,3.1,-2.8082649703058165
11.1564,167.346,3.1031250000000004,-2.762491079528516
11.1564,167.346,3.10625,-2.7065881829324034
11.1564,167.346,3.109375,-2.662483189953905
11.1564,167.346,3.1125000000000003,-2.6100935154983023
11.1564,167.346,3.115625,-2.557785393705993
11.1564,167.346,3.1187500000000004,-2.506961319254772
11.1564,167.346,3.121875,-2.462783720858005
11.1564,167.346,3.125,-2.4324811670767463
11.1564,167.346,3.1281250000000003,-2.46784494228205
11.1564,167.346,3.13125,-2.5770823683065958
11.1564,167.346,3.1343750000000004,-2.4662424672937675
11.1564,167.346,3.1375,-2.372838125988248
11.1564,167.346,3.140625,-2.384589220857976
11.1564,167.346,3.1437500000000003,-2.467955496647774
11.1564,167.346,3.146875,-2.6994043812778656
11.1564,167.346,3.1500000000000004,-2.722481831886863
11.1564,167.346,3.153125,-2.8013505060798654
11.1564,167.346,3.15625,-3.015697358835683
11.1564,167.346,3.1593750000000003,-3.413713984218645
11.1564,167.346,3.1625,-4.434565901692287
11.1564,167.346,3.1656250000000004,-6.788900967394409
11.1564,167.346,3.16875,-9.086456754876714
11.1564,167.346,3.171875,-6.052641526358958
11.1564,167.346,3.1750000000000003,-4.3335713361789026
11.1564,167.346,3.178125,-3.659951748288801
11.1564,167.346,3.1812500000000004,-3.3247515356108654
11.1564,167.346,3.184375,-3.1375695680539106
11.1564,167.346,3.1875,-3.0336120440726706
11.1564,167.346,3.1906250000000003,-2.9699291593119588
11.1564,167.346,3.19375,-2.9077853254431525
11.1564,167.346,3.1968750000000004,-2.8421264897020446
11.1564,167.346,3.2,-2.773677754834564
11.1564,167.346,3.203125,-2.6983503211141824
11.1564,167.346,3.2062500000000003,-2.627705773872649
11.1564,167.346,3.209375,-2.5788701980515008
11.1564,167.346,3.2125000000000004,-2.563746740592128
11.1564,167.346,3.215625,-2.5692366083473157
11.1564,167.346,3.21875,-2.4963949222705843
11.1564,167.346,3.2218750000000003,-2.4594990314931082
11.1564,167.346,3.225,-2.451715681897818
11.1564,167.346,3.2281250000000004,-2.4720701430135286
11.1564,167.346,3.23125,-2.547422055656343
11.1564,167.346,3.234375,-2.5896046208781702
11.1564,167.346,3.2375000000000003,-2.599607526592258
11.1564,167.346,3.240625,-2.6437171641061266
11.1564,167.346,3.2437500000000004,-2.7208926769876767
11.1564,167.346,3.246875,-2.77511465530199
11.1564,167.346,3.25,-2.7990016354145157
11.1564,167.346,3.2531250000000003,-2.8154917036776235
11.1564,167.346,3.25625,-2.8421016184568226
11.1564,167.346,3.2593750000000004,-2.8892495512670022
11.1564,167.346,3.2625,-2.9304339231862784
11.1564,167.346,3.265625,-2.9612004746845457
11.1564,167.346,3.2687500000000003,-2.9699509036566796
11.1564,167.346,3.271875,-2.9603872283379458
11.1564,167.346,3.2750000000000004,-2.931687840458314
11.1564,167.346,3.278125,-2.8867141777562235
11.1564,167.346,3.28125,-2.847852416639847
11.1564,167.346,3.2843750000000003,-2.819211134068405
11.1564,167.346,3.2875,-2.787655918489396
11.1564,167.346,3.2906250000000004,-2.7354200721607302
11.1564,167.346,3.29375,-2.6664492474337376
11.1564,167.346,3.296875,-2.595122392732117
11.1564,167.346,3.3000000000000003,-2.535945247686093
11.1564,167.346,3.303125,-2.4943012549470787
11.1564,167.346,3.3062500000000004,-2.473448330701707
11.1564,167.346,3.309375,-2.4274971790695097
11.1564,167.346,3.3125,-2.3843872761041003
11.1564,167.346,3.3156250000000003,-2.3586872088321016
11.1564,167.346,3.31875,-2.3543761610220213
11.1564,167.346,3.3218750000000004,-2.3582337453721562
11.1564,167.346,3.325,-2.3819617597866243
11.1564,167.346,3.328125,-2.4071701785048965
11.1564,167.346,3.3312500000000003,-2.42744139998397
11.1564,167.346,3.334375,-2.463236507040564
11.1564,167.346,3.3375000000000004,-2.5085624239313207
11.1564,167.346,3.340625,-2.5595560406155493
11.1564,167.346,3.34375,-2.6133355507923723
11.1564,167.346,3.3468750000000003,-2.6556938738591844
11.1564,167.346,3.35,-2.69578398002663
11.1564,167.346,3.3531250000000004,-2.7289047312937136
11.1564,167.346,3.35625,-2.7625584838914055
11.1564,167.346,3.359375,-2.7770015571251165
11.1564,167.346,3.3625000000000003,-2.7776761655048525
11.1564,167.346,3.365625,-2.77478087111585
11.1564,167.346,3.3687500000000004,-2.763366166863617
11.1564,167.346,3.371875,-2.7412356443688695
11.1564,167.346,3.375,-2.717126970220235
11.1564,167.346,3.3781250000000003,-2.676254802345264
11.1564,167.346,3.38125,-2.6292689423892543
11.1564,167.346,3.3843750000000004,-2.5735286187451383
11.1564,167.346,3.3875,-2.516679882786036
11.1564,167.346,3.390625,-2.467532983995915
11.1564,167.346,3.3937500000000003,-2.416563117591148
11.1564,167.346,3.396875,-2.376892802797212
11.1564,167.346,3.4000000000000004,-2.3401550724415783
11.1564,167.346,3.403125,-2.3217995842822634
11.1564,167.346,3.40625,-2.3116079569392247
11.1564,167.346,3.4093750000000003,-2.3081064731019634
11.1564,167.346,3.4125,-2.3250827629136603
11.1564,167.346,3.4156250000000004,-2.3465784521372526
11.1564,167.346,3.41875,-2.3793565495948785
11.1564,167.346,3.421875,-2.446637599121468
11.1564,167.346,3.4250000000000003,-2.5188550736598008
11.1564,167.346,3.428125,-2.5883242221688714
11.1564,167.346,3.4312500000000004,-2.6642691941523458
11.1564,167.346,3.434375,-2.7256685701778594
11.1564,167.346,3.4375,-2.7935565484465394
11.1564,167.346,3.4406250000000003,-2.8555308596887032
11.1564,167.346,3.44375,-2.906594029960115
11.1564,167.346,3.4468750000000004,-2.94682620437559
11.1564,167.346,3.45,-2.9662076515606035
11.1564,167.346,3.453125,-2.9887198480866
11.1564,167.346,3.4562500000000003,-3.0006443195531807
11.1564,167.346,3.459375,-3.017310552752803
11.1564,167.346,3.4625000000000004,-3.047404537642124
11.1564,167.346,3.465625,-3.048170940491003
11.1564,167.346,3.46875,-3.0391844295400263
11.1564,167.346,3.4718750000000003,-3.0573124863499728
11.1564,167.346,3.475,-3.0858515464692227
11.1564,167.346,3.4781250000000004,-3.1263233536482526
11.1564,167.346,3.48125,-3.159464196456867
11.1564,167.346,3.484375,-3.150025306068542
11.1564,167.346,3.4875000000000003,-3.16423596867336
11.1564,167.346,3.490625,-3.125998261325966
11.1564,167.346,3.4937500000000004,-3.0846511102654843
11.1564,167.346,3.496875,-3.0512763918514163
11.1564,167.346,3.5,-2.994469713491142
11.1564,167.346,3.5031250000000003,-2.9568702965694986
11.1564,167.346,3.50625,-3.0055208063899084
11.1564,167.346,3.5093750000000004,-3.077889676721353
11.1564,167.346,3.5125,-3.0879886553823344
11.1564,167.346,3.515625,-3.105830904189818
11.1564,167.346,3.5187500000000003,-3.155314208339921
11.1564,167.346,3.521875,-3.20799928821341
11.1564,167.346,3.5250000000000004,-3.2763267672012493
11.1564,167.346,3.528125,-3.3288815836466674
11.1564,167.346,3.53125,-3.3539941039007752
11.1564,167.346,3.5343750000000003,-3.3684729461691965
11.1564,167.346,3.5375,-3.4202695822611524
11.1564,167.346,3.5406250000000004,-3.4183190161089922
11.1564,167.346,3.54375,-3.3965880160770654
11.1564,167.346,3.546875,-3.3753057680811223
11.1564,167.346,3.5500000000000003,-3.365636335832016
11.1564,167.346,3.553125,-3.347695064907146
11.1564,167.346,3.5562500000000004,-3.3284294079578904
11.1564,167.346,3.559375,-3.330881183701412
11.1564,167.346,3.5625,-3.339469261438314
11.1564,167.346,3.5656250000000003,-3.353506511000388
11.1564,167.346,3.56875,-3.3855035174917076
11.1564,167.346,3.5718750000000004,-3.411717074981935
11.1564,167.346,3.575,-3.426693042817387
11.1564,167.346,3.5781250000000004,-3.4361453487155313
11.1564,167.346,3.5812500000000003,-3.484562533782717
11.1564,167.346,3.584375,-3.5980801217840113
11.1564,167.346,3.5875000000000004,-3.6904600835678014
11.1564,167.346,3.590625,-3.744063699700839
11.1564,167.346,3.5937500000000004,-3.7360109075865626
11.1564,167.346,3.5968750000000003,-3.6941042781126034
11.1564,167.346,3.6,-3.681019233825404
11.1564,167.346,3.6031250000000004,-3.741578097841942
11.1564,167.346,3.60625,-3.8211096964191693
11.1564,167.346,3.6093750000000004,-3.796831387402566
11.1564,167.346,3.6125000000000003,-3.7592603592126816
11.1564,167.346,3.615625,-3.799091012578471
11.1564,167.346,3.6187500000000004,-3.947110410098185
11.1564,167.346,3.621875,-4.140552726471021
11.1564,167.346,3.6250000000000004,-4.32458513251435
11.1564,167.346,3.6281250000000003,-4.516039929589382
11.1564,167.346,3.63125,-4.696070604014732
11.1564,167.346,3.6343750000000004,-4.7298781605548745
11.1564,167.346,3.6375,-4.625259587260736
11.1564,167.346,3.6406250000000004,-4.518712541982406
11.1564,167.346,3.6437500000000003,-4.376692698090022
11.1564,167.346,3.646875,-4.207500232918658
11.1564,167.346,3.6500000000000004,-3.9992634489655217
11.1564,167.346,3.653125,-3.783938969568405
11.1564,167.346,3.6562500000000004,-3.5727870642489274
11.1564,167.346,3.6593750000000003,-3.372090413602684
11.1564,167.346,3.6625,-3.210793323299118
11.1564,167.346,3.6656250000000004,-3.0674643801173476
11.1564,167.346,3.66875,-2.975250140980499
11.1564,167.346,3.6718750000000004,-2.95220037253876
11.1564,167.346,3.6750000000000003,-2.9518042143048993
11.1564,167.346,3.678125,-2.9457773502349416
11.1564,167.346,3.6812500000000004,-2.9386016693448624
11.1564,167.346,3.684375,-2.8998122616736484
11.1564,167.346,3.6875000000000004,-2.8538518608816283
11.1564,167.346,3.6906250000000003,-2.8386328299212167
11.1564,167.346,3.69375,-2.8569868531226543
11.1564,167.346,3.6968750000000004,-2.9067392320074505
11.1564,167.346,3.7,-2.9698041654387666
11.1564,167.346,3.7031250000000004,-3.0360152985103723
11.1564,167.346,3.7062500000000003,-3.08416991759573
11.1564,167.346,3.709375,-3.1202259530554075
11.1564,167.346,3.7125000000000004,-3.156793691575407
11.1564,167.346,3.715625,-3.222353371403866
11.1564,167.346,3.7187500000000004,-3.322511415041456
11.1564,167.346,3.7218750000000003,-3.4302917587553177
11.1564,167.346,3.725,-3.56983454095582
11.1564,167.346,3.7281250000000004,-3.7679818359666095
11.1564,167.346,3.73125,-3.998558277479738
11.1564,167.346,3.7343750000000004,-4.095877026587773
11.1564,167.346,3.7375000000000003,-4.002715451612166
11.1564,167.346,3.740625,-3.8567060738456544
11.1564,167.346,3.7437500000000004,-3.658015037747511
11.1564,167.346,3.746875,-3.427408775186471
11.1564,167.346,3.7500000000000004,-3.22889735890417
11.1564,167.346,3.7531250000000003,-3.1021392010052895
11.1564,167.346,3.75625,-3.0447375642907555
11.1564,167.346,3.7593750000000004,-3.0051217445864027
11.1564,167.346,3.7625,-2.9576565911767867
11.1564,167.346,3.7656250000000004,-2.9289738671406824
11.1564,167.346,3.7687500000000003,-2.9099431861337925
11.1564,167.346,3.771875,-2.934912251722275
11.1564,167.346,3.7750000000000004,-3.0505956301461468
11.1564,167.346,3.778125,-3.2621125944058127
11.1564,167.346,3.7812500000000004,-3.4966241327764136
11.1564,167.346,3.7843750000000003,-3.715606726955344
11.1564,167.346,3.7875,-3.929892610675014
11.1564,167.346,3.7906250000000004,-4.117311096664028
11.1564,167.346,3.79375,-4.256863176797111
11.1564,167.346,3.7968750000000004,-4.343528012248966
11.1564,167.346,3.8000000000000003,-4.395494527183901
11.1564,167.346,3.803125,-4.437830215994295
11.1564,167.346,3.8062500000000004,-4.512633193049613
11.1564,167.346,3.809375,-4.589252888094745
11.1564,167.346,3.8125000000000004,-4.610875191527082
11.1564,167.346,3.8156250000000003,-4.615860158535641
11.1564,167.346,3.81875,-4.603837288526481
11.1564,167.346,3.8218750000000004,-4.587959739646664
11.1564,167.346,3.825,-4.569490316787832
11.1564,167.346,3.8281250000000004,-4.552333131823918
11.1564,167.346,3.8312500000000003,-4.546106512115927
11.1564,167.346,3.834375,-4.55484186077845
11.1564,167.346,3.8375000000000004,-4.535443772223444
11.1564,167.346,3.840625,-4.546775040454557
11.1564,167.346,3.8437500000000004,-4.605641548953164
11.1564,167.346,3.8468750000000003,-4.64588886720279
11.1564,167.346,3.85,-4.710050583548257
11.1564,167.346,3.8531250000000004,-4.816881838165639
11.1564,167.346,3.85625,-4.879689075817846
11.1564,167.346,3.8593750000000004,-4.948232579527361
11.1564,167.346,3.8625000000000003,-5.0802416820092136
11.1564,167.346,3.865625,-5.27936857350732
11.1564,167.346,3.8687500000000004,-5.480967858001483
11.1564,167.346,3.871875,-5.686535511129627
11.1564,167.346,3.8750000000000004,-5.940181120950879
11.1564,167.346,3.8781250000000003,-6.217926618750619
11.1564,167.346,3.88125,-6.5023387834413064
11.1564,167.346,3.8843750000000004,-6.814271081867826
11.1564,167.346,3.8875,-7.111390199220903
11.1564,167.346,3.8906250000000004,-7.386939309491233
11.1564,167.346,3.8937500000000003,-7.660427417492782
11.1564,167.346,3.896875,-7.931234181825808
11.1564,167.346,3.9000000000000004,-8.223652139122983
11.1564,167.346,3.903125,-8.557645196882367
11.1564,167.346,3.9062500000000004,-8.889137317964321
11.1564,167.346,3.9093750000000003,-9.096278096808012
11.1564,167.346,3.9125,-9.423471568070443
11.1564,167.346,3.9156250000000004,-9.842826694040728
11.1564,167.346,3.91875,-10.350545193738107
11.1564,167.346,3.9218750000000004,-10.903109035816405
11.1564,167.346,3.9250000000000003,-11.041260537952454
11.1564,167.346,3.928125,-10.398813549447565
11.1564,167.346,3.9312500000000004,-9.694713585144845
11.1564,167.346,3.934375,-9.384384823032732
11.1564,167.346,3.9375000000000004,-9.381659504883926
11.1564,167.346,3.9406250000000003,-9.68849567763288
11.1564,167.346,3.94375,-10.385047843038283
11.1564,167.346,3.9468750000000004,-11.122909624748266
11.1564,167.346,3.95,-11.890138580293781
11.1564,167.346,3.9531250000000004,-13.08724730138553
11.1564,167.346,3.9562500000000003,-14.050955678480271
11.1564,167.346,3.959375,-14.753186047590049
11.1564,167.346,3.9625000000000004,-15.617331537563448
11.1564,167.346,3.965625,-16.361512021131585
11.1564,167.346,3.9687500000000004,-16.98205259472942
11.1564,167.346,3.9718750000000003,-17.556757246066002
11.1564,167.346,3.975,-18.489381526743212
11.1564,167.346,3.9781250000000004,-20.362996509327452
11.1564,167.346,3.98125,-22.83571205582945
11.1564,167.346,3.9843750000000004,-27.65258330355143
11.1564,167.346,3.9875000000000003,-31.76319684151956
11.1564,167.346,3.990625,-29.55366635810106
11.1564,167.346,3.9937500000000004,-27.702164223977537
11.1564,167.346,3.996875,-28.351918678112963
11.1564,167.346,4,-29.13602438227081
11.1564,167.346,4.003125,-30.01916077948927
11.1564,167.346,4.0062500000000005,-26.754712229348904
11.1564,167.346,4.009375,-22.97045690529817
11.1564,167.346,4.0125,-21.278832098436386
11.1564,167.346,4.015625,-21.11850584376329
11.1564,167.346,4.01875,-21.581625431812007
11.1564,167.346,4.0218750000000005,-21.798691125783876
11.1564,167.346,4.025,-22.135350565543273
11.1564,167.346,4.028125,-22.47436700523283
11.1564,167.346,4.03125,-22.831328245937954
11.1564,167.346,4.034375,-22.700688902251326
11.1564,167.346,4.0375000000000005,-22.117008342359235
11.1564,167.346,4.040625,-19.867150487135874
11.1564,167.346,4.04375,-17.539707961275287
11.1564,167.346,4.046875,-16.14615051144999
11.1564,167.346,4.05,-15.39325574475334
11.1564,167.346,4.0531250000000005,-14.924797216588988
11.1564,167.346,4.05625,-14.78741990514643
11.1564,167.346,4.059375,-14.734391355832239
11.1564,167.346,4.0625,-14.192183920868494
11.1564,167.346,4.065625,-13.67122165458493
11.1564,167.346,4.0687500000000005,-13.217365488300024
11.1564,167.346,4.071875,-13.29316202208927
11.1564,167.346,4.075,-13.371161519995935
11.1564,167.346,4.078125,-13.062874454136452
11.1564,167.346,4.08125,-12.468279454774416
11.1564,167.346,4.0843750000000005,-11.920893243878346
11.1564,167.346,4.0875,-11.529074975501345
11.1564,167.346,4.090625,-10.933649182992369
11.1564,167.346,4.09375,-10.28542161252824
11.1564,167.346,4.096875,-9.678900330367195
11.1564,167.346,4.1000000000000005,-9.224697195273663
11.1564,167.346,4.103125,-8.739962576962212
11.1564,167.346,4.10625,-8.28130121119562
11.1564,167.346,4.109375,-7.989817415940863
11.1564,167.346,4.1125,-7.783372990926567
11.1564,167.346,4.1156250000000005,-7.6258811938324955
11.1564,167.346,4.11875,-7.555032230155706
11.1564,167.346,4.121875,-7.475682422648946
11.1564,167.346,4.125,-7.4099142347391656
11.1564,167.346,4.128125,-7.360997705778727
11.1564,167.346,4.1312500000000005,-7.266538605064021
11.1564,167.346,4.134375,-7.235944173464437
11.1564,167.346,4.1375,-7.230714824235488
11.1564,167.346,4.140625,-7.253171697438904
11.1564,167.346,4.14375,-7.274377157029593
11.1564,167.346,4.1468750000000005,-7.26768060634123
11.1564,167.346,4.15,-7.259771603320615
11.1564,167.346,4.153125,-7.3064475513782305
11.1564,167.346,4.15625,-7.409815351717003
11.1564,167.346,4.159375,-7.560764734418433
11.1564,167.346,4.1625000000000005,-7.730245750492918
11.1564,167.346,4.165625,-7.850990137622866
11.1564,167.346,4.16875,-7.9595996445194395
11.1564,167.346,4.171875,-8.044229528995025
11.1564,167.346,4.175,-8.059719603897172
11.1564,167.346,4.1781250000000005,-7.989504887739372
11.1564,167.346,4.18125,-7.854013562446536
11.1564,167.346,4.184375,-7.652021692962912
11.1564,167.346,4.1875,-7.474921748865607
11.1564,167.346,4.190625,-7.398747934440486
11.1564,167.346,4.1937500000000005,-7.305106351626444
11.1564,167.346,4.196875,-7.261874533520673
11.1564,167.346,4.2,-7.313370627434482
11.1564,167.346,4.203125,-7.658702775198433
11.1564,167.346,4.20625,-8.146171509178426
11.1564,167.346,4.2093750000000005,-8.606535429328451
11.1564,167.346,4.2125,-8.911801529873292
11.1564,167.346,4.215625,-9.212849089598443
11.1564,167.346,4.21875,-9.42661364727041
11.1564,167.346,4.221875,-9.552009841260855
11.1564,167.346,4.2250000000000005,-9.738816577351976
11.1564,167.346,4.228125,-9.829266583416757
11.1564,167.346,4.23125,-10.033477962645172
11.1564,167.346,4.234375,-10.000506544753938
11.1564,167.346,4.2375,-9.797780613269113
11.1564,167.346,4.2406250000000005,-9.759407428526837
11.1564,167.346,4.24375,-9.866721355522083
11.1564,167.346,4.246875,-10.051878503103644
11.1564,167.346,4.25,-10.294332581349394
11.1564,167.346,4.253125,-10.571799560650373
11.1564,167.346,4.2562500000000005,-10.638336232223631
11.1564,167.346,4.259375,-10.458227147610925
11.1564,167.346,4.2625,-10.108926782987574
11.1564,167.346,4.265625,-9.746359442640605
11.1564,167.346,4.26875,-9.49188876083457
11.1564,167.346,4.2718750000000005,-9.329996029950728
11.1564,167.346,4.275,-9.195157330613982
11.1564,167.346,4.278125,-9.11666147004706
11.1564,167.346,4.28125,-9.152782999278097
11.1564,167.346,4.284375000000001,-9.365246608983828
11.1564,167.346,4.2875000000000005,-9.586381699497588
11.1564,167.346,4.290625,-9.935768544972586
11.1564,167.346,4.29375,-10.806716313019711
11.1564,167.346,4.296875,-12.551887953564604
11.1564,167.346,4.300000000000001,-14.33195728105777
11.1564,167.346,4.3031250000000005,-15.822898518250705
11.1564,167.346,4.30625,-17.157053594070177
11.1564,167.346,4.309375,-17.934732086632536
11.1564,167.346,4.3125,-17.925045662364113
11.1564,167.346,4.315625000000001,-16.770540185012063
11.1564,167.346,4.3187500000000005,-14.897177743963972
11.1564,167.346,4.321875,-13.106819748910382
11.1564,167.346,4.325,-11.86799481362052
11.1564,167.346,4.328125,-11.14586032528007
11.1564,167.346,4.331250000000001,-10.74553380489207
11.1564,167.346,4.3343750000000005,-10.502246588514115
11.1564,167.346,4.3375,-10.117024156964698
11.1564,167.346,4.340625,-9.848411031499404
11.1564,167.346,4.34375,-9.900996825116739
11.1564,167.346,4.346875000000001,-9.90949862530471
11.1564,167.346,4.3500000000000005,-9.678742311262926
11.1564,167.346,4.353125,-9.672916258078926
11.1564,167.346,4.35625,-9.768121093235711
11.1564,167.346,4.359375,-9.03773254031937
11.1564,167.346,4.362500000000001,-8.479401606049352
11.1564,167.346,4.3656250000000005,-8.092599177582875
11.1564,167.346,4.36875,-7.829020458912056
11.1564,167.346,4.371875,-7.616719592498105
11.1564,167.346,4.375,-7.47929596172419
11.1564,167.346,4.378125000000001,-7.396610526793693
11.1564,167.346,4.3812500000000005,-7.510410265789359
11.1564,167.346,4.384375,-7.823179438149088
11.1564,167.346,4.3875,-7.958443619073331
11.1564,167.346,4.390625,-7.848097913318798
11.1564,167.346,4.393750000000001,-7.5221362008604755
11.1564,167.346,4.3968750000000005,-7.334296528929204
11.1564,167.346,4.4,-7.42506414250199
11.1564,167.346,4.403125,-7.813929792531393
11.1564,167.346,4.40625,-8.561088814819
11.1564,167.346,4.409375000000001,-8.862495628311505
11.1564,167.346,4.4125000000000005,-9.779093009530298
11.1564,167.346,4.415625,-10.521954684439036
11.1564,167.346,4.41875,-10.111187427427044
11.1564,167.346,4.421875,-9.411567141819235
11.1564,167.346,4.425000000000001,-9.168179983516476
11.1564,167.346,4.4281250000000005,-9.06023024411695
11.1564,167.346,4.43125,-9.536149475303032
11.1564,167.346,4.434375,-9.94964346941645
11.1564,167.346,4.4375,-9.713437740986283
11.1564,167.346,4.440625000000001,-9.757591285931188
11.1564,167.346,4.4437500000000005,-10.17022919704475
11.1564,167.346,4.446875,-9.653807807781947
11.1564,167.346,4.45,-9.400301029960849
11.1564,167.346,4.453125,-8.721286454121909
11.1564,167.346,4.456250000000001,-8.812632533332316
11.1564,167.346,4.4593750000000005,-8.436920592139959
11.1564,167.346,4.4625,-7.865744411434633
11.1564,167.346,4.465625,-7.535867169986064
11.1564,167.346,4.46875,-8.137096923503789
11.1564,167.346,4.471875000000001,-8.052754605916263
11.1564,167.346,4.4750000000000005,-7.637915665899654
11.1564,167.346,4.478125,-7.553280668318404
11.1564,167.346,4.48125,-7.566307150768651
11.1564,167.346,4.484375,-7.439440907059266
11.1564,167.346,4.487500000000001,-7.339392551263758
11.1564,167.346,4.4906250000000005,-7.642663632060566
11.1564,167.346,4.49375,-7.573546821919539
11.1564,167.346,4.496875,-7.612016784529711
11.1564,167.346,4.5,-7.704015169518701
11.1564,167.346,4.503125000000001,-7.788555224988941
11.1564,167.346,4.5062500000000005,-7.868161066619551
11.1564,167.346,4.509375,-7.96224941802774
11.1564,167.346,4.5125,-8.042040414117402
11.1564,167.346,4.515625,-8.1105787712544
11.1564,167.346,4.518750000000001,-8.150596588902388
11.1564,167.346,4.5218750000000005,-8.142538953982083
11.1564,167.346,4.525,-8.11254493205478
11.1564,167.346,4.528125,-8.045071761031428
11.1564,167.346,4.53125,-7.935278418452345
11.1564,167.346,4.534375000000001,-7.818904375277176
11.1564,167.346,4.5375000000000005,-7.725110574879995
11.1564,167.346,4.540625,-7.673034229641065
11.1564,167.346,4.54375,-7.526098916217813
11.1564,167.346,4.546875,-7.261525963988651
11.1564,167.346,4.550000000000001,-6.9736481352874335
11.1564,167.346,4.5531250000000005,-6.705800087808075
11.1564,167.346,4.55625,-6.481325741242169
11.1564,167.346,4.559375,-6.291548657734585
11.1564,167.346,4.5625,-6.130363216187156
11.1564,167.346,4.565625000000001,-6.00292980723758
11.1564,167.346,4.5687500000000005,-5.8820893615469325
11.1564,167.346,4.571875,-5.784634954909803
11.1564,167.346,4.575,-5.710453665558299
11.1564,167.346,4.578125,-5.66312760858557
11.1564,167.346,4.581250000000001,-5.648760453203585
11.1564,167.346,4.5843750000000005,-5.65211555021822
11.1564,167.346,4.5875,-5.679560306242576
11.1564,167.346,4.590625,-5.729706599043055
11.1564,167.346,4.59375,-5.785595511866254
11.1564,167.346,4.596875000000001,-5.859687619260554
11.1564,167.346,4.6000000000000005,-5.941044828754498
11.1564,167.346,4.603125,-6.012657036220254
11.1564,167.346,4.60625,-6.081895817543941
11.1564,167.346,4.609375,-6.143516470415964
11.1564,167.346,4.612500000000001,-6.182354485889884
11.1564,167.346,4.6156250000000005,-6.214408845743959
11.1564,167.346,4.61875,-6.220836724173207
11.1564,167.346,4.621875,-6.194747411600131
11.1564,167.346,4.625,-6.144280168695746
11.1564,167.346,4.628125000000001,-6.0646735213781415
11.1564,167.346,4.6312500000000005,-5.962396053897962
11.1564,167.346,4.634375,-5.84377207841715
11.1564,167.346,4.6375,-5.714613170582216
11.1564,167.346,4.640625,-5.570108256095829
11.1564,167.346,4.643750000000001,-5.422487676139882
11.1564,167.346,4.6468750000000005,-5.282605365647407
11.1564,167.346,4.65,-5.148070659116927
11.1564,167.346,4.653125,-5.0190650564904535
11.1564,167.346,4.65625,-4.903235372312383
11.1564,167.346,4.659375000000001,-4.80218948385471
11.1564,167.346,4.6625000000000005,-4.710362709524649
11.1564,167.346,4.665625,-4.636658021638546
11.1564,167.346,4.66875,-4.587594098175459
11.1564,167.346,4.671875,-4.550681979742017
11.1564,167.346,4.675000000000001,-4.525663034883448
11.1564,167.346,4.6781250000000005,-4.510013025511499
11.1564,167.346,4.68125,-4.5070838717880894
11.1564,167.346,4.684375,-4.586247060041926
11.1564,167.346,4.6875,-4.685430646847234
11.1564,167.346,4.690625000000001,-4.752289115763686
11.1564,167.346,4.6937500000000005,-4.81400264862966
11.1564,167.346,4.696875,-4.855419982726557
11.1564,167.346,4.7,-4.896430983408644
11.1564,167.346,4.703125,-4.9136909045615305
11.1564,167.346,4.706250000000001,-4.911381385296962
11.1564,167.346,4.7093750000000005,-4.873117633365371
11.1564,167.346,4.7125,-4.814899466070742
11.1564,167.346,4.715625,-4.7258868050232214
11.1564,167.346,4.71875,-4.620361813116607
11.1564,167.346,4.721875000000001,-4.48703611870337
11.1564,167.346,4.7250000000000005,-4.349117100473069
11.1564,167.346,4.728125,-4.203722824440987
11.1564,167.346,4.73125,-4.0591350172515925
11.1564,167.346,4.734375,-3.9169180783416193
11.1564,167.346,4.737500000000001,-3.782012661751788
11.1564,167.346,4.7406250000000005,-3.660310024414481
11.1564,167.346,4.74375,-3.5520033803937827
11.1564,167.346,4.746875,-3.454643722384474
11.1564,167.346,4.75,-3.3780571076626353
11.1564,167.346,4.753125000000001,-3.308010964666167
11.1564,167.346,4.7562500000000005,-3.256211279194031
11.1564,167.346,4.759375,-3.2217536431848344
11.1564,167.346,4.7625,-3.198938731573693
11.1564,167.346,4.765625,-3.1918070622474186
11.1564,167.346,4.768750000000001,-3.195050050126907
11.1564,167.346,4.7718750000000005,-3.21298155478913
11.1564,167.346,4.775,-3.245277819355741
11.1564,167.346,4.778125,-3.278222650019415
11.1564,167.346,4.78125,-3.3259404191803266
11.1564,167.346,4.784375000000001,-3.3825039751153647
11.1564,167.346,4.7875000000000005,-3.439708562364398
11.1564,167.346,4.790625,-3.4970983703326546
11.1564,167.346,4.79375,-3.5524441922956376
11.1564,167.346,4.796875,-3.601924773531499
11.1564,167.346,4.800000000000001,-3.6320194825537233
11.1564,167.346,4.8031250000000005,-3.65328826441423
11.1564,167.346,4.80625,-3.6554434735719004
11.1564,167.346,4.809375,-3.6398477424198585
11.1564,167.346,4.8125,-3.6007914175676996
11.1564,167.346,4.815625000000001,-3.554245640673819
11.1564,167.346,4.8187500000000005,-3.491261313646381
11.1564,167.346,4.821875,-3.425299232211016
11.1564,167.346,4.825,-3.352343134752991
11.1564,167.346,4.828125,-3.2753310587398587
11.1564,167.346,4.831250000000001,-3.212232637432386
11.1564,167.346,4.8343750000000005,-3.1521479493106384
11.1564,167.346,4.8375,-3.103091331574549
11.1564,167.346,4.840625,-3.0705080690825333
11.1564,167.346,4.84375,-3.0502289621477368
11.1564,167.346,4.846875000000001,-3.0445892693999332
11.1564,167.346,4.8500000000000005,-3.055016916337669
11.1564,167.346,4.853125,-3.0766282554388313
11.1564,167.346,4.85625,-3.114217303657247
11.1564,167.346,4.859375,-3.164326222631102
11.1564,167.346,4.862500000000001,-3.2307719900895657
11.1564,167.346,4.8656250000000005,-3.3006118331935124
11.1564,167.346,4.86875,-3.3832809567965407
11.1564,167.346,4.871875,-3.4724648444340356
11.1564,167.346,4.875,-3.565106905904234
11.1564,167.346,4.878125000000001,-3.650599258119453
11.1564,167.346,4.8812500000000005,-3.7329901706733026
11.1564,167.346,4.884375,-3.8079508434491336
11.1564,167.346,4.8875,-3.8672083730995146
11.1564,167.346,4.890625,-3.911698350015747
11.1564,167.346,4.893750000000001,-3.934054326843291
11.1564,167.346,4.8968750000000005,-3.934327752460881
11.1564,167.346,4.9,-3.911277127472621
11.1564,167.346,4.903125,-3.869570811123169
11.1564,167.346,4.90625,-3.807783218534553
11.1564,167.346,4.909375000000001,-3.736692272655854
11.1564,167.346,4.9125000000000005,-3.6485660496934673
11.1564,167.346,4.915625,-3.5590367025981267
11.1564,167.346,4.91875,-3.471780788231232
11.1564,167.346,4.921875,-3.386062704305922
11.1564,167.346,4.925000000000001,-3.3062369317783915
11.1564,167.346,4.9281250000000005,-3.242764128760858
11.1564,167.346,4.93125,-3.18424199731405
11.1564,167.346,4.934375,-3.1427523224513965
11.1564,167.346,4.9375,-3.1168335351809606
11.1564,167.346,4.940625000000001,-3.1098254477825407
11.1564,167.346,4.9437500000000005,-3.120853801802266
11.1564,167.346,4.946875,-3.1490906999736916
11.1564,167.346,4.95,-3.19092871877129
11.1564,167.346,4.953125,-3.248941899897753
11.1564,167.346,4.956250000000001,-3.3232407304039677
11.1564,167.346,4.9593750000000005,-3.410531588158499
11.1564,167.346,4.9625,-3.5052897769912743
11.1564,167.346,4.965625,-3.6139699466348723
11.1564,167.346,4.96875,-3.7170067871327954
11.1564,167.346,4.971875000000001,-3.824686781278624
11.1564,167.346,4.9750000000000005,-3.9273157179522555
11.1564,167.346,4.978125,-4.01959485307408
11.1564,167.346,4.98125,-4.098185741955655
11.1564,167.346,4.984375,-4.166117974589153
11.1564,167.346,4.987500000000001,-4.201255927078932
11.1564,167.346,4.9906250000000005,-4.216855127473181
11.1564,167.346,4.99375,-4.199663462566981
11.1564,167.346,4.996875,-4.165597308302397
11.1564,167.346,5,-4.12254148602738
11.1564,167.346,5.003125000000001,-4.054921944871933
11.1564,167.346,5.0062500000000005,-4.004227712031755
11.1564,167.346,5.009375,-3.9487401816066003
11.1564,167.346,5.0125,-3.8936929073364923
11.1564,167.346,5.015625,-3.8428944732948054
11.1564,167.346,5.018750000000001,-3.8023111527909044
11.1564,167.346,5.0218750000000005,-3.7756131796912875
11.1564,167.346,5.025,-3.7590604932160963
11.1564,167.346,5.028125,-3.759193051565912
11.1564,167.346,5.03125,-3.7718183864420323
11.1564,167.346,5.034375000000001,-3.806294485630433
11.1564,167.346,5.0375000000000005,-3.8571939007582827
11.1564,167.346,5.040625,-3.9253442580083138
11.1564,167.346,5.04375,-4.010990665708128
11.1564,167.346,5.046875,-4.114979283073653
11.1564,167.346,5.050000000000001,-4.2319449213613725
11.1564,167.346,5.0531250000000005,-4.363340166718107
11.1564,167.346,5.05625,-4.5051299036691175
11.1564,167.346,5.059375,-4.649570417643331
11.1564,167.346,5.0625,-4.804039101355746
11.1564,167.346,5.065625000000001,-4.948853503684344
11.1564,167.346,5.0687500000000005,-5.087027086755846
11.1564,167.346,5.071875,-5.20865591468735
11.1564,167.346,5.075,-5.306101182149179
11.1564,167.346,5.078125,-5.36867401582567
11.1564,167.346,5.081250000000001,-5.386617206298641
11.1564,167.346,5.0843750000000005,-5.368927295924212
11.1564,167.346,5.0875,-5.31826544072335
11.1564,167.346,5.090625,-5.240113611007039
11.1564,167.346,5.09375,-5.141239377294584
11.1564,167.346,5.096875000000001,-5.030611691392317
11.1564,167.346,5.1000000000000005,-4.921796149201791
11.1564,167.346,5.103125,-4.809853483169147
11.1564,167.346,5.10625,-4.6874846199827385
11.1564,167.346,5.109375,-4.552346965866562
11.1564,167.346,5.112500000000001,-4.42024284712939
11.1564,167.346,5.1156250000000005,-4.319871793759543
11.1564,167.346,5.11875,-4.244782823265724
11.1564,167.346,5.121875,-4.198364222511118
11.1564,167.346,5.125,-4.176303570806693
11.1564,167.346,5.128125000000001,-4.177105834368976
11.1564,167.346,5.1312500000000005,-4.201944823371504
11.1564,167.346,5.134375,-4.241033764846924
11.1564,167.346,5.1375,-4.3000933344962435
11.1564,167.346,5.140625,-4.373698795931955
11.1564,167.346,5.143750000000001,-4.459232519576442
11.1564,167.346,5.1468750000000005,-4.552022466709173
11.1564,167.346,5.15,-4.657337511759566
11.1564,167.346,5.153125,-4.76708384885656
11.1564,167.346,5.15625,-4.875947278487087
11.1564,167.346,5.159375000000001,-4.984282788696561
11.1564,167.346,5.1625000000000005,-5.082345482948832
11.1564,167.346,5.165625,-5.171503657487412
11.1564,167.346,5.16875,-5.239091463226463
11.1564,167.346,5.171875,-5.294275818386318
11.1564,167.346,5.175000000000001,-5.315882119488405
11.1564,167.346,5.1781250000000005,-5.3120199530035315
11.1564,167.346,5.18125,-5.272192406720356
11.1564,167.346,5.184375,-5.220096437751477
11.1564,167.346,5.1875,-5.144734452326781
11.1564,167.346,5.190625000000001,-5.059587102813287
11.1564,167.346,5.1937500000000005,-4.9654848256907105
11.1564,167.346,5.196875,-4.884407777499979
11.1564,167.346,5.2,-4.807988353774423
11.1564,167.346,5.203125,-4.730351600356212
11.1564,167.346,5.206250000000001,-4.67477294173413
11.1564,167.346,5.2093750000000005,-4.623095935845042
11.1564,167.346,5.2125,-4.591310299053784
11.1564,167.346,5.215625,-4.5742861023160355
11.1564,167.346,5.21875,-4.5911854022078025
11.1564,167.346,5.221875000000001,-4.6409423788180275
11.1564,167.346,5.2250000000000005,-4.710539006966029
11.1564,167.346,5.228125,-4.811908374288254
11.1564,167.346,5.23125,-4.944445716335187
11.1564,167.346,5.234375,-5.10446113593143
11.1564,167.346,5.237500000000001,-5.289201069772504
11.1564,167.346,5.2406250000000005,-5.493941152714465
11.1564,167.346,5.24375,-5.739230601603501
11.1564,167.346,5.246875,-6.002085507373435
11.1564,167.346,5.25,-6.302722495558677
11.1564,167.346,5.253125000000001,-6.66311201045516
11.1564,167.346,5.2562500000000005,-7.110868628617883
11.1564,167.346,5.259375,-7.7307964804704286
11.1564,167.346,5.2625,-8.705568710253875
11.1564,167.346,5.265625,-10.228022486351549
11.1564,167.346,5.268750000000001,-11.26224442059933
11.1564,167.346,5.2718750000000005,-9.90269013530927
11.1564,167.346,5.275,-8.287193189423492
11.1564,167.346,5.278125,-7.351379846294629
11.1564,167.346,5.28125,-6.795417880190357
11.1564,167.346,5.284375000000001,-6.407470625656768
11.1564,167.346,5.2875000000000005,-6.1090834611714655
11.1564,167.346,5.290625,-5.848941796835529
11.1564,167.346,5.29375,-5.627909890885123
11.1564,167.346,5.296875,-5.444374563253739
11.1564,167.346,5.300000000000001,-5.2937686556209265
11.1564,167.346,5.3031250000000005,-5.175170732671245
11.1564,167.346,5.30625,-5.0856611767467585
11.1564,167.346,5.309375,-5.02842889481502
11.1564,167.346,5.3125,-4.996838753149751
11.1564,167.346,5.315625000000001,-4.989020247499257
11.1564,167.346,5.3187500000000005,-5.007858328021473
11.1564,167.346,5.321875,-5.046208552871528
11.1564,167.346,5.325,-5.1098170781104555
11.1564,167.346,5.328125,-5.1837492954097915
11.1564,167.346,5.331250000000001,-5.266847352470525
11.1564,167.346,5.3343750000000005,-5.352570592407436
11.1564,167.346,5.3375,-5.441687675826438
11.1564,167.346,5.340625,-5.532640351427344
11.1564,167.346,5.34375,-5.627746065419289
11.1564,167.346,5.346875000000001,-5.705247983442547
11.1564,167.346,5.3500000000000005,-5.770669502822081
11.1564,167.346,5.353125,-5.816592165109774
11.1564,167.346,5.35625,-5.8310025038742275
11.1564,167.346,5.359375,-5.8102431830298675
11.1564,167.346,5.362500000000001,-5.7584948059971355
11.1564,167.346,5.3656250000000005,-5.673553810996142
11.1564,167.346,5.36875,-5.56763152699446
11.1564,167.346,5.371875,-5.434651541189442
11.1564,167.346,5.375,-5.295771153712414
11.1564,167.346,5.378125000000001,-5.157618332242036
11.1564,167.346,5.3812500000000005,-5.021557760367767
11.1564,167.346,5.384375,-4.892578422644712
11.1564,167.346,5.3875,-4.786180924835116
11.1564,167.346,5.390625,-4.695258796672709
11.1564,167.346,5.393750000000001,-4.62936757445774
11.1564,167.346,5.3968750000000005,-4.5886094113891005
11.1564,167.346,5.4,-4.563991832437949
11.1564,167.346,5.403125,-4.565181403478521
11.1564,167.346,5.40625,-4.587192551176013
11.1564,167.346,5.409375000000001,-4.636122855186649
11.1564,167.346,5.4125000000000005,-4.699184739484967
11.1564,167.346,5.415625,-4.7862023127764655
11.1564,167.346,5.41875,-4.882638486990815
11.1564,167.346,5.421875,-4.999733310567047
11.1564,167.346,5.425000000000001,-5.132215069113469
11.1564,167.346,5.4281250000000005,-5.283080843625816
11.1564,167.346,5.43125,-5.431711989788674
11.1564,167.346,5.434375,-5.596897873615292
11.1564,167.346,5.4375,-5.7433809429240155
11.1564,167.346,5.440625000000001,-5.87720137781988
11.1564,167.346,5.4437500000000005,-5.9950847153549
11.1564,167.346,5.446875,-6.076429149987284
11.1564,167.346,5.45,-6.126827211530259
11.1564,167.346,5.453125,-6.139437444751561
11.1564,167.346,5.456250000000001,-6.108878629387206
11.1564,167.346,5.4593750000000005,-6.042874687502357
11.1564,167.346,5.4625,-5.936963822346537
11.1564,167.346,5.465625,-5.805591252609727
11.1564,167.346,5.46875,-5.648185226843855
11.1564,167.346,5.471875000000001,-5.4844563340179375
11.1564,167.346,5.4750000000000005,-5.3215125162344865
11.1564,167.346,5.478125,-5.169530780214631
11.1564,167.346,5.48125,-5.028383649632399
11.1564,167.346,5.484375,-4.9066800358077485
11.1564,167.346,5.487500000000001,-4.811704817610297
11.1564,167.346,5.4906250000000005,-4.748874975105394
11.1564,167.346,5.49375,-4.709001196875024
11.1564,167.346,5.496875,-4.699250762129777
11.1564,167.346,5.5,-4.710653964299284
11.1564,167.346,5.503125000000001,-4.742067559626917
11.1564,167.346,5.5062500000000005,-4.793569998709069
11.1564,167.346,5.509375,-4.863808637244769
11.1564,167.346,5.5125,-4.942963414719815
11.1564,167.346,5.515625,-5.029265255432316
11.1564,167.346,5.518750000000001,-5.120076448638916
11.1564,167.346,5.5218750000000005,-5.20736371115989
11.1564,167.346,5.525,-5.284065763762287
11.1564,167.346,5.528125,-5.338897388122451
11.1564,167.346,5.53125,-5.3822880133517845
11.1564,167.346,5.534375000000001,-5.396184573239845
11.1564,167.346,5.5375000000000005,-5.387545764038525
11.1564,167.346,5.540625,-5.351686833465309
11.1564,167.346,5.54375,-5.27410356502632
11.1564,167.346,5.546875,-5.1819652883934895
11.1564,167.346,5.550000000000001,-5.058989016676368
11.1564,167.346,5.5531250000000005,-4.925018620324056
11.1564,167.346,5.55625,-4.78118912936445
11.1564,167.346,5.559375,-4.637826608853134
11.1564,167.346,5.5625,-4.4917077258288725
11.1564,167.346,5.565625000000001,-4.354077139454291
11.1564,167.346,5.5687500000000005,-4.2357073498053985
11.1564,167.346,5.571875,-4.125671343392042
11.1564,167.346,5.575,-4.0408493477208225
11.1564,167.346,5.578125,-3.984412128001711
11.1564,167.346,5.581250000000001,-3.938265487823652
11.1564,167.346,5.5843750000000005,-3.915589055171294
11.1564,167.346,5.5875,-3.9189276832368876
11.1564,167.346,5.590625,-3.9482257615673055
11.1564,167.346,5.59375,-3.9938922274939004
11.1564,167.346,5.596875000000001,-4.065623175513101
11.1564,167.346,5.6000000000000005,-4.15114015494862
11.1564,167.346,5.603125,-4.252875434593874
11.1564,167.346,5.60625,-4.3710626130135095
11.1564,167.346,5.609375,-4.490342568365914
11.1564,167.346,5.612500000000001,-4.625740819373283
11.1564,167.346,5.6156250000000005,-4.751099527527771
11.1564,167.346,5.61875,-4.870378983653266
11.1564,167.346,5.621875,-4.9787877974352845
11.1564,167.346,5.625,-5.058067732323368
11.1564,167.346,5.628125000000001,-5.111093009353548
11.1564,167.346,5.6312500000000005,-5.127580726325607
11.1564,167.346,5.634375,-5.109761441349937
11.1564,167.346,5.6375,-5.052045594921649
11.1564,167.346,5.640625,-4.965031936625295
11.1564,167.346,5.643750000000001,-4.846666617987003
11.1564,167.346,5.6468750000000005,-4.713338347021782
11.1564,167.346,5.65,-4.562541220067619
11.1564,167.346,5.653125,-4.412295801051023
11.1564,167.346,5.65625,-4.268275076044972
11.1564,167.346,5.659375000000001,-4.141651693362186
11.1564,167.346,5.6625000000000005,-4.0253220184281
11.1564,167.346,5.665625,-3.929158608378083
11.1564,167.346,5.66875,-3.86250062166535
11.1564,167.346,5.671875,-3.813755684610591
11.1564,167.346,5.675000000000001,-3.7823854818447926
11.1564,167.346,5.6781250000000005,-3.7768087242588533
11.1564,167.346,5.68125,-3.794007822285972
11.1564,167.346,5.684375,-3.827225642514
11.1564,167.346,5.6875,-3.8716836284595675
11.1564,167.346,5.690625000000001,-3.9369292142100933
11.1564,167.346,5.6937500000000005,-4.002032465402346
11.1564,167.346,5.696875,-4.073331137920245
11.1564,167.346,5.7,-4.146411616125145
11.1564,167.346,5.703125,-4.2153272720831
11.1564,167.346,5.706250000000001,-4.273490405300662
11.1564,167.346,5.7093750000000005,-4.32792361067326
11.1564,167.346,5.7125,-4.350707327684774
11.1564,167.346,5.715625,-4.35928598262197
11.1564,167.346,5.71875,-4.337425802373985
11.1564,167.346,5.721875000000001,-4.2860850457304895
11.1564,167.346,5.7250000000000005,-4.2075036282901825
11.1564,167.346,5.728125,-4.112012855209445
11.1564,167.346,5.73125,-3.979795709291876
11.1564,167.346,5.734375,-3.8314313942720246
11.1564,167.346,5.737500000000001,-3.676077020455448
11.1564,167.346,5.7406250000000005,-3.51933515299794
11.1564,167.346,5.74375,-3.36580729907885
11.1564,167.346,5.746875,-3.2238289495888104
11.1564,167.346,5.75,-3.097613652698563
11.1564,167.346,5.753125000000001,-2.989996880443955
11.1564,167.346,5.7562500000000005,-2.9054083772289534
11.1564,167.346,5.759375,-2.8423983717720342
11.1564,167.346,5.7625,-2.8128878675403253
11.1564,167.346,5.765625,-2.7996446235099004
11.1564,167.346,5.768750000000001,-2.814482825216678
11.1564,167.346,5.7718750000000005,-2.8517024774160578
11.1564,167.346,5.775,-2.904383578163567
11.1564,167.346,5.778125,-2.975674092190985
11.1564,167.346,5.78125,-3.059818048084284
11.1564,167.346,5.784375000000001,-3.1496359776255978
11.1564,167.346,5.7875000000000005,-3.246338546425802
11.1564,167.346,5.790625,-3.343205540411213
11.1564,167.346,5.79375,-3.4410437886156213
11.1564,167.346,5.796875,-3.525671264918038
11.1564,167.346,5.800000000000001,-3.5951722381038924
11.1564,167.346,5.8031250000000005,-3.6530432509776607
11.1564,167.346,5.80625,-3.6800433091986755
11.1564,167.346,5.809375,-3.68786247030825
11.1564,167.346,5.8125,-3.6722279076228754
11.1564,167.346,5.815625000000001,-3.6279142551607846
11.1564,167.346,5.8187500000000005,-3.5588125187556447
11.1564,167.346,5.821875,-3.468315826570695
11.1564,167.346,5.825,-3.3680628074289514
11.1564,167.346,5.828125,-3.2464495313399095
11.1564,167.346,5.831250000000001,-3.1220909447490826
11.1564,167.346,5.8343750000000005,-3.0050771115497534
11.1564,167.346,5.8375,-2.891025946554323
11.1564,167.346,5.840625,-2.790180750500123
11.1564,167.346,5.84375,-2.7048114784532205
11.1564,167.346,5.846875000000001,-2.6359245471983686
11.1564,167.346,5.8500000000000005,-2.5975990114072727
11.1564,167.346,5.853125,-2.5773543619703982
11.1564,167.346,5.85625,-2.5789240177683883
11.1564,167.346,5.859375,-2.6105576741540597
11.1564,167.346,5.862500000000001,-2.653679111542818
11.1564,167.346,5.8656250000000005,-2.721036613502042
11.1564,167.346,5.86875,-2.8017684800214715
11.1564,167.346,5.871875,-2.8883770523016965
11.1564,167.346,5.875,-2.9821438494849324
11.1564,167.346,5.878125000000001,-3.0770061928977315
11.1564,167.346,5.8812500000000005,-3.1741759196586243
11.1564,167.346,5.884375,-3.26211752286274
11.1564,167.346,5.8875,-3.3308624209512736
11.1564,167.346,5.890625,-3.3839151011043573
11.1564,167.346,5.893750000000001,-3.4198391652985642
11.1564,167.346,5.8968750000000005,-3.4314518430385457
11.1564,167.346,5.9,-3.400824242845823
11.1564,167.346,5.903125,-3.3382988697192624
11.1564,167.346,5.90625,-3.2544905351913034
11.1564,167.346,5.909375000000001,-3.134269818896929
11.1564,167.346,5.9125000000000005,-2.9894090596028757
11.1564,167.346,5.915625,-2.839838901906096
11.1564,167.346,5.91875,-2.676782481087386
11.1564,167.346,5.921875,-2.519201309695693
11.1564,167.346,5.925000000000001,-2.36336324261175
11.1564,167.346,5.9281250000000005,-2.2249815030364513
11.1564,167.346,5.93125,-2.1155749979945577
11.1564,167.346,5.934375,-2.01919564325785
11.1564,167.346,5.9375,-1.9554138857319274
11.1564,167.346,5.940625000000001,-1.9126504718032555
11.1564,167.346,5.9437500000000005,-1.8973219381246855
11.1564,167.346,5.946875,-1.9067733954964583
11.1564,167.346,5.95,-1.9372277554814235
11.1564,167.346,5.953125,-1.9925026418588572
11.1564,167.346,5.956250000000001,-2.058364838380614
11.1564,167.346,5.9593750000000005,-2.1480221055187614
11.1564,167.346,5.9625,-2.243284875815299
11.1564,167.346,5.965625,-2.3464509298038685
11.1564,167.346,5.96875,-2.4565844154793925
11.1564,167.346,5.971875000000001,-2.5694727492954255
11.1564,167.346,5.9750000000000005,-2.6847860434959903
11.1564,167.346,5.978125,-2.7996523202695904
11.1564,167.346,5.98125,-2.8999129060198743
11.1564,167.346,5.984375,-2.9852688229646662
11.1564,167.346,5.987500000000001,-3.04743580523444
11.1564,167.346,5.9906250000000005,-3.0819645070825286
11.1564,167.346,5.99375,-3.090816695577965
11.1564,167.346,5.996875,-3.057648715098667
11.1564,167.346,6,-3.0075632863122688
