"Current","Field","Frequency","Spectra"
11.6813,175.22,1,-0.9163496159142949
11.6813,175.22,1.003125,-0.875073269346075
11.6813,175.22,1.00625,-0.8381456613082177
11.6813,175.22,1.0093750000000001,-0.8063676220857319
11.6813,175.22,1.0125,-0.7832485690192824
11.6813,175.22,1.015625,-0.7694367427682525
11.6813,175.22,1.01875,-0.7696719227677257
11.6813,175.22,1.021875,-0.77543535142656
11.6813,175.22,1.0250000000000001,-0.7959667449694312
11.6813,175.22,1.028125,-0.8315478030257234
11.6813,175.22,1.03125,-0.8766301639312658
11.6813,175.22,1.034375,-0.9332886892807178
11.6813,175.22,1.0375,-0.9984665785051307
11.6813,175.22,1.0406250000000001,-1.0653756106278882
11.6813,175.22,1.04375,-1.133806244272493
11.6813,175.22,1.046875,-1.2027594242688353
11.6813,175.22,1.05,-1.2660884103937688
11.6813,175.22,1.053125,-1.3192289578878023
11.6813,175.22,1.0562500000000001,-1.3673251772441994
11.6813,175.22,1.059375,-1.4049976185023259
11.6813,175.22,1.0625,-1.4284792950147094
11.6813,175.22,1.065625,-1.4390135013599696
11.6813,175.22,1.06875,-1.442209868995126
11.6813,175.22,1.0718750000000001,-1.4311448597680945
11.6813,175.22,1.0750000000000002,-1.4111115766415034
11.6813,175.22,1.078125,-1.3787365299758603
11.6813,175.22,1.08125,-1.3423950456817728
11.6813,175.22,1.084375,-1.2950731972214253
11.6813,175.22,1.0875000000000001,-1.2415959532754401
11.6813,175.22,1.0906250000000002,-1.1855046218987775
11.6813,175.22,1.09375,-1.1396403137885849
11.6813,175.22,1.096875,-1.0800360852070447
11.6813,175.22,1.1,-1.034851706567671
11.6813,175.22,1.1031250000000001,-0.9957774856246916
11.6813,175.22,1.1062500000000002,-0.9505912893385668
11.6813,175.22,1.109375,-0.9190882600797541
11.6813,175.22,1.1125,-0.8986430560063952
11.6813,175.22,1.115625,-0.8869508547707937
11.6813,175.22,1.1187500000000001,-0.8867070912932764
11.6813,175.22,1.1218750000000002,-0.8957359901323109
11.6813,175.22,1.125,-0.9103169197753855
11.6813,175.22,1.128125,-0.9363150247926371
11.6813,175.22,1.13125,-0.9666399794506564
11.6813,175.22,1.1343750000000001,-1.0032310882369526
11.6813,175.22,1.1375000000000002,-1.0449485072293097
11.6813,175.22,1.140625,-1.0858167306280508
11.6813,175.22,1.14375,-1.1205951246306731
11.6813,175.22,1.146875,-1.1556357584517287
11.6813,175.22,1.1500000000000001,-1.190088653423053
11.6813,175.22,1.1531250000000002,-1.2145175888813498
11.6813,175.22,1.15625,-1.2288942406222199
11.6813,175.22,1.159375,-1.2351093417291656
11.6813,175.22,1.1625,-1.2333776442553206
11.6813,175.22,1.1656250000000001,-1.2187754518280705
11.6813,175.22,1.1687500000000002,-1.1997958301861542
11.6813,175.22,1.171875,-1.1700760796267344
11.6813,175.22,1.175,-1.1292541430553285
11.6813,175.22,1.178125,-1.0838177748690219
11.6813,175.22,1.1812500000000001,-1.0342467848311436
11.6813,175.22,1.1843750000000002,-0.9840585463911466
11.6813,175.22,1.1875,-0.9311391727579809
11.6813,175.22,1.190625,-0.8829073517510551
11.6813,175.22,1.19375,-0.8419769976148049
11.6813,175.22,1.1968750000000001,-0.8097835768008892
11.6813,175.22,1.2000000000000002,-0.784463279938361
11.6813,175.22,1.203125,-0.7753986297264059
11.6813,175.22,1.20625,-0.7797656555437111
11.6813,175.22,1.209375,-0.7982173295558253
11.6813,175.22,1.2125000000000001,-0.8338353380324941
11.6813,175.22,1.2156250000000002,-0.8831479907941426
11.6813,175.22,1.21875,-0.9384608374907956
11.6813,175.22,1.221875,-1.0035299693669695
11.6813,175.22,1.225,-1.0792050479001911
11.6813,175.22,1.2281250000000001,-1.1549876839596833
11.6813,175.22,1.2312500000000002,-1.2297587124465683
11.6813,175.22,1.234375,-1.3001883432621604
11.6813,175.22,1.2375,-1.3577650199318756
11.6813,175.22,1.240625,-1.4102506346074426
11.6813,175.22,1.2437500000000001,-1.4567751045382273
11.6813,175.22,1.2468750000000002,-1.4928798521146256
11.6813,175.22,1.25,-1.510965981322536
11.6813,175.22,1.253125,-1.5180183835920817
11.6813,175.22,1.25625,-1.5017013383453075
11.6813,175.22,1.2593750000000001,-1.472712913816262
11.6813,175.22,1.2625000000000002,-1.4522434046462576
11.6813,175.22,1.265625,-1.4230351019040182
11.6813,175.22,1.26875,-1.3831754524588593
11.6813,175.22,1.271875,-1.3349263049511395
11.6813,175.22,1.2750000000000001,-1.2818526541005228
11.6813,175.22,1.2781250000000002,-1.2205887219746963
11.6813,175.22,1.28125,-1.1739738840013243
11.6813,175.22,1.284375,-1.1333459713488243
11.6813,175.22,1.2875,-1.0987076851368498
11.6813,175.22,1.2906250000000001,-1.0631867659448373
11.6813,175.22,1.2937500000000002,-1.0409518158624613
11.6813,175.22,1.296875,-1.0279205627251158
11.6813,175.22,1.3,-1.0199499017813596
11.6813,175.22,1.303125,-1.0328560198369248
11.6813,175.22,1.3062500000000001,-1.054175277422093
11.6813,175.22,1.3093750000000002,-1.0764887480178829
11.6813,175.22,1.3125,-1.115779241246651
11.6813,175.22,1.315625,-1.1550109607336634
11.6813,175.22,1.31875,-1.1990705599678837
11.6813,175.22,1.3218750000000001,-1.2412399587936571
11.6813,175.22,1.3250000000000002,-1.287484488690909
11.6813,175.22,1.328125,-1.324952181155183
11.6813,175.22,1.33125,-1.354159434585531
11.6813,175.22,1.334375,-1.3795154507166008
11.6813,175.22,1.3375000000000001,-1.391450559382115
11.6813,175.22,1.3406250000000002,-1.394275366760693
11.6813,175.22,1.34375,-1.3894346706543685
11.6813,175.22,1.346875,-1.3709114507144085
11.6813,175.22,1.35,-1.345115458925557
11.6813,175.22,1.3531250000000001,-1.3084418712299075
11.6813,175.22,1.3562500000000002,-1.264587133796859
11.6813,175.22,1.359375,-1.2180844258391184
11.6813,175.22,1.3625,-1.160734589906667
11.6813,175.22,1.365625,-1.1023936014239375
11.6813,175.22,1.3687500000000001,-1.0418837839057362
11.6813,175.22,1.3718750000000002,-0.986408882531974
11.6813,175.22,1.375,-0.938061621253012
11.6813,175.22,1.378125,-0.8971712772892568
11.6813,175.22,1.38125,-0.8640008659127705
11.6813,175.22,1.3843750000000001,-0.8381691334500938
11.6813,175.22,1.3875000000000002,-0.8295193532839815
11.6813,175.22,1.390625,-0.8371696900394782
11.6813,175.22,1.39375,-0.8588212209695298
11.6813,175.22,1.396875,-0.897113283435802
11.6813,175.22,1.4000000000000001,-0.9512556527346462
11.6813,175.22,1.4031250000000002,-1.0057260183887486
11.6813,175.22,1.40625,-1.0694409081254217
11.6813,175.22,1.409375,-1.14338406940555
11.6813,175.22,1.4125,-1.2197321182301186
11.6813,175.22,1.4156250000000001,-1.29236901402604
11.6813,175.22,1.4187500000000002,-1.3668030318195559
11.6813,175.22,1.421875,-1.4292595285784233
11.6813,175.22,1.425,-1.48335869570852
11.6813,175.22,1.428125,-1.5303430635170403
11.6813,175.22,1.4312500000000001,-1.562202571089569
11.6813,175.22,1.4343750000000002,-1.5850026391722047
11.6813,175.22,1.4375,-1.5935215724662468
11.6813,175.22,1.440625,-1.5911588830431158
11.6813,175.22,1.44375,-1.5753247515423934
11.6813,175.22,1.4468750000000001,-1.5502157902881524
11.6813,175.22,1.4500000000000002,-1.5116976538597349
11.6813,175.22,1.453125,-1.4709453637347698
11.6813,175.22,1.45625,-1.4185870776548362
11.6813,175.22,1.459375,-1.365315060934923
11.6813,175.22,1.4625000000000001,-1.3131612368942067
11.6813,175.22,1.4656250000000002,-1.2581108756704693
11.6813,175.22,1.46875,-1.211659785106664
11.6813,175.22,1.471875,-1.1727723824099785
11.6813,175.22,1.475,-1.1389883070971738
11.6813,175.22,1.4781250000000001,-1.1206944497187201
11.6813,175.22,1.4812500000000002,-1.1109853665564953
11.6813,175.22,1.484375,-1.118051611188887
11.6813,175.22,1.4875,-1.1385847126408741
11.6813,175.22,1.490625,-1.1714551411880354
11.6813,175.22,1.4937500000000001,-1.2184134181390847
11.6813,175.22,1.4968750000000002,-1.2687428652216495
11.6813,175.22,1.5,-1.3227762131257268
11.6813,175.22,1.503125,-1.381982748291751
11.6813,175.22,1.50625,-1.4344334936785152
11.6813,175.22,1.5093750000000001,-1.4842568709194757
11.6813,175.22,1.5125000000000002,-1.5282807555264897
11.6813,175.22,1.515625,-1.5615386813735173
11.6813,175.22,1.51875,-1.5882142178460021
11.6813,175.22,1.521875,-1.599053988566443
11.6813,175.22,1.5250000000000001,-1.595460032980149
11.6813,175.22,1.5281250000000002,-1.5830910278830235
11.6813,175.22,1.53125,-1.5621191575404318
11.6813,175.22,1.534375,-1.5327535059093458
11.6813,175.22,1.5375,-1.4951101542318033
11.6813,175.22,1.5406250000000001,-1.4494194781968393
11.6813,175.22,1.5437500000000002,-1.3964249297594042
11.6813,175.22,1.546875,-1.3372375665898348
11.6813,175.22,1.55,-1.2790198625093143
11.6813,175.22,1.553125,-1.2177179927782535
11.6813,175.22,1.5562500000000001,-1.1567627590318634
11.6813,175.22,1.5593750000000002,-1.1006005971976827
11.6813,175.22,1.5625,-1.0475753648276689
11.6813,175.22,1.565625,-1.001538029084914
11.6813,175.22,1.56875,-0.9719989392109099
11.6813,175.22,1.5718750000000001,-0.9555336868536843
11.6813,175.22,1.5750000000000002,-0.951399690752925
11.6813,175.22,1.578125,-0.9641157008938107
11.6813,175.22,1.58125,-0.9943648404075942
11.6813,175.22,1.584375,-1.0420938825716106
11.6813,175.22,1.5875000000000001,-1.1045311071198172
11.6813,175.22,1.5906250000000002,-1.1775348733873043
11.6813,175.22,1.59375,-1.2581710560035944
11.6813,175.22,1.596875,-1.340786300862242
11.6813,175.22,1.6,-1.4216820386648914
11.6813,175.22,1.6031250000000001,-1.4970109826135252
11.6813,175.22,1.6062500000000002,-1.5632844791788127
11.6813,175.22,1.609375,-1.6168975555611718
11.6813,175.22,1.6125,-1.6610219693769925
11.6813,175.22,1.615625,-1.6851881420704755
11.6813,175.22,1.6187500000000001,-1.6952082240622661
11.6813,175.22,1.6218750000000002,-1.691713930426633
11.6813,175.22,1.625,-1.6752172244223984
11.6813,175.22,1.628125,-1.6447079119613448
11.6813,175.22,1.63125,-1.6087685729651924
11.6813,175.22,1.6343750000000001,-1.5628258348605994
11.6813,175.22,1.6375000000000002,-1.5171824186361
11.6813,175.22,1.640625,-1.4665413380570982
11.6813,175.22,1.64375,-1.4153261711549914
11.6813,175.22,1.646875,-1.3662576458263684
11.6813,175.22,1.6500000000000001,-1.322274377957384
11.6813,175.22,1.6531250000000002,-1.2872847280335291
11.6813,175.22,1.65625,-1.2624853010704413
11.6813,175.22,1.659375,-1.2536089981586311
11.6813,175.22,1.6625,-1.26521420696555
11.6813,175.22,1.6656250000000001,-1.2680598824736522
11.6813,175.22,1.6687500000000002,-1.2608163531216259
11.6813,175.22,1.671875,-1.2823653215997428
11.6813,175.22,1.675,-1.317426564965123
11.6813,175.22,1.678125,-1.3609235046465478
11.6813,175.22,1.6812500000000001,-1.418324746605313
11.6813,175.22,1.6843750000000002,-1.4753964081973814
11.6813,175.22,1.6875,-1.5399324695415206
11.6813,175.22,1.690625,-1.5996594461476763
11.6813,175.22,1.69375,-1.6583239825496243
11.6813,175.22,1.6968750000000001,-1.709605810757643
11.6813,175.22,1.7000000000000002,-1.7549093565706275
11.6813,175.22,1.703125,-1.7838445894586035
11.6813,175.22,1.70625,-1.8052229872339645
11.6813,175.22,1.709375,-1.8139990219457194
11.6813,175.22,1.7125000000000001,-1.8111590308701362
11.6813,175.22,1.7156250000000002,-1.7944331513165557
11.6813,175.22,1.71875,-1.7653762533732174
11.6813,175.22,1.721875,-1.7221637826773075
11.6813,175.22,1.725,-1.6696918835204726
11.6813,175.22,1.7281250000000001,-1.6046731311879217
11.6813,175.22,1.7312500000000002,-1.5381531964878201
11.6813,175.22,1.734375,-1.4650464938013774
11.6813,175.22,1.7375,-1.3884332596332367
11.6813,175.22,1.740625,-1.3201628697871484
11.6813,175.22,1.7437500000000001,-1.2526011011220441
11.6813,175.22,1.7468750000000002,-1.1923222837371072
11.6813,175.22,1.75,-1.1422416617782676
11.6813,175.22,1.753125,-1.1075798310925449
11.6813,175.22,1.75625,-1.0866725829570785
11.6813,175.22,1.7593750000000001,-1.0840184038598855
11.6813,175.22,1.7625000000000002,-1.0993754046006883
11.6813,175.22,1.765625,-1.1305845920657869
11.6813,175.22,1.76875,-1.1762712694494084
11.6813,175.22,1.771875,-1.235418867348735
11.6813,175.22,1.7750000000000001,-1.3016251052515828
11.6813,175.22,1.7781250000000002,-1.372018654803221
11.6813,175.22,1.78125,-1.4458087135544169
11.6813,175.22,1.784375,-1.5194645892676166
11.6813,175.22,1.7875,-1.5921130258787328
11.6813,175.22,1.7906250000000001,-1.6494381428684948
11.6813,175.22,1.7937500000000002,-1.6989363131319688
11.6813,175.22,1.7968750000000002,-1.7354483442542525
11.6813,175.22,1.8,-1.759458648906371
11.6813,175.22,1.803125,-1.7700928731175904
11.6813,175.22,1.8062500000000001,-1.7710971694648885
11.6813,175.22,1.8093750000000002,-1.7572503839416491
11.6813,175.22,1.8125000000000002,-1.7345567678131812
11.6813,175.22,1.815625,-1.7048364093324073
11.6813,175.22,1.81875,-1.6637384258130783
11.6813,175.22,1.8218750000000001,-1.6183601347363372
11.6813,175.22,1.8250000000000002,-1.5676867987825642
11.6813,175.22,1.8281250000000002,-1.5168449723458242
11.6813,175.22,1.83125,-1.4664035950307361
11.6813,175.22,1.834375,-1.4197416042807522
11.6813,175.22,1.8375000000000001,-1.3754394688460734
11.6813,175.22,1.8406250000000002,-1.3409691318704016
11.6813,175.22,1.8437500000000002,-1.3177805562751295
11.6813,175.22,1.846875,-1.3044692086904761
11.6813,175.22,1.85,-1.3056591617273903
11.6813,175.22,1.8531250000000001,-1.3209244522723764
11.6813,175.22,1.8562500000000002,-1.3517021131373013
11.6813,175.22,1.8593750000000002,-1.3925295179375372
11.6813,175.22,1.8625,-1.4504173125762818
11.6813,175.22,1.865625,-1.5138148889695984
11.6813,175.22,1.8687500000000001,-1.5845703424523054
11.6813,175.22,1.8718750000000002,-1.656523882995309
11.6813,175.22,1.8750000000000002,-1.7285980516108188
11.6813,175.22,1.878125,-1.7949547056917
11.6813,175.22,1.88125,-1.852155859943444
11.6813,175.22,1.8843750000000001,-1.9002558505473146
11.6813,175.22,1.8875000000000002,-1.9348091114118027
11.6813,175.22,1.8906250000000002,-1.9550477195172065
11.6813,175.22,1.89375,-1.96012279419
11.6813,175.22,1.896875,-1.9449922100466757
11.6813,175.22,1.9000000000000001,-1.9204499351940236
11.6813,175.22,1.9031250000000002,-1.8813725786796998
11.6813,175.22,1.9062500000000002,-1.8343213213329126
11.6813,175.22,1.909375,-1.7750921654638343
11.6813,175.22,1.9125,-1.70906023233003
11.6813,175.22,1.9156250000000001,-1.6383451394131068
11.6813,175.22,1.9187500000000002,-1.5620488656027434
11.6813,175.22,1.9218750000000002,-1.489471648026572
11.6813,175.22,1.925,-1.4217219167253317
11.6813,175.22,1.928125,-1.3562462127237311
11.6813,175.22,1.9312500000000001,-1.3002510417831652
11.6813,175.22,1.9343750000000002,-1.2556194721028011
11.6813,175.22,1.9375000000000002,-1.2198011069502428
11.6813,175.22,1.940625,-1.200204814373658
11.6813,175.22,1.94375,-1.197925137514944
11.6813,175.22,1.9468750000000001,-1.2090315864456604
11.6813,175.22,1.9500000000000002,-1.2368647528627932
11.6813,175.22,1.9531250000000002,-1.2760773374749832
11.6813,175.22,1.95625,-1.3308643476999866
11.6813,175.22,1.959375,-1.3962209560652985
11.6813,175.22,1.9625000000000001,-1.461447267151519
11.6813,175.22,1.9656250000000002,-1.5377772446128912
11.6813,175.22,1.9687500000000002,-1.6075846209068998
11.6813,175.22,1.971875,-1.6737596827958032
11.6813,175.22,1.975,-1.73097349340728
11.6813,175.22,1.9781250000000001,-1.778586077001116
11.6813,175.22,1.9812500000000002,-1.811278484981208
11.6813,175.22,1.9843750000000002,-1.8302605430067034
11.6813,175.22,1.9875,-1.8371202459647187
11.6813,175.22,1.990625,-1.8282085803353774
11.6813,175.22,1.9937500000000001,-1.8063660902265413
11.6813,175.22,1.9968750000000002,-1.7705325974645478
11.6813,175.22,2,-1.7272184555301417
11.6813,175.22,2.0031250000000003,-1.6719480789229886
11.6813,175.22,2.00625,-1.612746167745396
11.6813,175.22,2.009375,-1.5465098001475595
11.6813,175.22,2.0125,-1.4831743848968557
11.6813,175.22,2.015625,-1.4228798205074176
11.6813,175.22,2.0187500000000003,-1.3634373269886535
11.6813,175.22,2.021875,-1.3140924250517405
11.6813,175.22,2.025,-1.2715726563844316
11.6813,175.22,2.028125,-1.246612670489871
11.6813,175.22,2.03125,-1.2356572114114537
11.6813,175.22,2.0343750000000003,-1.2418443775286905
11.6813,175.22,2.0375,-1.2680477867884654
11.6813,175.22,2.040625,-1.3056522000062514
11.6813,175.22,2.04375,-1.3600538494644412
11.6813,175.22,2.046875,-1.426660318614569
11.6813,175.22,2.0500000000000003,-1.498900537246759
11.6813,175.22,2.053125,-1.5790404316584592
11.6813,175.22,2.05625,-1.6627425016010287
11.6813,175.22,2.059375,-1.744096182590133
11.6813,175.22,2.0625,-1.817942493040635
11.6813,175.22,2.0656250000000003,-1.8843366419888308
11.6813,175.22,2.06875,-1.9383388000661663
11.6813,175.22,2.071875,-1.9757681889570518
11.6813,175.22,2.075,-1.9986554409018913
11.6813,175.22,2.078125,-2.0089372831089487
11.6813,175.22,2.0812500000000003,-2.002691262073926
11.6813,175.22,2.084375,-1.984496297074415
11.6813,175.22,2.0875,-1.9482404718893866
11.6813,175.22,2.090625,-1.8974488077359195
11.6813,175.22,2.09375,-1.8381328225912035
11.6813,175.22,2.0968750000000003,-1.7710334638167449
11.6813,175.22,2.1,-1.6997763852872703
11.6813,175.22,2.103125,-1.6272345470143228
11.6813,175.22,2.10625,-1.552588275815958
11.6813,175.22,2.109375,-1.4818425058383247
11.6813,175.22,2.1125000000000003,-1.4125967568217113
11.6813,175.22,2.115625,-1.3550895622106027
11.6813,175.22,2.11875,-1.3000915048643424
11.6813,175.22,2.121875,-1.2613056765272126
11.6813,175.22,2.125,-1.2371260948056273
11.6813,175.22,2.1281250000000003,-1.224375287243094
11.6813,175.22,2.13125,-1.2356542061875198
11.6813,175.22,2.134375,-1.2586146932565236
11.6813,175.22,2.1375,-1.298421547141744
11.6813,175.22,2.140625,-1.3520779149327402
11.6813,175.22,2.1437500000000003,-1.41670137597279
11.6813,175.22,2.146875,-1.4887979967475127
11.6813,175.22,2.1500000000000004,-1.5654766091064385
11.6813,175.22,2.153125,-1.6392612024217885
11.6813,175.22,2.15625,-1.7105629167211591
11.6813,175.22,2.1593750000000003,-1.771725064585849
11.6813,175.22,2.1625,-1.8214620561674688
11.6813,175.22,2.1656250000000004,-1.8544434002767918
11.6813,175.22,2.16875,-1.8712912444781362
11.6813,175.22,2.171875,-1.8732395450040609
11.6813,175.22,2.1750000000000003,-1.8579183593049327
11.6813,175.22,2.178125,-1.8283410560612126
11.6813,175.22,2.1812500000000004,-1.7911420634519364
11.6813,175.22,2.184375,-1.7379108665040515
11.6813,175.22,2.1875,-1.6790506652181856
11.6813,175.22,2.1906250000000003,-1.6146658760544397
11.6813,175.22,2.19375,-1.5422633528060556
11.6813,175.22,2.1968750000000004,-1.463881548024434
11.6813,175.22,2.2,-1.389968001200286
11.6813,175.22,2.203125,-1.3246176744313387
11.6813,175.22,2.2062500000000003,-1.268844536049881
11.6813,175.22,2.209375,-1.22519626732546
11.6813,175.22,2.2125000000000004,-1.1951438547775348
11.6813,175.22,2.215625,-1.1791846830461612
11.6813,175.22,2.21875,-1.1810883588333678
11.6813,175.22,2.2218750000000003,-1.1979159539059374
11.6813,175.22,2.225,-1.234807816901452
11.6813,175.22,2.2281250000000004,-1.2850199603541737
11.6813,175.22,2.23125,-1.3481054793693192
11.6813,175.22,2.234375,-1.4212831606318432
11.6813,175.22,2.2375000000000003,-1.5001565967292532
11.6813,175.22,2.240625,-1.5805215416037428
11.6813,175.22,2.2437500000000004,-1.6611602778188073
11.6813,175.22,2.246875,-1.737829796981687
11.6813,175.22,2.25,-1.8059234713514702
11.6813,175.22,2.2531250000000003,-1.8634090190832941
11.6813,175.22,2.25625,-1.9079401053706346
11.6813,175.22,2.2593750000000004,-1.9407169680188359
11.6813,175.22,2.2625,-1.9553943970107543
11.6813,175.22,2.265625,-1.9545210139214206
11.6813,175.22,2.2687500000000003,-1.940867677736752
11.6813,175.22,2.271875,-1.9134120784773037
11.6813,175.22,2.2750000000000004,-1.8750311279609404
11.6813,175.22,2.278125,-1.8242900675426372
11.6813,175.22,2.28125,-1.7684339502734447
11.6813,175.22,2.2843750000000003,-1.7020422097663714
11.6813,175.22,2.2875,-1.6350913271206011
11.6813,175.22,2.2906250000000004,-1.5620270182447404
11.6813,175.22,2.29375,-1.4911727339767287
11.6813,175.22,2.296875,-1.4223335798305468
11.6813,175.22,2.3000000000000003,-1.3611244758280034
11.6813,175.22,2.303125,-1.3100270770865103
11.6813,175.22,2.3062500000000004,-1.2673640603786178
11.6813,175.22,2.309375,-1.2386390289191498
11.6813,175.22,2.3125,-1.2247639285232406
11.6813,175.22,2.3156250000000003,-1.2264890431187803
11.6813,175.22,2.31875,-1.2446980741761682
11.6813,175.22,2.3218750000000004,-1.2781827369615628
11.6813,175.22,2.325,-1.3254416719513797
11.6813,175.22,2.328125,-1.3858026322264703
11.6813,175.22,2.3312500000000003,-1.4558255833415727
11.6813,175.22,2.334375,-1.5296642350402792
11.6813,175.22,2.3375000000000004,-1.6048178076446007
11.6813,175.22,2.340625,-1.67518150673141
11.6813,175.22,2.34375,-1.737766409325636
11.6813,175.22,2.3468750000000003,-1.7941092270751802
11.6813,175.22,2.35,-1.8347886686501902
11.6813,175.22,2.3531250000000004,-1.8631721166073587
11.6813,175.22,2.35625,-1.8762790406270913
11.6813,175.22,2.359375,-1.8719258710674256
11.6813,175.22,2.3625000000000003,-1.854574415954291
11.6813,175.22,2.365625,-1.823413680035078
11.6813,175.22,2.3687500000000004,-1.7742253722232917
11.6813,175.22,2.371875,-1.7181587799411324
11.6813,175.22,2.375,-1.6533323781572598
11.6813,175.22,2.3781250000000003,-1.5861442244639166
11.6813,175.22,2.38125,-1.5122138436629728
11.6813,175.22,2.3843750000000004,-1.4378736311662683
11.6813,175.22,2.3875,-1.368467482814958
11.6813,175.22,2.390625,-1.3000116934627406
11.6813,175.22,2.3937500000000003,-1.2422675629451103
11.6813,175.22,2.396875,-1.2000518082879053
11.6813,175.22,2.4000000000000004,-1.1694656632407232
11.6813,175.22,2.403125,-1.1582747731377971
11.6813,175.22,2.40625,-1.1664170252803105
11.6813,175.22,2.4093750000000003,-1.195557683451068
11.6813,175.22,2.4125,-1.2453586992379755
11.6813,175.22,2.4156250000000004,-1.3186750603900874
11.6813,175.22,2.41875,-1.4150472016834175
11.6813,175.22,2.421875,-1.5413263265953843
11.6813,175.22,2.4250000000000003,-1.7170385748683437
11.6813,175.22,2.428125,-2.0226729471078113
11.6813,175.22,2.4312500000000004,-2.7330581094565485
11.6813,175.22,2.434375,-3.400613081382848
11.6813,175.22,2.4375,-2.4965563162839897
11.6813,175.22,2.4406250000000003,-2.1611266512599077
11.6813,175.22,2.44375,-2.071190600247315
11.6813,175.22,2.4468750000000004,-2.0458670540624193
11.6813,175.22,2.45,-2.0314383100187885
11.6813,175.22,2.453125,-2.012362269918168
11.6813,175.22,2.4562500000000003,-1.9819355818487838
11.6813,175.22,2.459375,-1.9403425322353276
11.6813,175.22,2.4625000000000004,-1.890143128587671
11.6813,175.22,2.465625,-1.828817608711545
11.6813,175.22,2.46875,-1.7611122440141598
11.6813,175.22,2.4718750000000003,-1.6871920709443542
11.6813,175.22,2.475,-1.6173898703670606
11.6813,175.22,2.4781250000000004,-1.543015738005273
11.6813,175.22,2.48125,-1.4769048528623994
11.6813,175.22,2.484375,-1.4150419676601782
11.6813,175.22,2.4875000000000003,-1.3627609795663438
11.6813,175.22,2.490625,-1.3237828702246293
11.6813,175.22,2.4937500000000004,-1.2942924256835129
11.6813,175.22,2.496875,-1.2829353959335876
11.6813,175.22,2.5,-1.2907261536027619
11.6813,175.22,2.5031250000000003,-1.3091193033044755
11.6813,175.22,2.50625,-1.3458788552715593
11.6813,175.22,2.5093750000000004,-1.398517865211385
11.6813,175.22,2.5125,-1.4608919381189698
11.6813,175.22,2.515625,-1.5321369681303454
11.6813,175.22,2.5187500000000003,-1.6113589193162832
11.6813,175.22,2.521875,-1.6886264246047589
11.6813,175.22,2.5250000000000004,-1.7659832074758528
11.6813,175.22,2.528125,-1.8368345626911897
11.6813,175.22,2.53125,-1.8971660719923022
11.6813,175.22,2.5343750000000003,-1.9398508413201219
11.6813,175.22,2.5375,-1.9702724314602897
11.6813,175.22,2.5406250000000004,-1.9847541989412552
11.6813,175.22,2.54375,-1.9791839259852648
11.6813,175.22,2.546875,-1.960057347413546
11.6813,175.22,2.5500000000000003,-1.9241432981500861
11.6813,175.22,2.553125,-1.879490322614683
11.6813,175.22,2.5562500000000004,-1.8162522265758096
11.6813,175.22,2.559375,-1.7482048364912521
11.6813,175.22,2.5625,-1.6712300838009178
11.6813,175.22,2.5656250000000003,-1.594919163706243
11.6813,175.22,2.56875,-1.5148552769812538
11.6813,175.22,2.5718750000000004,-1.441966520242814
11.6813,175.22,2.575,-1.3767699436188476
11.6813,175.22,2.578125,-1.3218304741111875
11.6813,175.22,2.5812500000000003,-1.2810775078631387
11.6813,175.22,2.584375,-1.2517768542280554
11.6813,175.22,2.5875000000000004,-1.2432032174293564
11.6813,175.22,2.590625,-1.2516601842644923
11.6813,175.22,2.59375,-1.2831572126174997
11.6813,175.22,2.5968750000000003,-1.3295749096482896
11.6813,175.22,2.6,-1.3927160431181773
11.6813,175.22,2.6031250000000004,-1.4705980980929325
11.6813,175.22,2.60625,-1.5555168756594537
11.6813,175.22,2.609375,-1.6474818894983039
11.6813,175.22,2.6125000000000003,-1.7353487200293574
11.6813,175.22,2.615625,-1.8217980788501928
11.6813,175.22,2.6187500000000004,-1.8991348634449636
11.6813,175.22,2.621875,-1.9663500404727814
11.6813,175.22,2.625,-2.022970471432634
11.6813,175.22,2.6281250000000003,-2.059348332828788
11.6813,175.22,2.63125,-2.082652148605378
11.6813,175.22,2.6343750000000004,-2.0856294150565704
11.6813,175.22,2.6375,-2.073357620062251
11.6813,175.22,2.640625,-2.0478144264161426
11.6813,175.22,2.6437500000000003,-2.009183160119718
11.6813,175.22,2.646875,-1.9640089630752695
11.6813,175.22,2.6500000000000004,-1.9076584400116348
11.6813,175.22,2.653125,-1.8491615421650178
11.6813,175.22,2.65625,-1.7840065488480978
11.6813,175.22,2.6593750000000003,-1.7238451434319078
11.6813,175.22,2.6625,-1.662088054140475
11.6813,175.22,2.6656250000000004,-1.6056316232454229
11.6813,175.22,2.66875,-1.5575836095266897
11.6813,175.22,2.671875,-1.520705133610494
11.6813,175.22,2.6750000000000003,-1.4945909858029471
11.6813,175.22,2.678125,-1.4852364847989934
11.6813,175.22,2.6812500000000004,-1.4892393665201344
11.6813,175.22,2.684375,-1.5119275855848473
11.6813,175.22,2.6875,-1.544841526717938
11.6813,175.22,2.6906250000000003,-1.5977908216504644
11.6813,175.22,2.69375,-1.6591538738396792
11.6813,175.22,2.6968750000000004,-1.7336308019394675
11.6813,175.22,2.7,-1.8140878222301624
11.6813,175.22,2.703125,-1.895300553205105
11.6813,175.22,2.7062500000000003,-1.9777626981966216
11.6813,175.22,2.709375,-2.052005973217769
11.6813,175.22,2.7125000000000004,-2.1197080170896547
11.6813,175.22,2.715625,-2.1758458279802393
11.6813,175.22,2.71875,-2.2208990424314328
11.6813,175.22,2.7218750000000003,-2.2499259855957665
11.6813,175.22,2.725,-2.2707659448206368
11.6813,175.22,2.7281250000000004,-2.2742774420137666
11.6813,175.22,2.73125,-2.270721305062694
11.6813,175.22,2.734375,-2.259648597229551
11.6813,175.22,2.7375000000000003,-2.243962396204444
11.6813,175.22,2.740625,-2.225278713354974
11.6813,175.22,2.7437500000000004,-2.1971192386877663
11.6813,175.22,2.746875,-2.1449707863556196
11.6813,175.22,2.75,-2.066358349034766
11.6813,175.22,2.7531250000000003,-1.97739619037226
11.6813,175.22,2.75625,-1.8905248951920481
11.6813,175.22,2.7593750000000004,-1.811150978831364
11.6813,175.22,2.7625,-1.7479916365876949
11.6813,175.22,2.765625,-1.7014009168518884
11.6813,175.22,2.7687500000000003,-1.6735120693844543
11.6813,175.22,2.771875,-1.663248278558658
11.6813,175.22,2.7750000000000004,-1.669801021804913
11.6813,175.22,2.778125,-1.6973389263453327
11.6813,175.22,2.78125,-1.7348511199996974
11.6813,175.22,2.7843750000000003,-1.7884552952292496
11.6813,175.22,2.7875,-1.856402661455065
11.6813,175.22,2.7906250000000004,-1.93383208912456
11.6813,175.22,2.79375,-2.0146370235082225
11.6813,175.22,2.796875,-2.0977398876611617
11.6813,175.22,2.8000000000000003,-2.1810402670393882
11.6813,175.22,2.803125,-2.2506622327525427
11.6813,175.22,2.8062500000000004,-2.3131525515188147
11.6813,175.22,2.809375,-2.359980296570169
11.6813,175.22,2.8125,-2.3901986820310173
11.6813,175.22,2.8156250000000003,-2.4052591902517193
11.6813,175.22,2.81875,-2.4061012869491263
11.6813,175.22,2.8218750000000004,-2.39207097366211
11.6813,175.22,2.825,-2.368234958882845
11.6813,175.22,2.828125,-2.3281765439362565
11.6813,175.22,2.8312500000000003,-2.2825426045712387
11.6813,175.22,2.834375,-2.227296884272566
11.6813,175.22,2.8375000000000004,-2.169811833794794
11.6813,175.22,2.840625,-2.111408773771903
11.6813,175.22,2.84375,-2.052825945971823
11.6813,175.22,2.8468750000000003,-1.9996373579005557
11.6813,175.22,2.85,-1.9502710158445584
11.6813,175.22,2.8531250000000004,-1.9145007654020163
11.6813,175.22,2.85625,-1.8898586204983872
11.6813,175.22,2.859375,-1.8717891784369092
11.6813,175.22,2.8625000000000003,-1.8720136350368741
11.6813,175.22,2.865625,-1.8894700783762122
11.6813,175.22,2.8687500000000004,-1.9187736830357593
11.6813,175.22,2.871875,-1.9648741390309739
11.6813,175.22,2.875,-2.0232923863607537
11.6813,175.22,2.8781250000000003,-2.0977590950116767
11.6813,175.22,2.88125,-2.1750834342314938
11.6813,175.22,2.8843750000000004,-2.251997268109939
11.6813,175.22,2.8875,-2.336025094060619
11.6813,175.22,2.890625,-2.415235841962244
11.6813,175.22,2.8937500000000003,-2.4873759458444584
11.6813,175.22,2.896875,-2.5521599165688817
11.6813,175.22,2.9000000000000004,-2.6052078448936866
11.6813,175.22,2.903125,-2.6419180409457206
11.6813,175.22,2.90625,-2.663482868311888
11.6813,175.22,2.9093750000000003,-2.670546390082424
11.6813,175.22,2.9125,-2.664532689802801
11.6813,175.22,2.9156250000000004,-2.644607154276137
11.6813,175.22,2.91875,-2.6173221345083864
11.6813,175.22,2.921875,-2.574531830404866
11.6813,175.22,2.9250000000000003,-2.5227072524721383
11.6813,175.22,2.928125,-2.4667383330752592
11.6813,175.22,2.9312500000000004,-2.4054341947367743
11.6813,175.22,2.934375,-2.3431996417396
11.6813,175.22,2.9375,-2.2860310020207097
11.6813,175.22,2.9406250000000003,-2.230180887291155
11.6813,175.22,2.94375,-2.1847654591280556
11.6813,175.22,2.9468750000000004,-2.152497439044182
11.6813,175.22,2.95,-2.130043808648294
11.6813,175.22,2.953125,-2.1222786886713356
11.6813,175.22,2.9562500000000003,-2.128919078193368
11.6813,175.22,2.959375,-2.153638920189775
11.6813,175.22,2.9625000000000004,-2.195883912017993
11.6813,175.22,2.965625,-2.2522443959661325
11.6813,175.22,2.96875,-2.3291738339170935
11.6813,175.22,2.9718750000000003,-2.407349932733996
11.6813,175.22,2.975,-2.4939857030368313
11.6813,175.22,2.9781250000000004,-2.5790696112957083
11.6813,175.22,2.98125,-2.6629439643181794
11.6813,175.22,2.984375,-2.7374513262328315
11.6813,175.22,2.9875000000000003,-2.796783256110465
11.6813,175.22,2.990625,-2.8467801449920693
11.6813,175.22,2.9937500000000004,-2.8784317172815865
11.6813,175.22,2.996875,-2.893745429364887
11.6813,175.22,3,-2.889859564265191
11.6813,175.22,3.0031250000000003,-2.8762279246767477
11.6813,175.22,3.00625,-2.845839084221859
11.6813,175.22,3.0093750000000004,-2.80423148960478
11.6813,175.22,3.0125,-2.754361499730723
11.6813,175.22,3.015625,-2.700511574238467
11.6813,175.22,3.0187500000000003,-2.642223975804867
11.6813,175.22,3.021875,-2.5793195388363355
11.6813,175.22,3.0250000000000004,-2.5188537294830677
11.6813,175.22,3.028125,-2.464041871545038
11.6813,175.22,3.03125,-2.413036279161573
11.6813,175.22,3.0343750000000003,-2.374628623402293
11.6813,175.22,3.0375,-2.3475518182928248
11.6813,175.22,3.0406250000000004,-2.3295117020688463
11.6813,175.22,3.04375,-2.3335231750263388
11.6813,175.22,3.046875,-2.348421530065648
11.6813,175.22,3.0500000000000003,-2.3773838364354836
11.6813,175.22,3.053125,-2.418811452131045
11.6813,175.22,3.0562500000000004,-2.478048008646639
11.6813,175.22,3.059375,-2.5405538587514793
11.6813,175.22,3.0625,-2.6130743565024463
11.6813,175.22,3.0656250000000003,-2.6874587648572934
11.6813,175.22,3.06875,-2.7659457706535573
11.6813,175.22,3.0718750000000004,-2.8365916301957133
11.6813,175.22,3.075,-2.901843838360504
11.6813,175.22,3.078125,-2.9580935519768548
11.6813,175.22,3.0812500000000003,-2.99745207329585
11.6813,175.22,3.084375,-3.0232088710208127
11.6813,175.22,3.0875000000000004,-3.0410696194594715
11.6813,175.22,3.090625,-3.0381440364591428
11.6813,175.22,3.09375,-3.0201875448210993
11.6813,175.22,3.0968750000000003,-2.996012669237638
11.6813,175.22,3.1,-2.9600254756013813
11.6813,175.22,3.1031250000000004,-2.9076153190116605
11.6813,175.22,3.10625,-2.8487349482853603
11.6813,175.22,3.109375,-2.7885366129938784
11.6813,175.22,3.1125000000000003,-2.7342251585605797
11.6813,175.22,3.115625,-2.6776265275878446
11.6813,175.22,3.1187500000000004,-2.6055125545363773
11.6813,175.22,3.121875,-2.5837337814145442
11.6813,175.22,3.125,-2.5135670946001025
11.6813,175.22,3.1281250000000003,-2.5129315403568424
11.6813,175.22,3.13125,-2.48831210760927
11.6813,175.22,3.1343750000000004,-2.454103947396733
11.6813,175.22,3.1375,-2.467518925178188
11.6813,175.22,3.140625,-2.5416912140490044
11.6813,175.22,3.1437500000000003,-2.6328275079165575
11.6813,175.22,3.146875,-2.516290252142884
11.6813,175.22,3.1500000000000004,-2.5431267970230627
11.6813,175.22,3.153125,-3.031393538766954
11.6813,175.22,3.15625,-2.610601244243661
11.6813,175.22,3.1593750000000003,-2.6404719766449087
11.6813,175.22,3.1625,-2.8237361816636004
11.6813,175.22,3.1656250000000004,-3.6635818394726423
11.6813,175.22,3.16875,-3.4244539998120276
11.6813,175.22,3.171875,-2.881503667990097
11.6813,175.22,3.1750000000000003,-2.8803104079654425
11.6813,175.22,3.178125,-2.899880659601247
11.6813,175.22,3.1812500000000004,-2.9247065618992094
11.6813,175.22,3.184375,-3.1081189315051465
11.6813,175.22,3.1875,-3.4613897392870414
11.6813,175.22,3.1906250000000003,-3.672770459536527
11.6813,175.22,3.19375,-3.1472616164585476
11.6813,175.22,3.1968750000000004,-2.717911254377193
11.6813,175.22,3.2,-2.5939881477216904
11.6813,175.22,3.203125,-2.5447309093147563
11.6813,175.22,3.2062500000000003,-2.474714555692837
11.6813,175.22,3.209375,-2.460108317349832
11.6813,175.22,3.2125000000000004,-2.5236762319954673
11.6813,175.22,3.215625,-2.366407090703663
11.6813,175.22,3.21875,-2.331667550949075
11.6813,175.22,3.2218750000000003,-2.322217652844396
11.6813,175.22,3.225,-2.424841309838699
11.6813,175.22,3.2281250000000004,-2.5301844730009875
11.6813,175.22,3.23125,-3.000706692129787
11.6813,175.22,3.234375,-4.791537445893167
11.6813,175.22,3.2375000000000003,-4.210847338622761
11.6813,175.22,3.240625,-3.386870724506543
11.6813,175.22,3.2437500000000004,-3.776150177478752
11.6813,175.22,3.246875,-3.230884483080776
11.6813,175.22,3.25,-2.8944761168959876
11.6813,175.22,3.2531250000000003,-2.7689485765159745
11.6813,175.22,3.25625,-2.7243391050531867
11.6813,175.22,3.2593750000000004,-2.741147775090157
11.6813,175.22,3.2625,-2.7747478281961824
11.6813,175.22,3.265625,-2.8040431698627137
11.6813,175.22,3.2687500000000003,-2.8478796021997415
11.6813,175.22,3.271875,-2.87026891864895
11.6813,175.22,3.2750000000000004,-2.8368250335183927
11.6813,175.22,3.278125,-2.7909219610874807
11.6813,175.22,3.28125,-2.761727943600956
11.6813,175.22,3.2843750000000003,-2.7434897811928693
11.6813,175.22,3.2875,-2.748097569839161
11.6813,175.22,3.2906250000000004,-2.717077731286146
11.6813,175.22,3.29375,-2.655120283001903
11.6813,175.22,3.296875,-2.592110072756017
11.6813,175.22,3.3000000000000003,-2.536800201032183
11.6813,175.22,3.303125,-2.4848953400936735
11.6813,175.22,3.3062500000000004,-2.4506542971577865
11.6813,175.22,3.309375,-2.4300208185841434
11.6813,175.22,3.3125,-2.407158636534848
11.6813,175.22,3.3156250000000003,-2.3981172483037865
11.6813,175.22,3.31875,-2.392190841916047
11.6813,175.22,3.3218750000000004,-2.4201186278570668
11.6813,175.22,3.325,-2.4300813573686737
11.6813,175.22,3.328125,-2.624140477330173
11.6813,175.22,3.3312500000000003,-2.7526317560963838
11.6813,175.22,3.334375,-2.5586204375801924
11.6813,175.22,3.3375000000000004,-2.5578795450863523
11.6813,175.22,3.340625,-2.602181080766541
11.6813,175.22,3.34375,-2.7714648734647858
11.6813,175.22,3.3468750000000003,-3.0143573630388785
11.6813,175.22,3.35,-2.974139926610647
11.6813,175.22,3.3531250000000004,-3.0930701391695496
11.6813,175.22,3.35625,-3.275451743526488
11.6813,175.22,3.359375,-3.7377902667470106
11.6813,175.22,3.3625000000000003,-5.009495020188572
11.6813,175.22,3.365625,-8.11947908798204
11.6813,175.22,3.3687500000000004,-9.271489387524039
11.6813,175.22,3.371875,-5.773168670257274
11.6813,175.22,3.375,-4.2922545039552835
11.6813,175.22,3.3781250000000003,-3.55692105458594
11.6813,175.22,3.38125,-3.153157265777114
11.6813,175.22,3.3843750000000004,-2.8953707234269386
11.6813,175.22,3.3875,-2.7340942383322657
11.6813,175.22,3.390625,-2.6250530518854305
11.6813,175.22,3.3937500000000003,-2.525950264303713
11.6813,175.22,3.396875,-2.4541648296043643
11.6813,175.22,3.4000000000000004,-2.385476016073143
11.6813,175.22,3.403125,-2.331935369581883
11.6813,175.22,3.40625,-2.2931260648791243
11.6813,175.22,3.4093750000000003,-2.2990891895368
11.6813,175.22,3.4125,-2.355652253097487
11.6813,175.22,3.4156250000000004,-2.445755225025761
11.6813,175.22,3.41875,-2.4091396824087776
11.6813,175.22,3.421875,-2.433598790895457
11.6813,175.22,3.4250000000000003,-2.4929544411688305
11.6813,175.22,3.428125,-2.5772162070027065
11.6813,175.22,3.4312500000000004,-2.696723073524887
11.6813,175.22,3.434375,-2.773919025597642
11.6813,175.22,3.4375,-2.779774974261941
11.6813,175.22,3.4406250000000003,-2.796586053231774
11.6813,175.22,3.44375,-2.855579572520469
11.6813,175.22,3.4468750000000004,-2.905627286846567
11.6813,175.22,3.45,-2.936721336740592
11.6813,175.22,3.453125,-2.916641999524991
11.6813,175.22,3.4562500000000003,-2.8618754920039153
11.6813,175.22,3.459375,-2.8215776506142864
11.6813,175.22,3.4625000000000004,-2.7925932641733766
11.6813,175.22,3.465625,-2.7696511309590006
11.6813,175.22,3.46875,-2.7349122275078774
11.6813,175.22,3.4718750000000003,-2.6822312379305084
11.6813,175.22,3.475,-2.6140060527883167
11.6813,175.22,3.4781250000000004,-2.5391090880239013
11.6813,175.22,3.48125,-2.454984593430374
11.6813,175.22,3.484375,-2.388933474830656
11.6813,175.22,3.4875000000000003,-2.348778693085401
11.6813,175.22,3.490625,-2.3285186553188773
11.6813,175.22,3.4937500000000004,-2.308354990502029
11.6813,175.22,3.496875,-2.2760258337337866
11.6813,175.22,3.5,-2.245652366468593
11.6813,175.22,3.5031250000000003,-2.2563764833936264
11.6813,175.22,3.50625,-2.2887531172719786
11.6813,175.22,3.5093750000000004,-2.3633811067955555
11.6813,175.22,3.5125,-2.4183015413057865
11.6813,175.22,3.515625,-2.4398996364582928
11.6813,175.22,3.5187500000000003,-2.474240567545672
11.6813,175.22,3.521875,-2.5198900762742147
11.6813,175.22,3.5250000000000004,-2.574986067723892
11.6813,175.22,3.528125,-2.6359530674388365
11.6813,175.22,3.53125,-2.669336115711704
11.6813,175.22,3.5343750000000003,-2.676904240892096
11.6813,175.22,3.5375,-2.6792632135744157
11.6813,175.22,3.5406250000000004,-2.681301788913691
11.6813,175.22,3.54375,-2.6747045300616716
11.6813,175.22,3.546875,-2.656764901835774
11.6813,175.22,3.5500000000000003,-2.631020340213723
11.6813,175.22,3.553125,-2.5885769515276054
11.6813,175.22,3.5562500000000004,-2.5433343423334183
11.6813,175.22,3.559375,-2.500019603213564
11.6813,175.22,3.5625,-2.451389207329137
11.6813,175.22,3.5656250000000003,-2.3950868214154806
11.6813,175.22,3.56875,-2.3386664650290476
11.6813,175.22,3.5718750000000004,-2.2895957279880284
11.6813,175.22,3.575,-2.245610642405297
11.6813,175.22,3.5781250000000004,-2.2102262680670552
11.6813,175.22,3.5812500000000003,-2.1907048147490933
11.6813,175.22,3.584375,-2.16592900368749
11.6813,175.22,3.5875000000000004,-2.1451010366851535
11.6813,175.22,3.590625,-2.1320389205120387
11.6813,175.22,3.5937500000000004,-2.136807682552043
11.6813,175.22,3.5968750000000003,-2.152403745446148
11.6813,175.22,3.6,-2.183881691373666
11.6813,175.22,3.6031250000000004,-2.2351202495671947
11.6813,175.22,3.60625,-2.3010413901825606
11.6813,175.22,3.6093750000000004,-2.376768135906386
11.6813,175.22,3.6125000000000003,-2.4525196086392276
11.6813,175.22,3.615625,-2.5332702149097615
11.6813,175.22,3.6187500000000004,-2.6107297596858663
11.6813,175.22,3.621875,-2.674082621252674
11.6813,175.22,3.6250000000000004,-2.7464366338195085
11.6813,175.22,3.6281250000000003,-2.8402941478517496
11.6813,175.22,3.63125,-2.915843761867137
11.6813,175.22,3.6343750000000004,-2.963641681390466
11.6813,175.22,3.6375,-2.995082261382464
11.6813,175.22,3.6406250000000004,-2.9930055860522318
11.6813,175.22,3.6437500000000003,-2.9698304551275836
11.6813,175.22,3.646875,-2.9314630174681633
11.6813,175.22,3.6500000000000004,-2.8831070038670292
11.6813,175.22,3.653125,-2.830048004339445
11.6813,175.22,3.6562500000000004,-2.8029530970673315
11.6813,175.22,3.6593750000000003,-2.7959137861171737
11.6813,175.22,3.6625,-2.810433081353371
11.6813,175.22,3.6656250000000004,-2.8700084188859334
11.6813,175.22,3.66875,-2.9140739841564827
11.6813,175.22,3.6718750000000004,-2.947060514541122
11.6813,175.22,3.6750000000000003,-3.0473938649736105
11.6813,175.22,3.678125,-3.2163335232801815
11.6813,175.22,3.6812500000000004,-3.4159232805660675
11.6813,175.22,3.684375,-3.5754981124909113
11.6813,175.22,3.6875000000000004,-3.63499143604065
11.6813,175.22,3.6906250000000003,-3.742913964978674
11.6813,175.22,3.69375,-3.727558384712566
11.6813,175.22,3.6968750000000004,-3.7240876064783417
11.6813,175.22,3.7,-3.753477765819442
11.6813,175.22,3.7031250000000004,-3.6930099701421844
11.6813,175.22,3.7062500000000003,-3.659303740776439
11.6813,175.22,3.709375,-3.748514890320445
11.6813,175.22,3.7125000000000004,-3.793096403679302
11.6813,175.22,3.715625,-3.7362105611758665
11.6813,175.22,3.7187500000000004,-3.724352925153392
11.6813,175.22,3.7218750000000003,-3.7745312051145112
11.6813,175.22,3.725,-3.7943664482127004
11.6813,175.22,3.7281250000000004,-3.827021250162783
11.6813,175.22,3.73125,-3.8430251692014945
11.6813,175.22,3.7343750000000004,-3.8130737741532754
11.6813,175.22,3.7375000000000003,-3.8099558458245997
11.6813,175.22,3.740625,-3.8256198508859534
11.6813,175.22,3.7437500000000004,-3.765109840989294
11.6813,175.22,3.746875,-3.685366954455818
11.6813,175.22,3.7500000000000004,-3.640169610883683
11.6813,175.22,3.7531250000000003,-3.6218609794882486
11.6813,175.22,3.75625,-3.6263309550724676
11.6813,175.22,3.7593750000000004,-3.6478028800706896
11.6813,175.22,3.7625,-3.7276112889808335
11.6813,175.22,3.7656250000000004,-3.8365494422297157
11.6813,175.22,3.7687500000000003,-3.9747674449850146
11.6813,175.22,3.771875,-4.164220584467353
11.6813,175.22,3.7750000000000004,-4.334367179534052
11.6813,175.22,3.778125,-4.472988015999331
11.6813,175.22,3.7812500000000004,-4.590201689664038
11.6813,175.22,3.7843750000000003,-4.821819102788371
11.6813,175.22,3.7875,-5.066393766164994
11.6813,175.22,3.7906250000000004,-5.284432215686716
11.6813,175.22,3.79375,-5.418775592007159
11.6813,175.22,3.7968750000000004,-5.39448392071312
11.6813,175.22,3.8000000000000003,-5.330344523507017
11.6813,175.22,3.803125,-5.390531611300236
11.6813,175.22,3.8062500000000004,-5.462474151355825
11.6813,175.22,3.809375,-5.290425277114199
11.6813,175.22,3.8125000000000004,-5.060593859887757
11.6813,175.22,3.8156250000000003,-5.016319385033661
11.6813,175.22,3.81875,-5.095658103045558
11.6813,175.22,3.8218750000000004,-5.2356182059984615
11.6813,175.22,3.825,-5.421998623352464
11.6813,175.22,3.8281250000000004,-5.591949520909797
11.6813,175.22,3.8312500000000003,-5.687198542098244
11.6813,175.22,3.834375,-5.7591552904141565
11.6813,175.22,3.8375000000000004,-5.628614745972565
11.6813,175.22,3.840625,-5.406485961828265
11.6813,175.22,3.8437500000000004,-5.226899257446782
11.6813,175.22,3.8468750000000003,-4.987682319126999
11.6813,175.22,3.85,-4.785366335167522
11.6813,175.22,3.8531250000000004,-4.649560586151965
11.6813,175.22,3.85625,-4.486593326775572
11.6813,175.22,3.8593750000000004,-4.328121814588716
11.6813,175.22,3.8625000000000003,-4.1921405402165535
11.6813,175.22,3.865625,-4.075104380149679
11.6813,175.22,3.8687500000000004,-3.9848293754809587
11.6813,175.22,3.871875,-3.9849302998456446
11.6813,175.22,3.8750000000000004,-4.064404557910798
11.6813,175.22,3.8781250000000003,-4.207180260720327
11.6813,175.22,3.88125,-4.322860959842798
11.6813,175.22,3.8843750000000004,-4.401941022694143
11.6813,175.22,3.8875,-4.422708482980216
11.6813,175.22,3.8906250000000004,-4.417657800443858
11.6813,175.22,3.8937500000000003,-4.403716196676287
11.6813,175.22,3.896875,-4.407750953255136
11.6813,175.22,3.9000000000000004,-4.421489919762507
11.6813,175.22,3.903125,-4.441661797795252
11.6813,175.22,3.9062500000000004,-4.459801168698397
11.6813,175.22,3.9093750000000003,-4.460772763239614
11.6813,175.22,3.9125,-4.42115516150025
11.6813,175.22,3.9156250000000004,-4.3790974806834395
11.6813,175.22,3.91875,-4.356864518936147
11.6813,175.22,3.9218750000000004,-4.381837736989082
11.6813,175.22,3.9250000000000003,-4.4503333631627395
11.6813,175.22,3.928125,-4.541909626614233
11.6813,175.22,3.9312500000000004,-4.737815319981372
11.6813,175.22,3.934375,-5.030355922338647
11.6813,175.22,3.9375000000000004,-5.308084937903365
11.6813,175.22,3.9406250000000003,-5.350833888754715
11.6813,175.22,3.94375,-5.215856890227808
11.6813,175.22,3.9468750000000004,-5.114262466331051
11.6813,175.22,3.95,-5.004967517480285
11.6813,175.22,3.9531250000000004,-4.86597497878196
11.6813,175.22,3.9562500000000003,-4.805407276059645
11.6813,175.22,3.959375,-4.856235619406895
11.6813,175.22,3.9625000000000004,-4.938307893052453
11.6813,175.22,3.965625,-5.001136927595518
11.6813,175.22,3.9687500000000004,-5.049962110620665
11.6813,175.22,3.9718750000000003,-5.101173615553281
11.6813,175.22,3.975,-5.157610303013495
11.6813,175.22,3.9781250000000004,-5.272808691233969
11.6813,175.22,3.98125,-5.446551900594435
11.6813,175.22,3.9843750000000004,-5.6520773832814895
11.6813,175.22,3.9875000000000003,-5.79830760091678
11.6813,175.22,3.990625,-5.905521483085621
11.6813,175.22,3.9937500000000004,-6.006734863728829
11.6813,175.22,3.996875,-6.082509777974693
11.6813,175.22,4,-6.102536038727527
11.6813,175.22,4.003125,-6.092350438588685
11.6813,175.22,4.0062500000000005,-6.0557815872176715
11.6813,175.22,4.009375,-6.014441743106136
11.6813,175.22,4.0125,-5.996866813266907
11.6813,175.22,4.015625,-6.064724969647438
11.6813,175.22,4.01875,-6.132332677883092
11.6813,175.22,4.0218750000000005,-6.194141506590326
11.6813,175.22,4.025,-6.282662140212956
11.6813,175.22,4.028125,-6.394597722007797
11.6813,175.22,4.03125,-6.504976047861102
11.6813,175.22,4.034375,-6.63944792843556
11.6813,175.22,4.0375000000000005,-6.7962059152519405
11.6813,175.22,4.040625,-6.965784578296068
11.6813,175.22,4.04375,-7.135406515352959
11.6813,175.22,4.046875,-7.291626349293495
11.6813,175.22,4.05,-7.497369319347435
11.6813,175.22,4.0531250000000005,-7.640532315953672
11.6813,175.22,4.05625,-7.722942170195904
11.6813,175.22,4.059375,-7.803911975661274
11.6813,175.22,4.0625,-7.832056805030808
11.6813,175.22,4.065625,-7.752788649226176
11.6813,175.22,4.0687500000000005,-7.627376127053047
11.6813,175.22,4.071875,-7.546243415527442
11.6813,175.22,4.075,-7.475930584061336
11.6813,175.22,4.078125,-7.383509749279674
11.6813,175.22,4.08125,-7.305502407495245
11.6813,175.22,4.0843750000000005,-7.260486161119272
11.6813,175.22,4.0875,-7.245489418148278
11.6813,175.22,4.090625,-7.284135321270328
11.6813,175.22,4.09375,-7.375808201921941
11.6813,175.22,4.096875,-7.481177848926887
11.6813,175.22,4.1000000000000005,-7.5926966872562405
11.6813,175.22,4.103125,-7.756843610264605
11.6813,175.22,4.10625,-7.987174734725352
11.6813,175.22,4.109375,-8.330797418198618
11.6813,175.22,4.1125,-8.774453473644527
11.6813,175.22,4.1156250000000005,-9.207911587674703
11.6813,175.22,4.11875,-9.585998431428603
11.6813,175.22,4.121875,-10.139916730584442
11.6813,175.22,4.125,-10.75161303148699
11.6813,175.22,4.128125,-11.513243183694295
11.6813,175.22,4.1312500000000005,-12.331764473553807
11.6813,175.22,4.134375,-12.739107750739539
11.6813,175.22,4.1375,-12.242629335184617
11.6813,175.22,4.140625,-11.53722597745147
11.6813,175.22,4.14375,-11.060252549068284
11.6813,175.22,4.1468750000000005,-10.742669376213886
11.6813,175.22,4.15,-10.54972385800147
11.6813,175.22,4.153125,-10.595337187160093
11.6813,175.22,4.15625,-10.649011157170186
11.6813,175.22,4.159375,-10.563665500256544
11.6813,175.22,4.1625000000000005,-10.758379958270815
11.6813,175.22,4.165625,-10.943552493638272
11.6813,175.22,4.16875,-10.887769200828712
11.6813,175.22,4.171875,-10.97116122161964
11.6813,175.22,4.175,-11.082148198095643
11.6813,175.22,4.1781250000000005,-11.139673027453775
11.6813,175.22,4.18125,-11.414094060247992
11.6813,175.22,4.184375,-12.127922304018824
11.6813,175.22,4.1875,-13.363612660060477
11.6813,175.22,4.190625,-14.863849006035007
11.6813,175.22,4.1937500000000005,-17.27553932014236
11.6813,175.22,4.196875,-17.906711702810526
11.6813,175.22,4.2,-17.714427458636205
11.6813,175.22,4.203125,-17.86907124663906
11.6813,175.22,4.20625,-18.65334118145596
11.6813,175.22,4.2093750000000005,-19.812673092450968
11.6813,175.22,4.2125,-21.41266964497831
11.6813,175.22,4.215625,-23.261837676555324
11.6813,175.22,4.21875,-23.28481812098065
11.6813,175.22,4.221875,-22.55749270983933
11.6813,175.22,4.2250000000000005,-22.94001682635379
11.6813,175.22,4.228125,-24.26136448009016
11.6813,175.22,4.23125,-26.286020978090356
11.6813,175.22,4.234375,-28.21718093597619
11.6813,175.22,4.2375,-29.853490951101946
11.6813,175.22,4.2406250000000005,-30.06461115097201
11.6813,175.22,4.24375,-29.208152357792443
11.6813,175.22,4.246875,-27.425301645797013
11.6813,175.22,4.25,-25.788323750749953
11.6813,175.22,4.253125,-25.97456294821731
11.6813,175.22,4.2562500000000005,-27.838732470794287
11.6813,175.22,4.259375,-30.748822003206815
11.6813,175.22,4.2625,-35.75947757557875
11.6813,175.22,4.265625,-43.11761961936143
11.6813,175.22,4.26875,-38.868285103947045
11.6813,175.22,4.2718750000000005,-35.02511148781982
11.6813,175.22,4.275,-29.413698473901828
11.6813,175.22,4.278125,-24.904378090102558
11.6813,175.22,4.28125,-21.51390246339814
11.6813,175.22,4.284375000000001,-19.88794319770562
11.6813,175.22,4.2875000000000005,-18.894724968598776
11.6813,175.22,4.290625,-17.632673428811827
11.6813,175.22,4.29375,-16.07864003682829
11.6813,175.22,4.296875,-14.786826102984744
11.6813,175.22,4.300000000000001,-13.946988583170864
11.6813,175.22,4.3031250000000005,-13.117269038205947
11.6813,175.22,4.30625,-12.42710760098622
11.6813,175.22,4.309375,-11.896662010787693
11.6813,175.22,4.3125,-11.572169228224807
11.6813,175.22,4.315625000000001,-11.308435631269802
11.6813,175.22,4.3187500000000005,-11.099975908886346
11.6813,175.22,4.321875,-11.110982614423792
11.6813,175.22,4.325,-11.180888796199904
11.6813,175.22,4.328125,-11.336425194575
11.6813,175.22,4.331250000000001,-11.503415945164866
11.6813,175.22,4.3343750000000005,-11.565059023803395
11.6813,175.22,4.3375,-11.64331192209892
11.6813,175.22,4.340625,-11.592944497867395
11.6813,175.22,4.34375,-11.38418415768326
11.6813,175.22,4.346875000000001,-11.134519718997492
11.6813,175.22,4.3500000000000005,-10.794647792374931
11.6813,175.22,4.353125,-10.408397520428673
11.6813,175.22,4.35625,-9.966215640029276
11.6813,175.22,4.359375,-9.451633733939875
11.6813,175.22,4.362500000000001,-8.910257437958906
11.6813,175.22,4.3656250000000005,-8.416094530586962
11.6813,175.22,4.36875,-8.021105085426816
11.6813,175.22,4.371875,-7.732620302314659
11.6813,175.22,4.375,-7.534336140143354
11.6813,175.22,4.378125000000001,-7.388284030828034
11.6813,175.22,4.3812500000000005,-7.293398174445621
11.6813,175.22,4.384375,-7.25732824841809
11.6813,175.22,4.3875,-7.262070917047854
11.6813,175.22,4.390625,-7.270312855805194
11.6813,175.22,4.393750000000001,-7.227818389433089
11.6813,175.22,4.3968750000000005,-7.192220777331012
11.6813,175.22,4.4,-7.188375119582096
11.6813,175.22,4.403125,-7.304393592624257
11.6813,175.22,4.40625,-7.382932393440214
11.6813,175.22,4.409375000000001,-7.509304532591673
11.6813,175.22,4.4125000000000005,-7.630546295276176
11.6813,175.22,4.415625,-7.995339767394027
11.6813,175.22,4.41875,-8.514503794450256
11.6813,175.22,4.421875,-9.117944880263696
11.6813,175.22,4.425000000000001,-9.574613801142327
11.6813,175.22,4.4281250000000005,-9.927362553177279
11.6813,175.22,4.43125,-10.237990661951176
11.6813,175.22,4.434375,-10.420820233991506
11.6813,175.22,4.4375,-10.464515058366706
11.6813,175.22,4.440625000000001,-10.365490201391069
11.6813,175.22,4.4437500000000005,-10.109885911835054
11.6813,175.22,4.446875,-9.879148745780915
11.6813,175.22,4.45,-9.301078229796772
11.6813,175.22,4.453125,-8.707979817563954
11.6813,175.22,4.456250000000001,-8.253077435933788
11.6813,175.22,4.4593750000000005,-7.949249482390018
11.6813,175.22,4.4625,-7.751254225337529
11.6813,175.22,4.465625,-7.678073977307548
11.6813,175.22,4.46875,-7.6800724639041364
11.6813,175.22,4.471875000000001,-7.573035868951839
11.6813,175.22,4.4750000000000005,-7.378498474165513
11.6813,175.22,4.478125,-7.1433320806440594
11.6813,175.22,4.48125,-6.979885811845801
11.6813,175.22,4.484375,-6.9573506841715975
11.6813,175.22,4.487500000000001,-7.0122706026996635
11.6813,175.22,4.4906250000000005,-7.125951722981181
11.6813,175.22,4.49375,-7.336271803398055
11.6813,175.22,4.496875,-7.68921488814977
11.6813,175.22,4.5,-8.173999401728949
11.6813,175.22,4.503125000000001,-8.622992747626721
11.6813,175.22,4.5062500000000005,-9.538239737175221
11.6813,175.22,4.509375,-11.304939754969121
11.6813,175.22,4.5125,-13.181586213286824
11.6813,175.22,4.515625,-14.062072624874705
11.6813,175.22,4.518750000000001,-14.735931760243785
11.6813,175.22,4.5218750000000005,-15.041242330730796
11.6813,175.22,4.525,-15.159566354394595
11.6813,175.22,4.528125,-14.697897164293863
11.6813,175.22,4.53125,-13.824166340054926
11.6813,175.22,4.534375000000001,-12.54196063948119
11.6813,175.22,4.5375000000000005,-11.313778839635491
11.6813,175.22,4.540625,-10.435435182555482
11.6813,175.22,4.54375,-9.656316789770877
11.6813,175.22,4.546875,-8.812493780185887
11.6813,175.22,4.550000000000001,-8.026147008003761
11.6813,175.22,4.5531250000000005,-7.236304058389331
11.6813,175.22,4.55625,-6.7653291326909955
11.6813,175.22,4.559375,-6.635423345184877
11.6813,175.22,4.5625,-6.406079383958488
11.6813,175.22,4.565625000000001,-6.1914714551081795
11.6813,175.22,4.5687500000000005,-6.2758208209747535
11.6813,175.22,4.571875,-6.157679699390153
11.6813,175.22,4.575,-5.698048970539434
11.6813,175.22,4.578125,-5.507025143944137
11.6813,175.22,4.581250000000001,-5.444470951284712
11.6813,175.22,4.5843750000000005,-5.40644596852654
11.6813,175.22,4.5875,-5.420747779730032
11.6813,175.22,4.590625,-5.511249867752568
11.6813,175.22,4.59375,-5.631434312538061
11.6813,175.22,4.596875000000001,-6.111074734126586
11.6813,175.22,4.6000000000000005,-6.505087391463612
11.6813,175.22,4.603125,-6.673624923558936
11.6813,175.22,4.60625,-6.542854078648811
11.6813,175.22,4.609375,-6.26683803233476
11.6813,175.22,4.612500000000001,-6.221501922995417
11.6813,175.22,4.6156250000000005,-6.337261209492851
11.6813,175.22,4.61875,-6.911853564089857
11.6813,175.22,4.621875,-7.113233964563843
11.6813,175.22,4.625,-7.090373377975619
11.6813,175.22,4.628125000000001,-8.069650097848017
11.6813,175.22,4.6312500000000005,-8.07926346893511
11.6813,175.22,4.634375,-7.131683446622867
11.6813,175.22,4.6375,-6.3473366722630855
11.6813,175.22,4.640625,-5.807945766078823
11.6813,175.22,4.643750000000001,-5.638874999618056
11.6813,175.22,4.6468750000000005,-5.8721656840033365
11.6813,175.22,4.65,-5.765264493591098
11.6813,175.22,4.653125,-5.571589796751857
11.6813,175.22,4.65625,-6.007620957600456
11.6813,175.22,4.659375000000001,-5.88879483817364
11.6813,175.22,4.6625000000000005,-5.735330751519343
11.6813,175.22,4.665625,-5.247290315456584
11.6813,175.22,4.66875,-5.111074594246089
11.6813,175.22,4.671875,-5.109745786466409
11.6813,175.22,4.675000000000001,-5.061981372539116
11.6813,175.22,4.6781250000000005,-4.70468874073738
11.6813,175.22,4.68125,-5.141506053554675
11.6813,175.22,4.684375,-5.963160270141842
11.6813,175.22,4.6875,-5.311232258975936
11.6813,175.22,4.690625000000001,-5.3881981141402555
11.6813,175.22,4.6937500000000005,-5.617188791883676
11.6813,175.22,4.696875,-5.723802120689044
11.6813,175.22,4.7,-5.418542613901134
11.6813,175.22,4.703125,-5.61606307035115
11.6813,175.22,4.706250000000001,-5.822780387884665
11.6813,175.22,4.7093750000000005,-5.57491585043795
11.6813,175.22,4.7125,-5.55906351037144
11.6813,175.22,4.715625,-5.454250674729364
11.6813,175.22,4.71875,-5.353031994427983
11.6813,175.22,4.721875000000001,-5.198834346123902
11.6813,175.22,4.7250000000000005,-5.048409240257272
11.6813,175.22,4.728125,-4.874852410821782
11.6813,175.22,4.73125,-4.70744956950143
11.6813,175.22,4.734375,-4.541618277745262
11.6813,175.22,4.737500000000001,-4.3839533941694055
11.6813,175.22,4.7406250000000005,-4.241868043848099
11.6813,175.22,4.74375,-4.1184725628383045
11.6813,175.22,4.746875,-4.000769619984194
11.6813,175.22,4.75,-3.9069809370709634
11.6813,175.22,4.753125000000001,-3.8249440153560994
11.6813,175.22,4.7562500000000005,-3.7617047940239976
11.6813,175.22,4.759375,-3.7203096393363584
11.6813,175.22,4.7625,-3.6933038887609078
11.6813,175.22,4.765625,-3.679926885744071
11.6813,175.22,4.768750000000001,-3.6825038481628543
11.6813,175.22,4.7718750000000005,-3.6947226200285535
11.6813,175.22,4.775,-3.7263272957937215
11.6813,175.22,4.778125,-3.762830089721958
11.6813,175.22,4.78125,-3.810974030107566
11.6813,175.22,4.784375000000001,-3.8734990978270956
11.6813,175.22,4.7875000000000005,-3.93711610764218
11.6813,175.22,4.790625,-3.998760946537952
11.6813,175.22,4.79375,-4.056012653035841
11.6813,175.22,4.796875,-4.107896505518856
11.6813,175.22,4.800000000000001,-4.138744838853925
11.6813,175.22,4.8031250000000005,-4.156962998510131
11.6813,175.22,4.80625,-4.158153312225319
11.6813,175.22,4.809375,-4.132183995613878
11.6813,175.22,4.8125,-4.083071455098421
11.6813,175.22,4.815625000000001,-4.024548936813061
11.6813,175.22,4.8187500000000005,-3.9479498082913986
11.6813,175.22,4.821875,-3.8666695376434257
11.6813,175.22,4.825,-3.7725050721414815
11.6813,175.22,4.828125,-3.6842457836238625
11.6813,175.22,4.831250000000001,-3.605183390483667
11.6813,175.22,4.8343750000000005,-3.5293126526365155
11.6813,175.22,4.8375,-3.470637112069129
11.6813,175.22,4.840625,-3.426861073129221
11.6813,175.22,4.84375,-3.4002607210693907
11.6813,175.22,4.846875000000001,-3.3898363958200664
11.6813,175.22,4.8500000000000005,-3.3938953268308825
11.6813,175.22,4.853125,-3.413713700024528
11.6813,175.22,4.85625,-3.4490403027981036
11.6813,175.22,4.859375,-3.497235779480139
11.6813,175.22,4.862500000000001,-3.5640167266814986
11.6813,175.22,4.8656250000000005,-3.6397386357413772
11.6813,175.22,4.86875,-3.7293820964826887
11.6813,175.22,4.871875,-3.821468651344203
11.6813,175.22,4.875,-3.914816741157472
11.6813,175.22,4.878125000000001,-4.008802741194083
11.6813,175.22,4.8812500000000005,-4.096641081508831
11.6813,175.22,4.884375,-4.176464252189095
11.6813,175.22,4.8875,-4.241887758288759
11.6813,175.22,4.890625,-4.285678940406573
11.6813,175.22,4.893750000000001,-4.311250007752044
11.6813,175.22,4.8968750000000005,-4.313047537226508
11.6813,175.22,4.9,-4.284124056315192
11.6813,175.22,4.903125,-4.236985212825929
11.6813,175.22,4.90625,-4.167662820087165
11.6813,175.22,4.909375000000001,-4.082545049817832
11.6813,175.22,4.9125000000000005,-3.9903712882452247
11.6813,175.22,4.915625,-3.888709610927028
11.6813,175.22,4.91875,-3.78592779321435
11.6813,175.22,4.921875,-3.686704041257816
11.6813,175.22,4.925000000000001,-3.597056688940963
11.6813,175.22,4.9281250000000005,-3.5204918273261887
11.6813,175.22,4.93125,-3.4548733019100677
11.6813,175.22,4.934375,-3.4028659127775307
11.6813,175.22,4.9375,-3.3675094718131655
11.6813,175.22,4.940625000000001,-3.353532391548042
11.6813,175.22,4.9437500000000005,-3.3606455016965797
11.6813,175.22,4.946875,-3.38145216105464
11.6813,175.22,4.95,-3.423220832379692
11.6813,175.22,4.953125,-3.476481107116544
11.6813,175.22,4.956250000000001,-3.5452697982096937
11.6813,175.22,4.9593750000000005,-3.6289923307575584
11.6813,175.22,4.9625,-3.7258886351637632
11.6813,175.22,4.965625,-3.8342015310108675
11.6813,175.22,4.96875,-3.9405589653675435
11.6813,175.22,4.971875000000001,-4.048608762103145
11.6813,175.22,4.9750000000000005,-4.1477437768853
11.6813,175.22,4.978125,-4.248473121423116
11.6813,175.22,4.98125,-4.32821752176103
11.6813,175.22,4.984375,-4.388305378582088
11.6813,175.22,4.987500000000001,-4.426502324717393
11.6813,175.22,4.9906250000000005,-4.435624872148072
11.6813,175.22,4.99375,-4.420753516980543
11.6813,175.22,4.996875,-4.3845485398023625
11.6813,175.22,5,-4.337133448854388
11.6813,175.22,5.003125000000001,-4.26944470111834
11.6813,175.22,5.0062500000000005,-4.2097808296088655
11.6813,175.22,5.009375,-4.1475000689067745
11.6813,175.22,5.0125,-4.085257825749818
11.6813,175.22,5.015625,-4.0296748590378755
11.6813,175.22,5.018750000000001,-3.985053603366695
11.6813,175.22,5.0218750000000005,-3.9511670686053275
11.6813,175.22,5.025,-3.925714123856083
11.6813,175.22,5.028125,-3.91968849356455
11.6813,175.22,5.03125,-3.931304511475452
11.6813,175.22,5.034375000000001,-3.9648759941061504
11.6813,175.22,5.0375000000000005,-4.0103604149245236
11.6813,175.22,5.040625,-4.079467190846945
11.6813,175.22,5.04375,-4.163272945234593
11.6813,175.22,5.046875,-4.267353965850321
11.6813,175.22,5.050000000000001,-4.381813427282507
11.6813,175.22,5.0531250000000005,-4.518805467786354
11.6813,175.22,5.05625,-4.6585558235109765
11.6813,175.22,5.059375,-4.808023347382054
11.6813,175.22,5.0625,-4.9630046444087945
11.6813,175.22,5.065625000000001,-5.117594506675251
11.6813,175.22,5.0687500000000005,-5.257393343433797
11.6813,175.22,5.071875,-5.380884784380584
11.6813,175.22,5.075,-5.477113197638548
11.6813,175.22,5.078125,-5.5480593571322085
11.6813,175.22,5.081250000000001,-5.569954261084492
11.6813,175.22,5.0843750000000005,-5.556515344832561
11.6813,175.22,5.0875,-5.507201608871442
11.6813,175.22,5.090625,-5.424502056398934
11.6813,175.22,5.09375,-5.324667252615934
11.6813,175.22,5.096875000000001,-5.202662944050733
11.6813,175.22,5.1000000000000005,-5.087259429578214
11.6813,175.22,5.103125,-4.970837205058821
11.6813,175.22,5.10625,-4.840373724512471
11.6813,175.22,5.109375,-4.695109853353341
11.6813,175.22,5.112500000000001,-4.559049628116939
11.6813,175.22,5.1156250000000005,-4.451305481667846
11.6813,175.22,5.11875,-4.372044638328852
11.6813,175.22,5.121875,-4.320382015943648
11.6813,175.22,5.125,-4.2970438582310795
11.6813,175.22,5.128125000000001,-4.290786636128854
11.6813,175.22,5.1312500000000005,-4.31191479492978
11.6813,175.22,5.134375,-4.355117864160253
11.6813,175.22,5.1375,-4.409608632526061
11.6813,175.22,5.140625,-4.483490083629447
11.6813,175.22,5.143750000000001,-4.570935446655657
11.6813,175.22,5.1468750000000005,-4.6636922578479
11.6813,175.22,5.15,-4.7700082615598625
11.6813,175.22,5.153125,-4.875507133855938
11.6813,175.22,5.15625,-4.991119216717992
11.6813,175.22,5.159375000000001,-5.0970960088794905
11.6813,175.22,5.1625000000000005,-5.200685026293086
11.6813,175.22,5.165625,-5.290755757520131
11.6813,175.22,5.16875,-5.359212930576876
11.6813,175.22,5.171875,-5.410480374521244
11.6813,175.22,5.175000000000001,-5.436287289509304
11.6813,175.22,5.1781250000000005,-5.431749165776551
11.6813,175.22,5.18125,-5.400203278350525
11.6813,175.22,5.184375,-5.340374356679173
11.6813,175.22,5.1875,-5.266697424365045
11.6813,175.22,5.190625000000001,-5.1722385152268435
11.6813,175.22,5.1937500000000005,-5.077465926048745
11.6813,175.22,5.196875,-4.990245372953512
11.6813,175.22,5.2,-4.91001225804566
11.6813,175.22,5.203125,-4.833132351094383
11.6813,175.22,5.206250000000001,-4.768356461487954
11.6813,175.22,5.2093750000000005,-4.716173790730577
11.6813,175.22,5.2125,-4.67928212822768
11.6813,175.22,5.215625,-4.6619209457635025
11.6813,175.22,5.21875,-4.672129538947955
11.6813,175.22,5.221875000000001,-4.721137445268651
11.6813,175.22,5.2250000000000005,-4.787939202667905
11.6813,175.22,5.228125,-4.888260737554692
11.6813,175.22,5.23125,-5.023149121817495
11.6813,175.22,5.234375,-5.181285211684839
11.6813,175.22,5.237500000000001,-5.366507149761292
11.6813,175.22,5.2406250000000005,-5.581553637121768
11.6813,175.22,5.24375,-5.8233339285359715
11.6813,175.22,5.246875,-6.096256559419206
11.6813,175.22,5.25,-6.393032240324672
11.6813,175.22,5.253125000000001,-6.765789002844317
11.6813,175.22,5.2562500000000005,-7.216954610242786
11.6813,175.22,5.259375,-7.846574382316907
11.6813,175.22,5.2625,-8.820570252807006
11.6813,175.22,5.265625,-10.325632120186224
11.6813,175.22,5.268750000000001,-11.300942384752442
11.6813,175.22,5.2718750000000005,-9.925934867886273
11.6813,175.22,5.275,-8.331935917949245
11.6813,175.22,5.278125,-7.4148382162479844
11.6813,175.22,5.28125,-6.869555150749981
11.6813,175.22,5.284375000000001,-6.4888277410217245
11.6813,175.22,5.2875000000000005,-6.186207243826596
11.6813,175.22,5.290625,-5.928034875979207
11.6813,175.22,5.29375,-5.710634400256547
11.6813,175.22,5.296875,-5.5242795593332215
11.6813,175.22,5.300000000000001,-5.372517064961761
11.6813,175.22,5.3031250000000005,-5.253445323406531
11.6813,175.22,5.30625,-5.158782017186855
11.6813,175.22,5.309375,-5.099320306431795
11.6813,175.22,5.3125,-5.062931318868119
11.6813,175.22,5.315625000000001,-5.060546534605317
11.6813,175.22,5.3187500000000005,-5.0763140011219
11.6813,175.22,5.321875,-5.122939487707546
11.6813,175.22,5.325,-5.185251213420382
11.6813,175.22,5.328125,-5.257095822251438
11.6813,175.22,5.331250000000001,-5.338269789690516
11.6813,175.22,5.3343750000000005,-5.430783218995465
11.6813,175.22,5.3375,-5.52059871107158
11.6813,175.22,5.340625,-5.615916488169066
11.6813,175.22,5.34375,-5.709588380686309
11.6813,175.22,5.346875000000001,-5.790742554162637
11.6813,175.22,5.3500000000000005,-5.860989851835333
11.6813,175.22,5.353125,-5.900727612176223
11.6813,175.22,5.35625,-5.925143033994209
11.6813,175.22,5.359375,-5.902422317571113
11.6813,175.22,5.362500000000001,-5.859027626166076
11.6813,175.22,5.3656250000000005,-5.783606787655503
11.6813,175.22,5.36875,-5.6699137715306245
11.6813,175.22,5.371875,-5.543688801114505
11.6813,175.22,5.375,-5.410294290036678
11.6813,175.22,5.378125000000001,-5.266657365078672
11.6813,175.22,5.3812500000000005,-5.125028293117531
11.6813,175.22,5.384375,-4.995839542030119
11.6813,175.22,5.3875,-4.890981152287546
11.6813,175.22,5.390625,-4.798510215013912
11.6813,175.22,5.393750000000001,-4.727905999886576
11.6813,175.22,5.3968750000000005,-4.685650552919599
11.6813,175.22,5.4,-4.66279082814168
11.6813,175.22,5.403125,-4.663955338459443
11.6813,175.22,5.40625,-4.6895327587497775
11.6813,175.22,5.409375000000001,-4.73541137837921
11.6813,175.22,5.4125000000000005,-4.806653558147934
11.6813,175.22,5.415625,-4.8926133737472055
11.6813,175.22,5.41875,-4.99655837785938
11.6813,175.22,5.421875,-5.1178016295637345
11.6813,175.22,5.425000000000001,-5.2570976525257205
11.6813,175.22,5.4281250000000005,-5.402988597452873
11.6813,175.22,5.43125,-5.564097117421211
11.6813,175.22,5.434375,-5.721915921941792
11.6813,175.22,5.4375,-5.8806721701864015
11.6813,175.22,5.440625000000001,-6.018155212178472
11.6813,175.22,5.4437500000000005,-6.1340460453236165
11.6813,175.22,5.446875,-6.224976502243375
11.6813,175.22,5.45,-6.279666759418764
11.6813,175.22,5.453125,-6.297252912903206
11.6813,175.22,5.456250000000001,-6.264000285275131
11.6813,175.22,5.4593750000000005,-6.2018421235739325
11.6813,175.22,5.4625,-6.094437813523123
11.6813,175.22,5.465625,-5.960001613612196
11.6813,175.22,5.46875,-5.802754370982742
11.6813,175.22,5.471875000000001,-5.6356911520527575
11.6813,175.22,5.4750000000000005,-5.468122594279161
11.6813,175.22,5.478125,-5.31399948049547
11.6813,175.22,5.48125,-5.16877583910686
11.6813,175.22,5.484375,-5.040092450622852
11.6813,175.22,5.487500000000001,-4.941119419312514
11.6813,175.22,5.4906250000000005,-4.872194106609483
11.6813,175.22,5.49375,-4.828272868687451
11.6813,175.22,5.496875,-4.807526711765224
11.6813,175.22,5.5,-4.819990084011236
11.6813,175.22,5.503125000000001,-4.849747403989365
11.6813,175.22,5.5062500000000005,-4.901084183196334
11.6813,175.22,5.509375,-4.974276853761733
11.6813,175.22,5.5125,-5.044985482188564
11.6813,175.22,5.515625,-5.13690795828113
11.6813,175.22,5.518750000000001,-5.228353720731698
11.6813,175.22,5.5218750000000005,-5.318471750105723
11.6813,175.22,5.525,-5.388043389777112
11.6813,175.22,5.528125,-5.455238558880804
11.6813,175.22,5.53125,-5.495702994715515
11.6813,175.22,5.534375000000001,-5.512474809391214
11.6813,175.22,5.5375000000000005,-5.5010150502505955
11.6813,175.22,5.540625,-5.4633179784026815
11.6813,175.22,5.54375,-5.393946457158347
11.6813,175.22,5.546875,-5.2948165985804625
11.6813,175.22,5.550000000000001,-5.175198885470863
11.6813,175.22,5.5531250000000005,-5.035877539537317
11.6813,175.22,5.55625,-4.891991887735586
11.6813,175.22,5.559375,-4.744138896416032
11.6813,175.22,5.5625,-4.600693393677903
11.6813,175.22,5.565625000000001,-4.458377696116951
11.6813,175.22,5.5687500000000005,-4.3308217620591964
11.6813,175.22,5.571875,-4.21913669580284
11.6813,175.22,5.575,-4.129611795607608
11.6813,175.22,5.578125,-4.066536393348747
11.6813,175.22,5.581250000000001,-4.022545798079397
11.6813,175.22,5.5843750000000005,-3.998951965502979
11.6813,175.22,5.5875,-3.998679488198533
11.6813,175.22,5.590625,-4.021030007425982
11.6813,175.22,5.59375,-4.06730625961758
11.6813,175.22,5.596875000000001,-4.13794128370195
11.6813,175.22,5.6000000000000005,-4.22448479542621
11.6813,175.22,5.603125,-4.331514579044359
11.6813,175.22,5.60625,-4.436420557086264
11.6813,175.22,5.609375,-4.562552431436383
11.6813,175.22,5.612500000000001,-4.697866841566479
11.6813,175.22,5.6156250000000005,-4.81759974084069
11.6813,175.22,5.61875,-4.944519227002539
11.6813,175.22,5.621875,-5.04597820247355
11.6813,175.22,5.625,-5.13522553562459
11.6813,175.22,5.628125000000001,-5.184173196408748
11.6813,175.22,5.6312500000000005,-5.2054203899417715
11.6813,175.22,5.634375,-5.197834408476466
11.6813,175.22,5.6375,-5.144908592420103
11.6813,175.22,5.640625,-5.0525228653268615
11.6813,175.22,5.643750000000001,-4.941155343221105
11.6813,175.22,5.6468750000000005,-4.806767606607101
11.6813,175.22,5.65,-4.6552370908045635
11.6813,175.22,5.653125,-4.498569296146874
11.6813,175.22,5.65625,-4.35088379817502
11.6813,175.22,5.659375000000001,-4.219840490029566
11.6813,175.22,5.6625000000000005,-4.100760874392908
11.6813,175.22,5.665625,-4.008435970765232
11.6813,175.22,5.66875,-3.9400753938107327
11.6813,175.22,5.671875,-3.883761411913309
11.6813,175.22,5.675000000000001,-3.86047768126648
11.6813,175.22,5.6781250000000005,-3.8499000119654476
11.6813,175.22,5.68125,-3.864815397763528
11.6813,175.22,5.684375,-3.8985476743919016
11.6813,175.22,5.6875,-3.9440789875401903
11.6813,175.22,5.690625000000001,-4.0066585628810065
11.6813,175.22,5.6937500000000005,-4.07476777765255
11.6813,175.22,5.696875,-4.148671714049306
11.6813,175.22,5.7,-4.220086808159329
11.6813,175.22,5.703125,-4.288389580257376
11.6813,175.22,5.706250000000001,-4.353713239811024
11.6813,175.22,5.7093750000000005,-4.400375076776241
11.6813,175.22,5.7125,-4.433732874360869
11.6813,175.22,5.715625,-4.43783829156693
11.6813,175.22,5.71875,-4.418607138809888
11.6813,175.22,5.721875000000001,-4.371114535651925
11.6813,175.22,5.7250000000000005,-4.293837026990697
11.6813,175.22,5.728125,-4.192537021862072
11.6813,175.22,5.73125,-4.066238007974988
11.6813,175.22,5.734375,-3.92371842441852
11.6813,175.22,5.737500000000001,-3.761947611055449
11.6813,175.22,5.7406250000000005,-3.6043249115734426
11.6813,175.22,5.74375,-3.451624540069832
11.6813,175.22,5.746875,-3.309184446973969
11.6813,175.22,5.75,-3.183127262674014
11.6813,175.22,5.753125000000001,-3.0693231851798224
11.6813,175.22,5.7562500000000005,-2.9818589741572628
11.6813,175.22,5.759375,-2.9203514709363003
11.6813,175.22,5.7625,-2.886275927282749
11.6813,175.22,5.765625,-2.8742752676686463
11.6813,175.22,5.768750000000001,-2.8889395383894123
11.6813,175.22,5.7718750000000005,-2.9182744310671813
11.6813,175.22,5.775,-2.970818437802458
11.6813,175.22,5.778125,-3.0415713891651155
11.6813,175.22,5.78125,-3.124235299760401
11.6813,175.22,5.784375000000001,-3.217405898423296
11.6813,175.22,5.7875000000000005,-3.3131330164365744
11.6813,175.22,5.790625,-3.410566970965304
11.6813,175.22,5.79375,-3.505315023130951
11.6813,175.22,5.796875,-3.5961740763536474
11.6813,175.22,5.800000000000001,-3.6593510687284905
11.6813,175.22,5.8031250000000005,-3.720203199163273
11.6813,175.22,5.80625,-3.757710695113419
11.6813,175.22,5.809375,-3.760510015151575
11.6813,175.22,5.8125,-3.751823120062352
11.6813,175.22,5.815625000000001,-3.70938934627154
11.6813,175.22,5.8187500000000005,-3.633532435662188
11.6813,175.22,5.821875,-3.545618284947421
11.6813,175.22,5.825,-3.444303949834037
11.6813,175.22,5.828125,-3.3288575675832077
11.6813,175.22,5.831250000000001,-3.2041637134960474
11.6813,175.22,5.8343750000000005,-3.078316784103765
11.6813,175.22,5.8375,-2.9668321693182436
11.6813,175.22,5.840625,-2.8646758054883685
11.6813,175.22,5.84375,-2.7765527725821886
11.6813,175.22,5.846875000000001,-2.7074881930729324
11.6813,175.22,5.8500000000000005,-2.661814550920913
11.6813,175.22,5.853125,-2.640017158703809
11.6813,175.22,5.85625,-2.6415916103769694
11.6813,175.22,5.859375,-2.666574094854577
11.6813,175.22,5.862500000000001,-2.7110654618531544
11.6813,175.22,5.8656250000000005,-2.7780884653049815
11.6813,175.22,5.86875,-2.8573976465502064
11.6813,175.22,5.871875,-2.9437703015326884
11.6813,175.22,5.875,-3.0366289429191684
11.6813,175.22,5.878125000000001,-3.133401950715158
11.6813,175.22,5.8812500000000005,-3.2292187202079834
11.6813,175.22,5.884375,-3.316923772340618
11.6813,175.22,5.8875,-3.3850958149046533
11.6813,175.22,5.890625,-3.4380001230621113
11.6813,175.22,5.893750000000001,-3.478245082437405
11.6813,175.22,5.8968750000000005,-3.4820329303194986
11.6813,175.22,5.9,-3.461017452964377
11.6813,175.22,5.903125,-3.3991146689947964
11.6813,175.22,5.90625,-3.312250133426921
11.6813,175.22,5.909375000000001,-3.191628733834789
11.6813,175.22,5.9125000000000005,-3.0508184691365785
11.6813,175.22,5.915625,-2.895624901109292
11.6813,175.22,5.91875,-2.7322156560907884
11.6813,175.22,5.921875,-2.5743312893163735
11.6813,175.22,5.925000000000001,-2.4112261740372496
11.6813,175.22,5.9281250000000005,-2.2765371235220515
11.6813,175.22,5.93125,-2.1571474249336546
11.6813,175.22,5.934375,-2.0614234879368776
11.6813,175.22,5.9375,-1.9947199298742584
11.6813,175.22,5.940625000000001,-1.9510700539679784
11.6813,175.22,5.9437500000000005,-1.9305960712181878
11.6813,175.22,5.946875,-1.9377948608654698
11.6813,175.22,5.95,-1.9683016433395009
11.6813,175.22,5.953125,-2.015655978956237
11.6813,175.22,5.956250000000001,-2.0858310614595106
11.6813,175.22,5.9593750000000005,-2.1738964789159736
11.6813,175.22,5.9625,-2.265805458996229
11.6813,175.22,5.965625,-2.368470114705534
11.6813,175.22,5.96875,-2.477380267670493
11.6813,175.22,5.971875000000001,-2.592418272329977
11.6813,175.22,5.9750000000000005,-2.7013337906292096
11.6813,175.22,5.978125,-2.813950347173002
11.6813,175.22,5.98125,-2.922061599075918
11.6813,175.22,5.984375,-3.003347693718995
11.6813,175.22,5.987500000000001,-3.0679135179136874
11.6813,175.22,5.9906250000000005,-3.1043777064291134
11.6813,175.22,5.99375,-3.111501299784521
11.6813,175.22,5.996875,-3.082069333547688
11.6813,175.22,6,-3.0293610493955376
