"Current","Field","Frequency","Spectra"
3.8921,58.382,1,-1.4541994594609347
3.8921,58.382,1.003125,-1.4097895051211997
3.8921,58.382,1.00625,-1.3761127876823052
3.8921,58.382,1.0093750000000001,-1.3512207793494049
3.8921,58.382,1.0125,-1.340292615224567
3.8921,58.382,1.015625,-1.3424407957147833
3.8921,58.382,1.01875,-1.357513652375104
3.8921,58.382,1.021875,-1.3817381270136004
3.8921,58.382,1.0250000000000001,-1.4184147021485507
3.8921,58.382,1.028125,-1.4692301926759472
3.8921,58.382,1.03125,-1.5280786900482943
3.8921,58.382,1.034375,-1.5934454183079862
3.8921,58.382,1.0375,-1.6638470875920062
3.8921,58.382,1.0406250000000001,-1.7353659429482682
3.8921,58.382,1.04375,-1.8042316076143663
3.8921,58.382,1.046875,-1.8727234823584693
3.8921,58.382,1.05,-1.9357516979136857
3.8921,58.382,1.053125,-1.9875616600053148
3.8921,58.382,1.0562500000000001,-2.033778308322404
3.8921,58.382,1.059375,-2.07080628407837
3.8921,58.382,1.0625,-2.0971381545437198
3.8921,58.382,1.065625,-2.1117748165947288
3.8921,58.382,1.06875,-2.1153935222228166
3.8921,58.382,1.0718750000000001,-2.1085594558835603
3.8921,58.382,1.0750000000000002,-2.092383262356975
3.8921,58.382,1.078125,-2.0650615055710753
3.8921,58.382,1.08125,-2.025928904365833
3.8921,58.382,1.084375,-1.9779083719353472
3.8921,58.382,1.0875000000000001,-1.9239263536287514
3.8921,58.382,1.0906250000000002,-1.8629495818220956
3.8921,58.382,1.09375,-1.8113302149440738
3.8921,58.382,1.096875,-1.7457346199528392
3.8921,58.382,1.1,-1.6951541376901584
3.8921,58.382,1.1031250000000001,-1.651049911887024
3.8921,58.382,1.1062500000000002,-1.599808934040448
3.8921,58.382,1.109375,-1.5669031729201224
3.8921,58.382,1.1125,-1.548095515150042
3.8921,58.382,1.115625,-1.542624708837646
3.8921,58.382,1.1187500000000001,-1.550084459795191
3.8921,58.382,1.1218750000000002,-1.5676680988085157
3.8921,58.382,1.125,-1.5927622365018277
3.8921,58.382,1.128125,-1.6259289500409615
3.8921,58.382,1.13125,-1.6646357536285492
3.8921,58.382,1.1343750000000001,-1.705888907736412
3.8921,58.382,1.1375000000000002,-1.7473917644183303
3.8921,58.382,1.140625,-1.78453550482375
3.8921,58.382,1.14375,-1.8097707585466571
3.8921,58.382,1.146875,-1.8336348714129427
3.8921,58.382,1.1500000000000001,-1.848819248309084
3.8921,58.382,1.1531250000000002,-1.8530084136651912
3.8921,58.382,1.15625,-1.8477015754374972
3.8921,58.382,1.159375,-1.8341515180272718
3.8921,58.382,1.1625,-1.8105950044907084
3.8921,58.382,1.1656250000000001,-1.7840596472933332
3.8921,58.382,1.1687500000000002,-1.7540391454077555
3.8921,58.382,1.171875,-1.715497944160046
3.8921,58.382,1.175,-1.6780049430093005
3.8921,58.382,1.178125,-1.6361965915669454
3.8921,58.382,1.1812500000000001,-1.5971333408514423
3.8921,58.382,1.1843750000000002,-1.5580169091012812
3.8921,58.382,1.1875,-1.523636767966943
3.8921,58.382,1.190625,-1.4927785006042282
3.8921,58.382,1.19375,-1.4736295387647915
3.8921,58.382,1.1968750000000001,-1.4634894599403805
3.8921,58.382,1.2000000000000002,-1.4553164292339358
3.8921,58.382,1.203125,-1.4673136246223406
3.8921,58.382,1.20625,-1.491153582571172
3.8921,58.382,1.209375,-1.5258348686315242
3.8921,58.382,1.2125000000000001,-1.5738493500125093
3.8921,58.382,1.2156250000000002,-1.6310334197944827
3.8921,58.382,1.21875,-1.6890483720467064
3.8921,58.382,1.221875,-1.7611047828564284
3.8921,58.382,1.225,-1.8401086098908535
3.8921,58.382,1.2281250000000001,-1.9150702715220502
3.8921,58.382,1.2312500000000002,-1.982992814006805
3.8921,58.382,1.234375,-2.0490922079864857
3.8921,58.382,1.2375,-2.101202973646595
3.8921,58.382,1.240625,-2.145453271436792
3.8921,58.382,1.2437500000000001,-2.185878680378365
3.8921,58.382,1.2468750000000002,-2.2091165398037433
3.8921,58.382,1.25,-2.221841404246915
3.8921,58.382,1.253125,-2.213542617078477
3.8921,58.382,1.25625,-2.184252430875201
3.8921,58.382,1.2593750000000001,-2.152394082594112
3.8921,58.382,1.2625000000000002,-2.1153971651796524
3.8921,58.382,1.265625,-2.0752723851823163
3.8921,58.382,1.26875,-2.023005441969559
3.8921,58.382,1.271875,-1.96389705141519
3.8921,58.382,1.2750000000000001,-1.9024714472424966
3.8921,58.382,1.2781250000000002,-1.8372660458996062
3.8921,58.382,1.28125,-1.7860326903533907
3.8921,58.382,1.284375,-1.7460998396648006
3.8921,58.382,1.2875,-1.7101437979902177
3.8921,58.382,1.2906250000000001,-1.6819952678622334
3.8921,58.382,1.2937500000000002,-1.6629157409863036
3.8921,58.382,1.296875,-1.661368265108972
3.8921,58.382,1.3,-1.6701052913710035
3.8921,58.382,1.303125,-1.6986327060576403
3.8921,58.382,1.3062500000000001,-1.7339284622126812
3.8921,58.382,1.3093750000000002,-1.775577485573616
3.8921,58.382,1.3125,-1.8251535031754242
3.8921,58.382,1.315625,-1.8788304029641374
3.8921,58.382,1.31875,-1.9328109314787667
3.8921,58.382,1.3218750000000001,-1.9778343029904943
3.8921,58.382,1.3250000000000002,-2.0231889925374773
3.8921,58.382,1.328125,-2.061913123552592
3.8921,58.382,1.33125,-2.08542729238689
3.8921,58.382,1.334375,-2.1018360951011945
3.8921,58.382,1.3375000000000001,-2.104310254765414
3.8921,58.382,1.3406250000000002,-2.101325770172087
3.8921,58.382,1.34375,-2.086189254945076
3.8921,58.382,1.346875,-2.0606000202851256
3.8921,58.382,1.35,-2.028575937957729
3.8921,58.382,1.3531250000000001,-1.987630563122745
3.8921,58.382,1.3562500000000002,-1.941001824583907
3.8921,58.382,1.359375,-1.8922452946764654
3.8921,58.382,1.3625,-1.8373068858651564
3.8921,58.382,1.365625,-1.7817194844313147
3.8921,58.382,1.3687500000000001,-1.7284622614884801
3.8921,58.382,1.3718750000000002,-1.6797565701925345
3.8921,58.382,1.375,-1.6371148242189388
3.8921,58.382,1.378125,-1.6030199955648716
3.8921,58.382,1.38125,-1.5754512064937198
3.8921,58.382,1.3843750000000001,-1.5580428970316949
3.8921,58.382,1.3875000000000002,-1.5560934869830327
3.8921,58.382,1.390625,-1.5704659263297245
3.8921,58.382,1.39375,-1.5967769831505063
3.8921,58.382,1.396875,-1.6408450718766274
3.8921,58.382,1.4000000000000001,-1.7009583242123365
3.8921,58.382,1.4031250000000002,-1.7595561079062034
3.8921,58.382,1.40625,-1.832781570846903
3.8921,58.382,1.409375,-1.9075464284283061
3.8921,58.382,1.4125,-1.9843340872130057
3.8921,58.382,1.4156250000000001,-2.061692886142767
3.8921,58.382,1.4187500000000002,-2.132892386129541
3.8921,58.382,1.421875,-2.190007706351994
3.8921,58.382,1.425,-2.2382552361628143
3.8921,58.382,1.428125,-2.2743793029901815
3.8921,58.382,1.4312500000000001,-2.2994901083524963
3.8921,58.382,1.4343750000000002,-2.3075678038179257
3.8921,58.382,1.4375,-2.3080631831501015
3.8921,58.382,1.440625,-2.293907991738716
3.8921,58.382,1.44375,-2.2726697891398953
3.8921,58.382,1.4468750000000001,-2.24061915908996
3.8921,58.382,1.4500000000000002,-2.2030634252413734
3.8921,58.382,1.453125,-2.161378267309529
3.8921,58.382,1.45625,-2.1125259916981207
3.8921,58.382,1.459375,-2.066019197520677
3.8921,58.382,1.4625000000000001,-2.019318155908848
3.8921,58.382,1.4656250000000002,-1.975511542163417
3.8921,58.382,1.46875,-1.9380980386829139
3.8921,58.382,1.471875,-1.90323229468836
3.8921,58.382,1.475,-1.880459807676734
3.8921,58.382,1.4781250000000001,-1.8639959239640282
3.8921,58.382,1.4812500000000002,-1.857975084988758
3.8921,58.382,1.484375,-1.8643106851414553
3.8921,58.382,1.4875,-1.8828441507710014
3.8921,58.382,1.490625,-1.9090570720706599
3.8921,58.382,1.4937500000000001,-1.9455866804241824
3.8921,58.382,1.4968750000000002,-1.992285161842039
3.8921,58.382,1.5,-2.0401353785080385
3.8921,58.382,1.503125,-2.0922781169185054
3.8921,58.382,1.50625,-2.1481988801174863
3.8921,58.382,1.5093750000000001,-2.1974738795049698
3.8921,58.382,1.5125000000000002,-2.2446054012202947
3.8921,58.382,1.515625,-2.2831253087863446
3.8921,58.382,1.51875,-2.318412657126612
3.8921,58.382,1.521875,-2.337782061210839
3.8921,58.382,1.5250000000000001,-2.3364767389503647
3.8921,58.382,1.5281250000000002,-2.3293911726580534
3.8921,58.382,1.53125,-2.309776979909709
3.8921,58.382,1.534375,-2.279781648197851
3.8921,58.382,1.5375,-2.241891716990211
3.8921,58.382,1.5406250000000001,-2.194162288524092
3.8921,58.382,1.5437500000000002,-2.1390855506670112
3.8921,58.382,1.546875,-2.0801713348832225
3.8921,58.382,1.55,-2.017880562193258
3.8921,58.382,1.553125,-1.9571926842935325
3.8921,58.382,1.5562500000000001,-1.9032863983516197
3.8921,58.382,1.5593750000000002,-1.8534191204899506
3.8921,58.382,1.5625,-1.8096570808548273
3.8921,58.382,1.565625,-1.7798984553788513
3.8921,58.382,1.56875,-1.7617736010559872
3.8921,58.382,1.5718750000000001,-1.7559598641788217
3.8921,58.382,1.5750000000000002,-1.765929148676466
3.8921,58.382,1.578125,-1.7872011048786467
3.8921,58.382,1.58125,-1.8188108528075444
3.8921,58.382,1.584375,-1.8642935126991067
3.8921,58.382,1.5875000000000001,-1.9174155481576531
3.8921,58.382,1.5906250000000002,-1.9800946204096368
3.8921,58.382,1.59375,-2.0415206159509456
3.8921,58.382,1.596875,-2.103687811595791
3.8921,58.382,1.6,-2.164766214465227
3.8921,58.382,1.6031250000000001,-2.217828425857467
3.8921,58.382,1.6062500000000002,-2.265766225707488
3.8921,58.382,1.609375,-2.30621676547733
3.8921,58.382,1.6125,-2.336735439528604
3.8921,58.382,1.615625,-2.3606087072399946
3.8921,58.382,1.6187500000000001,-2.3704170225100514
3.8921,58.382,1.6218750000000002,-2.3718160086863884
3.8921,58.382,1.625,-2.3628507294339145
3.8921,58.382,1.628125,-2.3497411889399067
3.8921,58.382,1.63125,-2.3251900970436794
3.8921,58.382,1.6343750000000001,-2.2952203154654844
3.8921,58.382,1.6375000000000002,-2.261490953707991
3.8921,58.382,1.640625,-2.226835201150596
3.8921,58.382,1.64375,-2.186573818876663
3.8921,58.382,1.646875,-2.147593866850322
3.8921,58.382,1.6500000000000001,-2.1114987746875324
3.8921,58.382,1.6531250000000002,-2.086554868441986
3.8921,58.382,1.65625,-2.0665925594552292
3.8921,58.382,1.659375,-2.0626373579496344
3.8921,58.382,1.6625,-2.0684436728105764
3.8921,58.382,1.6656250000000001,-2.063201808418022
3.8921,58.382,1.6687500000000002,-2.0758980579511377
3.8921,58.382,1.671875,-2.1008285763694206
3.8921,58.382,1.675,-2.1409179892364345
3.8921,58.382,1.678125,-2.1862785458448144
3.8921,58.382,1.6812500000000001,-2.2355454939970993
3.8921,58.382,1.6843750000000002,-2.2867601024110873
3.8921,58.382,1.6875,-2.3396500791398847
3.8921,58.382,1.690625,-2.3911338941099953
3.8921,58.382,1.69375,-2.4315748501791017
3.8921,58.382,1.6968750000000001,-2.463440747516558
3.8921,58.382,1.7000000000000002,-2.4856693972083352
3.8921,58.382,1.703125,-2.4966589573119897
3.8921,58.382,1.70625,-2.498131815886052
3.8921,58.382,1.709375,-2.488392488870783
3.8921,58.382,1.7125000000000001,-2.472127399470671
3.8921,58.382,1.7156250000000002,-2.4451254950125287
3.8921,58.382,1.71875,-2.41138378084576
3.8921,58.382,1.721875,-2.371958857105486
3.8921,58.382,1.725,-2.3275881370916456
3.8921,58.382,1.7281250000000001,-2.2783350228637627
3.8921,58.382,1.7312500000000002,-2.2313808405275566
3.8921,58.382,1.734375,-2.181655586268735
3.8921,58.382,1.7375,-2.133591500610184
3.8921,58.382,1.740625,-2.090405115958272
3.8921,58.382,1.7437500000000001,-2.051515183565464
3.8921,58.382,1.7468750000000002,-2.0153284761048558
3.8921,58.382,1.75,-1.989959664689853
3.8921,58.382,1.753125,-1.9744604785490774
3.8921,58.382,1.75625,-1.9697513982003723
3.8921,58.382,1.7593750000000001,-1.9775832820151462
3.8921,58.382,1.7625000000000002,-2.0011093473014268
3.8921,58.382,1.765625,-2.0314937265833874
3.8921,58.382,1.76875,-2.0761843147250163
3.8921,58.382,1.771875,-2.1244423501783483
3.8921,58.382,1.7750000000000001,-2.180228274428896
3.8921,58.382,1.7781250000000002,-2.2392293539658454
3.8921,58.382,1.78125,-2.2991042486494964
3.8921,58.382,1.784375,-2.35383910107211
3.8921,58.382,1.7875,-2.4015872909821026
3.8921,58.382,1.7906250000000001,-2.441388623829365
3.8921,58.382,1.7937500000000002,-2.4697581404783704
3.8921,58.382,1.7968750000000002,-2.4847545793537273
3.8921,58.382,1.8,-2.489192691650598
3.8921,58.382,1.803125,-2.478640365758892
3.8921,58.382,1.8062500000000001,-2.4608526598257723
3.8921,58.382,1.8093750000000002,-2.434366979088083
3.8921,58.382,1.8125000000000002,-2.4002080345958476
3.8921,58.382,1.815625,-2.36123871782706
3.8921,58.382,1.81875,-2.3178347883955377
3.8921,58.382,1.8218750000000001,-2.274696350558111
3.8921,58.382,1.8250000000000002,-2.2318754230499818
3.8921,58.382,1.8281250000000002,-2.1927162482868052
3.8921,58.382,1.83125,-2.1610879278617627
3.8921,58.382,1.834375,-2.136659274533429
3.8921,58.382,1.8375000000000001,-2.11722914148319
3.8921,58.382,1.8406250000000002,-2.11041207131401
3.8921,58.382,1.8437500000000002,-2.1162930490373624
3.8921,58.382,1.846875,-2.1308291389552316
3.8921,58.382,1.85,-2.154731431865082
3.8921,58.382,1.8531250000000001,-2.191529321605329
3.8921,58.382,1.8562500000000002,-2.24078689832106
3.8921,58.382,1.8593750000000002,-2.2976824758357255
3.8921,58.382,1.8625,-2.36033141299373
3.8921,58.382,1.865625,-2.4256341681123588
3.8921,58.382,1.8687500000000001,-2.49010561075624
3.8921,58.382,1.8718750000000002,-2.550908114779279
3.8921,58.382,1.8750000000000002,-2.6080176029580753
3.8921,58.382,1.878125,-2.65685428923321
3.8921,58.382,1.88125,-2.693701042862104
3.8921,58.382,1.8843750000000001,-2.7202762973701673
3.8921,58.382,1.8875000000000002,-2.734179856755614
3.8921,58.382,1.8906250000000002,-2.737700590394365
3.8921,58.382,1.89375,-2.722467052141002
3.8921,58.382,1.896875,-2.6946405543074743
3.8921,58.382,1.9000000000000001,-2.6557650279859795
3.8921,58.382,1.9031250000000002,-2.609351841375327
3.8921,58.382,1.9062500000000002,-2.552867769523055
3.8921,58.382,1.909375,-2.4924271721036337
3.8921,58.382,1.9125,-2.4255758005163757
3.8921,58.382,1.9156250000000001,-2.356066623882297
3.8921,58.382,1.9187500000000002,-2.2862927989941033
3.8921,58.382,1.9218750000000002,-2.2216227381075324
3.8921,58.382,1.925,-2.1632281245998204
3.8921,58.382,1.928125,-2.111500854010988
3.8921,58.382,1.9312500000000001,-2.0716620913737556
3.8921,58.382,1.9343750000000002,-2.0432550483423255
3.8921,58.382,1.9375000000000002,-2.0301343675367387
3.8921,58.382,1.940625,-2.0282268063011424
3.8921,58.382,1.94375,-2.0461659516687187
3.8921,58.382,1.9468750000000001,-2.0737931237555425
3.8921,58.382,1.9500000000000002,-2.1147249932437484
3.8921,58.382,1.9531250000000002,-2.1637897800576384
3.8921,58.382,1.95625,-2.227537596974684
3.8921,58.382,1.959375,-2.2914592297055023
3.8921,58.382,1.9625000000000001,-2.3530186778511393
3.8921,58.382,1.9656250000000002,-2.4156178384964546
3.8921,58.382,1.9687500000000002,-2.4692648052034643
3.8921,58.382,1.971875,-2.51845706700328
3.8921,58.382,1.975,-2.5543632662746543
3.8921,58.382,1.9781250000000001,-2.577254631086771
3.8921,58.382,1.9812500000000002,-2.5899901597903554
3.8921,58.382,1.9843750000000002,-2.589025320027907
3.8921,58.382,1.9875,-2.577897225028338
3.8921,58.382,1.990625,-2.55456980473463
3.8921,58.382,1.9937500000000001,-2.5200314134613766
3.8921,58.382,1.9968750000000002,-2.477842224191348
3.8921,58.382,2,-2.4300608590129995
3.8921,58.382,2.0031250000000003,-2.377606679977796
3.8921,58.382,2.00625,-2.322373983792007
3.8921,58.382,2.009375,-2.268348084157271
3.8921,58.382,2.0125,-2.2187997032155806
3.8921,58.382,2.015625,-2.1720260623536554
3.8921,58.382,2.0187500000000003,-2.134461241462334
3.8921,58.382,2.021875,-2.1101283918865095
3.8921,58.382,2.025,-2.0902697536805
3.8921,58.382,2.028125,-2.090482778518406
3.8921,58.382,2.03125,-2.103971117911641
3.8921,58.382,2.0343750000000003,-2.136387597483364
3.8921,58.382,2.0375,-2.182839733584681
3.8921,58.382,2.040625,-2.241435160818135
3.8921,58.382,2.04375,-2.307055604924197
3.8921,58.382,2.046875,-2.3878735265519726
3.8921,58.382,2.0500000000000003,-2.4661203107864766
3.8921,58.382,2.053125,-2.5438412489329627
3.8921,58.382,2.05625,-2.6190850688104383
3.8921,58.382,2.059375,-2.689067642480749
3.8921,58.382,2.0625,-2.7476061099266276
3.8921,58.382,2.0656250000000003,-2.789232999220305
3.8921,58.382,2.06875,-2.8173019643005084
3.8921,58.382,2.071875,-2.830434541082918
3.8921,58.382,2.075,-2.8228139846977944
3.8921,58.382,2.078125,-2.8048143707481152
3.8921,58.382,2.0812500000000003,-2.7729193267286547
3.8921,58.382,2.084375,-2.7294415418528657
3.8921,58.382,2.0875,-2.678500030362806
3.8921,58.382,2.090625,-2.617054056191284
3.8921,58.382,2.09375,-2.552766398223893
3.8921,58.382,2.0968750000000003,-2.4828364406049444
3.8921,58.382,2.1,-2.413466285153147
3.8921,58.382,2.103125,-2.347198703644488
3.8921,58.382,2.10625,-2.2834743431741638
3.8921,58.382,2.109375,-2.227969081359616
3.8921,58.382,2.1125000000000003,-2.1792059218144257
3.8921,58.382,2.115625,-2.143376743844589
3.8921,58.382,2.11875,-2.117116310010724
3.8921,58.382,2.121875,-2.10156827911394
3.8921,58.382,2.125,-2.1069081859207452
3.8921,58.382,2.1281250000000003,-2.1281204039506996
3.8921,58.382,2.13125,-2.163251460750428
3.8921,58.382,2.134375,-2.219820601135668
3.8921,58.382,2.1375,-2.283862703606523
3.8921,58.382,2.140625,-2.357680165511546
3.8921,58.382,2.1437500000000003,-2.4353363949697173
3.8921,58.382,2.146875,-2.5175238905700197
3.8921,58.382,2.1500000000000004,-2.5986473959974172
3.8921,58.382,2.153125,-2.6659747775274494
3.8921,58.382,2.15625,-2.724429241576065
3.8921,58.382,2.1593750000000003,-2.767421954347966
3.8921,58.382,2.1625,-2.7963598531458493
3.8921,58.382,2.1656250000000004,-2.7990683554514377
3.8921,58.382,2.16875,-2.789030115000916
3.8921,58.382,2.171875,-2.76050056617256
3.8921,58.382,2.1750000000000003,-2.7185303828651013
3.8921,58.382,2.178125,-2.664322040669263
3.8921,58.382,2.1812500000000004,-2.601326480670629
3.8921,58.382,2.184375,-2.5299191492928337
3.8921,58.382,2.1875,-2.452036749370236
3.8921,58.382,2.1906250000000003,-2.375978542306734
3.8921,58.382,2.19375,-2.297884355879854
3.8921,58.382,2.1968750000000004,-2.228631433763736
3.8921,58.382,2.2,-2.169025492950115
3.8921,58.382,2.203125,-2.1268898188265446
3.8921,58.382,2.2062500000000003,-2.0932877098405833
3.8921,58.382,2.209375,-2.0721186428788774
3.8921,58.382,2.2125000000000004,-2.0715790950656907
3.8921,58.382,2.215625,-2.0846387759946525
3.8921,58.382,2.21875,-2.117057220034
3.8921,58.382,2.2218750000000003,-2.165280056596998
3.8921,58.382,2.225,-2.2265286391882535
3.8921,58.382,2.2281250000000004,-2.302093765771444
3.8921,58.382,2.23125,-2.3849227500003742
3.8921,58.382,2.234375,-2.47334227854655
3.8921,58.382,2.2375000000000003,-2.5645001556600566
3.8921,58.382,2.240625,-2.64634043278696
3.8921,58.382,2.2437500000000004,-2.725969618734702
3.8921,58.382,2.246875,-2.7968213783303635
3.8921,58.382,2.25,-2.854916021993273
3.8921,58.382,2.2531250000000003,-2.9023176789197476
3.8921,58.382,2.25625,-2.932016555205678
3.8921,58.382,2.2593750000000004,-2.9474267066101683
3.8921,58.382,2.2625,-2.945662465889938
3.8921,58.382,2.265625,-2.9273967666916145
3.8921,58.382,2.2687500000000003,-2.898232412999498
3.8921,58.382,2.271875,-2.856128784738068
3.8921,58.382,2.2750000000000004,-2.8046216632847925
3.8921,58.382,2.278125,-2.744907271666612
3.8921,58.382,2.28125,-2.6789299539043214
3.8921,58.382,2.2843750000000003,-2.6130607255587854
3.8921,58.382,2.2875,-2.5471791599285587
3.8921,58.382,2.2906250000000004,-2.4842082999625275
3.8921,58.382,2.29375,-2.4298312477242145
3.8921,58.382,2.296875,-2.384404475516904
3.8921,58.382,2.3000000000000003,-2.356832803386892
3.8921,58.382,2.303125,-2.341480108994249
3.8921,58.382,2.3062500000000004,-2.346975787860486
3.8921,58.382,2.309375,-2.3689077022823892
3.8921,58.382,2.3125,-2.412314631789126
3.8921,58.382,2.3156250000000003,-2.47651065657199
3.8921,58.382,2.31875,-2.556030112844882
3.8921,58.382,2.3218750000000004,-2.6550226994813224
3.8921,58.382,2.325,-2.7630587113433815
3.8921,58.382,2.328125,-2.8836126809685676
3.8921,58.382,2.3312500000000003,-3.0082164126569566
3.8921,58.382,2.334375,-3.126591445494134
3.8921,58.382,2.3375000000000004,-3.241907206958131
3.8921,58.382,2.340625,-3.3437596284665583
3.8921,58.382,2.34375,-3.434449294238658
3.8921,58.382,2.3468750000000003,-3.5084399281247842
3.8921,58.382,2.35,-3.566952824080889
3.8921,58.382,2.3531250000000004,-3.607208105763038
3.8921,58.382,2.35625,-3.6300811872905827
3.8921,58.382,2.359375,-3.6278030348311034
3.8921,58.382,2.3625000000000003,-3.612777667639367
3.8921,58.382,2.365625,-3.5832461710654764
3.8921,58.382,2.3687500000000004,-3.5371427310918797
3.8921,58.382,2.371875,-3.4830630060466454
3.8921,58.382,2.375,-3.4169472547310518
3.8921,58.382,2.3781250000000003,-3.345285048927205
3.8921,58.382,2.38125,-3.2728909470202137
3.8921,58.382,2.3843750000000004,-3.1966976632436497
3.8921,58.382,2.3875,-3.122388662269589
3.8921,58.382,2.390625,-3.055654082856666
3.8921,58.382,2.3937500000000003,-2.995621393465748
3.8921,58.382,2.396875,-2.9517306754054236
3.8921,58.382,2.4000000000000004,-2.9263161030896305
3.8921,58.382,2.403125,-2.9139868978306493
3.8921,58.382,2.40625,-2.9268983108743587
3.8921,58.382,2.4093750000000003,-2.9567441797900855
3.8921,58.382,2.4125,-3.013874662556902
3.8921,58.382,2.4156250000000004,-3.0887852242814837
3.8921,58.382,2.41875,-3.1894198443326554
3.8921,58.382,2.421875,-3.3115848592566186
3.8921,58.382,2.4250000000000003,-3.48589329062073
3.8921,58.382,2.428125,-3.779550032275484
3.8921,58.382,2.4312500000000004,-4.435872908680266
3.8921,58.382,2.434375,-4.931165784959692
3.8921,58.382,2.4375,-4.1882603875265
3.8921,58.382,2.4406250000000003,-3.859477058147787
3.8921,58.382,2.44375,-3.744238109022224
3.8921,58.382,2.4468750000000004,-3.6804086904989535
3.8921,58.382,2.45,-3.624985922605366
3.8921,58.382,2.453125,-3.5643344772267405
3.8921,58.382,2.4562500000000003,-3.492921535413636
3.8921,58.382,2.459375,-3.415006096577434
3.8921,58.382,2.4625000000000004,-3.326337241672881
3.8921,58.382,2.465625,-3.234774161552364
3.8921,58.382,2.46875,-3.1391937116832476
3.8921,58.382,2.4718750000000003,-3.045276111692334
3.8921,58.382,2.475,-2.957197315219366
3.8921,58.382,2.4781250000000004,-2.87640303653659
3.8921,58.382,2.48125,-2.8006674286408777
3.8921,58.382,2.484375,-2.737636701451067
3.8921,58.382,2.4875000000000003,-2.686894092472079
3.8921,58.382,2.490625,-2.6487999667359707
3.8921,58.382,2.4937500000000004,-2.6280215764610753
3.8921,58.382,2.496875,-2.624760886405321
3.8921,58.382,2.5,-2.635888924103851
3.8921,58.382,2.5031250000000003,-2.6606612465645707
3.8921,58.382,2.50625,-2.706016746370178
3.8921,58.382,2.5093750000000004,-2.7622223563072055
3.8921,58.382,2.5125,-2.829488256986399
3.8921,58.382,2.515625,-2.901560489632833
3.8921,58.382,2.5187500000000003,-2.9770852575768085
3.8921,58.382,2.521875,-3.052431208472444
3.8921,58.382,2.5250000000000004,-3.123215652749126
3.8921,58.382,2.528125,-3.1842717607531634
3.8921,58.382,2.53125,-3.2346689070587904
3.8921,58.382,2.5343750000000003,-3.269275642303752
3.8921,58.382,2.5375,-3.2811134620489693
3.8921,58.382,2.5406250000000004,-3.2818037834806875
3.8921,58.382,2.54375,-3.26019882312012
3.8921,58.382,2.546875,-3.2206950769427896
3.8921,58.382,2.5500000000000003,-3.169715827742844
3.8921,58.382,2.553125,-3.1002545698324906
3.8921,58.382,2.5562500000000004,-3.021204579557682
3.8921,58.382,2.559375,-2.9310360693405273
3.8921,58.382,2.5625,-2.8349242962438135
3.8921,58.382,2.5656250000000003,-2.7366108000405207
3.8921,58.382,2.56875,-2.6443586922218283
3.8921,58.382,2.5718750000000004,-2.557178093273377
3.8921,58.382,2.575,-2.4819738294849083
3.8921,58.382,2.578125,-2.420227629261615
3.8921,58.382,2.5812500000000003,-2.3751493878408327
3.8921,58.382,2.584375,-2.3485579007343023
3.8921,58.382,2.5875000000000004,-2.342517085383512
3.8921,58.382,2.590625,-2.357058163057642
3.8921,58.382,2.59375,-2.395529500613634
3.8921,58.382,2.5968750000000003,-2.4470973665280242
3.8921,58.382,2.6,-2.5198755648057327
3.8921,58.382,2.6031250000000004,-2.6037503533528517
3.8921,58.382,2.60625,-2.6941773500890367
3.8921,58.382,2.609375,-2.7850041023005527
3.8921,58.382,2.6125000000000003,-2.8710154127384118
3.8921,58.382,2.615625,-2.9497336245744252
3.8921,58.382,2.6187500000000004,-3.0202559243277256
3.8921,58.382,2.621875,-3.076444427499132
3.8921,58.382,2.625,-3.1174914045895497
3.8921,58.382,2.6281250000000003,-3.145088760922177
3.8921,58.382,2.63125,-3.1548179853271288
3.8921,58.382,2.6343750000000004,-3.148345505377743
3.8921,58.382,2.6375,-3.127782434495811
3.8921,58.382,2.640625,-3.0961378964038646
3.8921,58.382,2.6437500000000003,-3.0562383047426565
3.8921,58.382,2.646875,-3.008722348825569
3.8921,58.382,2.6500000000000004,-2.9538441632732026
3.8921,58.382,2.653125,-2.8967160719822473
3.8921,58.382,2.65625,-2.8391726454511397
3.8921,58.382,2.6593750000000003,-2.777411022331584
3.8921,58.382,2.6625,-2.723297602969241
3.8921,58.382,2.6656250000000004,-2.672198884028803
3.8921,58.382,2.66875,-2.6287208812931375
3.8921,58.382,2.671875,-2.6003078583349954
3.8921,58.382,2.6750000000000003,-2.581058851898837
3.8921,58.382,2.678125,-2.582968129261057
3.8921,58.382,2.6812500000000004,-2.5953164771867874
3.8921,58.382,2.684375,-2.623785397788762
3.8921,58.382,2.6875,-2.666655179161398
3.8921,58.382,2.6906250000000003,-2.7254609895767006
3.8921,58.382,2.69375,-2.7961422720593654
3.8921,58.382,2.6968750000000004,-2.876050609326274
3.8921,58.382,2.7,-2.959862940150831
3.8921,58.382,2.703125,-3.043615076759889
3.8921,58.382,2.7062500000000003,-3.125599881297644
3.8921,58.382,2.709375,-3.1969904031394543
3.8921,58.382,2.7125000000000004,-3.25866041912417
3.8921,58.382,2.715625,-3.308228561572932
3.8921,58.382,2.71875,-3.343526011717074
3.8921,58.382,2.7218750000000003,-3.366070670952144
3.8921,58.382,2.725,-3.3786272453021122
3.8921,58.382,2.7281250000000004,-3.37643377507338
3.8921,58.382,2.73125,-3.375660810788057
3.8921,58.382,2.734375,-3.3649738621462353
3.8921,58.382,2.7375000000000003,-3.3277331588457986
3.8921,58.382,2.740625,-3.2602282174424535
3.8921,58.382,2.7437500000000004,-3.257166365295681
3.8921,58.382,2.746875,-3.202778851445658
3.8921,58.382,2.75,-3.153566409140235
3.8921,58.382,2.7531250000000003,-3.0773086198718627
3.8921,58.382,2.75625,-2.988339268979339
3.8921,58.382,2.7593750000000004,-2.9252632665201608
3.8921,58.382,2.7625,-2.88102390740854
3.8921,58.382,2.765625,-2.8560848543574884
3.8921,58.382,2.7687500000000003,-2.855044387109123
3.8921,58.382,2.771875,-2.8666282278897617
3.8921,58.382,2.7750000000000004,-2.89451780153097
3.8921,58.382,2.778125,-2.937143320232869
3.8921,58.382,2.78125,-2.994182791139613
3.8921,58.382,2.7843750000000003,-3.061867588703897
3.8921,58.382,2.7875,-3.136315367111199
3.8921,58.382,2.7906250000000004,-3.225355372093896
3.8921,58.382,2.79375,-3.313210120911148
3.8921,58.382,2.796875,-3.3990048762829383
3.8921,58.382,2.8000000000000003,-3.4830719671278407
3.8921,58.382,2.803125,-3.5527460157159436
3.8921,58.382,2.8062500000000004,-3.611465733453713
3.8921,58.382,2.809375,-3.657410019392722
3.8921,58.382,2.8125,-3.6873808591336314
3.8921,58.382,2.8156250000000003,-3.700020087986493
3.8921,58.382,2.81875,-3.7002523186332903
3.8921,58.382,2.8218750000000004,-3.692715252586969
3.8921,58.382,2.825,-3.6695131988608627
3.8921,58.382,2.828125,-3.6390498993325666
3.8921,58.382,2.8312500000000003,-3.6009623349894393
3.8921,58.382,2.834375,-3.5596820584271596
3.8921,58.382,2.8375000000000004,-3.519752672709739
3.8921,58.382,2.840625,-3.484478829004232
3.8921,58.382,2.84375,-3.454837832578379
3.8921,58.382,2.8468750000000003,-3.436402029994652
3.8921,58.382,2.85,-3.4297745248848304
3.8921,58.382,2.8531250000000004,-3.435723346687763
3.8921,58.382,2.85625,-3.460732391621977
3.8921,58.382,2.859375,-3.5042874950532754
3.8921,58.382,2.8625000000000003,-3.5664686098912575
3.8921,58.382,2.865625,-3.6414116696201217
3.8921,58.382,2.8687500000000004,-3.7362537028803318
3.8921,58.382,2.871875,-3.841907894965497
3.8921,58.382,2.875,-3.9598834659797353
3.8921,58.382,2.8781250000000003,-4.091184377224195
3.8921,58.382,2.88125,-4.214443340286331
3.8921,58.382,2.8843750000000004,-4.333730941734127
3.8921,58.382,2.8875,-4.4547362769876635
3.8921,58.382,2.890625,-4.5630196284997755
3.8921,58.382,2.8937500000000003,-4.6605947691520875
3.8921,58.382,2.896875,-4.742909945518612
3.8921,58.382,2.9000000000000004,-4.809481714413863
3.8921,58.382,2.903125,-4.864279109947132
3.8921,58.382,2.90625,-4.897991405330814
3.8921,58.382,2.9093750000000003,-4.918107826275692
3.8921,58.382,2.9125,-4.929198693687105
3.8921,58.382,2.9156250000000004,-4.925036166406438
3.8921,58.382,2.91875,-4.908906040936203
3.8921,58.382,2.921875,-4.884586544315599
3.8921,58.382,2.9250000000000003,-4.846311039672069
3.8921,58.382,2.928125,-4.796890745331593
3.8921,58.382,2.9312500000000004,-4.742500308798223
3.8921,58.382,2.934375,-4.683827218613705
3.8921,58.382,2.9375,-4.616666467280085
3.8921,58.382,2.9406250000000003,-4.552902849371779
3.8921,58.382,2.94375,-4.488538285266915
3.8921,58.382,2.9468750000000004,-4.429164177711241
3.8921,58.382,2.95,-4.376583956228312
3.8921,58.382,2.953125,-4.330140113002149
3.8921,58.382,2.9562500000000003,-4.295946510629529
3.8921,58.382,2.959375,-4.2742615478183
3.8921,58.382,2.9625000000000004,-4.261530126108106
3.8921,58.382,2.965625,-4.266647901073738
3.8921,58.382,2.96875,-4.281679939805886
3.8921,58.382,2.9718750000000003,-4.303505542896168
3.8921,58.382,2.975,-4.328012437409432
3.8921,58.382,2.9781250000000004,-4.357878694508224
3.8921,58.382,2.98125,-4.378978773507585
3.8921,58.382,2.984375,-4.386922321973762
3.8921,58.382,2.9875000000000003,-4.388842081113378
3.8921,58.382,2.990625,-4.3726757940125225
3.8921,58.382,2.9937500000000004,-4.344634793257209
3.8921,58.382,2.996875,-4.297324010947193
3.8921,58.382,3,-4.241189444503558
3.8921,58.382,3.0031250000000003,-4.170828684598675
3.8921,58.382,3.00625,-4.08957840152068
3.8921,58.382,3.0093750000000004,-3.9997879519141177
3.8921,58.382,3.0125,-3.9080906554914563
3.8921,58.382,3.015625,-3.816351567195438
3.8921,58.382,3.0187500000000003,-3.7295370312753944
3.8921,58.382,3.021875,-3.6460916451843097
3.8921,58.382,3.0250000000000004,-3.5688737450364503
3.8921,58.382,3.028125,-3.5016641673278266
3.8921,58.382,3.03125,-3.446578429189729
3.8921,58.382,3.0343750000000003,-3.4022799146728895
3.8921,58.382,3.0375,-3.3734759983553646
3.8921,58.382,3.0406250000000004,-3.3605324283825135
3.8921,58.382,3.04375,-3.3633760128214
3.8921,58.382,3.046875,-3.3816720303212633
3.8921,58.382,3.0500000000000003,-3.4136117637461987
3.8921,58.382,3.053125,-3.454685527734938
3.8921,58.382,3.0562500000000004,-3.5102333205245024
3.8921,58.382,3.059375,-3.569349812618458
3.8921,58.382,3.0625,-3.6358295663280744
3.8921,58.382,3.0656250000000003,-3.702369300045343
3.8921,58.382,3.06875,-3.769361215343447
3.8921,58.382,3.0718750000000004,-3.830964860148783
3.8921,58.382,3.075,-3.8764516050077296
3.8921,58.382,3.078125,-3.9197708475758706
3.8921,58.382,3.0812500000000003,-3.944366272287569
3.8921,58.382,3.084375,-3.956037605851626
3.8921,58.382,3.0875000000000004,-3.9523035965483864
3.8921,58.382,3.090625,-3.9348742600421738
3.8921,58.382,3.09375,-3.9036830301792835
3.8921,58.382,3.0968750000000003,-3.8609708078793
3.8921,58.382,3.1,-3.810501482673778
3.8921,58.382,3.1031250000000004,-3.7543290673772023
3.8921,58.382,3.10625,-3.6986602747338555
3.8921,58.382,3.109375,-3.6368384697454474
3.8921,58.382,3.1125000000000003,-3.5712435210387135
3.8921,58.382,3.115625,-3.511922768974469
3.8921,58.382,3.1187500000000004,-3.4530105173802816
3.8921,58.382,3.121875,-3.3939427769552872
3.8921,58.382,3.125,-3.3480108722947346
3.8921,58.382,3.1281250000000003,-3.3101494723974985
3.8921,58.382,3.13125,-3.290123494046646
3.8921,58.382,3.1343750000000004,-3.287259115557034
3.8921,58.382,3.1375,-3.3035858651275873
3.8921,58.382,3.140625,-3.3367559564777816
3.8921,58.382,3.1437500000000003,-3.3854255223676293
3.8921,58.382,3.146875,-3.449972632078861
3.8921,58.382,3.1500000000000004,-3.5252866409894774
3.8921,58.382,3.153125,-3.608492386039406
3.8921,58.382,3.15625,-3.690170842774809
3.8921,58.382,3.1593750000000003,-3.774230189851618
3.8921,58.382,3.1625,-3.8500832612244116
3.8921,58.382,3.1656250000000004,-3.9202534925163706
3.8921,58.382,3.16875,-3.9778822094136688
3.8921,58.382,3.171875,-4.016127112188877
3.8921,58.382,3.1750000000000003,-4.044057699110327
3.8921,58.382,3.178125,-4.0550191859887565
3.8921,58.382,3.1812500000000004,-4.050935947289451
3.8921,58.382,3.184375,-4.034031913618111
3.8921,58.382,3.1875,-4.013528168514007
3.8921,58.382,3.1906250000000003,-3.9773171553981617
3.8921,58.382,3.19375,-3.9359918004601275
3.8921,58.382,3.1968750000000004,-3.890027633205178
3.8921,58.382,3.2,-3.8374372986487897
3.8921,58.382,3.203125,-3.7880791649181313
3.8921,58.382,3.2062500000000003,-3.7412469476699544
3.8921,58.382,3.209375,-3.6986935822362907
3.8921,58.382,3.2125000000000004,-3.6626702022162014
3.8921,58.382,3.215625,-3.637764763878099
3.8921,58.382,3.21875,-3.622501083631638
3.8921,58.382,3.2218750000000003,-3.619925164949267
3.8921,58.382,3.225,-3.6316667650336196
3.8921,58.382,3.2281250000000004,-3.6626488703208655
3.8921,58.382,3.23125,-3.702656446699045
3.8921,58.382,3.234375,-3.75930047436336
3.8921,58.382,3.2375000000000003,-3.8385494001352294
3.8921,58.382,3.240625,-3.918015667372922
3.8921,58.382,3.2437500000000004,-4.0047965792899936
3.8921,58.382,3.246875,-4.0891305455786995
3.8921,58.382,3.25,-4.173359463060672
3.8921,58.382,3.2531250000000003,-4.250220308178973
3.8921,58.382,3.25625,-4.31631990197445
3.8921,58.382,3.2593750000000004,-4.377994713408462
3.8921,58.382,3.2625,-4.425567036751174
3.8921,58.382,3.265625,-4.455579979616814
3.8921,58.382,3.2687500000000003,-4.481343302488339
3.8921,58.382,3.271875,-4.490165859351267
3.8921,58.382,3.2750000000000004,-4.490131708683536
3.8921,58.382,3.278125,-4.484775121767798
3.8921,58.382,3.28125,-4.471133366309893
3.8921,58.382,3.2843750000000003,-4.454148034942097
3.8921,58.382,3.2875,-4.442439196271911
3.8921,58.382,3.2906250000000004,-4.432057761013991
3.8921,58.382,3.29375,-4.4230517728644925
3.8921,58.382,3.296875,-4.417859341831242
3.8921,58.382,3.3000000000000003,-4.424177333715661
3.8921,58.382,3.303125,-4.437328153567878
3.8921,58.382,3.3062500000000004,-4.458341989740678
3.8921,58.382,3.309375,-4.49075780930148
3.8921,58.382,3.3125,-4.532321985288249
3.8921,58.382,3.3156250000000003,-4.592836373894611
3.8921,58.382,3.31875,-4.657364910186789
3.8921,58.382,3.3218750000000004,-4.729366804447464
3.8921,58.382,3.325,-4.815553461161834
3.8921,58.382,3.328125,-4.9021572563078655
3.8921,58.382,3.3312500000000003,-4.990518307330747
3.8921,58.382,3.334375,-5.081677608504089
3.8921,58.382,3.3375000000000004,-5.165041743059778
3.8921,58.382,3.340625,-5.247046213096955
3.8921,58.382,3.34375,-5.3142467649780665
3.8921,58.382,3.3468750000000003,-5.363023977834317
3.8921,58.382,3.35,-5.4034476967259
3.8921,58.382,3.3531250000000004,-5.428671507344686
3.8921,58.382,3.35625,-5.431516946382286
3.8921,58.382,3.359375,-5.420042496829117
3.8921,58.382,3.3625000000000003,-5.390303495041723
3.8921,58.382,3.365625,-5.351600175125274
3.8921,58.382,3.3687500000000004,-5.294040102810897
3.8921,58.382,3.371875,-5.225316445942
3.8921,58.382,3.375,-5.152929660938393
3.8921,58.382,3.3781250000000003,-5.063909555198446
3.8921,58.382,3.38125,-4.981258744177733
3.8921,58.382,3.3843750000000004,-4.896466480499853
3.8921,58.382,3.3875,-4.807167978266596
3.8921,58.382,3.390625,-4.726657236120615
3.8921,58.382,3.3937500000000003,-4.645872792938692
3.8921,58.382,3.396875,-4.574450629143653
3.8921,58.382,3.4000000000000004,-4.50785919150931
3.8921,58.382,3.403125,-4.46720512216085
3.8921,58.382,3.40625,-4.441463640645818
3.8921,58.382,3.4093750000000003,-4.4281523002008365
3.8921,58.382,3.4125,-4.436969666446541
3.8921,58.382,3.4156250000000004,-4.469406814991279
3.8921,58.382,3.41875,-4.507831201251447
3.8921,58.382,3.421875,-4.559075840059338
3.8921,58.382,3.4250000000000003,-4.6160280482545115
3.8921,58.382,3.428125,-4.681400891420116
3.8921,58.382,3.4312500000000004,-4.740069056800886
3.8921,58.382,3.434375,-4.789279735287921
3.8921,58.382,3.4375,-4.8363858625816505
3.8921,58.382,3.4406250000000003,-4.8681606010154
3.8921,58.382,3.44375,-4.889490019240031
3.8921,58.382,3.4468750000000004,-4.89751005042126
3.8921,58.382,3.45,-4.892278091269528
3.8921,58.382,3.453125,-4.869491078461795
3.8921,58.382,3.4562500000000003,-4.843654463861639
3.8921,58.382,3.459375,-4.808283972698689
3.8921,58.382,3.4625000000000004,-4.767481621896886
3.8921,58.382,3.465625,-4.719112560446043
3.8921,58.382,3.46875,-4.670895562305444
3.8921,58.382,3.4718750000000003,-4.623441385361022
3.8921,58.382,3.475,-4.568814160424115
3.8921,58.382,3.4781250000000004,-4.519847897507484
3.8921,58.382,3.48125,-4.4795853210178755
3.8921,58.382,3.484375,-4.443144043689558
3.8921,58.382,3.4875000000000003,-4.417858040444694
3.8921,58.382,3.490625,-4.399924277839596
3.8921,58.382,3.4937500000000004,-4.396763017913232
3.8921,58.382,3.496875,-4.408092175263633
3.8921,58.382,3.5,-4.439123368387651
3.8921,58.382,3.5031250000000003,-4.485006533318032
3.8921,58.382,3.50625,-4.556967938904827
3.8921,58.382,3.5093750000000004,-4.649538656091804
3.8921,58.382,3.5125,-4.749707472654244
3.8921,58.382,3.515625,-4.834001129307138
3.8921,58.382,3.5187500000000003,-4.906170725087519
3.8921,58.382,3.521875,-4.966087439906589
3.8921,58.382,3.5250000000000004,-5.025641953161601
3.8921,58.382,3.528125,-5.078256481728322
3.8921,58.382,3.53125,-5.118822058372264
3.8921,58.382,3.5343750000000003,-5.1519354318132615
3.8921,58.382,3.5375,-5.165961463344651
3.8921,58.382,3.5406250000000004,-5.167166247625477
3.8921,58.382,3.54375,-5.145224168264201
3.8921,58.382,3.546875,-5.1185941262127175
3.8921,58.382,3.5500000000000003,-5.07467993600892
3.8921,58.382,3.553125,-5.02500293938157
3.8921,58.382,3.5562500000000004,-4.970035038315033
3.8921,58.382,3.559375,-4.918983992374989
3.8921,58.382,3.5625,-4.874465413128991
3.8921,58.382,3.5656250000000003,-4.8351566726523
3.8921,58.382,3.56875,-4.804524983177203
3.8921,58.382,3.5718750000000004,-4.786979359408383
3.8921,58.382,3.575,-4.776080839835844
3.8921,58.382,3.5781250000000004,-4.777237359001048
3.8921,58.382,3.5812500000000003,-4.7981632815980255
3.8921,58.382,3.584375,-4.833943153022929
3.8921,58.382,3.5875000000000004,-4.882782999142389
3.8921,58.382,3.590625,-4.948111215187887
3.8921,58.382,3.5937500000000004,-5.025862121696224
3.8921,58.382,3.5968750000000003,-5.1136157706807595
3.8921,58.382,3.6,-5.214841296507298
3.8921,58.382,3.6031250000000004,-5.327509171449002
3.8921,58.382,3.60625,-5.444782287729674
3.8921,58.382,3.6093750000000004,-5.56773450685551
3.8921,58.382,3.6125000000000003,-5.686217215849449
3.8921,58.382,3.615625,-5.790576367435066
3.8921,58.382,3.6187500000000004,-5.881686041354058
3.8921,58.382,3.621875,-5.954941939875323
3.8921,58.382,3.6250000000000004,-5.998449702211232
3.8921,58.382,3.6281250000000003,-6.025701675582839
3.8921,58.382,3.63125,-6.040573368731708
3.8921,58.382,3.6343750000000004,-6.032847056383595
3.8921,58.382,3.6375,-6.016012929122007
3.8921,58.382,3.6406250000000004,-6.001016919245665
3.8921,58.382,3.6437500000000003,-5.995263815836181
3.8921,58.382,3.646875,-5.988456604173177
3.8921,58.382,3.6500000000000004,-5.942457174011391
3.8921,58.382,3.653125,-5.864536264314881
3.8921,58.382,3.6562500000000004,-5.780831078917057
3.8921,58.382,3.6593750000000003,-5.722761372114251
3.8921,58.382,3.6625,-5.670877141980778
3.8921,58.382,3.6656250000000004,-5.63610285587277
3.8921,58.382,3.66875,-5.619680738564869
3.8921,58.382,3.6718750000000004,-5.620240556480686
3.8921,58.382,3.6750000000000003,-5.639590421809123
3.8921,58.382,3.678125,-5.673382789895012
3.8921,58.382,3.6812500000000004,-5.721743698131086
3.8921,58.382,3.684375,-5.787365255163671
3.8921,58.382,3.6875000000000004,-5.856366651341346
3.8921,58.382,3.6906250000000003,-5.939612748399682
3.8921,58.382,3.69375,-6.03419348392209
3.8921,58.382,3.6968750000000004,-6.129835087925278
3.8921,58.382,3.7,-6.225886519299793
3.8921,58.382,3.7031250000000004,-6.317749880407496
3.8921,58.382,3.7062500000000003,-6.397089428412643
3.8921,58.382,3.709375,-6.471205173179122
3.8921,58.382,3.7125000000000004,-6.523594671924119
3.8921,58.382,3.715625,-6.559650130782981
3.8921,58.382,3.7187500000000004,-6.587972060153086
3.8921,58.382,3.7218750000000003,-6.58923283320536
3.8921,58.382,3.725,-6.572101033024608
3.8921,58.382,3.7281250000000004,-6.530362422440966
3.8921,58.382,3.73125,-6.476894685992437
3.8921,58.382,3.7343750000000004,-6.413050181972416
3.8921,58.382,3.7375000000000003,-6.333027186478074
3.8921,58.382,3.740625,-6.271739440096972
3.8921,58.382,3.7437500000000004,-6.20834206431804
3.8921,58.382,3.746875,-6.144987382494512
3.8921,58.382,3.7500000000000004,-6.082503965706786
3.8921,58.382,3.7531250000000003,-6.0278309077216
3.8921,58.382,3.75625,-5.990598093550905
3.8921,58.382,3.7593750000000004,-5.966188185902518
3.8921,58.382,3.7625,-5.966011834694067
3.8921,58.382,3.7656250000000004,-5.976867734299157
3.8921,58.382,3.7687500000000003,-6.002210713146972
3.8921,58.382,3.771875,-6.051929744097523
3.8921,58.382,3.7750000000000004,-6.118751639375347
3.8921,58.382,3.778125,-6.1995465554903895
3.8921,58.382,3.7812500000000004,-6.2881054058079595
3.8921,58.382,3.7843750000000003,-6.388738157020489
3.8921,58.382,3.7875,-6.494419535712993
3.8921,58.382,3.7906250000000004,-6.592086500625042
3.8921,58.382,3.79375,-6.680692673223556
3.8921,58.382,3.7968750000000004,-6.753325419339733
3.8921,58.382,3.8000000000000003,-6.8122895652801585
3.8921,58.382,3.803125,-6.844094029076565
3.8921,58.382,3.8062500000000004,-6.856107916329036
3.8921,58.382,3.809375,-6.84088937439268
3.8921,58.382,3.8125000000000004,-6.807703813455847
3.8921,58.382,3.8156250000000003,-6.749376293033425
3.8921,58.382,3.81875,-6.683663047307463
3.8921,58.382,3.8218750000000004,-6.606003967458473
3.8921,58.382,3.825,-6.521276101548632
3.8921,58.382,3.8281250000000004,-6.441500527129489
3.8921,58.382,3.8312500000000003,-6.36801036720617
3.8921,58.382,3.834375,-6.30472036405822
3.8921,58.382,3.8375000000000004,-6.249521096458902
3.8921,58.382,3.840625,-6.211370468577676
3.8921,58.382,3.8437500000000004,-6.197262305769641
3.8921,58.382,3.8468750000000003,-6.1900791491558
3.8921,58.382,3.85,-6.199707836777558
3.8921,58.382,3.8531250000000004,-6.228637838520133
3.8921,58.382,3.85625,-6.274723933140171
3.8921,58.382,3.8593750000000004,-6.342023626088609
3.8921,58.382,3.8625000000000003,-6.426621122257565
3.8921,58.382,3.865625,-6.5286844794931245
3.8921,58.382,3.8687500000000004,-6.647708206776582
3.8921,58.382,3.871875,-6.776715917073556
3.8921,58.382,3.8750000000000004,-6.9144795464684785
3.8921,58.382,3.8781250000000003,-7.056419544309575
3.8921,58.382,3.88125,-7.195729105592468
3.8921,58.382,3.8843750000000004,-7.323416984029282
3.8921,58.382,3.8875,-7.4391368985968755
3.8921,58.382,3.8906250000000004,-7.5336985704412305
3.8921,58.382,3.8937500000000003,-7.597897565529063
3.8921,58.382,3.896875,-7.6378825168653375
3.8921,58.382,3.9000000000000004,-7.646264499455801
3.8921,58.382,3.903125,-7.634645007954876
3.8921,58.382,3.9062500000000004,-7.595907869750853
3.8921,58.382,3.9093750000000003,-7.5393010572808095
3.8921,58.382,3.9125,-7.468123333224801
3.8921,58.382,3.9156250000000004,-7.3957621725671725
3.8921,58.382,3.91875,-7.321634322695499
3.8921,58.382,3.9218750000000004,-7.248616625495675
3.8921,58.382,3.9250000000000003,-7.186603500960156
3.8921,58.382,3.928125,-7.1291448751336794
3.8921,58.382,3.9312500000000004,-7.096203584828352
3.8921,58.382,3.934375,-7.069087674504699
3.8921,58.382,3.9375000000000004,-7.072843219559106
3.8921,58.382,3.9406250000000003,-7.10251749265796
3.8921,58.382,3.94375,-7.149876051413742
3.8921,58.382,3.9468750000000004,-7.218453749207015
3.8921,58.382,3.95,-7.312591323883218
3.8921,58.382,3.9531250000000004,-7.437918690426615
3.8921,58.382,3.9562500000000003,-7.579186658185328
3.8921,58.382,3.959375,-7.732600209049389
3.8921,58.382,3.9625000000000004,-7.900326597008011
3.8921,58.382,3.965625,-8.067097741333047
3.8921,58.382,3.9687500000000004,-8.240983107316529
3.8921,58.382,3.9718750000000003,-8.394624392723204
3.8921,58.382,3.975,-8.533912821631
3.8921,58.382,3.9781250000000004,-8.648047478108547
3.8921,58.382,3.98125,-8.721393504981528
3.8921,58.382,3.9843750000000004,-8.76604135850638
3.8921,58.382,3.9875000000000003,-8.776368753790418
3.8921,58.382,3.990625,-8.749388547386278
3.8921,58.382,3.9937500000000004,-8.701871665777066
3.8921,58.382,3.996875,-8.624059231394408
3.8921,58.382,4,-8.544166555708987
3.8921,58.382,4.003125,-8.453150870458302
3.8921,58.382,4.0062500000000005,-8.358875034028628
3.8921,58.382,4.009375,-8.282418790841392
3.8921,58.382,4.0125,-8.202541657395933
3.8921,58.382,4.015625,-8.145525234686025
3.8921,58.382,4.01875,-8.11330494992124
3.8921,58.382,4.0218750000000005,-8.09984751824523
3.8921,58.382,4.025,-8.118031050731169
3.8921,58.382,4.028125,-8.162055669576402
3.8921,58.382,4.03125,-8.2288717934509
3.8921,58.382,4.034375,-8.333240955020583
3.8921,58.382,4.0375000000000005,-8.462365337625684
3.8921,58.382,4.040625,-8.632884360986647
3.8921,58.382,4.04375,-8.824280820816611
3.8921,58.382,4.046875,-9.034534288952706
3.8921,58.382,4.05,-9.266177369579578
3.8921,58.382,4.0531250000000005,-9.50924512558497
3.8921,58.382,4.05625,-9.751655898299932
3.8921,58.382,4.059375,-9.982975510072515
3.8921,58.382,4.0625,-10.181818998248474
3.8921,58.382,4.065625,-10.352077959858407
3.8921,58.382,4.0687500000000005,-10.466323681650028
3.8921,58.382,4.071875,-10.524490038722174
3.8921,58.382,4.075,-10.525476939426131
3.8921,58.382,4.078125,-10.444417018152519
3.8921,58.382,4.08125,-10.309630711402114
3.8921,58.382,4.0843750000000005,-10.1325508056061
3.8921,58.382,4.0875,-9.908137771144222
3.8921,58.382,4.090625,-9.717279920416946
3.8921,58.382,4.09375,-9.527921802611745
3.8921,58.382,4.096875,-9.370995004423136
3.8921,58.382,4.1000000000000005,-9.22797913639007
3.8921,58.382,4.103125,-9.119384558969655
3.8921,58.382,4.10625,-9.029402319467328
3.8921,58.382,4.109375,-8.971148007126704
3.8921,58.382,4.1125,-8.95548293658146
3.8921,58.382,4.1156250000000005,-8.966031907634514
3.8921,58.382,4.11875,-9.0126584910999
3.8921,58.382,4.121875,-9.102101630850116
3.8921,58.382,4.125,-9.211119810355756
3.8921,58.382,4.128125,-9.362099996753436
3.8921,58.382,4.1312500000000005,-9.545680368704442
3.8921,58.382,4.134375,-9.754296621830031
3.8921,58.382,4.1375,-9.984096594413021
3.8921,58.382,4.140625,-10.221514629618255
3.8921,58.382,4.14375,-10.462157506852723
3.8921,58.382,4.1468750000000005,-10.69501331410825
3.8921,58.382,4.15,-10.894687938036213
3.8921,58.382,4.153125,-11.057051467622012
3.8921,58.382,4.15625,-11.164948101186528
3.8921,58.382,4.159375,-11.209368744846094
3.8921,58.382,4.1625000000000005,-11.180649142310093
3.8921,58.382,4.165625,-11.0920842977806
3.8921,58.382,4.16875,-10.951306317709474
3.8921,58.382,4.171875,-10.757937662830697
3.8921,58.382,4.175,-10.55310238420507
3.8921,58.382,4.1781250000000005,-10.330850784833354
3.8921,58.382,4.18125,-10.106744543294862
3.8921,58.382,4.184375,-9.888816537700285
3.8921,58.382,4.1875,-9.695520072024216
3.8921,58.382,4.190625,-9.517937508603113
3.8921,58.382,4.1937500000000005,-9.376098940506996
3.8921,58.382,4.196875,-9.275543115170933
3.8921,58.382,4.2,-9.204972365529008
3.8921,58.382,4.203125,-9.1731046486667
3.8921,58.382,4.20625,-9.177390018875709
3.8921,58.382,4.2093750000000005,-9.210748281610181
3.8921,58.382,4.2125,-9.302648144324513
3.8921,58.382,4.215625,-9.423022417307362
3.8921,58.382,4.21875,-9.585064534061413
3.8921,58.382,4.221875,-9.775908719602116
3.8921,58.382,4.2250000000000005,-10.015889601706217
3.8921,58.382,4.228125,-10.260573963292309
3.8921,58.382,4.23125,-10.531896293598304
3.8921,58.382,4.234375,-10.81696684862294
3.8921,58.382,4.2375,-11.085460515484531
3.8921,58.382,4.2406250000000005,-11.338002927071134
3.8921,58.382,4.24375,-11.534369997406946
3.8921,58.382,4.246875,-11.696066627966326
3.8921,58.382,4.25,-11.78521864425746
3.8921,58.382,4.253125,-11.787171376677053
3.8921,58.382,4.2562500000000005,-11.735844994526012
3.8921,58.382,4.259375,-11.627241553994125
3.8921,58.382,4.2625,-11.459345058989266
3.8921,58.382,4.265625,-11.26822548753596
3.8921,58.382,4.26875,-11.045613797363337
3.8921,58.382,4.2718750000000005,-10.834761828341911
3.8921,58.382,4.275,-10.617097810256483
3.8921,58.382,4.278125,-10.420449887748113
3.8921,58.382,4.28125,-10.25192460385042
3.8921,58.382,4.284375000000001,-10.103761154035237
3.8921,58.382,4.2875000000000005,-9.988631948568383
3.8921,58.382,4.290625,-9.905443066638437
3.8921,58.382,4.29375,-9.871576187195725
3.8921,58.382,4.296875,-9.865325528132079
3.8921,58.382,4.300000000000001,-9.897215414121362
3.8921,58.382,4.3031250000000005,-9.976370772329648
3.8921,58.382,4.30625,-10.092640971623903
3.8921,58.382,4.309375,-10.244327360445347
3.8921,58.382,4.3125,-10.428822820735519
3.8921,58.382,4.315625000000001,-10.632128289401486
3.8921,58.382,4.3187500000000005,-10.867394053251942
3.8921,58.382,4.321875,-11.10895635318448
3.8921,58.382,4.325,-11.334557125981679
3.8921,58.382,4.328125,-11.555549465798995
3.8921,58.382,4.331250000000001,-11.729818661684162
3.8921,58.382,4.3343750000000005,-11.858002977192896
3.8921,58.382,4.3375,-11.920003692241071
3.8921,58.382,4.340625,-11.902537371242335
3.8921,58.382,4.34375,-11.813004128369933
3.8921,58.382,4.346875000000001,-11.657101177919584
3.8921,58.382,4.3500000000000005,-11.434828909437584
3.8921,58.382,4.353125,-11.153530757178094
3.8921,58.382,4.35625,-10.844255730605678
3.8921,58.382,4.359375,-10.517724107263751
3.8921,58.382,4.362500000000001,-10.18612315706281
3.8921,58.382,4.3656250000000005,-9.862374827979858
3.8921,58.382,4.36875,-9.579652461452953
3.8921,58.382,4.371875,-9.346767040753456
3.8921,58.382,4.375,-9.147839853226822
3.8921,58.382,4.378125000000001,-8.997881913544301
3.8921,58.382,4.3812500000000005,-8.886280706534565
3.8921,58.382,4.384375,-8.815978903424503
3.8921,58.382,4.3875,-8.769861850357914
3.8921,58.382,4.390625,-8.76874213937598
3.8921,58.382,4.393750000000001,-8.808094229880066
3.8921,58.382,4.3968750000000005,-8.86801024146801
3.8921,58.382,4.4,-8.977124131745168
3.8921,58.382,4.403125,-9.11028204444464
3.8921,58.382,4.40625,-9.275460367434498
3.8921,58.382,4.409375000000001,-9.459862277557212
3.8921,58.382,4.4125000000000005,-9.672324534397301
3.8921,58.382,4.415625,-9.893169354234054
3.8921,58.382,4.41875,-10.107165330326566
3.8921,58.382,4.421875,-10.300323129463283
3.8921,58.382,4.425000000000001,-10.478089246122252
3.8921,58.382,4.4281250000000005,-10.618460178078518
3.8921,58.382,4.43125,-10.737840634604447
3.8921,58.382,4.434375,-10.810707149410286
3.8921,58.382,4.4375,-10.720513537063063
3.8921,58.382,4.440625000000001,-10.524899369504597
3.8921,58.382,4.4437500000000005,-10.320572366073968
3.8921,58.382,4.446875,-10.0834646505494
3.8921,58.382,4.45,-9.816997412383447
3.8921,58.382,4.453125,-9.540829952102248
3.8921,58.382,4.456250000000001,-9.278403245081918
3.8921,58.382,4.4593750000000005,-9.026008349395882
3.8921,58.382,4.4625,-8.80809025639762
3.8921,58.382,4.465625,-8.613740464968837
3.8921,58.382,4.46875,-8.45338422006638
3.8921,58.382,4.471875000000001,-8.3241008577936
3.8921,58.382,4.4750000000000005,-8.228371867105707
3.8921,58.382,4.478125,-8.159422838828428
3.8921,58.382,4.48125,-8.127679707172248
3.8921,58.382,4.484375,-8.124623122498097
3.8921,58.382,4.487500000000001,-8.158978012171078
3.8921,58.382,4.4906250000000005,-8.21529407392157
3.8921,58.382,4.49375,-8.299789621848973
3.8921,58.382,4.496875,-8.416101528996219
3.8921,58.382,4.5,-8.542113780728581
3.8921,58.382,4.503125000000001,-8.680831009847527
3.8921,58.382,4.5062500000000005,-8.819612788326141
3.8921,58.382,4.509375,-8.954826958986068
3.8921,58.382,4.5125,-9.066039169492475
3.8921,58.382,4.515625,-9.148830965877421
3.8921,58.382,4.518750000000001,-9.192905625708551
3.8921,58.382,4.5218750000000005,-9.191462521304803
3.8921,58.382,4.525,-9.137708775932728
3.8921,58.382,4.528125,-9.042527592797448
3.8921,58.382,4.53125,-8.898749381459666
3.8921,58.382,4.534375000000001,-8.765477215543841
3.8921,58.382,4.5375000000000005,-8.662638129874068
3.8921,58.382,4.540625,-8.567783447935708
3.8921,58.382,4.54375,-8.336986730125167
3.8921,58.382,4.546875,-8.024643729577907
3.8921,58.382,4.550000000000001,-7.730681165840901
3.8921,58.382,4.5531250000000005,-7.474658599261
3.8921,58.382,4.55625,-7.247898200419675
3.8921,58.382,4.559375,-7.06172501336024
3.8921,58.382,4.5625,-6.900147262874011
3.8921,58.382,4.565625000000001,-6.772092508213782
3.8921,58.382,4.5687500000000005,-6.666228077997682
3.8921,58.382,4.571875,-6.591438508625323
3.8921,58.382,4.575,-6.545520018373602
3.8921,58.382,4.578125,-6.536256085515766
3.8921,58.382,4.581250000000001,-6.547167874228926
3.8921,58.382,4.5843750000000005,-6.592543331937977
3.8921,58.382,4.5875,-6.659688196884499
3.8921,58.382,4.590625,-6.750808152167384
3.8921,58.382,4.59375,-6.868146740335202
3.8921,58.382,4.596875000000001,-6.9996567280271105
3.8921,58.382,4.6000000000000005,-7.135221622324341
3.8921,58.382,4.603125,-7.267830277697093
3.8921,58.382,4.60625,-7.406071512713098
3.8921,58.382,4.609375,-7.519583716005171
3.8921,58.382,4.612500000000001,-7.611375199231658
3.8921,58.382,4.6156250000000005,-7.672140963883203
3.8921,58.382,4.61875,-7.691039505085962
3.8921,58.382,4.621875,-7.668392950857763
3.8921,58.382,4.625,-7.611229371445538
3.8921,58.382,4.628125000000001,-7.508577188406031
3.8921,58.382,4.6312500000000005,-7.375746417303441
3.8921,58.382,4.634375,-7.2170062405022914
3.8921,58.382,4.6375,-7.048167969312335
3.8921,58.382,4.640625,-6.8678455438622805
3.8921,58.382,4.643750000000001,-6.68627955831453
3.8921,58.382,4.6468750000000005,-6.518841398759026
3.8921,58.382,4.65,-6.355736075069647
3.8921,58.382,4.653125,-6.213061130720218
3.8921,58.382,4.65625,-6.076112800732184
3.8921,58.382,4.659375000000001,-5.970482449739286
3.8921,58.382,4.6625000000000005,-5.876946922528806
3.8921,58.382,4.665625,-5.8076886692677165
3.8921,58.382,4.66875,-5.756302988229262
3.8921,58.382,4.671875,-5.731217191443037
3.8921,58.382,4.675000000000001,-5.7162643142999725
3.8921,58.382,4.6781250000000005,-5.7073031091862445
3.8921,58.382,4.68125,-5.695944326541868
3.8921,58.382,4.684375,-5.763084565682934
3.8921,58.382,4.6875,-5.890210410640659
3.8921,58.382,4.690625000000001,-5.988960042561632
3.8921,58.382,4.6937500000000005,-6.078014550322997
3.8921,58.382,4.696875,-6.157645084857045
3.8921,58.382,4.7,-6.219923524848527
3.8921,58.382,4.703125,-6.262049593557636
3.8921,58.382,4.706250000000001,-6.274812153194974
3.8921,58.382,4.7093750000000005,-6.256428813720657
3.8921,58.382,4.7125,-6.19159318954014
3.8921,58.382,4.715625,-6.104144585718389
3.8921,58.382,4.71875,-5.981045790801675
3.8921,58.382,4.721875000000001,-5.826264471598288
3.8921,58.382,4.7250000000000005,-5.657043893018873
3.8921,58.382,4.728125,-5.477603791422636
3.8921,58.382,4.73125,-5.290586196415395
3.8921,58.382,4.734375,-5.113126463821418
3.8921,58.382,4.737500000000001,-4.938627504299856
3.8921,58.382,4.7406250000000005,-4.781409131230693
3.8921,58.382,4.74375,-4.637097765315259
3.8921,58.382,4.746875,-4.515690190558886
3.8921,58.382,4.75,-4.414378266963043
3.8921,58.382,4.753125000000001,-4.329662338243127
3.8921,58.382,4.7562500000000005,-4.265174495616059
3.8921,58.382,4.759375,-4.225363092504067
3.8921,58.382,4.7625,-4.205116818323105
3.8921,58.382,4.765625,-4.204518168327067
3.8921,58.382,4.768750000000001,-4.216613541412383
3.8921,58.382,4.7718750000000005,-4.252873009902037
3.8921,58.382,4.775,-4.3000098495563055
3.8921,58.382,4.778125,-4.360215108920828
3.8921,58.382,4.78125,-4.430256254346208
3.8921,58.382,4.784375000000001,-4.513738930156795
3.8921,58.382,4.7875000000000005,-4.596770527095936
3.8921,58.382,4.790625,-4.673268184826737
3.8921,58.382,4.79375,-4.746191347786518
3.8921,58.382,4.796875,-4.811371138346412
3.8921,58.382,4.800000000000001,-4.851854564677228
3.8921,58.382,4.8031250000000005,-4.864492941802101
3.8921,58.382,4.80625,-4.869781759603149
3.8921,58.382,4.809375,-4.839351216989322
3.8921,58.382,4.8125,-4.787613605792728
3.8921,58.382,4.815625000000001,-4.718655362948264
3.8921,58.382,4.8187500000000005,-4.636470769174271
3.8921,58.382,4.821875,-4.542650818433225
3.8921,58.382,4.825,-4.443782061013856
3.8921,58.382,4.828125,-4.343764996727321
3.8921,58.382,4.831250000000001,-4.254043134853036
3.8921,58.382,4.8343750000000005,-4.168672684123389
3.8921,58.382,4.8375,-4.100655638912212
3.8921,58.382,4.840625,-4.043504091317409
3.8921,58.382,4.84375,-4.008286899908659
3.8921,58.382,4.846875000000001,-3.9929737195036648
3.8921,58.382,4.8500000000000005,-3.9941690458398353
3.8921,58.382,4.853125,-4.013308280748182
3.8921,58.382,4.85625,-4.058176200442655
3.8921,58.382,4.859375,-4.117364445165752
3.8921,58.382,4.862500000000001,-4.196923554497946
3.8921,58.382,4.8656250000000005,-4.297517404425726
3.8921,58.382,4.86875,-4.4143976577601896
3.8921,58.382,4.871875,-4.540419851537153
3.8921,58.382,4.875,-4.678618237140396
3.8921,58.382,4.878125000000001,-4.814153686774894
3.8921,58.382,4.8812500000000005,-4.938734030481496
3.8921,58.382,4.884375,-5.055909332767826
3.8921,58.382,4.8875,-5.155754430706442
3.8921,58.382,4.890625,-5.224845314085038
3.8921,58.382,4.893750000000001,-5.26692156082464
3.8921,58.382,4.8968750000000005,-5.274303030502755
3.8921,58.382,4.9,-5.240610065959496
3.8921,58.382,4.903125,-5.176818206596037
3.8921,58.382,4.90625,-5.089013958534564
3.8921,58.382,4.909375000000001,-4.981393879444918
3.8921,58.382,4.9125000000000005,-4.863630106923996
3.8921,58.382,4.915625,-4.73934447417078
3.8921,58.382,4.91875,-4.618649676323697
3.8921,58.382,4.921875,-4.503157648058053
3.8921,58.382,4.925000000000001,-4.401379014425445
3.8921,58.382,4.9281250000000005,-4.312450223888967
3.8921,58.382,4.93125,-4.235317550866644
3.8921,58.382,4.934375,-4.179662533730138
3.8921,58.382,4.9375,-4.145662354630138
3.8921,58.382,4.940625000000001,-4.130771523393941
3.8921,58.382,4.9437500000000005,-4.142476793400843
3.8921,58.382,4.946875,-4.169871238670148
3.8921,58.382,4.95,-4.21609304689139
3.8921,58.382,4.953125,-4.284336004545441
3.8921,58.382,4.956250000000001,-4.3738952892306955
3.8921,58.382,4.9593750000000005,-4.479443089060047
3.8921,58.382,4.9625,-4.603921776076491
3.8921,58.382,4.965625,-4.741993114090698
3.8921,58.382,4.96875,-4.884561144226134
3.8921,58.382,4.971875000000001,-5.030822910419488
3.8921,58.382,4.9750000000000005,-5.178432743477317
3.8921,58.382,4.978125,-5.30873866539085
3.8921,58.382,4.98125,-5.421344861188762
3.8921,58.382,4.984375,-5.519792772348695
3.8921,58.382,4.987500000000001,-5.580203085318485
3.8921,58.382,4.9906250000000005,-5.608716988121751
3.8921,58.382,4.99375,-5.605009269979342
3.8921,58.382,4.996875,-5.573098636365353
3.8921,58.382,5,-5.522017114316478
3.8921,58.382,5.003125000000001,-5.432267438817262
3.8921,58.382,5.0062500000000005,-5.349874987652907
3.8921,58.382,5.009375,-5.255978002808176
3.8921,58.382,5.0125,-5.161742768610679
3.8921,58.382,5.015625,-5.076479838715579
3.8921,58.382,5.018750000000001,-4.9942163898113465
3.8921,58.382,5.0218750000000005,-4.9359363761342605
3.8921,58.382,5.025,-4.891840403682972
3.8921,58.382,5.028125,-4.866722185057071
3.8921,58.382,5.03125,-4.867628045578028
3.8921,58.382,5.034375000000001,-4.891537448775086
3.8921,58.382,5.0375000000000005,-4.937986307693843
3.8921,58.382,5.040625,-5.009707841269787
3.8921,58.382,5.04375,-5.106388138857553
3.8921,58.382,5.046875,-5.22247763578373
3.8921,58.382,5.050000000000001,-5.360803216498105
3.8921,58.382,5.0531250000000005,-5.512371710550231
3.8921,58.382,5.05625,-5.683077017244828
3.8921,58.382,5.059375,-5.862621345671127
3.8921,58.382,5.0625,-6.056215170902918
3.8921,58.382,5.065625000000001,-6.254220499191789
3.8921,58.382,5.0687500000000005,-6.4471445342844325
3.8921,58.382,5.071875,-6.623617455532945
3.8921,58.382,5.075,-6.763716092905767
3.8921,58.382,5.078125,-6.853051170878224
3.8921,58.382,5.081250000000001,-6.878796621787887
3.8921,58.382,5.0843750000000005,-6.858134049200052
3.8921,58.382,5.0875,-6.8068797143572715
3.8921,58.382,5.090625,-6.702345196289324
3.8921,58.382,5.09375,-6.587912324075598
3.8921,58.382,5.096875000000001,-6.449335960177444
3.8921,58.382,5.1000000000000005,-6.3047552461654535
3.8921,58.382,5.103125,-6.136068004209974
3.8921,58.382,5.10625,-5.955581713564153
3.8921,58.382,5.109375,-5.792753426355209
3.8921,58.382,5.112500000000001,-5.641077787341427
3.8921,58.382,5.1156250000000005,-5.517675116201392
3.8921,58.382,5.11875,-5.423561111978039
3.8921,58.382,5.121875,-5.3549619162088815
3.8921,58.382,5.125,-5.308494816401305
3.8921,58.382,5.128125000000001,-5.292913500480444
3.8921,58.382,5.1312500000000005,-5.3022988650745635
3.8921,58.382,5.134375,-5.335294310201277
3.8921,58.382,5.1375,-5.391036730401377
3.8921,58.382,5.140625,-5.471249086044091
3.8921,58.382,5.143750000000001,-5.5754474175322635
3.8921,58.382,5.1468750000000005,-5.68776657940413
3.8921,58.382,5.15,-5.813846043345673
3.8921,58.382,5.153125,-5.948014597431316
3.8921,58.382,5.15625,-6.082194247808737
3.8921,58.382,5.159375000000001,-6.22024188770599
3.8921,58.382,5.1625000000000005,-6.339398111860243
3.8921,58.382,5.165625,-6.441802216778153
3.8921,58.382,5.16875,-6.519164055872216
3.8921,58.382,5.171875,-6.5622627439940615
3.8921,58.382,5.175000000000001,-6.5749422894370735
3.8921,58.382,5.1781250000000005,-6.554142337611173
3.8921,58.382,5.18125,-6.509500910575681
3.8921,58.382,5.184375,-6.428532413608224
3.8921,58.382,5.1875,-6.328056531269118
3.8921,58.382,5.190625000000001,-6.216635578814977
3.8921,58.382,5.1937500000000005,-6.099827487139084
3.8921,58.382,5.196875,-5.995641367058551
3.8921,58.382,5.2,-5.898098090483879
3.8921,58.382,5.203125,-5.811326857955165
3.8921,58.382,5.206250000000001,-5.730483249805232
3.8921,58.382,5.2093750000000005,-5.643994343055727
3.8921,58.382,5.2125,-5.572437737211078
3.8921,58.382,5.215625,-5.519704855931785
3.8921,58.382,5.21875,-5.502552353717051
3.8921,58.382,5.221875000000001,-5.52454764927811
3.8921,58.382,5.2250000000000005,-5.569434194710716
3.8921,58.382,5.228125,-5.648851664844157
3.8921,58.382,5.23125,-5.7653807342772705
3.8921,58.382,5.234375,-5.91468607144863
3.8921,58.382,5.237500000000001,-6.08943263144479
3.8921,58.382,5.2406250000000005,-6.3097485731101335
3.8921,58.382,5.24375,-6.569971010094989
3.8921,58.382,5.246875,-6.868902215806044
3.8921,58.382,5.25,-7.210451713622385
3.8921,58.382,5.253125000000001,-7.633700299524513
3.8921,58.382,5.2562500000000005,-8.150662376621053
3.8921,58.382,5.259375,-8.863907585232777
3.8921,58.382,5.2625,-9.943540928564703
3.8921,58.382,5.265625,-11.446761110304639
3.8921,58.382,5.268750000000001,-12.006616103003559
3.8921,58.382,5.2718750000000005,-10.465572212087359
3.8921,58.382,5.275,-9.017308227525858
3.8921,58.382,5.278125,-8.188949677165539
3.8921,58.382,5.28125,-7.656205552332345
3.8921,58.382,5.284375000000001,-7.267011124120283
3.8921,58.382,5.2875000000000005,-6.944145873747681
3.8921,58.382,5.290625,-6.656622464987107
3.8921,58.382,5.29375,-6.403833411082402
3.8921,58.382,5.296875,-6.19480370852053
3.8921,58.382,5.300000000000001,-6.019330354715677
3.8921,58.382,5.3031250000000005,-5.876934286443154
3.8921,58.382,5.30625,-5.763081373860759
3.8921,58.382,5.309375,-5.688748511180215
3.8921,58.382,5.3125,-5.640628325439496
3.8921,58.382,5.315625000000001,-5.617873517228573
3.8921,58.382,5.3187500000000005,-5.632780089325074
3.8921,58.382,5.321875,-5.660053300682368
3.8921,58.382,5.325,-5.719020266174256
3.8921,58.382,5.328125,-5.799217234083834
3.8921,58.382,5.331250000000001,-5.886609795756844
3.8921,58.382,5.3343750000000005,-5.994674991715395
3.8921,58.382,5.3375,-6.109791587415419
3.8921,58.382,5.340625,-6.24142703880728
3.8921,58.382,5.34375,-6.363450487310606
3.8921,58.382,5.346875000000001,-6.480885401273757
3.8921,58.382,5.3500000000000005,-6.59920152862779
3.8921,58.382,5.353125,-6.683173116435953
3.8921,58.382,5.35625,-6.74017314757123
3.8921,58.382,5.359375,-6.7545563800474495
3.8921,58.382,5.362500000000001,-6.727926313882183
3.8921,58.382,5.3656250000000005,-6.6682467528796945
3.8921,58.382,5.36875,-6.558135554375216
3.8921,58.382,5.371875,-6.421578435873835
3.8921,58.382,5.375,-6.2662461952591375
3.8921,58.382,5.378125000000001,-6.090385712989644
3.8921,58.382,5.3812500000000005,-5.912893939482301
3.8921,58.382,5.384375,-5.736113279952319
3.8921,58.382,5.3875,-5.582104647669226
3.8921,58.382,5.390625,-5.443417608165888
3.8921,58.382,5.393750000000001,-5.336036426346798
3.8921,58.382,5.3968750000000005,-5.239097461680916
3.8921,58.382,5.4,-5.183945451927004
3.8921,58.382,5.403125,-5.15466283541779
3.8921,58.382,5.40625,-5.153029743021271
3.8921,58.382,5.409375000000001,-5.183408969698938
3.8921,58.382,5.4125000000000005,-5.242975532099699
3.8921,58.382,5.415625,-5.324074503991445
3.8921,58.382,5.41875,-5.421972864817328
3.8921,58.382,5.421875,-5.547339681147863
3.8921,58.382,5.425000000000001,-5.688053712752374
3.8921,58.382,5.4281250000000005,-5.846510576063465
3.8921,58.382,5.43125,-6.018822640622887
3.8921,58.382,5.434375,-6.193991630659629
3.8921,58.382,5.4375,-6.365241275774492
3.8921,58.382,5.440625000000001,-6.529249770083247
3.8921,58.382,5.4437500000000005,-6.6766290843115215
3.8921,58.382,5.446875,-6.787897279805862
3.8921,58.382,5.45,-6.868745544848135
3.8921,58.382,5.453125,-6.901353983199543
3.8921,58.382,5.456250000000001,-6.890716091864021
3.8921,58.382,5.4593750000000005,-6.830830686823347
3.8921,58.382,5.4625,-6.732951799741919
3.8921,58.382,5.465625,-6.601602845794744
3.8921,58.382,5.46875,-6.450551135164701
3.8921,58.382,5.471875000000001,-6.274211770065177
3.8921,58.382,5.4750000000000005,-6.098025699099775
3.8921,58.382,5.478125,-5.935873355919215
3.8921,58.382,5.48125,-5.771225237943271
3.8921,58.382,5.484375,-5.631065499240377
3.8921,58.382,5.487500000000001,-5.513242951937226
3.8921,58.382,5.4906250000000005,-5.427643512948512
3.8921,58.382,5.49375,-5.3622699940425615
3.8921,58.382,5.496875,-5.331585032341425
3.8921,58.382,5.5,-5.328496033135977
3.8921,58.382,5.503125000000001,-5.344695478756687
3.8921,58.382,5.5062500000000005,-5.385388930939153
3.8921,58.382,5.509375,-5.4513161527151235
3.8921,58.382,5.5125,-5.534184212047214
3.8921,58.382,5.515625,-5.631446607773594
3.8921,58.382,5.518750000000001,-5.736063730088765
3.8921,58.382,5.5218750000000005,-5.850690847300556
3.8921,58.382,5.525,-5.9643584023711895
3.8921,58.382,5.528125,-6.0650888711230575
3.8921,58.382,5.53125,-6.143392502635013
3.8921,58.382,5.534375000000001,-6.1990823449804004
3.8921,58.382,5.5375000000000005,-6.225244989849951
3.8921,58.382,5.540625,-6.216155905108068
3.8921,58.382,5.54375,-6.162948263780221
3.8921,58.382,5.546875,-6.073198427459998
3.8921,58.382,5.550000000000001,-5.942955659074583
3.8921,58.382,5.5531250000000005,-5.788882527558636
3.8921,58.382,5.55625,-5.634056465624779
3.8921,58.382,5.559375,-5.460974560608377
3.8921,58.382,5.5625,-5.288919815989161
3.8921,58.382,5.565625000000001,-5.1171953706443265
3.8921,58.382,5.5687500000000005,-4.965097020770507
3.8921,58.382,5.571875,-4.833437431313076
3.8921,58.382,5.575,-4.731036745752666
3.8921,58.382,5.578125,-4.642801139081779
3.8921,58.382,5.581250000000001,-4.587392005658636
3.8921,58.382,5.5843750000000005,-4.553337454812851
3.8921,58.382,5.5875,-4.550549553648079
3.8921,58.382,5.590625,-4.5711157834410585
3.8921,58.382,5.59375,-4.6201068281448645
3.8921,58.382,5.596875000000001,-4.686145577556778
3.8921,58.382,5.6000000000000005,-4.777315361574782
3.8921,58.382,5.603125,-4.8803969187397005
3.8921,58.382,5.60625,-5.001754375215095
3.8921,58.382,5.609375,-5.133102339541502
3.8921,58.382,5.612500000000001,-5.272928427978155
3.8921,58.382,5.6156250000000005,-5.417990071249038
3.8921,58.382,5.61875,-5.562448250645181
3.8921,58.382,5.621875,-5.692759587070592
3.8921,58.382,5.625,-5.813135375840862
3.8921,58.382,5.628125000000001,-5.889629419367167
3.8921,58.382,5.6312500000000005,-5.945436594718458
3.8921,58.382,5.634375,-5.961310492082075
3.8921,58.382,5.6375,-5.9361975856494675
3.8921,58.382,5.640625,-5.865199325216649
3.8921,58.382,5.643750000000001,-5.7554087168257295
3.8921,58.382,5.6468750000000005,-5.619459352533549
3.8921,58.382,5.65,-5.451490751985004
3.8921,58.382,5.653125,-5.279578056635605
3.8921,58.382,5.65625,-5.117456793269422
3.8921,58.382,5.659375000000001,-4.950756799294032
3.8921,58.382,5.6625000000000005,-4.806497720287767
3.8921,58.382,5.665625,-4.683169686326031
3.8921,58.382,5.66875,-4.5780986446768805
3.8921,58.382,5.671875,-4.502967345276416
3.8921,58.382,5.675000000000001,-4.449007875398065
3.8921,58.382,5.6781250000000005,-4.426120565453334
3.8921,58.382,5.68125,-4.42997760763861
3.8921,58.382,5.684375,-4.458635661053415
3.8921,58.382,5.6875,-4.511584452676718
3.8921,58.382,5.690625000000001,-4.584107494268814
3.8921,58.382,5.6937500000000005,-4.663413100785892
3.8921,58.382,5.696875,-4.7575782003699345
3.8921,58.382,5.7,-4.852875988006677
3.8921,58.382,5.703125,-4.951215212017507
3.8921,58.382,5.706250000000001,-5.043213888066724
3.8921,58.382,5.7093750000000005,-5.1237494507135795
3.8921,58.382,5.7125,-5.179152130198591
3.8921,58.382,5.715625,-5.213874675794639
3.8921,58.382,5.71875,-5.215904627385353
3.8921,58.382,5.721875000000001,-5.19337651672926
3.8921,58.382,5.7250000000000005,-5.128755990152789
3.8921,58.382,5.728125,-5.034553705050675
3.8921,58.382,5.73125,-4.921856421534859
3.8921,58.382,5.734375,-4.773308122867219
3.8921,58.382,5.737500000000001,-4.611128428531419
3.8921,58.382,5.7406250000000005,-4.448051889841675
3.8921,58.382,5.74375,-4.278174172344565
3.8921,58.382,5.746875,-4.123289197084933
3.8921,58.382,5.75,-3.975089293431891
3.8921,58.382,5.753125000000001,-3.8391198481533992
3.8921,58.382,5.7562500000000005,-3.7312625706182354
3.8921,58.382,5.759375,-3.644534686518977
3.8921,58.382,5.7625,-3.5817622797518425
3.8921,58.382,5.765625,-3.547091122962919
3.8921,58.382,5.768750000000001,-3.539496319134
3.8921,58.382,5.7718750000000005,-3.5599601723626333
3.8921,58.382,5.775,-3.5977559900123444
3.8921,58.382,5.778125,-3.660157595758104
3.8921,58.382,5.78125,-3.7402812803557857
3.8921,58.382,5.784375000000001,-3.8360009609247223
3.8921,58.382,5.7875000000000005,-3.9496987897551064
3.8921,58.382,5.790625,-4.059627465883478
3.8921,58.382,5.79375,-4.181623148085204
3.8921,58.382,5.796875,-4.29824216941213
3.8921,58.382,5.800000000000001,-4.399479535645022
3.8921,58.382,5.8031250000000005,-4.494852847283248
3.8921,58.382,5.80625,-4.563237569714037
3.8921,58.382,5.809375,-4.600879133321075
3.8921,58.382,5.8125,-4.616435414621937
3.8921,58.382,5.815625000000001,-4.594642062699502
3.8921,58.382,5.8187500000000005,-4.537593917170215
3.8921,58.382,5.821875,-4.45442218873875
3.8921,58.382,5.825,-4.3506976527110925
3.8921,58.382,5.828125,-4.227795558923079
3.8921,58.382,5.831250000000001,-4.092706924028277
3.8921,58.382,5.8343750000000005,-3.9530870923234795
3.8921,58.382,5.8375,-3.821299263911155
3.8921,58.382,5.840625,-3.69810842653761
3.8921,58.382,5.84375,-3.596171542020268
3.8921,58.382,5.846875000000001,-3.5100262998754586
3.8921,58.382,5.8500000000000005,-3.4509596555037563
3.8921,58.382,5.853125,-3.411340696605861
3.8921,58.382,5.85625,-3.39737483827696
3.8921,58.382,5.859375,-3.408593674570886
3.8921,58.382,5.862500000000001,-3.444958429900826
3.8921,58.382,5.8656250000000005,-3.4991004212446466
3.8921,58.382,5.86875,-3.5806048918309035
3.8921,58.382,5.871875,-3.663799841888581
3.8921,58.382,5.875,-3.760556001967837
3.8921,58.382,5.878125000000001,-3.857848232559231
3.8921,58.382,5.8812500000000005,-3.9646750261645303
3.8921,58.382,5.884375,-4.067327613204992
3.8921,58.382,5.8875,-4.159881772471991
3.8921,58.382,5.890625,-4.241383702761044
3.8921,58.382,5.893750000000001,-4.312125413613405
3.8921,58.382,5.8968750000000005,-4.348362322587759
3.8921,58.382,5.9,-4.3592218087312276
3.8921,58.382,5.903125,-4.329683432120258
3.8921,58.382,5.90625,-4.270713068712093
3.8921,58.382,5.909375000000001,-4.174232917151635
3.8921,58.382,5.9125000000000005,-4.040704935658159
3.8921,58.382,5.915625,-3.8906026463468786
3.8921,58.382,5.91875,-3.720901419826878
3.8921,58.382,5.921875,-3.549796892006017
3.8921,58.382,5.925000000000001,-3.375707494254709
3.8921,58.382,5.9281250000000005,-3.209644266644272
3.8921,58.382,5.93125,-3.0693915924784503
3.8921,58.382,5.934375,-2.9437690297005976
3.8921,58.382,5.9375,-2.8492044562909125
3.8921,58.382,5.940625000000001,-2.782972388603885
3.8921,58.382,5.9437500000000005,-2.7430148635282166
3.8921,58.382,5.946875,-2.7267933800956206
3.8921,58.382,5.95,-2.741980573600098
3.8921,58.382,5.953125,-2.780573957617147
3.8921,58.382,5.956250000000001,-2.8413320128535338
3.8921,58.382,5.9593750000000005,-2.928595862053856
3.8921,58.382,5.9625,-3.0261972957321075
3.8921,58.382,5.965625,-3.1364603687266475
3.8921,58.382,5.96875,-3.260223351590497
3.8921,58.382,5.971875000000001,-3.3936883626400856
3.8921,58.382,5.9750000000000005,-3.525781204147056
3.8921,58.382,5.978125,-3.662456493515812
3.8921,58.382,5.98125,-3.7879017435878777
3.8921,58.382,5.984375,-3.8876090574417805
3.8921,58.382,5.987500000000001,-3.9689763625546193
3.8921,58.382,5.9906250000000005,-4.0209520515147466
3.8921,58.382,5.99375,-4.052681733396381
3.8921,58.382,5.996875,-4.051196236684736
3.8921,58.382,6,-4.023667991536468
